#   1 NUMBER                 Running object number                                     
#   2 X_IMAGE                Object position along x                                    [pixel]
#   3 Y_IMAGE                Object position along y                                    [pixel]
#   4 FLUX_AUTO              Flux within a Kron-like elliptical aperture                [count]
#   5 FLUXERR_AUTO           RMS error for AUTO flux                                    [count]
#   6 MAG_AUTO               Kron-like elliptical aperture magnitude                    [mag]
#   7 MAGERR_AUTO            RMS error for AUTO magnitude                               [mag]
#   8 FWHM_IMAGE             FWHM assuming a gaussian core                              [pixel]
#   9 ELLIPTICITY            1 - B_IMAGE/A_IMAGE                                       
#  10 THETA_IMAGE            Position angle (CCW/x)                                     [deg]
#  11 FLAGS                  Extraction flags                                          
#  12 SNR_WIN                Gaussian-weighted SNR                                     
#  13 FLUX_APER              Flux vector within fixed circular aperture(s)              [count]
#  14 FLUXERR_APER           RMS error vector for aperture flux(es)                     [count]
         1    843.2531    125.2773     144490.9     923.6613  12.1004   0.0069    11.42    0.161  13.72   2      253.8     6106.613     93.43668
         2    838.0374     33.9036     151385.9     892.3173  12.0498   0.0064    14.57    0.405   0.93  16        267      6666.49     94.25181
         3    321.5074     30.1717     104703.7     695.7324  12.4501   0.0072    11.57    0.183  -5.12   0      213.1     4771.391     89.56559
         4    954.2664     26.3273     20130.68      806.932  14.2404   0.0435    17.33    0.210 -36.92   0         40     892.6935     79.75243
         5    460.9513     26.9995     21191.95     934.9205  14.1846   0.0479    16.43    0.141   5.03   0      35.46     509.1304     78.86658
         6    124.7370     16.8366     100096.1     786.7493  12.4990   0.0085    11.45    0.612 -12.73  19      185.4     7766.744     97.56461
         7    125.8618     10.5493     161178.4     825.9929  11.9817   0.0056    14.49    0.178 -34.04  19      258.2     6446.207     94.43839
         8    447.7202     19.2527      21590.7     857.6366  14.1643   0.0431    14.06    0.071  48.14  17      33.44     690.0464     78.95888
         9    883.1115     15.0615     14619.86     660.5526  14.5876   0.0491     9.59    0.558   7.13  18      29.95     846.4913     79.40791
        10    702.7776      6.4395     59195.77     745.9222  13.0693   0.0137    11.92    0.220   5.15  24      118.4     2633.201     85.16508
        11    601.8008     12.5997     8776.027     526.4921  15.1418   0.0652     6.89    0.321 -23.89  18      24.28     748.6813      79.5539
        12    435.7737      5.2052     90850.31      631.061  12.6042   0.0075    12.38    0.395  -3.69  24      199.1     5701.535     92.81139
        13    791.7864      6.4649     23280.48     758.1254  14.0825   0.0354    14.05    0.087  -1.69  24      43.64     796.3655     79.69001
        14    314.0767      4.8921     14779.22     443.8815  14.5759   0.0326    15.87    0.252 -15.61  24       40.7     926.7721     79.63735
        15     12.1971     11.4590     10199.87      546.023  14.9785   0.0581     8.68    0.458  -5.13  18      26.18     762.4927      79.8056
        16    827.5356      4.0429     18864.79     656.2368  14.3109   0.0378    12.60    0.573 -12.30  24      34.65     907.9548     80.00763
        17    281.9562      1.4914     4536.482     279.6198  15.8582   0.0669     5.78    0.734   0.23  24      16.81      842.733     75.01493
        18    296.0925    989.8011     12112.26     549.9034  14.7919   0.0493    12.41    0.574   9.47   3      32.21         1030     80.35357
        19    588.7352   1020.2097     78148.67     620.3644  12.7677   0.0086    13.06    0.416   1.97  24        177     5131.278     91.21904
        20    302.6764   1021.7645     23984.02     404.9667  14.0502   0.0183    11.36    0.592  -0.43  19      78.31     3137.569     86.10854
        21    303.0102   1016.7484     26362.34          460  13.9475   0.0189    11.37    0.580   3.09  19      74.95     2922.037     85.73532
        22    206.0244   1022.6351     10142.27     434.7438  14.9847   0.0466    11.80    0.612   1.26  27      32.19     1339.428     81.63953
        23    206.1585   1018.1310     11326.46     483.2431  14.8648   0.0463    11.76    0.533  12.93  19      32.25      1133.54     80.64589
        24    356.4940   1020.1364     9301.414     527.5211  15.0786   0.0616     8.69    0.611  11.97  18      25.67     661.3517     78.87624
        25    782.9393    985.7164     6933.106     451.2365  15.3977   0.0707    10.66    0.542  -2.32   3       22.8     883.9852     79.51514
        26    783.3098    980.6667      7595.95     509.6477  15.2985   0.0729    10.45    0.495  -2.60   3      24.09     786.0954     79.23486
        27   1017.6096    980.8556     8029.481     522.9448  15.2383   0.0707     9.47    0.313  19.66  18      23.45     708.3019     79.65113
        28    457.1052    966.5393     780929.8     972.2968  10.2685   0.0014    13.50    0.162   6.80   0      959.8     32722.71     144.0867
        29    872.3749    981.7031     17693.14      726.795  14.3805   0.0446    10.55    0.457   9.38   2      32.94     994.5005     79.40545
        30    997.8137    971.1067     23609.64     624.2322  14.0673   0.0287    12.43    0.106  -8.19   0      54.76     1218.487     80.46555
        31    580.1005    974.1552     8960.989     537.6985  15.1191   0.0652     7.57    0.384  21.96   2      24.23      632.012      78.1449
        32    547.9790    971.1321     27708.09     678.8868  13.8935   0.0266    11.36    0.546  -4.11   3      70.24     2654.955     85.02438
        33    548.1513    966.0653      28400.5     695.7295  13.8667   0.0266    11.19    0.558   3.10   3       65.3     2423.748     84.20343
        34    693.3278    972.3817     10011.36     607.5406  14.9988   0.0659     9.83    0.464   2.20   2      26.98     794.7889     79.89753
        35    500.2586    970.6725     12551.91     582.2065  14.7532   0.0504    11.35    0.583  -0.48   3      33.16     1252.908     80.77242
        36    501.1957    964.9861     22889.97     805.0865  14.1009   0.0382    13.78    0.487   2.67   3      42.15     1316.988     81.16123
        37    167.6334    972.0459        46881     637.3104  13.3225   0.0148    12.16    0.159  -1.70   0      103.1     2030.573     83.33868
        38    522.9578    967.4188     17633.26     828.9878  14.3842   0.0511    15.18    0.073 -37.35   0      32.79     675.6906     79.77038
        39    770.2954    967.8851     8872.522     544.6943  15.1299   0.0667     7.98    0.442  13.08   0      26.29     858.6714     79.65542
        40    626.7244    965.7217     13767.91     651.2302  14.6528   0.0514     8.80    0.383  -8.47   2      27.52     664.9124     78.67177
        41    845.5250    964.9951     6072.348     475.4584  15.5416   0.0850     7.20    0.539   8.00   0      21.99     638.1518     79.23751
        42    197.6658    953.8025     70023.93     775.8363  12.8869   0.0120    12.69    0.169   5.21   0      146.2     3099.673     86.20493
        43    645.8293    956.6518     7660.015      504.673  15.2894   0.0716     7.39    0.708  12.77   0      23.17     676.3572     79.55993
        44    955.4011    948.4737     82431.13     795.0414  12.7098   0.0105    11.91    0.182   3.56   0      164.9     3757.851     87.73042
        45    909.2934    946.2772     183546.8     786.1287  11.8406   0.0047    11.76    0.166   0.96   0      334.9     8589.162     99.29172
        46    978.9952    941.4340     28920.38      874.696  13.8470   0.0328    13.62    0.228  -8.01   0      55.68     1171.712     81.17128
        47    154.5577    938.8813     8654.635     498.3777  15.1569   0.0625    10.56    0.531  15.17   3      30.75     885.7538      79.5202
        48     48.1417    940.0818     26814.11      747.394  13.9291   0.0303    14.07    0.118   3.55   0      56.86     1010.349     79.87551
        49    123.6680    936.0446     33052.48     546.2405  13.7020   0.0179    10.86    0.539  -1.12   3      88.33     3363.637     86.70317
        50    123.9979    930.9933     37464.13     656.8777  13.5660   0.0190    16.79    0.514   6.68   3      88.66     3010.162     85.77161
        51    153.5869    943.7869     7918.904     502.2699  15.2533   0.0689    11.26    0.505   4.03   3      25.03     886.4731     79.94659
        52    441.2219    928.5352     35422.29     794.3697  13.6268   0.0244    13.57    0.173  -1.53   0       72.2     1560.562      82.0469
        53    733.3755    921.0101     107088.9     798.8892  12.4256   0.0081    11.99    0.171   5.12   2      210.6     4631.412     90.15284
        54    716.1395    914.4457     25030.02     780.0878  14.0038   0.0338    13.77    0.116  14.02   3      52.36     939.4423     80.09702
        55    283.5449    922.3062     28838.18       822.34  13.8501   0.0310    13.02    0.106  20.04   0      58.75     1070.717     79.83547
        56    384.0609    924.6279     15346.82     679.1092  14.5350   0.0481    12.42    0.530  -1.04   3      42.84     1154.139     80.70392
        57    384.4270    919.6505     19124.35     771.2695  14.2960   0.0438    12.44    0.464   3.51   3      36.78     1126.537     81.04469
        58    775.6237    919.0386      67235.3     845.9835  12.9310   0.0137    11.88    0.191  -7.25   0      133.3     2850.566     85.94025
        59    497.5103    915.9002     89013.36     889.2224  12.6264   0.0108    19.87    0.336  82.86   0      146.3     3322.391     86.00693
        60    901.8094    916.0189     143379.1     745.4909  12.1088   0.0056    11.69    0.162   4.14   0      279.4     6427.056     94.39228
        61    262.4481    911.7596     87025.38     715.8065  12.6509   0.0089    12.33    0.175   3.51   0      177.5      3739.65     87.68327
        62    652.1148    909.3024     11366.11     578.0972  14.8610   0.0552    11.21    0.527   6.04   3      31.65     975.5748     79.56417
        63    389.2484    905.3445     19607.34     795.1685  14.2690   0.0440    12.67    0.623  -2.90   3      33.44     1060.829     80.65074
        64    389.4926    900.4969     16261.82      768.777  14.4721   0.0513    12.72    0.499   4.70   3      38.93     1002.255     79.85247
        65    108.8265    894.2883     136903.6     944.9016  12.1590   0.0075    11.88    0.060 -23.37   2      232.6     4774.658      89.9508
        66    129.0383    892.9468     64811.61     856.7617  12.9709   0.0144    15.41    0.197  -3.15   3      130.9     2625.052     84.94441
        67     42.0216    892.4377       269755     915.5285  11.4226   0.0037    13.67    0.349  31.12   0      419.3     10278.22     103.7397
        68    511.8747    895.8730     35423.27     924.2966  13.6268   0.0283    13.41    0.109  -5.77   0      61.73     1141.434     80.45815
        69    905.9478    894.4404     16471.04     643.0301  14.4582   0.0424    14.15    0.102  45.79   0      40.06     883.3307     80.14899
        70    844.2620    893.3464     32194.12     973.8766  13.7306   0.0329    15.43    0.292  -1.20   0      52.13     1045.214     80.39658
        71    785.7946    890.1282     9120.485     573.5385  15.1000   0.0683     8.83    0.566   4.82   0      23.39     626.7475      79.2048
        72    744.1647    888.2359     26656.13      953.702  13.9355   0.0389    14.54    0.615  -9.91   2      42.46     928.2612     80.06529
        73    744.9938    882.9834     23812.58     796.3696  14.0580   0.0363    11.38    0.674   1.07   3      40.36      893.612     79.96687
        74    652.3375    914.3925     14071.81     640.8631  14.6291   0.0495    13.08    0.513   2.65   3      34.52     1040.635     80.59382
        75    431.9833    878.0748     43000.51     867.6893  13.4163   0.0219    12.30    0.130  -0.40   0      86.92     1604.132      82.1675
        76    521.5084    873.6769     158698.6     1029.187  11.9986   0.0070    13.87    0.151 -42.29   0      260.3     5846.799      92.6201
        77    850.6191    870.1705     19715.25     827.5167  14.2630   0.0456    14.59    0.064  20.06   0      34.32     677.3004     79.77496
        78    358.9054    867.8325     16441.66     842.3281  14.4601   0.0556    14.72    0.207  58.85   0      30.19     642.1457     78.39046
        79    128.0676    864.6888     17361.32     701.8227  14.4010   0.0439    12.14    0.479   4.98   3      35.73      1132.74       80.223
        80    469.1175    867.0634     10355.65     560.6093  14.9621   0.0588     8.22    0.558   4.77   0      25.15     656.5804      78.8625
        81    720.1467    863.5195     33703.31     634.5961  13.6808   0.0204    10.62    0.583   6.75   3      86.94     3421.101     86.46324
        82    720.3308    858.4854     85137.63         1470  12.6747   0.0188    18.74    0.480  60.48   2      94.58     3088.122     85.58352
        83    764.8024    862.7751     16869.97     858.8503  14.4322   0.0553    14.63    0.205 -78.32   0      28.44     510.8352     79.08569
        84    609.6337    863.6674      17996.2     712.1958  14.3620   0.0430    10.82    0.580  -2.35   3      33.29     872.1246     79.90578
        85    609.2350    859.0806     17942.04     726.2908  14.3653   0.0440    10.54    0.512   9.27   3      32.69     856.1354      79.8603
        86    589.9097    862.9253     12807.18     645.0206  14.7314   0.0547    11.19    0.503   0.53   3      38.45     969.2616     79.75851
        87    590.1935    857.9093     12088.27     609.7059  14.7941   0.0548    10.09    0.476   1.77   3      33.91     969.4955     80.18225
        88   1019.0817    856.2758     47123.44     671.6428  13.3169   0.0155    12.25    0.066  53.49  27      109.7     2553.001      83.9492
        89   1013.4724    843.0420     34598.93     825.9812  13.6523   0.0259    14.14    0.214  23.68  19       65.6     1213.709      80.8715
        90    982.1445    860.9763     9551.096     586.1069  15.0499   0.0666     8.71    0.726   6.50   0      26.81     725.6989     79.48822
        91    316.9727    858.0853     11867.63     515.6662  14.8141   0.0472    11.34    0.525  -2.60   3      35.55     1335.368     81.00411
        92    318.0263    853.0728     16359.42      659.229  14.4656   0.0438    13.14    0.537   3.66   3      37.62     1189.474     80.80337
        93    848.6814    857.2755     23002.86     900.3421  14.0955   0.0425    14.66    0.580   5.15   2      40.05      875.075     79.27657
        94    206.7902    853.0053     14376.81     641.6307  14.6058   0.0485    14.83    0.091 -67.83   0      31.83     723.2333     79.48117
        95    985.4871    854.3892     22301.55     731.1326  14.1292   0.0356     9.88    0.586  -8.68   0      32.29      791.326     79.46304
        96    128.4606    869.3756     13480.28     620.5333  14.6758   0.0500    12.03    0.534  -2.03   3      36.86     1221.824      80.8943
        97    524.4695    848.4752     29182.26      1016.95  13.8372   0.0378    16.30    0.106  26.18   0      37.15     714.4083     79.24274
        98    437.8553    847.5564     23781.65     947.6766  14.0594   0.0433    15.81    0.143  12.41   0      35.99     679.1955     79.56804
        99    942.8006    841.9409     36465.46     655.2426  13.5953   0.0195    13.68    0.179  -1.78   0      80.53     1538.087     81.77802
       100    112.5470    842.8370     25951.09      708.191  13.9646   0.0296    11.68    0.511   1.96   3      57.29     1932.672     83.07126
       101    113.1659    838.0156     18413.36      547.117  14.3372   0.0323    12.23    0.589   3.79   3      49.05     1720.374     82.89754
       102    405.8583    835.3494     118807.1     772.1293  12.3129   0.0071    12.28    0.166   2.34   0      231.4     5082.615     91.28323
       103    882.2145    833.8401     66630.13     841.3088  12.9408   0.0137    15.03    0.231  33.88   0      117.7     3108.557     86.61983
       104    859.6779    840.1139        10642     596.5391  14.9324   0.0609     9.22    0.235   6.18   2      27.05     791.2541     79.24966
       105    675.0558    835.9112      13777.7     707.2697  14.6521   0.0557    15.63    0.194  73.80   0      31.43     710.9449     79.01901
       106    280.8224    829.2056     9169.761     562.3889  15.0941   0.0666     9.28    0.588   3.75   2      28.43     713.4105     79.45308
       107    280.8250    824.1274     8646.425       580.68  15.1579   0.0729     9.11    0.258  -0.46   3      28.18     697.3206     79.40704
       108    340.4348    823.0841     10382.68     447.3336  14.9592   0.0468    12.36    0.620  -8.30   3      34.01     1139.577      80.4529
       109    340.5477    818.3056     13011.27     610.7427  14.7142   0.0510    11.88    0.412  -3.35   3      32.03     1087.847     79.88422
       110    185.8051    819.1947     89142.29     772.7087  12.6248   0.0094    12.18    0.224   5.39   0      172.8     3530.694     87.13997
       111    550.9754    818.2186     47213.12     718.5222  13.3148   0.0165    12.69    0.037  -6.51   3      99.38     1989.708     83.43018
       112    539.4437    813.7758      66778.2     696.7159  12.9384   0.0113    22.47    0.194  14.78   3      133.5     2561.143     84.97256
       113    606.1976    817.2967     21479.92     872.2759  14.1699   0.0441    16.68    0.028  24.13   0      39.74     744.0244      79.5406
       114    812.2476    810.3829       197028     759.4467  11.7637   0.0042    11.98    0.169   6.29   0      357.7     8807.227     100.2969
       115     34.7053    814.8449     20283.27     855.3145  14.2322   0.0458    14.90    0.182 -49.41   0       36.1     775.2123     78.98976
       116    745.5908    812.1084     10502.75     616.0187  14.9467   0.0637     8.98    0.404  14.60   2      27.14     690.0306     79.38617
       117    407.5800    805.9796     482725.9     875.1174  10.7907   0.0020    12.14    0.158   0.39   3      695.3     20233.07     123.5032
       118    403.3778    790.6157     115064.5     771.0269  12.3476   0.0073    11.84    0.147   1.17   3      218.1     4404.239     89.57831
       119    215.3770    813.6263     15619.67     524.6233  14.5158   0.0365    12.48    0.489  10.09   3      45.63     1696.057     82.62636
       120    216.0394    808.4058     18010.96     565.2028  14.3612   0.0341    12.41    0.490   9.83   3      46.68     1670.722     82.55665
       121    702.0706    804.2895     25605.23     1002.744  13.9792   0.0425    17.42    0.113  -3.55   0      37.83     721.7793     79.26388
       122    572.2202    798.5045     50884.64     935.8052  13.2335   0.0200    30.66    0.557  21.86   0      72.45     1436.714     80.87067
       123     90.5904    807.4078      6331.02     462.0505  15.4963   0.0793     6.79    0.743  13.07   0       20.5     616.7508      79.1761
       124    674.5671    806.1086     10199.55     586.3583  14.9785   0.0624     9.20    0.669   2.74   2      28.59     788.3347     78.81316
       125    675.9537    801.1003     14068.99      678.058  14.6293   0.0523    10.23    0.531  13.16   2      25.39     701.0013     78.34528
       126    631.7499    801.9819     5529.809     431.3465  15.6432   0.0847     7.04    0.734   9.74   0      19.49     602.5652     79.56176
       127     46.3132    795.3421     20259.35     702.7606  14.2334   0.0377    15.02    0.100 -27.03   0      47.83     885.0825     79.51828
       128    250.5501    792.6893     35040.19     923.2867  13.6386   0.0286    15.11    0.080  86.82   0      58.68     1024.518     79.91581
       129    986.4456    788.2252     6693.362     458.5543  15.4359   0.0744     8.85    0.537  -5.31   3      22.68     815.2902     80.16712
       130    986.5215    783.3496     8998.746     591.6392  15.1145   0.0714    10.41    0.318  14.78   2      27.13     693.3564     79.18233
       131    935.5224    784.6921     14141.89     671.8165  14.6237   0.0516     9.28    0.439  -6.75   0      27.31     741.1317     79.31934
       132    107.8996    780.4371     54866.49     644.7598  13.1517   0.0128    11.94    0.128  -0.54   0      119.6     2392.022     83.10613
       133    291.8892    784.2133      15084.1     772.2717  14.5537   0.0556    11.26    0.595  -8.00   0      27.52     723.8101     79.05601
       134    162.2164    774.5284     410475.5     859.1067  10.9668   0.0023    11.97    0.146   0.41   0      620.9     17399.01     118.0296
       135    431.2551    775.6907     7999.232     510.6564  15.2424   0.0693     9.51    0.638   1.43   2      24.96     833.5865     79.37096
       136    429.9994    770.9999     9178.377     594.5603  15.0931   0.0703    10.51    0.292  -5.00   2      29.06     774.8192     79.62854
       137     42.8835    766.6525      13063.7     650.9844  14.7098   0.0541    12.66    0.509  -9.53   3      34.94     1201.431     80.41736
       138     42.2994    761.5930      18191.7     740.2106  14.3503   0.0442    12.87    0.544   4.52   3       33.8     1030.729     80.35563
       139    226.4870    760.0024     7008.936     498.4758  15.3859   0.0772     8.79    0.628  -3.07   2       26.1     765.3159     79.60141
       140    226.7681    754.6899     7162.217     536.9376  15.3624   0.0814     8.38    0.364 -57.16   3      23.25     663.1359     78.66663
       141    409.8537    755.8398     21751.38     562.9611  14.1563   0.0281    11.16    0.571   0.27   3       59.5     2325.699     84.13966
       142    410.1201    750.9098      24060.4     596.6886  14.0467   0.0269    11.50    0.525   3.01   3      60.93     2006.656     82.86613
       143    721.5165    754.7042     10724.75     620.2055  14.9240   0.0628     9.04    0.201  60.73   0      24.01     646.8781     78.83453
       144     33.8719    750.1274     58057.95     812.3549  13.0903   0.0152    12.06    0.124   0.62   0      119.5     2337.449     83.76848
       145    100.6203    749.3483      49046.4     746.7982  13.2735   0.0165    12.78    0.195   2.78   0      101.8     2102.942      83.5358
       146    250.4622    752.1559     8837.731     551.6237  15.1341   0.0678    11.72    0.522  -3.97   3      26.17      882.119      79.9342
       147    250.8541    747.0796     12506.51     608.4733  14.7572   0.0528    11.20    0.513  -2.15   3      29.03      871.909     79.48062
       148    283.5447    745.0126     69470.77     966.0424  12.8955   0.0151    16.11    0.358   1.28   0      122.5     2516.881      84.6545
       149    805.5272    747.8418     10284.68      522.307  14.9695   0.0552     7.16    0.403   0.74   2      26.09     808.4771     79.72455
       150    954.1487    740.5695     25214.64     772.5148  13.9959   0.0333    12.32    0.203  20.92   2      50.95     1370.724     81.31156
       151    436.4673    743.9709     18730.12     807.5854  14.3186   0.0468    14.72    0.082   8.31   0      38.01     740.3464     79.53009
       152    900.3124    734.5542     372727.7     848.5637  11.0715   0.0025    11.95    0.152   7.01   0      577.5     16197.01     115.2524
       153    678.0309    744.1807      6701.88     472.1901  15.4345   0.0765     7.14    0.383  -9.83   0      23.05     787.8093     80.08917
       154    245.6628    736.7141     20482.96     702.8328  14.2215   0.0373    15.76    0.045 -45.04   0       44.4     855.4418     79.43352
       155    596.2351    732.2431     64834.46     936.9327  12.9705   0.0157    22.10    0.165   4.96   2        119      2311.59     84.10155
       156    586.5768    720.2679     24934.73     914.3431  14.0080   0.0398    17.62    0.111 -38.23   3      41.52     729.3599      79.7112
       157    730.9631    730.1710     26390.29     904.0081  13.9464   0.0372    18.15    0.184 -27.55   0      47.99     1067.502     80.87897
       158    707.0525    733.6162     11638.11     684.0774  14.8353   0.0638    12.00    0.558  -7.27   2      28.69     1031.258     80.56737
       159    707.1719    728.8228     9250.217      570.633  15.0846   0.0670    10.05    0.404   5.80   3      29.97      844.741     80.25057
       160    376.5650    734.4954     9551.452     580.3058  15.0498   0.0660    10.07    0.538   3.61   3      32.95     857.5278     79.01244
       161    376.5652    729.3497     10835.48     625.6772  14.9129   0.0627    10.22    0.507  16.47   3      29.52     702.5007     79.42186
       162    776.6611    727.8634     8801.331     180.9945  15.1386   0.0223     2.34    0.174 -84.72   0      87.15     7877.543     97.82236
       163    909.1321    714.4639      25140.6     682.9985  13.9991   0.0295    12.04    0.557  -1.03   3       57.7     2124.773     83.18946
       164    908.8661    709.7104     24652.24     692.6747  14.0204   0.0305    11.39    0.447  -0.13   3      56.66     1881.221     82.31614
       165    986.6703    708.0182     12751.98     598.7567  14.7361   0.0510     8.74    0.557  -2.26   0      27.04     755.4846     79.78564
       166    950.7891    704.4819      12543.2      572.682  14.7540   0.0496    14.22    0.169 -85.09   0      31.35     781.4114     79.64735
       167    155.4894    701.0594     36005.25     767.4611  13.6091   0.0231    25.09    0.512  29.18   0      58.69      1162.33     80.30678
       168    581.2097    705.2120     12703.89      643.014  14.7402   0.0550     9.68    0.487   9.30   2      28.11     798.6949     79.69666
       169    240.9909    702.9478      9677.64      589.035  15.0356   0.0661    10.25    0.565   2.41   2      28.25     784.2846     79.86765
       170    730.2847    703.4418     49194.05     744.0063  13.2702   0.0164    12.26    0.186  -3.41   0      107.9     2260.595       83.357
       171    439.3047    700.0105     6807.629     450.2349  15.4175   0.0718     6.74    0.542   2.35   0      23.59     687.4738     79.37885
       172    458.9300    692.2037     13083.22     741.4978  14.7082   0.0615    12.98    0.228 -60.52   0      26.91     583.4788     79.08054
       173    702.4985    684.0974     76374.34     871.5483  12.7926   0.0124    12.04    0.194   0.14   0      149.4     2960.109     84.64544
       174    673.3741    682.2880     40907.04     990.9594  13.4705   0.0263    21.55    0.271 -23.51   0      68.22     1224.749     80.48323
       175    499.3967    679.3507     47784.88     1024.407  13.3018   0.0233    12.97    0.191  -5.31   0      73.38     1364.665     81.29462
       176     21.0422    683.1046     9984.352     589.1533  15.0017   0.0641    10.63    0.493 -10.45   3      32.46     781.6431     78.79386
       177     20.4931    677.8818     12574.28     657.9228  14.7513   0.0568    10.50    0.462   3.25   3      30.07     813.1923     79.52555
       178    474.9577    677.6995      66207.8     818.2578  12.9477   0.0134    11.98    0.150   0.08   0      137.3     2701.302     83.94767
       179    524.8022    675.5817     56230.54     964.2392  13.1251   0.0186    13.87    0.168 -10.62   0      97.59     1909.112     82.80273
       180    957.3029    671.5601     77643.11     672.5244  12.7747   0.0094    11.69    0.162   5.36   0      166.2      3615.64     86.58321
       181    183.8833    671.1973     143551.7     831.8742  12.1075   0.0063    12.05    0.151   1.00   3        269     6044.964     93.64859
       182    188.8251    654.6635     59986.98     880.8127  13.0549   0.0159    13.19    0.215 -17.65   3      113.4     2182.903     83.75307
       183    720.6991    670.2300     60321.83     716.1902  13.0488   0.0129    12.16    0.165   1.04   0      127.6      2594.58     83.86021
       184    589.1055    669.8297     14365.63     626.9581  14.6067   0.0474    14.45    0.130 -57.01   0      32.66     739.8585     78.67325
       185    444.4974    668.6607     10804.61     652.1436  14.9160   0.0655    13.95    0.217 -78.44   0      26.42     499.3178     78.40797
       186    149.3139    667.5002     18384.95     543.2264  14.3388   0.0321    14.48    0.023 -23.77   0      44.46     884.9357     79.30483
       187      3.9453    667.2564     12397.92      516.719  14.7666   0.0453    14.21    0.301  85.30  24       36.5     870.2366     80.32274
       188    227.1257    655.3972     63038.32     855.7971  13.0010   0.0147    14.92    0.341  14.86   0      115.9     2465.952     84.31727
       189    946.5636    650.4871     76831.14     750.7131  12.7862   0.0106    11.97    0.188   8.40   0      159.1     3460.679     86.56721
       190    701.8641    654.7814     7650.398     497.9195  15.2908   0.0707    10.61    0.577  -1.70   3      23.78     893.2628     79.96588
       191    701.7997    649.4556     10503.49     602.8337  14.9467   0.0623    11.19    0.500  13.67   3      28.12     920.2092     80.04243
       192    629.8672    652.0909       9413.2      575.127  15.0657   0.0664     9.41    0.636  -8.28   2      28.25      840.873     79.39183
       193    630.6866    646.7164     11060.61     647.0247  14.8906   0.0635     9.55    0.378  -7.92   2       26.8     689.7944     79.17211
       194    470.2266    648.1865     42339.31     915.4308  13.4331   0.0235    14.33    0.120   0.92   0      78.47     1455.354     81.75495
       195    803.3843    649.2245     22224.47     885.9385  14.1329   0.0433    16.85    0.360   2.07   2      37.12     749.8532     79.98139
       196    398.2673    639.2454     120927.8     715.9357  12.2937   0.0064    11.88    0.154   2.22   0        237     5072.405     91.07224
       197     35.7127    640.3054     132951.2     789.7839  12.1908   0.0065    11.95    0.134  -4.40   0      253.7      5537.46     92.04189
       198    175.8675    638.8802     26722.66     465.6595  13.9328   0.0189    10.93    0.551  -1.08   3      76.25     3015.531     85.39053
       199    176.0564    633.9252     25484.07     453.0783  13.9843   0.0193    11.49    0.547   1.75   3       70.8     2587.101     84.44309
       200    970.4316    639.8915     6674.127     471.2802  15.4390   0.0767     7.96    0.632   7.53   0      21.97     681.4024      78.5042
       201    275.7339    637.3773     28027.84     555.6818  13.8810   0.0215    10.91    0.551   0.35   3      77.24     3052.323        86.08
       202    275.9869    632.2261      29919.2     668.3317  13.8101   0.0243    12.13    0.569   3.64   3      70.72     2619.859     84.93051
       203    744.3064    621.4006     40701.89     632.4338  13.4760   0.0169    13.01    0.148  -0.39   0      89.69     1764.674     82.40533
       204    232.2413    624.9576     10844.36     433.1624  14.9120   0.0434    14.13    0.085 -76.97   0      28.01     573.8522     78.62372
       205    713.5783    622.6303     12121.88     622.0785  14.7911   0.0557     9.35    0.552   2.73   2      28.59     747.3221      79.9742
       206    353.4153    622.4017     10754.68     528.1469  14.9210   0.0533     7.09    0.435  14.14   2       25.9     638.5145     79.23855
       207    910.9459    618.8014     9986.534     625.3687  15.0015   0.0680     9.96    0.610   2.27   2      28.81     673.2764      79.3382
       208    665.7713    610.5389     17081.59      706.537  14.4187   0.0449    15.91    0.056 -41.77   0      38.33     796.9407      79.4791
       209    553.6183    605.4955     65823.58     833.5144  12.9540   0.0138    12.01    0.161  -2.68   0      139.1     2833.359      84.7048
       210    985.9822    608.9009      13205.6     581.0077  14.6981   0.0478    11.93    0.532  -1.29   3      38.36     1425.841      81.0491
       211    986.4464    604.1346     14337.09     620.1655  14.6088   0.0470    11.75    0.513  -1.08   3      36.66      1189.87     80.80448
       212    131.6236    603.7245     7191.807     476.8808  15.3579   0.0720     6.63    0.383   0.35   0      22.22     703.7237     79.42536
       213    410.4020    601.3866      9853.27      650.513  15.0160   0.0717    11.19    0.258  49.12   0      24.11     646.0859     79.26026
       214    190.8220    595.5071     106237.6     735.8068  12.4343   0.0075    12.00    0.171  -2.31   0      212.7     4448.468     88.93281
       215    725.4529    595.7339     28126.07     825.7361  13.8772   0.0319    14.06    0.109 -14.73   0       55.8     1120.514     80.60917
       216    526.4775    589.0652     13081.34     645.1171  14.7084   0.0536    10.59    0.500  -0.75   3      29.03     938.7703     79.67158
       217    529.2796    583.6163     17484.66     717.9476  14.3934   0.0446    11.97    0.626  -2.45   2      35.22     846.3581     79.83246
       218    147.3647    571.3525     21242.44     775.1738  14.1820   0.0396    15.74    0.274 -16.04   2      42.15      1028.55     80.34946
       219    170.7746    583.8728     20287.55     667.5872  14.2319   0.0357    14.32    0.059  -4.33   0      48.51     974.8309     80.19737
       220      4.8451    560.3625     57783.34      718.334  13.0955   0.0135    16.66    0.489  84.51  24      130.5     3431.874     86.88185
       221    828.1083    569.7841     24865.54      935.361  14.0110   0.0409    16.70    0.099  68.78   0      41.91     883.4875     79.51373
       222    914.9307    569.0128     17008.75     502.1729  14.4233   0.0321    14.45    0.054  24.98   0      41.75     853.1829     79.85189
       223    669.3856    562.1685     246076.3     884.6469  11.5223   0.0039    12.64    0.066  20.15   0      404.1     10142.14     103.2775
       224    318.4765    567.9182     12584.13     596.5701  14.7504   0.0515    14.40    0.056 -81.06   0      31.36     648.4098     78.62408
       225    875.1437    561.8296     35162.09     1020.775  13.6348   0.0315    16.02    0.270  39.56   0      53.91     1046.469     80.40014
       226    525.2501    564.2869     13486.72     600.4459  14.6752   0.0484     8.68    0.515   2.32   2      27.55     774.8682     79.20265
       227    988.3752    555.5138      84409.8     798.7899  12.6840   0.0103    11.72    0.153   5.18   0      169.7       3834.5     87.54314
       228    504.8368    561.1512     16107.62     658.5002  14.4824   0.0444    11.85    0.566  -4.44   3       39.2     1510.168     81.49307
       229    504.3692    555.9205     15388.68     616.4481  14.5320   0.0435    13.08    0.566   2.15   3      40.01     1416.745     81.44009
       230    261.9181    558.5629     26696.99     614.4394  13.9338   0.0250    13.14    0.137 -21.74   0      59.67     1129.933     80.42566
       231    453.5645    556.2365     16640.97     768.3388  14.4471   0.0501    14.82    0.036  56.61   0      33.75     742.8046     79.53711
       232    359.1538    555.0031     39080.71     890.2522  13.5201   0.0247    11.96    0.099  22.79   0      76.21     1626.933     82.23055
       233    582.2499    556.4458     7767.785     483.3198  15.2743   0.0676     6.82    0.699  13.24   0      22.53     581.9031     79.28965
       234    111.1661    536.6208      1360308     1107.082   9.6659   0.0009    11.91    0.144  -0.59   0       1356     57620.85     179.5758
       235    774.6550    545.3483     22069.21      589.508  14.1405   0.0290    12.97    0.123  32.46   0      49.52     1086.443     80.93218
       236    651.8088    536.5789     111059.7     765.9904  12.3861   0.0075    12.52    0.162  -7.43   0      213.6     4556.753      89.7762
       237    356.4387    541.0149     11802.32     588.4185  14.8201   0.0541     9.03    0.579  -5.07   2       28.1     780.5753     80.27964
       238    557.4285    538.6795     13758.35     681.0658  14.6536   0.0538    10.96    0.504  -8.05   2      29.53     1010.647     80.29881
       239    556.9481    533.6217     9536.425     575.9105  15.0515   0.0656     9.99    0.639   6.55   3      30.42     859.0486     80.08011
       240    186.3719    534.0757     41740.79     1111.433  13.4486   0.0289    23.15    0.517   7.12   0      54.54     924.2484      80.0539
       241     52.7054    525.6736     26770.67     830.9803  13.9309   0.0337    13.78    0.139  -6.95   0      53.35     923.7488     79.62872
       242    162.3891    515.2142     27378.83     908.4561  13.9065   0.0360    13.69    0.173   0.56   3       35.3     695.2511     79.40112
       243    169.1589    526.5907     14122.11     664.8491  14.6253   0.0511    11.21    0.550  -5.53   3      36.76     870.0681      80.5326
       244    168.9463    521.4073     22673.43     831.3865  14.1112   0.0398    12.77    0.494   8.29   3      39.75     811.3298     79.94456
       245    927.5243    518.7911     3342.001       207.28  16.1900   0.0674     6.58    0.603  73.28   0      26.57     1496.945      81.6636
       246    819.1915    516.7401     18037.46     544.6362  14.3596   0.0328    14.39    0.068  16.56   0      44.38     929.4841     80.27976
       247    616.5967    511.6646     9052.979     554.7701  15.1080   0.0666    10.57    0.437  -1.93   2      26.43     868.4957     80.10692
       248    616.6466    506.3583     7340.973     502.8501  15.3356   0.0744     9.49    0.462   7.56   3      22.78     864.2552     79.88339
       249    923.6053    505.7267     2113.659      148.683  16.6874   0.0764     4.12    0.392  52.10   0      26.65     1918.613     82.62431
       250    730.9247    497.7056     26480.51     683.4442  13.9427   0.0280    11.40    0.535   1.06   3      66.48     2669.171     84.46364
       251    730.9261    492.6037     23751.91     631.6919  14.0608   0.0289    11.92    0.550   1.53   3      57.62     2194.234     83.58165
       252    217.2686    494.8757     40278.58     778.5653  13.4873   0.0210    19.79    0.188  -7.89   0      79.98     1427.526     81.26227
       253     12.2708    497.7532     16144.64     438.8353  14.4799   0.0295    10.99    0.586   4.19  19      49.01     1947.574     82.90823
       254     12.6768    491.8566     42134.78     685.5526  13.4384   0.0177    19.01    0.265  41.01  19      78.95     2020.208      82.9033
       255    134.4563    490.1950     221902.2     771.2538  11.6346   0.0038    11.89    0.159  -2.51   0        393     9601.136     101.9142
       256    954.0204    468.2786     210345.8      929.772  11.6927   0.0048    11.50    0.126  -4.38   3      331.9     7729.877     97.65208
       257    959.8137    480.9512     260860.4     897.4359  11.4590   0.0037    11.74    0.181  -0.37   3      438.4     11719.17     106.6915
       258   1002.9534    478.1880     19248.79       534.17  14.2890   0.0301    13.42    0.128  21.69   0      46.32     951.3981     80.55206
       259    534.1033    478.5963     11545.06     637.9808  14.8440   0.0600    14.09    0.191  63.58   0      27.93     530.5684     78.92833
       260    294.6465    466.5382     220961.8     788.3348  11.6392   0.0039    11.78    0.147  -0.43   0      388.5     9355.271     101.1974
       261    483.7063    474.2330     20949.42     815.5027  14.1971   0.0423    11.43    0.258 -43.98   0      31.74     671.2073     78.47467
       262    672.6857    462.6111     16086.63     752.0394  14.4838   0.0508    13.16    0.189 -18.71   0      30.56     676.4281     79.13374
       263    248.0097    461.8874     4241.367     140.3226  15.9312   0.0359     4.31    0.082 -87.11   0      74.21     4373.285     89.31053
       264    597.2993    456.9406      32020.3     595.4666  13.7364   0.0202    12.31    0.119   2.57   0       74.2     1395.768     80.75552
       265    994.9960    454.8495      55223.8     743.0054  13.1447   0.0146    11.77    0.211   3.86   0      118.6     2638.758     84.78178
       266    111.7438    455.7473     16984.31     608.7557  14.4249   0.0389    11.41    0.560  -4.05   3      41.77     1505.653     82.10097
       267    112.1495    450.6173     19325.27     719.7062  14.2847   0.0404    13.12    0.563   2.24   3      39.87     1286.928     81.28539
       268     50.7284    456.5444      8967.16     570.5203  15.1184   0.0691     8.52    0.554   1.71   2       27.7     780.6988     79.43263
       269    357.3152    452.7550      20597.7      740.949  14.2155   0.0391    14.34    0.116 -17.85   0      45.35     973.9199     79.77179
       270    320.1920    446.9764     111191.2      878.176  12.3848   0.0086    12.31    0.177  -0.41   0      207.6     4393.145     89.55016
       271    210.7101    445.4332     39848.65     696.4295  13.4990   0.0190    12.80    0.172   7.20   0      84.65     1691.405      81.5833
       272    514.5369    445.7321     2980.465     152.7955  16.3143   0.0557     2.30    0.213 -32.91   0      39.76     2714.174     84.78441
       273    426.1828    443.7843     46856.32     423.6384  13.3231   0.0098    13.29    0.598 -45.36   0      236.4     9534.543     101.5992
       274    755.3631    440.5523     18687.79     629.8673  14.3211   0.0366    12.43    0.159  30.02   0      43.42     832.8809     79.79408
       275    579.2479    441.5651     5682.455      440.161  15.6137   0.0841     7.22    0.571   0.58   0         21     699.3295     79.41279
       276    900.2678    427.7317     199108.4     772.7607  11.7523   0.0042    17.45    0.186  10.34   0      359.1     9083.553      100.417
       277     25.2577    424.3398     139272.8     957.9141  12.1403   0.0075    14.10    0.330  53.64  16      229.1     4890.316      90.9893
       278    102.2795    428.6185      22326.1     923.8214  14.1280   0.0449    13.84    0.131  46.29   0      36.67     712.2541     79.66241
       279    336.7765    421.6322     86109.05     1125.365  12.6624   0.0142    17.37    0.372 -39.51   0      138.5     2753.745     85.48616
       280    523.5375    424.9931     18096.84     644.2612  14.3560   0.0387    12.75    0.608  -2.08   3       44.7     1635.337     82.25377
       281    524.1810    420.0329     18182.29     711.6612  14.3509   0.0425    13.21    0.566   3.32   3      48.82     1286.315     81.49153
       282      3.3881    423.7231     12417.84     526.4576  14.7649   0.0460    10.10    0.352 -27.73  27      32.06     1224.633     80.90219
       283      3.2063    419.0245     9175.234     417.3529  15.0935   0.0494     8.45    0.425  -9.17  19      26.63     1051.213     80.62364
       284    361.5678    419.5941     19122.83     782.6995  14.2961   0.0445    10.37    0.455   2.38   2      38.42     1219.126     81.30392
       285     46.0909    415.8516     10709.31      615.408  14.9256   0.0624    10.49    0.582   4.12   2      30.82     858.2031     79.44142
       286     48.2317    411.2810     9406.378     570.6952  15.0664   0.0659     9.85    0.549   5.76   3         28     672.0748     79.33475
       287    838.4758    407.1979      53006.3     794.0766  13.1892   0.0163    12.64    0.180   5.01   0      110.4     2217.406     83.64464
       288    536.6071    402.5019      41743.5     1021.825  13.4485   0.0266    12.51    0.158  -1.04   0      68.21      1414.54     81.43394
       289    857.2704    399.0793     14151.74     720.4226  14.6230   0.0553    13.91    0.052 -89.47   0      30.82     717.8981     79.03901
       290    369.5548    391.1073       306588     807.9481  11.2836   0.0029    11.99    0.177  -2.49   0      503.4     12954.31     108.5142
       291    251.0879    393.2078     141685.6     851.9658  12.1217   0.0065    11.92    0.166  -2.56   2      250.3     5389.649     91.67618
       292    426.6144    392.8639     55594.47     696.7098  13.1374   0.0136    11.79    0.181   0.78   0      119.2     2362.932     84.03912
       293    758.6899    392.2999     11367.51     655.5733  14.8608   0.0626     9.59    0.101  13.00   2      26.88     705.2617     78.78825
       294    553.6426    392.5176     10187.27     519.8296  14.9799   0.0554     7.53    0.473   0.17   0      23.18     666.2195     78.89027
       295    940.2414    391.5773     15904.79     679.9182  14.4962   0.0464     9.53    0.651   2.33   0       29.8     805.6113     80.13968
       296    626.2535    391.0024     13210.77     695.0223  14.6977   0.0571    10.24    0.354  16.79   0      26.34     753.0931     79.56651
       297    142.0107    385.8527     41764.62     992.8613  13.4480   0.0258    15.48    0.313 -30.96   0      75.11     1894.088     82.96564
       298     59.1571    386.7336     51191.38     647.3945  13.2270   0.0137    12.48    0.156  -7.30   0      109.9       2168.1     83.51057
       299   1020.5664    390.2381     8752.204     335.0301  15.1447   0.0416     9.98    0.494   1.68  19      33.64     1411.965     81.63424
       300   1021.1487    385.6900     12706.04     438.9818  14.7400   0.0375     9.52    0.339   3.56  19      38.03     1336.138     80.79717
       301    527.0504    384.1784     22203.29     823.5911  14.1340   0.0403    15.34    0.108 -31.75   0      42.53     727.2901     79.91725
       302    855.0350    380.0460     38610.29     659.2017  13.5332   0.0185    11.80    0.147   6.30   0      89.06     1926.734     83.05502
       303    221.4431    395.1673     23848.39     926.9374  14.0564   0.0422    16.50    0.064 -29.65   0      38.94     793.1316     80.10428
       304     29.1037    381.5648     9501.352     495.3603  15.0555   0.0566    11.65    0.569  -1.77   3       28.5     1065.415     79.60816
       305     27.4963    375.9096     19042.97     667.7969  14.3007   0.0381    13.56    0.481  12.86   2      41.66      1299.51     80.69408
       306    481.6180    378.1944     14418.38     720.5067  14.6027   0.0543    13.97    0.154 -30.46   0      30.94     736.7754     79.51988
       307    748.5980    376.8637     16438.25     781.3785  14.4604   0.0516    14.45    0.073 -20.93   0      32.67     631.2144     79.43087
       308    115.5988    367.8940     149861.8     810.4445  12.0608   0.0059    11.66    0.181  13.36   0      272.7     5924.937     93.17546
       309    972.3428    371.4039     29157.49     895.7776  13.8381   0.0334    13.90    0.208 -13.64   2      56.39     1054.927     80.63411
       310    984.4802    366.1029     14592.28     703.9358  14.5897   0.0524    12.62    0.215  52.26   3      30.64     814.2755     79.31565
       311    448.6412    366.6106     15420.96     697.5659  14.5297   0.0491    16.15    0.045  58.52   0         37     783.9719     80.28925
       312    956.4452    365.0527     16577.54     769.9696  14.4512   0.0504    15.13    0.412  10.56   1      29.92     750.8692      79.7725
       313    699.1855    363.9810     18752.98     662.6116  14.3173   0.0384    14.34    0.062 -42.05   2      42.88     793.4099     79.68159
       314    707.7934    354.1445     17932.72      799.465  14.3659   0.0484    16.52    0.122 -46.68   3      37.52     765.7429     79.81487
       315    142.0727    361.7004     34392.73     802.0242  13.6588   0.0253    12.48    0.190  -5.68   0      74.09      1366.55     80.25276
       316    262.8682    351.4402      28955.7      836.648  13.8457   0.0314    13.85    0.166  -3.14   0      54.67     999.7216     80.26788
       317    854.4833    345.9930     21349.78     623.4089  14.1765   0.0317    11.55    0.571   2.82   3      56.02     2246.223     83.92471
       318    858.5641    338.7805     57060.41       934.14  13.1092   0.0178    19.60    0.412 -27.66   2      91.63     2073.166     83.85918
       319    488.5129    343.7713     13711.47      482.614  14.6573   0.0382    10.87    0.539   0.36   3      42.45     1771.534     82.01274
       320    488.5896    338.9059     15467.49     451.7856  14.5265   0.0317    11.76    0.501   1.52   3      42.33     1393.789     81.37601
       321     68.9818    344.8530     8131.554     486.9771  15.2246   0.0650    10.24    0.611  -4.24   3       25.6     893.5102     80.17786
       322     70.9320    339.6606     16424.05     721.1391  14.4613   0.0477    13.02    0.512   1.50   2       33.9     910.0148     80.01348
       323    906.5366    338.2220     9439.328     596.0807  15.0626   0.0686    13.47    0.155 -45.36   0      24.93     506.6465     79.07365
       324    762.1917    332.0159     85425.91     824.0917  12.6710   0.0105    11.94    0.209   7.62   0        168     3624.012     87.38302
       325     51.5996    330.2423     15722.44     558.2537  14.5087   0.0386    11.06    0.576   4.62   3      42.81     1539.227     82.19386
       326     52.4617    325.1799     25668.53     775.9255  13.9765   0.0328    12.76    0.436   8.50   3      51.49     1541.907     81.78864
       327    912.7306    319.5886     92020.69     776.8282  12.5903   0.0092    21.72    0.240  -7.13   0      184.6     4044.456     88.46979
       328    716.4630    320.6996     62620.57     689.8629  13.0082   0.0120    13.83    0.222   2.56   0      130.8     2627.562     84.15082
       329    654.9714    323.3354     14946.17     740.9279  14.5637   0.0538    14.51    0.047  -7.28   0      31.57     508.3036      78.8642
       330    309.9337    320.4038     44114.84     722.8266  13.3885   0.0178    15.72    0.190   3.50   0      95.47     1852.445     82.85148
       331    955.0463    322.1454     11710.96     597.6542  14.8285   0.0554     9.86    0.515   2.67   2      31.89     1002.295     80.48563
       332    792.3867    320.5592     11780.06     649.8856  14.8221   0.0599     9.56    0.483   3.86   2      26.65     789.5679      80.3051
       333     35.2144    314.6409      44361.8     777.5838  13.3825   0.0190    12.47    0.173  -2.66   0      97.46     1980.062     83.60648
       334    855.6350    313.0563     36813.82     791.0341  13.5850   0.0233    12.49    0.193   4.94   0      79.22     1555.975     81.82772
       335    380.0822    316.8695     7531.714     404.0871  15.3078   0.0583     3.26    0.396   0.30   0      22.82     1085.975      80.0904
       336    493.8415    313.2751     6337.612     495.6162  15.4952   0.0849     8.18    0.574  11.49   0      22.56     692.4776     79.39317
       337    937.4592    304.3812     76515.62     1475.274  12.7906   0.0209    24.48    0.223  38.58   3      80.39     1472.172     81.59463
       338    933.9631    295.3133     52949.89     1161.676  13.1903   0.0238    13.40    0.226 -16.59   3      60.08     1431.179     81.06407
       339    581.1724    304.4143     26423.59     606.7185  13.9450   0.0249    12.60    0.139   1.31   0      60.13     1245.391     81.37731
       340    406.9146    308.5903     7543.415     466.2887  15.3061   0.0671     6.81    0.649  12.18   0      22.92     653.1923     79.06697
       341    356.8994    302.5962     108499.9     776.2051  12.4114   0.0078    12.04    0.182  -0.08   0      213.1     4618.241     89.93172
       342    208.1282    296.6731     67466.44     754.6281  12.9273   0.0121    12.05    0.195  -2.65   0      138.9      2822.04     85.07306
       343    281.3707    297.8911     16528.59     574.9974  14.4544   0.0378    16.15    0.130 -42.42   1       37.3     736.9109     78.87949
       344     61.3213    290.4705     117339.9     764.5396  12.3264   0.0071    11.91    0.186  -5.97   0      228.6     5017.082     90.56124
       345    555.1747    291.6503     15777.07     730.2609  14.5049   0.0503    15.69    0.203 -21.81   0      36.68     748.5048     79.97756
       346    111.0940    282.9153     264468.4     799.1933  11.4441   0.0033    11.80    0.170  -7.41   0      448.1     11324.66     105.3672
       347    910.4050    285.2574     31782.21     814.8914  13.7445   0.0278    11.78    0.155   1.97   0      66.39     1507.107     81.89869
       348    495.8839    279.0344     185137.6     796.2075  11.8313   0.0047    12.45    0.255   5.92   0      329.1     7713.971     97.26783
       349    286.3938    281.4721     84540.53     703.6892  12.6823   0.0090    12.23    0.176  -2.55   0      174.7      3675.83     87.51768
       350    939.4139    282.0540     18703.09     819.0179  14.3202   0.0476    14.10    0.082  65.77   1      38.61     815.8223     79.95734
       351    576.8245    280.5668     41425.96     755.7515  13.4568   0.0198    12.11    0.160  -2.62   0      90.81     1778.192     82.85197
       352   1021.2499    278.9832     10288.95     533.5244  14.9691   0.0563    11.76    0.344 -70.33  24      27.56     794.1218     80.10709
       353     80.8525    277.9942     14765.97     749.9504  14.5768   0.0552    14.01    0.082 -26.80   0      30.48     738.6461     79.73767
       354    534.1810    274.9246     19981.81     671.9036  14.2484   0.0365    14.93    0.109 -11.96   0       46.7     869.0862     80.10859
       355    452.7390    269.6166     15077.69     727.1409  14.5542   0.0524     9.77    0.245 -77.45   0      29.59     611.4376     79.16085
       356     12.2168    267.5906     6451.204     432.8099  15.4759   0.0729     4.72    0.324  -4.05  18      21.64     730.3329     79.50146
       357    621.7681    251.8516     752564.4     954.6318  10.3086   0.0014    11.76    0.160   0.21   0      939.5     32801.32     144.5621
       358    923.6537    258.1274     13390.51     451.6769  14.6830   0.0366    13.82    0.042  51.75   0      35.24     637.0065     79.02043
       359    307.7247    250.5768     183104.2     833.0199  11.8433   0.0049    11.79    0.187  37.96   0        314     7385.041     96.67136
       360    238.4745    257.4081     19548.29     614.5484  14.2722   0.0341    14.05    0.054   2.25   0      47.46     938.2497     79.88215
       361    847.9977    256.8956     15909.51     758.7047  14.4959   0.0518    15.12    0.140 -57.44   0      34.72     617.9875     79.17966
       362    131.7843    253.0688     131572.2     758.2343  12.2021   0.0063    11.90    0.186  -3.73   0      254.5     5533.676     92.39943
       363    355.3905    257.5500     10254.77     619.3508  14.9727   0.0656     9.50    0.237   7.74   2      26.17     783.2966     79.86483
       364    438.6654    251.3569     23072.79      721.475  14.0922   0.0340    13.91    0.153  -9.49   0      49.13     994.5542     80.25325
       365    374.4103    254.2739     13688.41     617.1928  14.6591   0.0490     8.48    0.606  -3.01   0      23.76     595.4583     79.32849
       366    835.0851    243.6471     37335.22     915.1124  13.5697   0.0266    21.10    0.319 -39.26   2      65.28     1454.025     81.12809
       367    189.4705    242.8079     16687.77     482.2629  14.4440   0.0314    11.11    0.552  -0.94   3      48.17      1909.48     82.80374
       368    192.3082    231.6196     61494.05     927.4986  13.0279   0.0164    16.30    0.230 -59.75   3      105.6     2264.276     83.16387
       369    503.3508    240.4477     4913.943     166.1586  15.7714   0.0367     1.34    0.107 -49.54   0       63.2     4775.058     90.51424
       370    407.8902    233.9620     20707.64     843.4784  14.2097   0.0442    15.38    0.358 -11.11   0      37.68     977.1528       79.781
       371    661.4359    225.3908     34943.75       1075.6  13.6416   0.0334    20.58    0.360  62.08   0      50.59     1027.373     80.76613
       372    896.9985    227.3534     7410.176     487.5086  15.3254   0.0714     7.56    0.579   8.03   0       22.7     731.9366     79.50605
       373     97.6169    221.1472     39788.07     797.2109  13.5006   0.0218    15.76    0.270  41.94   0       77.3      2120.96     83.58481
       374    980.3607    226.3308     6378.422     456.5493  15.4882   0.0777     6.19    0.585  21.59   0      19.83     614.6515     79.17007
       375    271.6807    227.1808     6733.649     464.0748  15.4294   0.0748     6.98    0.627   7.02   0       22.1     679.0245     79.56755
       376    838.4133    220.7460     12400.76     465.0265  14.7664   0.0407    14.52    0.217  -2.21   0      31.43     682.1677     79.57652
       377    186.7166    217.5009     20966.55     830.4106  14.1962   0.0430    14.97    0.185  21.79   1      34.42     687.0923     78.73581
       378    505.3679    218.2898     8583.242     548.4429  15.1659   0.0694     8.25    0.633   8.88   0      25.46     611.0488     78.51601
       379    133.9138    215.6224     22633.01     819.0757  14.1131   0.0393    13.72    0.192 -42.27   3      48.76     1031.596     79.93594
       380    126.0072    208.5802     37621.24     1045.468  13.5614   0.0302    17.58    0.116  41.70   2      57.12     1436.975     81.49653
       381    934.7026    213.5853     8757.197       485.53  15.1441   0.0602    12.17    0.340  85.39   0      25.29       598.28     78.90897
       382    253.8300    202.1776       506289     880.2552  10.7390   0.0019    11.95    0.169  -2.61   0      721.5      22197.6     127.0669
       383    168.0902    208.0369     76786.95     770.7141  12.7868   0.0109    11.89    0.210  -1.52   0      157.8     3363.098     86.31065
       384     56.2860    209.7686      28361.3     992.3488  13.8682   0.0380    21.54    0.524 -34.04   2      36.56     764.7948     79.38712
       385     67.8088    207.4480     17881.48     873.2772  14.3690   0.0530    15.45    0.372 -18.37   3      33.68     869.1367     80.31963
       386      5.1752    203.2910     30531.58     584.1371  13.7881   0.0208    14.39    0.098  89.75  24       76.1     1566.518     81.23464
       387   1013.2472    190.8767     26044.73     790.6131  13.9607   0.0330    14.59    0.133  76.64  19      50.34     916.1291     79.81919
       388   1009.6094    177.3604     33977.84     966.4479  13.6720   0.0309    18.36    0.449  35.73  19      45.96     727.5729     80.12945
       389    873.4506    192.3714     13781.21     589.8997  14.6518   0.0465    14.69    0.061 -52.92   0       33.8     700.2215     79.62807
       390    593.4920    186.8040     170268.4      794.085  11.9222   0.0051    12.55    0.250   3.01   2      308.8     7670.833     97.34093
       391    573.8553    187.6884     31051.56     707.4388  13.7698   0.0247    14.90    0.223 -21.03   3      66.81      1177.64      80.3501
       392    287.1718    193.0471     7527.869     503.7747  15.3083   0.0727     8.34    0.679  -1.01   0      25.03       701.79      79.8447
       393    525.1459    188.3448     11734.25     463.7897  14.8264   0.0429    15.24    0.119 -33.92   0      30.27     649.7811     79.69653
       394    748.2757    178.2032     24235.62     655.5186  14.0389   0.0294    13.16    0.150   5.50   0       53.6      1036.67     80.37243
       395    557.9579    181.4713     4209.654     154.6131  15.9394   0.0399     4.72    0.173  88.50   0      60.35     3984.683      88.3161
       396    130.6922    174.5020     14127.38     682.4295  14.6248   0.0525    14.25    0.048  37.62   0      32.21     673.7574     78.69731
       397    556.6140    161.6659      56396.5     814.4904  13.1219   0.0157    12.01    0.225  -1.46   0        112     2402.027     84.14478
       398    255.1583    163.3642     13725.82      512.374  14.6562   0.0405    15.08    0.257   0.70   0      31.03     690.8481     79.60131
       399    687.6921    152.6330     50759.33     829.3967  13.2362   0.0177    12.28    0.188 -11.52   0      104.5     2118.637     82.56026
       400    144.8213    156.3337     16744.72     797.0075  14.4403   0.0517    13.64    0.276 -28.56   2      30.24     732.2228     79.71936
       401    210.7160    155.9938     5912.267     402.1249  15.5706   0.0739     5.40    0.321  -7.85   0      17.38     617.6331       79.392
       402    627.9711    148.2040     67811.35     1103.034  12.9217   0.0177    22.09    0.483  -7.48   0      102.2      1810.92      82.9417
       403    435.4280    145.6303     16966.66     807.6129  14.4260   0.0517    14.63    0.375 -42.32   0      31.79      633.369      79.6497
       404     33.4072    147.2270     11383.19     639.9089  14.8593   0.0610    10.75    0.518  -2.95   2      29.07     959.1037     80.36357
       405    910.7419    139.2995     14802.84     510.3716  14.5741   0.0374    14.82    0.106  20.85   0      38.02     830.3852     79.14835
       406    825.9097    138.0666     32817.48     870.8652  13.7097   0.0288    22.95    0.450 -51.97   3      60.23     1031.581      79.9359
       407    618.3094   1013.7484     334341.7     871.8538  11.1895   0.0028    13.16    0.282  -9.40  16      508.7     12521.17     107.7603
       408    730.1200    129.6121     37085.36     696.1349  13.5770   0.0204    12.03    0.205  -0.18   0      82.41     1807.544     82.52348
       409    695.3624    120.1954     490676.3     883.9038  10.7730   0.0020    11.71    0.192  -1.26   0      704.4     22498.12     127.6033
       410    126.4435    123.6767     46624.08     624.4813  13.3285   0.0145    12.06    0.189   2.18   0      105.4     2221.897     83.65684
       411    425.0639    120.2932       231031     822.6777  11.5908   0.0039    11.83    0.185  -2.66   0      402.9     10193.23     102.8978
       412    210.0463    123.0467     43703.14      628.821  13.3987   0.0156    12.04    0.230  -3.15   0      97.28     2160.745     83.69292
       413   1003.7999    118.5746     14465.71     725.2021  14.5992   0.0544    13.09    0.166 -53.84   0      29.65     658.8826     79.72247
       414    469.8655    139.1904     24643.13     839.5155  14.0208   0.0370    14.43    0.100 -48.11   0      48.88     925.4341     80.05727
       415    960.0526    112.2196     10005.81     571.6741  14.9994   0.0620    12.05    0.079  -0.43   0      26.69     792.2156     79.89021
       416    468.8844    111.0061     8772.145     515.1218  15.1422   0.0638    10.03    0.586   4.52   3      24.07     950.3234     80.33874
       417    469.9056    106.9923     17460.96     722.0518  14.3948   0.0449    12.06    0.433  10.34   2      35.32     964.0889     80.16693
       418     34.7151    108.2679     20411.44     676.4396  14.2253   0.0360    12.88    0.124  -3.62   0      47.56     975.5398     79.77641
       419    657.9420    105.6679     49656.42     707.4376  13.2601   0.0155    11.58    0.181   2.26   0      112.4      2424.35     84.20506
       420    170.4612    108.7046     6611.582     477.4908  15.4492   0.0784     6.72    0.489  20.30   2      22.98     758.4467     79.15552
       421    362.2007    102.8124     19739.16     906.0762  14.2617   0.0499    14.59    0.267 -16.25   0      31.23       576.86     79.06152
       422      3.9254     99.1328     30973.97     441.6875  13.7725   0.0155    12.56    0.317 -89.42  24      94.57     2801.921      85.0193
       423   1020.0939    103.3886     6244.813     373.9838  15.5112   0.0650     7.15    0.770  -3.47  24      21.87     558.1574     79.00773
       424    379.2562     98.0814     30266.89     917.5131  13.7976   0.0329    12.96    0.165  -8.04   0      52.22     1033.219     79.94055
       425    753.5186    100.1684     5430.268     413.2669  15.6629   0.0826     6.09    0.525   9.00   0      18.48     664.8621     79.31409
       426    724.2643     99.6028     8808.035     540.7712  15.1378   0.0667     9.99    0.516   0.13   3      33.93     1021.319     80.53933
       427    724.5060     94.9758     11931.01     597.7379  14.8083   0.0544     9.69    0.476  -5.20   3      27.65     949.8839     79.49075
       428    915.9307     94.9945     7918.645     146.1572  15.2534   0.0200     4.33    0.047  -0.18   0      101.9     7917.602     97.91539
       429    505.8329    138.0766     14907.31     466.2499  14.5665   0.0340     5.72    0.064 -31.05   0      39.52     1229.108     80.91476
       430    477.8239     91.1470     22545.51     838.9474  14.1173   0.0404    15.84    0.680   6.14   3      54.03      1417.72     81.65026
       431    479.8394     86.3853     35878.15     1046.706  13.6129   0.0317    20.48    0.768  -2.54   2      47.87      1198.11     81.45311
       432    101.7395     84.4353     8594.718     582.1146  15.1644   0.0736    10.75    0.153 -38.13   0      22.81     609.9846     79.15668
       433    554.2715     84.9897      6749.26      443.581  15.4269   0.0714     6.20    0.709  11.58   0       20.8     581.5008     79.07485
       434    727.8563     79.4421     31249.02     935.5556  13.7629   0.0325    13.63    0.254 -15.34   0      53.12     1255.037     81.19617
       435    144.9629     78.4197     35385.73     612.1426  13.6279   0.0188    12.04    0.193  -6.06   0      83.07     1865.044     83.29323
       436    478.0341     75.5548     21247.99     841.6163  14.1817   0.0430    14.87    0.156 -24.85   1       37.7     819.9414     79.96904
       437    399.2197     71.4755     65982.16     835.0784  12.9514   0.0137    16.64    0.394 -12.42   0      122.3     3021.765     85.99928
       438    973.5741     68.9434     19114.97     553.5545  14.2966   0.0314    13.58    0.089  15.55   0      45.73     869.5271     79.89839
       439    249.4996     67.3227     53308.68     920.9097  13.1830   0.0188    12.02    0.170  -0.69   0      101.7     2096.893     82.70518
       440     90.2231     70.4258     7462.126     418.4453  15.3178   0.0609     4.06    0.291   4.30   2      22.31     766.4896     80.02865
       441    878.2762     69.2534     10768.42     635.0458  14.9196   0.0640     9.72    0.536   3.99   0         27     769.3394     79.40013
       442     50.1746     67.5056     22737.65     913.3339  14.1081   0.0436    14.23    0.040  77.06   0      35.21      651.968     78.63436
       443    304.8539     59.7140     5583.758     442.0277  15.6327   0.0860     6.38    0.635   4.45   0      20.14     656.0458     78.86095
       444   1009.0153     55.6987     14482.79     730.4371  14.5979   0.0548    13.83    0.180  48.80  16      31.36     725.7698     79.06164
       445    977.9740     53.5611     41559.47     834.5087  13.4533   0.0218    12.04    0.196   4.80   0       85.8     2016.143     83.50215
       446    357.2156     51.2131     41102.69     953.1536  13.4653   0.0252    15.75    0.196  37.47   0      69.13     1418.296     81.44442
       447    768.4047     47.7477     9742.483     499.7205  15.0283   0.0557    11.32    0.263   6.53   0       26.9      804.118     79.92406
       448    372.4388     41.8124     26668.76     821.7402  13.9350   0.0335    14.43    0.164  -6.89   1      52.58     1115.954     81.22356
       449     81.7511   1016.7145     58407.36     801.9742  13.0838   0.0149    12.18    0.141   1.92  16      118.1     2266.547     83.37323
       450    157.8935     43.2566     8303.442     487.9248  15.2019   0.0638     6.81    0.623   4.49   0      23.04     711.7613     78.80699
       451    562.7843     35.8675     21916.31     868.9895  14.1481   0.0431    14.73    0.087 -75.38   0       38.3     977.6526     80.20537
       452    921.7771     35.9975     2804.492     141.0076  16.3804   0.0546     1.48    0.152   5.42   0      41.32     2691.416     84.92282
       453    998.6782   1019.6126     10816.84     559.2859  14.9147   0.0562    10.86    0.651  -2.34  19       36.8     925.2374     80.05671
       454    999.0142   1014.9824     12345.96     664.2416  14.7712   0.0584    11.47    0.596   8.51  19       33.1     923.2874     80.05117
       455    889.6179   1015.9584     26765.94     567.9682  13.9310   0.0230    12.49    0.169  10.49  16      62.27     1282.908     81.48203
       456    892.5361     27.2784     7402.757     525.0941  15.3265   0.0770     8.00    0.557  -0.25   0      22.29     605.5764     78.92999
       457     90.5341     26.8143     6097.463     447.0472  15.5371   0.0796     6.94    0.446 -16.85   0      20.49     708.3104     79.43848
       458    391.6453   1011.6525     77545.31     733.8391  12.7761   0.0103    11.76    0.097  56.92  16      151.5     4250.998     89.18867
       459    787.2052   1017.3890     16491.07     567.5797  14.4569   0.0374    10.89    0.510  -1.58  19      44.38      1640.33     82.06168
       460    582.8351     22.4948     7656.122     477.9877  15.2900   0.0678     6.80    0.516   9.99   0      20.66     648.8599     78.40993
       461    787.3031   1012.2408     12280.33     410.8871  14.7770   0.0363    12.27    0.543   4.04  19      37.37     1415.688     80.60195
       462    250.5301     20.8107      4190.42     386.1089  15.9444   0.1001     5.43    0.639   8.29   0      17.18     568.1904     79.03659
       463    429.3038   1016.7637     11661.17     660.1747  14.8331   0.0615    11.52    0.488  -2.87  18      30.05     723.6157      78.6263
       464    981.4747   1013.7031     19874.52     740.7272  14.2543   0.0405    14.64    0.107  21.41  16      42.15     886.8242     79.31025
       465    494.3708   1009.8644     39224.52     612.1861  13.5161   0.0169    12.27    0.100   6.11  16      89.62     1821.824      82.5628
       466    857.0101   1008.0655     48365.12     732.8696  13.2887   0.0165    11.99    0.138  12.26  16      101.9     2588.144     84.64599
       467    714.7349    993.6030     203457.9     930.3624  11.7288   0.0050    12.69    0.207 -48.93  24      334.4     9309.934     101.2627
       468     35.2558   1004.1777     10393.59     670.5473  14.9581   0.0701    10.60    0.484  -4.20   2      26.72     643.8577     79.25388
       469    324.8201    998.4023     11430.71     248.7302  14.8548   0.0236     0.00    0.693  60.83   0      77.26     3555.085     87.20357
       470    295.6114    994.5435     12196.22     514.9904  14.7844   0.0459    12.04    0.526   2.78   3      34.87     1249.993     81.18205
