#   1 NUMBER                 Running object number                                     
#   2 X_IMAGE                Object position along x                                    [pixel]
#   3 Y_IMAGE                Object position along y                                    [pixel]
#   4 FLUX_AUTO              Flux within a Kron-like elliptical aperture                [count]
#   5 FLUXERR_AUTO           RMS error for AUTO flux                                    [count]
#   6 MAG_AUTO               Kron-like elliptical aperture magnitude                    [mag]
#   7 MAGERR_AUTO            RMS error for AUTO magnitude                               [mag]
#   8 FWHM_IMAGE             FWHM assuming a gaussian core                              [pixel]
#   9 ELLIPTICITY            1 - B_IMAGE/A_IMAGE                                       
#  10 THETA_IMAGE            Position angle (CCW/x)                                     [deg]
#  11 FLAGS                  Extraction flags                                          
#  12 SNR_WIN                Gaussian-weighted SNR                                     
#  13 FLUX_APER              Flux vector within fixed circular aperture(s)              [count]
#  14 FLUXERR_APER           RMS error vector for aperture flux(es)                     [count]
         1    767.1053    122.2162     453384.5     3771.799  10.8588   0.0090    21.10    0.441 -30.15   2      207.6     12865.24     224.8758
         2    764.3475     29.4487     414272.6      2937.92  10.9568   0.0077    26.88    0.232  -0.36  18      229.1     15853.88      230.121
         3    246.9734     25.7824     255473.3     2274.417  11.4816   0.0097    11.39    0.133 -14.98  18      175.1     13578.25     228.4257
         4    996.2384     24.5772     55136.61      2183.36  13.1464   0.0430    13.67    0.085 -33.70   0       36.7     2211.126     217.4131
         5    385.2527     22.7154     55033.67     2003.805  13.1484   0.0395     4.55    0.048  43.37  16      33.99     2649.059      214.901
         6    879.6935     22.7825     47119.41     1885.584  13.3170   0.0435    11.27    0.309  26.58   0      36.94     2756.412      214.416
         7     50.4099      9.1045     427791.4     2444.867  10.9219   0.0062    17.10    0.293 -32.40  24      253.4     15044.82     228.7595
         8    629.5940      6.3840       152946     2701.514  12.0387   0.0192    26.07    0.274  44.32  24       81.4     3159.162     216.6295
         9    372.3361     13.9753      45449.8     1812.401  13.3562   0.0433     4.39    0.425 -69.49  16      32.26     2904.431     216.9552
        10    809.9324     11.8916     55211.19     438.3586  13.1449   0.0086     0.00    0.266  57.64   4      297.2      52372.3     262.7564
        11    361.3062      3.5597     124894.7     1815.271  12.2586   0.0158    18.61    0.551   0.13  24      103.7     7899.154      219.214
        12    717.0154      3.0331     26416.14     1348.171  13.9453   0.0554    10.02    0.138  -8.37  24      24.89     1858.583     217.0443
        13    238.9518      2.0399     18127.16     1096.986  14.3542   0.0657     8.69    0.582  -2.88  24      21.54     2329.064     215.7568
        14    398.9868   1007.9907      53958.2     399.3261  13.1699   0.0080   -27.17    0.029  28.54   0      296.3     52011.33     262.9332
        15    514.5392   1016.8234     247627.7     2283.502  11.5155   0.0100    13.00    0.229  -6.77  25      166.2     11840.35     225.5534
        16    640.6208    988.9191     513494.9     3099.705  10.7237   0.0066    12.36    0.166 -49.84   0      288.5     20038.79     234.2177
        17   1020.4016    992.7072     16979.64     1082.002  14.4252   0.0692     7.18    0.485 -15.15  16      19.51     1627.922      215.017
        18    221.4209    987.5751      57639.3     2271.597  13.0982   0.0428    14.55    0.080  57.12   2      39.32      2482.23     217.1052
        19    708.8626    977.8717     25381.74     1488.447  13.9887   0.0637     7.69    0.144  50.38   0      22.45     2138.223     215.5557
        20    382.6759    962.0396      1973359     2852.804   9.2620   0.0016    25.78    0.097 -16.88   0       1057      90769.2     294.5354
        21     22.9602    974.0775     7454.062     380.4584  15.3190   0.0554     4.41    0.159 -59.11   0      68.72      6700.19     220.3132
        22    971.0035    972.3421     38852.59     429.7936  13.5265   0.0120     0.97    0.174 -89.32   0      197.7     38186.86     251.2111
        23     93.0107    967.7869     108493.8     2248.279  12.4115   0.0225    20.03    0.098  -5.69   0      77.11     5817.221     219.4004
        24    923.0842    966.1811     47403.38     1998.121  13.3105   0.0458    12.01    0.134 -56.95   0      36.53     2658.488     215.5081
        25    732.6422    967.7780     17717.23     1252.774  14.3790   0.0768     0.00    0.575  49.62   0      18.95     2872.042     217.5129
        26    473.3922    964.1293     119255.1     2716.477  12.3088   0.0247    19.91    0.093 -28.06   0       73.9     4785.141     218.3287
        27    425.8203    962.8692     49927.41      2213.51  13.2542   0.0481    14.46    0.079  38.73   0      36.13     2564.398     216.5987
        28    616.7907    965.3857     19365.15     795.0303  14.2824   0.0446     1.34    0.189 -24.42   0      44.78     9321.949     223.0013
        29    448.7242    962.9985     35101.04     1786.096  13.6367   0.0553     9.63    0.281  -3.92   2      25.93     1824.626     215.2248
        30    131.9650   1016.5909     67412.79      2126.51  12.9281   0.0343    17.34    0.068  56.87  16      44.68     2918.137     217.5611
        31    282.7086    956.1138      43361.7     453.9257  13.4072   0.0114    -0.99    0.300 -22.01   0        237     37624.21     249.6743
        32    123.3249    949.4507     170856.8     2468.178  11.9184   0.0157    13.72    0.142  -8.27   2        117     8132.382     221.2055
        33    769.0137    954.7308     8432.312     663.9013  15.1851   0.0855     1.74    0.166  89.48   0      27.09     4503.355     218.0352
        34    141.1747    953.7412     55232.06     493.5297  13.1445   0.0097     0.00    0.429 -56.52   0      291.7      50762.2     261.8513
        35    834.9642    941.8017     516023.2     3089.509  10.7183   0.0065    14.95    0.126 -17.74   2      298.3     21393.03     236.0731
        36    881.2108    943.8770       309109     3319.462  11.2747   0.0117    15.00    0.119 -42.98   6      149.3       9458.8     223.1408
        37    903.2795    936.0052       134496      2667.64  12.1782   0.0215     3.08    0.308  15.59   2      98.58     2539.143     216.5722
        38   1001.6727    935.0797     252718.6     2353.289  11.4934   0.0101    24.90    0.168  -9.72  18        175     12727.33     225.3075
        39     49.5500    928.9068     127780.2     2010.441  12.2338   0.0171    11.77    0.067 -28.38   0      93.33     6395.329      218.239
        40    366.4577    923.6929     85628.49     2419.499  12.6685   0.0307    15.79    0.088 -10.68   2      55.14     3366.483     215.6584
        41    121.0036    926.0010     70355.34     641.1572  12.8818   0.0099     4.68    0.196  89.37   2      257.3     41242.04     253.4536
        42    658.7180    916.4905     258595.8     2618.752  11.4684   0.0110    24.74    0.132  -9.68   0      173.8     12424.77     225.5725
        43    827.5743    911.4782     410709.7     3168.112  10.9662   0.0084    12.69    0.063 -13.36   0      236.5     17236.06     230.9262
        44    208.5005    917.7498      96768.8      2732.29  12.5357   0.0307    11.22    0.117   4.70   0       51.5     3338.158     213.8331
        45    700.9529    914.5142     146065.4     2262.038  12.0886   0.0168    23.09    0.219 -21.81   0        102      7134.31     219.5932
        46    540.9941    917.9960     19065.61     378.9474  14.2994   0.0216   -76.87    0.001  66.90   2      157.5     19495.08     233.1389
        47    423.0561    911.9003     251201.5     3015.057  11.4999   0.0130    25.49    0.294  83.76   2      125.1     7006.278     218.8743
        48    312.3527    914.7328     52699.61     877.1027  13.1955   0.0181     0.00    0.556 -45.10   0      183.2     35067.64     247.8552
        49    586.0725    917.0370     8678.776     372.6658  15.1539   0.0466     4.39    0.121  28.18   0      78.82     7870.321      221.517
        50    188.0587    907.1732     229302.6     2668.491  11.5990   0.0126    13.63    0.100  -3.58   0      149.2     10687.84     224.9611
        51    640.7141    910.5215     63315.84     1914.575  12.9962   0.0328     0.00    0.302  -3.70   3      49.53     4089.948     216.4194
        52    577.0635    907.0411     43967.57     2013.748  13.3922   0.0497    11.67    0.243   5.07   0      31.93     1851.419     215.2531
        53    132.0829    908.0367     10379.42     505.2834  14.9596   0.0529     0.00    0.132  27.98   0      64.71     6926.106     219.9626
        54     34.2558    889.7924     328496.3     2841.113  11.2087   0.0094    28.12    0.086 -54.28   3      194.6     13416.01     227.7006
        55     54.3747    888.4251     221089.6     2895.329  11.6386   0.0142    24.90    0.127 -26.44   3      139.8     9848.617     224.6843
        56    315.0426    898.2816     26065.57     1490.708  13.9598   0.0621     7.66    0.535 -10.88   0       22.8     1767.015     213.9661
        57    352.1413    897.7051     16928.78     425.6555  14.4284   0.0273     2.45    0.344 -63.39   0      118.1     14629.49     226.6518
        58    437.1232    891.2520     120799.2     2996.646  12.2948   0.0269    13.21    0.187  10.34   1      54.99     3154.528     216.0306
        59    831.5135    890.4985     48499.98     1922.866  13.2856   0.0431     3.79    0.103  64.57   2      35.59     4476.327     216.2313
        60    770.6360    889.1120     134993.4     3186.813  12.1742   0.0256    18.42    0.330 -32.34   2      59.78     2950.682     215.2197
        61    627.6993    891.7758     48806.52     2090.988  13.2788   0.0465    10.84    0.394 -21.25   0      30.01     1629.464     212.6145
        62    977.0308    876.5995     54602.25     1852.112  13.1570   0.0368    10.39    0.144   3.05   2      44.32     3496.049     218.1639
        63    447.2319    869.4637     389934.9     3182.813  11.0225   0.0089    12.32    0.123 -48.54   0      217.1     14725.17     228.4417
        64    162.0010    880.7707     32623.91     395.2081  13.7162   0.0132     0.88    0.142 -89.93   0      191.5     32766.71       246.78
        65    357.3845    873.4656     73739.12     1445.569  12.8308   0.0213     5.21    0.144  -6.48   0      65.48      6577.28     220.1863
        66    867.2271    874.1898     12660.96     438.2849  14.7438   0.0376     5.18    0.374  42.50   0      99.11     10883.35     225.1585
        67    775.5586    865.9191     83973.84     2421.998  12.6896   0.0313    12.11    0.175 -16.81   0      41.43     2151.771     214.3744
        68     53.4136    862.1769     72317.48     2455.165  12.8519   0.0369    14.56    0.104 -16.08   0      37.93     2661.132     216.7002
        69    645.3475    854.2702     188971.3     3175.521  11.8090   0.0182    17.96    0.309  74.35   0        101     5862.671     218.8611
        70    534.6453    856.9730     82320.83     2624.304  12.7112   0.0346    13.58    0.171 -11.57   2      36.44     2123.969     216.7298
        71    945.4882    851.4425     192329.4     3536.645  11.7899   0.0200    12.35    0.069  26.23   2      91.36     6280.815     218.7081
        72    938.6757    839.4890     169260.8     2815.824  11.9286   0.0181    17.36    0.108 -24.18   3      92.46     3105.446     215.3831
        73    690.0022    857.7349     17433.95     1153.938  14.3965   0.0719     5.43    0.296 -83.48   0      18.51     1594.569     215.5787
        74    515.4909    855.6108     49911.64     2249.501  13.2545   0.0489    12.87    0.145 -23.68   0      30.85     1789.372     214.5896
        75   1023.0277    855.3188     25199.89     1236.069  13.9965   0.0533     8.13    0.365  89.23  24      22.42     1791.211     215.1895
        76    243.2603    850.2040     58920.77     2374.072  13.0743   0.0438    15.10    0.156 -40.75   0      38.14     2626.099     216.6635
        77    773.6420    850.8658     70872.82     2443.226  12.8738   0.0374    12.98    0.435  -4.23   2      39.46     1812.506      215.212
        78    979.1478    848.8140     58839.57     2237.518  13.0758   0.0413    11.02    0.241   1.08   0      39.79     2567.617     216.6021
        79    868.5866    837.9569     88106.41     2084.494  12.6375   0.0257    13.21    0.153  -3.42   2      66.21     4195.293     218.8912
        80     38.4166    836.1696     107930.1     2894.213  12.4171   0.0291    14.74    0.063  64.81   0      58.34     4133.396     218.8269
        81    331.6974    830.8417     362635.8      2911.94  11.1013   0.0087    26.74    0.104 -89.10   3      211.6     14688.65     226.1436
        82    333.0865    801.4374      1622445     3466.147   9.4746   0.0023    29.20    0.371  73.35   2      719.5     55497.91     264.9616
        83    807.9014    829.0299     157428.1      2697.13  12.0073   0.0186    16.05    0.087  34.03   0      92.83     5076.821     216.2682
        84    286.0561    863.6227      30456.4     1635.234  13.7908   0.0583     8.31    0.588  23.52   0      25.76      1775.07     215.1725
        85    600.2704    831.1281     48778.65     1787.835  13.2794   0.0398     8.24    0.455 -34.55   0      34.14     1513.421     214.2971
        86    881.2578    827.3986     5891.878     456.3915  15.5744   0.0841     2.65    0.438 -22.84   0      30.19     5457.378     219.0273
        87    206.6556    823.9014     27075.01     1355.412  13.9186   0.0544     6.31    0.436 -18.57   2      22.82     1849.158     214.0533
        88    109.8827    815.4011     307697.9     2660.709  11.2797   0.0094    23.90    0.238 -18.11   2      178.9     9119.574      223.371
        89    475.4567    813.2750       135218     2665.292  12.1724   0.0214    20.72    0.168 -31.66   3      84.29     5682.749     218.6742
        90    464.4636    809.0594     152756.3     2470.416  12.0400   0.0176    12.20    0.114   0.04   3      104.2     7082.684     220.7074
        91    266.0526    815.7355     44667.86     2039.193  13.3750   0.0496    13.52    0.158 -73.34   0      33.88     2292.188      215.718
        92    737.9885    805.9291     452597.4     2532.337  10.8607   0.0061    11.75    0.086  -1.83   0      297.4      22152.7     235.7154
        93    670.9956    807.7971      70751.3      2291.21  12.8757   0.0352     0.00    0.271  84.30   0      38.37     1408.518      214.785
        94   1016.8751    807.5386     58875.93     2034.469  13.0752   0.0375    15.77    0.107   1.31  26      41.36     2912.276     216.3703
        95    141.2296    806.6418     59070.13     2024.994  13.0716   0.0372    16.08    0.157  -1.82   0      45.68     3274.362     217.9329
        96     92.5756    807.7077     37100.57     510.9128  13.5765   0.0150     6.02    0.510  33.89   0        192     31845.94     243.3038
        97    977.6077    797.1213     26978.34      1648.45  13.9225   0.0664     8.94    0.338 -76.99   2      24.06     1787.135     215.1852
        98    628.1080    799.7772     53981.65     2003.685  13.1694   0.0403    10.01    0.318  64.64   0      35.93     1814.413     213.4151
        99    507.5364    799.2513     42032.55     2088.714  13.4410   0.0540    13.05    0.087  -3.12   3      31.68     1748.789     215.1447
       100    494.7643    792.2639     111231.4     3122.983  12.3844   0.0305    21.48    0.448  -1.29   2      55.05     2865.205     216.3209
       101    884.6870    793.4679     11218.35     499.2667  14.8752   0.0483     4.27    0.536 -56.31   0      68.18     9336.783      221.861
       102    175.6054    788.4832     79504.51     2608.095  12.7490   0.0356    12.56    0.019 -66.02   0      45.35     3057.027      217.115
       103    532.1169    812.9964     27923.69     1689.009  13.8851   0.0657     9.60    0.358  -9.24   0      25.33     1959.657     215.9632
       104     88.0218    770.0543      1032214     2741.885   9.9656   0.0029    12.78    0.099  -4.33   2        606     47671.48     259.6502
       105     33.3022    775.8976       129825     2102.833  12.2166   0.0176     0.00    0.110  -0.65   0      98.66     7676.866     218.3958
       106    971.9114    781.0664     12493.05     374.9848  14.7583   0.0326     4.33    0.120 -34.62   0      104.5     12447.39     225.0249
       107     43.5790    786.4284     15467.25     439.7377  14.5265   0.0309     1.49    0.291 -45.02   0      82.16        14953     229.7895
       108    194.5999    766.2153      11797.6     493.0568  14.8205   0.0454     2.55    0.459  63.33   0      53.39     10527.25     224.2264
       109    739.0753    756.8865     6612.796     404.5276  15.4490   0.0664     0.00    0.167 -63.14   0      51.58     5291.157     217.0861
       110    529.9991    756.3566     26134.83     423.0151  13.9570   0.0176     0.90    0.172  89.98   0      150.3     25973.35     240.4422
       111    779.0538    755.0620     10892.19     374.0132  14.9072   0.0373     4.36    0.098  62.70   0      93.55     9950.518      223.641
       112    335.1524    749.0034     101774.9     2316.582  12.4809   0.0247    13.32    0.176  -7.21   2      70.09     4545.907     218.0795
       113     25.7728    744.7512     125925.8     2533.467  12.2497   0.0218    12.97    0.127   5.59   0      80.74     5429.382     220.1688
       114    176.7826    747.2304     58649.05     2228.867  13.0793   0.0413     7.74    0.479  62.29   2      32.34     1892.936     216.4874
       115    208.8964    740.5228     183085.4     3229.277  11.8434   0.0192    16.70    0.331  -1.32   0      96.49     5700.398     218.1041
       116    880.2061    737.4921     66101.26     2389.595  12.9495   0.0393    17.41    0.249  71.74   0      43.16     2303.256     215.7296
       117    826.2158    729.9753       894373     2603.959  10.1212   0.0032    21.65    0.031  11.46   2      545.2     42865.73     255.9117
       118    834.3409    707.7177     102211.5      2399.73  12.4763   0.0255    14.01    0.148 -47.28   3       61.3     3935.239     216.2569
       119    361.2064    738.6708      29192.9     1736.078  13.8368   0.0646    11.68    0.355  43.03   0      26.85     1732.602     215.1276
       120    603.8516    737.9994     36061.95     435.7517  13.6074   0.0131     0.00    0.231  -0.02   0      215.3     32305.92     245.3097
       121    170.3772    732.7642     51712.22     2082.066  13.2160   0.0437     7.81    0.245 -28.62   2      35.58     2893.412     218.1252
       122    521.9343    727.0142     211449.7     2783.676  11.6870   0.0143    23.44    0.339  41.28   0      146.4     6857.401     220.4753
       123    187.6543    733.6519     11609.41     437.7393  14.8380   0.0409     1.41    0.273  45.19   0      72.67     11465.47     226.3138
       124    655.8564    724.9189     60772.26     2469.756  13.0407   0.0441    15.23    0.182 -22.82   0      35.91     1841.533     214.0453
       125    301.1274    727.8597     30339.21     1648.913  13.7950   0.0590     8.38    0.574 -23.05   0      25.28      1842.97     215.2442
       126    632.9069    727.1290     27423.78     1562.464  13.9047   0.0619     8.06    0.205   1.97   0      22.86     1823.489     214.6257
       127    952.8128    724.9155     5275.065     557.5127  15.6944   0.1148     3.03    0.224  26.66   0      28.39     3218.959     216.6922
       128    581.0264    724.0140     24661.83     382.2889  14.0199   0.0168     0.00    0.054  26.46   0      169.4     22572.59     236.6635
       129    984.0276    704.4019     157258.7     3503.349  12.0085   0.0242    25.37    0.317  56.63   0      76.54     3931.052     218.6166
       130    349.5570    705.9125     7808.062     799.7943  15.2686   0.1112     1.88    0.529 -63.28   2      16.73     3892.014     216.2115
       131    324.9867    708.9738     17566.69     378.0473  14.3883   0.0234     0.00    0.073  59.48   0      135.8     16410.22     230.6698
       132   1010.3153    706.0549     11078.67     706.9633  14.8888   0.0693     0.93    0.212  14.18   0       24.6     5058.665     217.4344
       133    713.9065    705.8214     21188.39     412.6353  14.1848   0.0211     0.00    0.257  62.97   0      158.2     19770.26     231.7494
       134    656.0425    699.1991     111421.9     2399.264  12.3826   0.0234    17.28    0.119 -18.59   0      81.55     6154.994     220.9165
       135     82.1911    697.3577     82390.32     2537.168  12.7103   0.0334    19.04    0.422  36.12   0      47.48     2952.315     218.1865
       136    602.0208    697.0104     33025.29     387.2292  13.7029   0.0127     0.00    0.038  28.94   0      219.7     31655.55      245.231
       137    591.3062    739.0063     11489.45      415.072  14.8493   0.0392     0.83    0.161  -2.23   0      82.23      11112.6     224.8189
       138    628.2270    679.5954     197125.3     2927.666  11.7631   0.0161    12.19    0.184  -4.08   1      116.7     8013.942     222.2433
       139    598.0561    678.8848     98663.99     2725.383  12.5146   0.0300    19.42    0.366 -27.61   2      58.81     3369.765     215.6618
       140    400.7012    673.3359       165591     2789.159  11.9524   0.0183    17.64    0.082 -27.94   0      107.1     7192.748     219.0678
       141    425.0688    674.9149     137518.8     3185.985  12.1541   0.0252    19.85    0.211 -24.88   1      60.35     3641.984     215.9485
       142    450.4087    671.1799     171497.4     2797.691  11.9144   0.0177    18.12    0.145 -28.46   2      106.5     5138.338      218.696
       143    882.9053    666.9594     172929.3     2017.132  11.9053   0.0127    12.99    0.082   2.21   0      126.3     9231.596     220.5911
       144    109.6180    666.5336     409995.3     3282.612  10.9681   0.0087    12.12    0.110 -23.01   3      231.6     16543.57     230.8011
       145    113.8906    650.5233     201152.7     3305.265  11.7412   0.0178    16.93    0.254 -19.15   3      93.57     6047.339     218.4653
       146    793.1431    664.0605     22690.37     413.4617  14.1104   0.0198     4.72    0.211  25.11   0      157.4     20066.09     234.2441
       147     74.6714    662.5650     92088.32     2272.215  12.5895   0.0268    13.23    0.349 -11.87   2      67.77     2253.504     215.6772
       148    646.8707    665.8852     150471.2     2358.426  12.0564   0.0170    22.68    0.205  -3.83   0      103.5     7471.532      219.942
       149    472.6053    659.8335     10218.86     485.7591  14.9765   0.0516     2.57    0.451 -64.19   0      45.73      9390.15     224.2201
       150    152.4263    650.8917     147465.1      2595.51  12.0783   0.0191    15.39    0.270  17.91   0       89.5     5972.891     217.7986
       151    872.5450    646.3108     221374.5     2598.266  11.6372   0.0127    22.91    0.062  31.31   2      148.3     8877.147     221.3896
       152    395.9457    643.9204     112407.5     2720.631  12.3730   0.0263    14.39    0.115 -15.35   2      67.06     4048.865     216.3763
       153    349.1236    648.9828     8019.834     372.2637  15.2396   0.0504     0.00    0.106  -7.51   0      70.17     7260.298     221.4712
       154    729.5246    644.1186      45525.2     2001.121  13.3544   0.0477    10.40    0.207 -69.35   0      29.64     1501.891     213.0821
       155   1012.6559    639.2603     137824.6     2338.048  12.1517   0.0184    11.60    0.096  10.92  16      93.55     6563.146     220.7547
       156    323.7600    634.7932       286653     2191.259  11.3566   0.0083    13.77    0.067  -9.09   2        192      13954.8     228.8001
       157    101.6934    632.1597     113024.7     2120.802  12.3671   0.0204    11.99    0.095 -19.69   0      82.67     5988.943     217.2246
       158    201.9700    629.7349     150585.1     2027.331  12.0555   0.0146     0.00    0.147  -5.80   0      124.6     6027.015     219.6176
       159    965.6432    618.7781     137705.9     2057.359  12.1526   0.0162    13.08    0.102 -26.73   0      100.6     7269.934     222.0606
       160    670.3731    616.7784     119108.5     2738.843  12.3101   0.0250    20.70    0.127 -13.99   0      71.04      4756.39      219.473
       161    567.4848    622.0421     7764.311     428.3018  15.2747   0.0599     2.21    0.332   2.31   0      51.75     6673.525     219.1158
       162    638.1429    618.8875     11559.67     800.8596  14.8426   0.0752     0.00    0.165 -26.18   2      21.12     3919.194     216.2401
       163    835.8054    610.6710     15015.11     981.9473  14.5587   0.0710     4.56    0.520 -23.28   2      18.05     1437.746     214.8159
       164    590.7177    606.4512      31991.7     1875.213  13.7374   0.0637    12.05    0.295 -89.50   0      27.84     1869.216     214.0746
       165    479.2512    601.0933     154223.8     2522.031  12.0296   0.0178    11.15    0.077  -6.18   0      109.1     8083.917     219.9904
       166    515.3195    664.8726      39439.1     1891.465  13.5102   0.0521     7.31    0.184  27.25   0       30.4     2695.265     214.9498
       167    913.9185    602.9426     58154.72      1512.68  13.0885   0.0282    12.78    0.485  26.01   0      66.85     2306.163      214.538
       168    199.6774    600.6871     11592.43     645.3677  14.8396   0.0605     1.88    0.348  49.30   0      46.62     7849.218     220.3319
       169    116.3748    590.9180     245082.2     2277.614  11.5267   0.0101    15.13    0.153  -9.73   0      171.3      12610.4      226.328
       170    650.9203    591.1881     120178.5     2433.327  12.3004   0.0220    13.65    0.140 -24.13   2      82.58     2668.091     216.1137
       171    145.0273    589.0007     35428.67     388.6372  13.6266   0.0119     4.25    0.038   3.37   0      230.6     34173.08     248.0718
       172   1015.9743    583.7040     22497.34     1419.498  14.1197   0.0685     5.55    0.220  24.11  16      21.01     1864.523     212.8656
       173    453.2707    582.9809      84135.8      2501.62  12.6875   0.0323    12.15    0.362 -80.46   2      39.34     2538.149     216.5712
       174     95.9495    579.1202     46593.88     2018.824  13.3292   0.0471    12.64    0.333 -24.23   0      35.78     2538.004     214.7835
       175     74.6263    567.2213     53779.16      1862.39  13.1735   0.0376    12.12    0.411 -54.38   2      48.37     8880.372     223.7027
       176    595.0648    557.9187     671061.6     3107.103  10.4331   0.0050    11.73    0.018  49.11   2      366.1     25424.33     238.3104
       177    839.8203    564.2180     45719.02     1914.164  13.3498   0.0455    11.74    0.181  19.29   2      38.45     2075.544     216.6791
       178    752.9777    564.9823     46181.67     2070.629  13.3388   0.0487    11.68    0.056  22.26   0      30.36      2104.66     216.7096
       179    704.9474    583.0914     5377.266     521.8372  15.6736   0.1054     6.00    0.606  89.81   0      20.27     2938.672      215.207
       180    242.4324    562.4592     22990.77     1461.944  14.0961   0.0691     7.31    0.407 -71.60   0      22.12     1733.318     215.1284
       181    800.4041    557.0279     78487.65     2092.677  12.7630   0.0290     0.00    0.145 -77.82   2      57.56     12818.55     227.6686
       182    185.8158    561.9882     23145.79     389.7194  14.0888   0.0183     0.82    0.132   0.11   3      147.4     21650.27     235.2305
       183    187.0430    553.9078     60615.91      2119.73  13.0435   0.0380    11.80    0.042  -1.38   2      44.37     3069.946      214.748
       184    914.0455    551.2123     217010.9     2550.458  11.6588   0.0128    12.49    0.045 -10.81   0        142     9902.585     224.7389
       185    430.5675    554.0800     64846.84     2290.624  12.9703   0.0384    16.03    0.115 -26.49   0      45.07     3054.639     216.5198
       186    284.5891    550.4154     95916.55     2671.576  12.5453   0.0302    12.66    0.102 -17.59   0       58.5     4041.388     217.5531
       187     36.7793    532.0981      3404234     3044.798   8.6700   0.0010    13.03    0.084  -8.28   0       1625       156362     340.2865
       188    504.1249    548.0585     8968.166     547.4013  15.1182   0.0663     4.57    0.176  31.89   0      42.15      5250.42     218.2244
       189    151.0367    543.8944     51632.96     436.4995  13.2177   0.0092     4.77    0.236 -72.43   0      287.7     49205.54     258.5158
       190    699.5649    540.4128     47921.95     2128.958  13.2987   0.0482    13.76    0.194  19.34   0      34.48     2250.497     217.4543
       191    991.9919    539.6417     6615.688     379.9572  15.4486   0.0624     1.82    0.129 -86.87   0      48.56     6924.525     222.2857
       192    577.4900    531.9783     285489.9     2793.167  11.3610   0.0106    17.59    0.139 -19.46   0      176.7     11831.42     223.8285
       193    377.4865    549.5048     33034.59     1532.143  13.7026   0.0504     7.27    0.333   0.68   0       27.3     1743.578      214.541
       194    483.2108    531.8128     35471.64     1851.499  13.6253   0.0567    11.71    0.191 -37.14   0      29.09     2607.856     216.0503
       195    111.4936    529.0052     68580.43      2556.12  12.9095   0.0405    16.58    0.472  -5.08   0      39.99     3774.119     217.2737
       196    744.3818    512.0439     47386.66     2056.751  13.3109   0.0471    14.14    0.235  45.46   2      35.21     2370.257      216.988
       197    727.3091    509.3052     12506.67     473.4458  14.7571   0.0411     3.11    0.444  45.40   0      62.58     10800.04     223.9295
       198   1009.4133    506.4794     72595.72     2431.523  12.8477   0.0364    12.59    0.304 -21.62  18      43.96      2493.37     215.9298
       199    977.4499    498.9963       101834     2483.901  12.4803   0.0265    19.80    0.156 -76.92   2      66.61     4838.548     218.3843
       200    749.5302    505.1556     12065.31     899.2598  14.7962   0.0809     2.11    0.276   0.20   0      17.23     2753.139     216.2031
       201    542.0065    504.3888     24427.93     1481.811  14.0303   0.0659     7.68    0.452 -23.57   2      23.42     2204.992     215.6261
       202    107.9963    498.0304     22770.64      381.163  14.1066   0.0182     0.00    0.042  87.22   0      165.8     21346.76     236.0285
       203     60.0731    485.8022     539968.1     2342.781  10.6691   0.0047    10.97    0.108 -17.73   2      347.7     26079.29     239.4714
       204    656.8055    490.6796     87925.34     2152.714  12.6397   0.0266    12.35    0.080 -15.00   0      67.74     4970.931     219.1093
       205    142.8912    490.1397      95156.2     2693.071  12.5539   0.0307    19.21    0.158 -14.54   0      55.82     3770.689     216.0839
       206    214.9706    493.9462     49596.48     404.8509  13.2614   0.0089     0.00    0.144  60.69   0      291.6     49579.09     260.8224
       207    865.9689    454.9989     47044.21     568.6659  13.3187   0.0131     3.27    0.549   0.14   3      156.5     30311.54     244.5084
       208    885.2163    475.8679     700441.6      2833.54  10.3866   0.0044    12.22    0.135 -17.77   3      409.6     29348.76     243.0838
       209    879.2640    463.9397     506100.6     2831.558  10.7394   0.0061    17.11    0.141 -25.73   3      290.2     20210.02     233.8348
       210    196.9877    486.7530     6346.466     371.2407  15.4937   0.0635     1.29    0.119 -86.74   0      49.75     6603.893     221.3779
       211    956.0010    477.9092     10544.42     373.8018  14.9424   0.0385     1.03    0.084  87.50   2      86.04     10606.57     224.3067
       212    927.9244    473.8224     36567.58     1805.958  13.5923   0.0536    12.12    0.165  -2.31   0      30.49      2472.09     216.5018
       213    301.3292    475.9448     9227.538      471.869  15.0873   0.0555     1.91    0.448   7.93   0      50.28     7685.129     220.7455
       214    664.4793    473.7926     7197.394     449.9569  15.3571   0.0679     2.48    0.403 -26.47   0      42.85     5417.038     218.9855
       215    220.2089    461.9634       555381     2594.094  10.6385   0.0051    10.97    0.087 -18.96   2      345.3     25875.22     240.3494
       216    402.1071    468.7673     10384.64     767.7488  14.9590   0.0803     3.37    0.348  67.98   0      18.81     3927.319     215.0568
       217   1000.7987    460.4240     72675.74     2177.821  12.8465   0.0325    18.00    0.170 -25.27   0      54.39     3723.902     217.2212
       218    248.0011    461.6249     79184.62     450.6165  12.7534   0.0062     0.93    0.175  89.78   0      316.9     79228.57     285.9412
       219    598.4088    458.0949     21880.85     1303.781  14.1498   0.0647     5.98    0.414  50.68   0      20.91     1483.312     214.8641
       220    521.2642    457.9918     88468.63     545.1898  12.6330   0.0067     3.22    0.516   0.07   3      244.4     51960.32     262.8891
       221    522.8405    452.1001     84124.63     2231.463  12.6877   0.0288    11.75    0.194  -1.54   2      60.92     4174.419     214.7201
       222     36.9083    448.3225     68495.84     2432.461  12.9108   0.0386    15.80    0.223   4.36   0      42.07     2827.752     215.0899
       223    282.7239    447.6315     51912.13     2219.511  13.2118   0.0464    13.57    0.290 -36.49   0      33.81      2284.72     215.7101
       224    250.9853    450.8376     15073.53     376.5455  14.5545   0.0271     0.88    0.119  89.82   3      97.34        13252     228.6636
       225    245.8454    442.5687     285327.6     3098.522  11.3616   0.0118    13.42    0.156 -15.24   3      166.1     12553.44     227.4038
       226    135.9871    440.9131     91584.98     2406.746  12.5954   0.0285    12.18    0.245 -17.55   0      63.63     4320.699      217.254
       227    679.9630    435.6409     41782.93     1879.821  13.4475   0.0489    13.43    0.314   6.23   2      34.26     2466.679     215.9017
       228    355.9362    434.1168     33316.74     1731.058  13.6933   0.0564    11.91    0.110 -12.42   0      29.15     2010.918      214.225
       229    920.6613    450.3628       132006     2485.368  12.1985   0.0204    12.35    0.150 -11.16   0      89.66     6596.721     220.2064
       230    826.0612    423.1112     503596.2     2515.289  10.7448   0.0054     0.00    0.070  -4.47   2      322.3     22418.99     234.8803
       231    261.1128    418.4947     251975.5     3573.894  11.4966   0.0154    19.44    0.368 -38.28   3      115.8     7912.831     220.9798
       232    448.7778    417.9123     67092.62     2369.437  12.9333   0.0384    15.95    0.185 -19.51   0      43.26     3241.827      215.527
       233    286.9707    412.7817      78250.7     2600.584  12.7663   0.0361    13.63    0.271 -30.28   1      40.11     1992.365     216.5918
       234    926.1149    415.0388     8094.938     380.8411  15.2295   0.0511     0.00    0.169  28.12   0      69.53     6841.663     219.2901
       235    578.0561    412.8927     5125.119     379.0646  15.7257   0.0803     4.45    0.179 -60.60   0       53.6     5029.631      217.404
       236    764.7094    402.7406       147265     2534.113  12.0798   0.0187     0.00    0.206  16.57   0      103.1     6100.351     218.5205
       237    461.7528    397.8924       137966     3112.566  12.1506   0.0245    16.21    0.104 -21.71   2      59.42     3576.606     215.2836
       238    261.0008    398.1328     56935.94     401.0173  13.1115   0.0076     4.42    0.101  89.82   0      292.5     56936.83     268.1171
       239    295.1062    386.6221     763979.2     2625.799  10.2923   0.0037    11.78    0.117 -10.79   2      469.7     35223.19     246.4383
       240    176.8336    388.6260     306470.7      2746.17  11.2840   0.0097    13.94    0.173 -17.50   0      202.5     14874.72      229.712
       241    805.0906    396.8994      17089.9     386.1716  14.4182   0.0245     4.43    0.134 -44.72   0      130.7     16735.49     228.7539
       242    352.0649    388.2419       130261     2072.099  12.2130   0.0173    11.87    0.150  -8.95   2      93.64     6869.788     220.4881
       243    146.3081    390.4664     53308.34     2150.551  13.1830   0.0438    11.22    0.370 -21.89   0      30.33     1897.899     214.7045
       244    417.0053    430.2709      25002.3     406.9103  14.0050   0.0177     0.88    0.155 -89.34   0        151      24025.7     237.5145
       245     20.9823    400.3264     14163.25      549.554  14.6221   0.0421     3.47    0.570 -18.94   0       53.1      8773.78     223.0189
       246    947.1026    382.5854     49002.52     1832.237  13.2745   0.0406    12.40    0.057 -50.74   0      38.07      2734.38     215.5881
       247     67.9755    381.3249     126922.1     3238.245  12.2412   0.0277    18.31    0.352 -27.77   0      61.52     3693.931     217.1898
       248    452.2771    380.2756     70835.89     2451.099  12.8744   0.0376    10.66    0.307   9.28   2      37.44     2234.412      213.862
       249    437.9944    382.0498     53855.15     399.2675  13.1719   0.0081     4.29    0.048 -80.37   0      291.6     53104.26     264.3628
       250    780.8101    375.4381     96226.89     2288.126  12.5418   0.0258    14.46    0.128  -9.63   0      69.07     5151.347     220.4652
       251   1019.9360    372.6368      25352.2     1204.504  13.9900   0.0516     0.00    0.385 -85.61  18      28.12     7354.219     220.9868
       252    671.8835    369.4607     40847.29     1933.628  13.4721   0.0514    11.44    0.528  52.05   0      29.14      1138.23     213.2972
       253     41.4691    363.3439       412391     2921.325  10.9617   0.0077    28.58    0.178  -9.60   0      249.1     17550.53     230.6791
       254    897.1998    366.7541      79523.1     2592.033  12.7488   0.0354    12.69    0.132   0.02   0      40.89     2806.862     216.2596
       255    463.8790    365.9527     5932.122     379.5482  15.5670   0.0695     0.00    0.181  28.37   0      60.91     5500.762      218.485
       256    373.8127    361.4091      28610.9     1633.011  13.8587   0.0620     9.82    0.163 -33.34   0      24.37     1881.708     215.2851
       257     67.1281    357.3439     109130.1     2829.194  12.4051   0.0282    19.44    0.206 -30.44   1      61.48      4073.15     216.9948
       258    624.3902    358.8116     50839.11     2169.626  13.2345   0.0463     9.53    0.116 -35.40   0      35.71     2654.545     216.0994
       259    631.6293    349.3750     53783.47     2245.605  13.1734   0.0453    12.58    0.263   9.17   0      34.41     1987.574     216.5868
       260    885.0181    350.0234     20848.72     380.0153  14.2023   0.0198     4.28    0.056  61.93   0      159.5     20062.77     234.7889
       261    187.8693    346.6297     50122.25     2126.173  13.2499   0.0461    11.48    0.220  -2.89   0      36.18      2635.86     216.0798
       262    782.5862    335.5566     141872.4     2880.194  12.1203   0.0220    25.18    0.454 -45.02   0      78.89     3608.515     218.2811
       263    414.0167    336.4116     49068.89     1596.094  13.2730   0.0353     9.71    0.098  29.95   0      43.45     3217.071     216.6902
       264    687.7332    327.3481     205709.4     2524.122  11.7169   0.0133    12.58    0.056 -10.96   0      133.9     9530.347     223.2136
       265    510.7890    330.6089     10241.42     624.6467  14.9741   0.0662     3.87    0.523 -72.34   0       45.4     6551.413     220.1596
       266    598.0716    329.0360     9306.015     381.5631  15.0781   0.0445     4.41    0.131  28.82   0      80.24     8356.196     222.0149
       267    838.7066    314.8981     262410.5     3015.902  11.4525   0.0125    14.03    0.201 -24.87   0      152.7     10567.68     222.5416
       268    642.0115    316.2435     158517.9     2331.807  11.9998   0.0160    23.51    0.178 -16.28   2      105.4     7442.147     222.2368
       269    252.2162    321.4316      8027.98     428.4417  15.2385   0.0580     2.31    0.401 -39.36   0      39.76     7500.897     222.2968
       270    235.0127    315.9639     106160.6      2222.17  12.4351   0.0227    11.08    0.174  -5.89   0      76.74     5703.063     221.0333
       271   1005.0762    320.0506     9891.222     511.3853  15.0119   0.0561     4.48    0.124  63.38   0      66.03     7019.502     220.0591
       272    580.1104    318.7179     28957.43     1445.195  13.8456   0.0542     6.95    0.415  -8.11   2      23.52     1718.118     214.5141
       273    600.9432    314.0460     11456.52     391.1437  14.8524   0.0371     4.55    0.158 -45.55   0      91.18     9933.853      224.198
       274    781.3398    308.3510     85614.34     2196.792  12.6686   0.0279    11.86    0.103   3.50   0      62.03     4464.274     217.9944
       275   1018.2975    299.3034     135575.5     2041.446  12.1695   0.0164    14.00    0.078 -52.25  26      102.4     7428.467     218.7255
       276    328.3049    305.1790     9973.616     624.5493  15.0029   0.0680     5.38    0.409  32.96   0      58.45     6574.375     218.4254
       277    282.4243    298.1258     262923.4     2337.842  11.4504   0.0097    11.23    0.128  -3.53   2      175.9     12850.55      226.569
       278    860.8526    294.5780       284296     5105.767  11.3656   0.0195    29.84    0.380  66.90   2      78.44     2533.576     216.5664
       279    863.6152    276.4218     51021.68     2199.061  13.2306   0.0468    13.09    0.272  74.22   3      38.42     2268.356     216.2879
       280    506.6153    300.0453     74534.43      2378.27  12.8191   0.0347    14.32    0.205  -0.84   2      48.89     3244.494     217.9017
       281      5.4132    302.7769     7486.177     435.5933  15.3144   0.0632     2.69    0.396 -26.16  16      44.38     5957.228       220.13
       282    709.9677    300.9697     53655.37     399.1537  13.1760   0.0081     0.00    0.057  45.07   4      297.9     52880.38     264.6562
       283    983.3607    297.4586     50246.63      2203.36  13.2472   0.0476    13.96    0.302 -13.38   0      35.04     2620.968     216.0641
       284    133.5403    292.0985     149094.1      1860.22  12.0663   0.0135    22.25    0.190 -17.80   0      111.9     8120.521     220.6115
       285    206.4530    292.4678     47589.06     2028.462  13.3062   0.0463    12.02    0.365 -38.42   1      31.06     1935.318     215.3417
       286    342.5404    291.8603     11537.08     951.2151  14.8448   0.0895     4.13    0.609  56.65   0      18.48     4016.432     218.7054
       287     36.8168    278.5329     681251.8     2801.203  10.4167   0.0045    28.68    0.114  -8.59   0      414.8     31238.95     244.3192
       288    211.9167    277.0999     212237.3     2548.773  11.6829   0.0130    12.24    0.046 -22.07   0      143.8      10385.2     222.3552
       289    835.3557    280.1941      76491.8      2418.64  12.7910   0.0343    12.32    0.142 -19.07   0      48.45     3277.262     217.3454
       290    421.3824    274.4053     446158.4     2484.364  10.8763   0.0060    27.22    0.147   1.13   0      286.8     20169.54     233.7955
       291    502.0550    276.2707     112995.9       2725.4  12.3673   0.0262    13.07    0.193 -14.12   0       71.5     5140.539     218.1099
       292    158.4407    290.0119      7902.74     428.3753  15.2556   0.0589     2.28    0.331   2.42   0      56.46     7124.259     222.4898
       293    948.5139    273.7790     34838.58     1699.418  13.6448   0.0530     9.21    0.325 -62.70   0      25.14     1869.784     214.0752
       294      4.6577    272.1553     24911.94     1259.192  14.0090   0.0549     4.04    0.374  34.49  24      26.63     3582.321      217.073
       295    458.9555    270.0959     45677.47     1978.534  13.3507   0.0470    13.84    0.200 -17.17   0      36.01     2639.878     214.2924
       296    480.0321    286.1767     36906.41      1887.76  13.5822   0.0555    10.65    0.233 -39.49   2      27.34     2041.601     216.6435
       297    377.9858    269.0328     16408.02     454.5853  14.4624   0.0301     4.37    0.073 -62.73   0      111.1     13212.89     228.6247
       298    470.7690    265.2820     6559.703     490.6365  15.4578   0.0812     3.75    0.544  71.46   0      30.38     4965.631     218.5165
       299    547.5400    247.3104      1921246     2873.354   9.2910   0.0016    32.82    0.110  -4.20   0       1031     87270.21     290.9409
       300    233.4338    245.9141     448078.7     2540.798  10.8716   0.0062    29.49    0.102  54.29   0      274.1     18835.84      231.942
       301    957.5344    254.9600     35776.36     1875.672  13.6160   0.0569    10.99    0.447 -31.29   0      26.92     1764.691     215.1615
       302     57.3340    248.6008     309798.6     2392.604  11.2723   0.0084    11.00    0.115 -14.29   0      213.3     15790.22      230.616
       303    849.1442    253.6767     36924.79     1791.715  13.5817   0.0527    10.60    0.233 -22.49   2      34.76     1871.922      214.677
       304    772.7736    251.2321     53971.38     2276.881  13.1696   0.0458    12.92    0.261 -82.83   0      37.06     2062.059     216.6649
       305    270.2891    252.6025     6342.167     456.6157  15.4944   0.0782     3.00    0.429  64.61   0      31.65     5013.671     218.5664
       306    363.9866    246.6126     48177.21     2100.118  13.2929   0.0473    13.42    0.173 -72.66   0      34.15     2313.962     215.7409
       307    761.4443    238.2927       123511     3474.446  12.2707   0.0305    23.05    0.502 -48.89   2      62.35     2838.437     214.5029
       308    116.4713    228.6570     236195.1     3616.682  11.5668   0.0166    30.26    0.454  88.27   2      104.8     4127.026     217.0513
       309    483.5663    238.0048     5690.089     557.6819  15.6122   0.1064     4.75    0.390  31.78   0      16.77     3177.722     217.8321
       310    162.9697    253.0800     45593.69     1957.302  13.3527   0.0466    14.19    0.304 -12.53   0      36.82     2484.871     215.9209
       311    333.9530    229.2435      35218.2     1777.094  13.6331   0.0548     9.28    0.122  88.51   0      26.49     1823.994     215.8204
       312    328.1157    231.0981     10383.35     702.1792  14.9592   0.0734     2.76    0.187  65.32   1      21.72     4021.745      215.753
       313    586.3776    222.7684     96600.73      3059.55  12.5375   0.0344     0.00    0.537  82.92   0      45.13     1818.958     216.4098
       314     17.1012    223.6832     16924.87     440.4904  14.4287   0.0283     5.16    0.324 -73.24   3      107.4     13130.57     225.1438
       315     23.0713    216.4979     89274.25     2139.384  12.6232   0.0260    20.38    0.304  34.51  18       59.4     3235.896     214.3248
       316    758.2122    219.7111     16933.98     860.3494  14.4281   0.0552     0.85    0.241 -32.53   2      30.58     6971.068     219.4242
       317    429.1328    215.6625     24909.38     1576.429  14.0091   0.0687     8.57    0.388  16.74   0      21.91     1647.743     215.0379
       318     58.2603    209.4914     57125.66     2199.692  13.1079   0.0418    15.17    0.154 -13.89   3      40.18     2498.735     214.7419
       319     50.6623    201.9431     69354.12     2487.394  12.8973   0.0389    15.61    0.135  36.83   3      42.58     2742.288     216.7853
       320    179.5285    197.5489      1213115     2615.713   9.7902   0.0023    30.29    0.064 -13.62   0      717.6     58659.07      268.139
       321     93.9191    203.2416     194520.7     2706.197  11.7776   0.0151    23.81    0.149 -16.14   0        127     8969.961     221.4849
       322    486.2232    202.7665     8444.187     381.0494  15.1836   0.0490     1.75    0.243 -44.41   0      62.73      8270.81     223.0826
       323    518.9342    182.4164     521820.3     3012.012  10.7062   0.0063    24.62    0.506   0.03   2      274.5     19292.94     232.9418
       324    797.8174    186.9996     28604.15     1631.042  13.8589   0.0619     8.39    0.139 -50.70   2       24.6     2006.733      215.417
       325    938.8859    186.1901     69626.64      2488.71  12.8931   0.0388    12.22    0.115 -33.98   0      40.74     2482.959     215.3229
       326    450.5147    183.4531     23274.94     1405.978  14.0828   0.0656     7.71    0.518  -1.83   0      21.63     1943.686     214.1537
       327    935.5483    171.9122     103500.7     2835.548  12.4626   0.0298     5.86    0.566  46.56   0      44.93     1624.209     213.8144
       328    672.8746    174.0142      57514.4     2198.271  13.1006   0.0415    11.44    0.148 -38.42   2      40.57     2972.831     217.0269
       329    255.9978    174.1217     17905.97     556.8988  14.3675   0.0338     3.39    0.563  89.84   0      64.59      10187.5     223.8817
       330    224.2989    174.4287     6408.824     509.8353  15.4831   0.0864     2.92    0.447 -65.27   0      26.63     4163.792     215.3065
       331     56.9518    170.7227     21279.05      1273.76  14.1801   0.0650     6.27    0.345 -16.48   0      20.59     1908.043     214.7152
       332    838.9428    166.6055     19164.64     617.5667  14.2937   0.0350     6.80    0.530 -30.49   0      59.56     11533.41     225.8137
       333    482.1778    157.0847     139729.8     2664.471  12.1368   0.0207    20.38    0.146 -16.77   0       87.7     5870.243      218.281
       334    181.2687    158.3817      24966.3     1333.549  14.0066   0.0580     4.66    0.440  83.42   0      25.44     2839.282     216.8869
       335    613.4286    147.7784     142290.4     2898.019  12.1171   0.0221    11.95    0.169 -29.65   0      82.64     5594.212     220.3389
       336    801.1113    149.6993     54803.02     480.1308  13.1530   0.0095     5.53    0.393 -72.41   0      279.2     47649.39     257.6434
       337    553.5623    143.4788     166928.8     3271.637  11.9437   0.0213    25.31    0.471  -8.23   0      81.65     4318.583     217.8425
       338    687.1446    147.9236     5735.705     379.4305  15.6035   0.0718     2.72    0.182 -27.90   0      50.49     4751.201     217.7039
       339    544.0345   1009.2638     843344.4      2675.03  10.1850   0.0034    31.62    0.209 -15.30  16        482        32582     245.5654
       340    260.8917    137.8495      28078.3     408.6248  13.8791   0.0158     4.72    0.214  55.92   0      186.3     26109.38     238.4244
       341    835.4136    134.7507     33991.74     1819.813  13.6716   0.0581    10.01    0.326 -21.53   0      26.75     2064.942     216.6679
       342    431.0403    133.1155     27939.31     1636.848  13.8845   0.0636    10.33    0.105 -22.28   0      25.36     1925.671     214.1346
       343    655.5536    125.1507     113606.9     2510.702  12.3615   0.0240    19.03    0.338  -1.19   2      81.11     4525.775     218.6471
       344    620.8511    115.7588      1294547     2915.165   9.7197   0.0024    30.92    0.127 -15.82   2      715.4     58185.59     268.6957
       345    350.5228    115.9008     582181.2     2803.486  10.5874   0.0052    11.96    0.093 -23.25   0      362.4     26467.96     238.2272
       346    135.4322    118.2895     94917.42     1716.816  12.5566   0.0196    20.43    0.111  -9.25   0      72.75      4981.68     216.7618
       347     51.8888    119.1979     127399.7     2404.788  12.2371   0.0205    11.52    0.092  -4.40   0      90.78     6354.517     219.9563
       348    928.7321    113.7445     35097.18     1577.897  13.6368   0.0488     7.45    0.277 -50.79   0      26.22     1888.746     214.6948
       349    996.9127    108.0290     8358.891     380.9985  15.1946   0.0495     0.00    0.130 -28.31   0      72.66     7636.616     220.1125
       350    583.6465    100.9182     122898.6     2315.881  12.2761   0.0205    13.28    0.116  -3.33   0      91.21     6265.714     218.6924
       351    393.5633    104.0355     37971.41     1671.246  13.5514   0.0478     8.58    0.322  61.23   2      30.95     2019.748     215.4308
       352    948.0201    100.9135     16437.38     475.3289  14.4604   0.0314     4.48    0.117 -72.11   0      106.2     12346.14     224.9226
       353    286.9019     98.2912     26968.85     1531.243  13.9228   0.0617     7.74    0.650  59.89   0       23.7     1542.376     213.1252
       354    304.6123     93.5920     82627.23     2707.484  12.7072   0.0356    12.75    0.075 -50.84   0      42.67     2592.824     216.0345
       355    394.3767    135.3852     50051.62     1975.787  13.2515   0.0429     8.89    0.153  -0.36   2      36.24     2743.263     216.7863
       356    651.1620     92.6584     37228.87      1768.29  13.5728   0.0516     9.19    0.259  36.61   0      25.72     1621.185     215.0099
       357    403.6005     84.0890     162602.7     3511.023  11.9722   0.0234    20.87    0.412 -19.16   2      76.93     2882.272     216.3388
       358    653.3693     75.1274     86753.23     2823.985  12.6543   0.0354    16.11    0.219  -6.12   0      41.96     2692.223      216.139
       359     70.3894     73.6091     81161.23     1949.928  12.7266   0.0261    11.01    0.119 -35.86   0      62.28     4352.374     217.8777
       360    480.4837     81.1268      18030.5     911.4034  14.3600   0.0549     4.39    0.391 -52.25   0      33.69     6492.188     218.3398
       361    401.9160     70.0295        79199     2348.814  12.7532   0.0322    12.96    0.279 -28.47   3      67.96     2002.806     214.8155
       362    324.3659     66.7948     157175.2     2581.468  12.0090   0.0178    20.06    0.354 -13.72   0       95.6     5684.978     220.4324
       363    899.0229     64.2684      49847.3     2220.747  13.2559   0.0484    15.44    0.209 -74.78   3      36.51     2252.025     216.2707
       364    903.1118     49.3567     127541.7     2556.335  12.2359   0.0218     0.00    0.176 -44.88   2      80.65     4708.529     217.0681
       365    175.1458     62.7002     124301.8     2690.758  12.2638   0.0235    15.13    0.086 -16.50   0      76.81      5381.14     217.1803
       366    993.8850     65.4367     7519.776      491.081  15.3095   0.0709     3.24    0.379  81.19   0       35.3     4483.483     216.8323
       367    580.0790     62.9613     15002.39     384.9411  14.5596   0.0279    -6.76    0.128 -28.65   0      118.1     13536.98     227.2565
       368    434.8792     59.7022     18593.49     434.0101  14.3266   0.0253     2.39    0.330  67.38   0      129.5     15860.85     228.4465
       369    199.8718     54.8708     28432.46     431.7541  13.8655   0.0165     4.96    0.307  45.23   0      184.9     25011.38     237.9162
       370    282.4162     47.0370     106926.1     3071.843  12.4273   0.0312    16.35    0.236  25.34   0      53.38     3062.644     218.3014
       371    228.2270   1014.7369     130046.6     2015.485  12.2148   0.0168    19.67    0.102 -20.55  18      95.02     6855.938     219.8901
       372    298.8320     36.0934     85887.65     2404.873  12.6652   0.0304     7.64    0.364 -74.00   2      48.07     4361.024     215.5146
       373    940.9792     36.0477     13669.34      375.697  14.6606   0.0298     0.00    0.083 -61.36   0      118.1      13256.3     228.1052
       374    649.3502     33.3129      24903.6     1408.524  14.0093   0.0614     6.98    0.365  -3.97   0      22.05     1666.968     213.8598
       375    488.6722     30.9119     55034.19     2358.765  13.1484   0.0465    12.76    0.228 -30.67   0      31.61     1897.085     213.5032
       376      7.4864   1012.1617     133020.6     2103.178  12.1902   0.0172    16.47    0.106 -47.72  24      92.52     6459.252     218.8934
       377    317.1842   1006.8820     191074.5     2504.912  11.7970   0.0142    24.93    0.105  69.22  16      123.6     7911.302      221.559
       378    466.0265     25.0434     11381.64     391.1002  14.8595   0.0373     0.00    0.127  44.05   0      88.45     9637.972     224.4711
       379    923.1906   1012.5565     53279.95      2086.86  13.1836   0.0425    11.59    0.096  61.46  16      31.66      1856.61     216.4493
       380    712.2535   1010.7051     68949.66     2342.342  12.9037   0.0369    13.51    0.276 -29.58  16      45.83     3200.051     214.8857
       381    814.9685   1011.1027     54860.02     1908.527  13.1519   0.0378    16.50    0.264 -16.01  16      43.73      2824.76     213.8884
       382    907.3959   1009.0356     54411.51     2244.237  13.1608   0.0448    12.76    0.180  37.94  18         33     2223.698     216.8344
       383    964.9258   1004.0962     139866.7     2615.808  12.1357   0.0203    14.36    0.037  -7.97  16      89.69     5942.229     217.7666
       384    782.8900   1003.2722     112935.2     1987.862  12.3679   0.0191    21.59    0.132 -22.37  18      79.04      5110.23     217.4883
       385    419.8141   1005.4388     91995.99     2091.073  12.5906   0.0247    19.12    0.204  -2.79  16      68.81     4633.072     219.9303
       386    354.2418   1010.0383     22540.87     1426.278  14.1176   0.0687     7.37    0.475 -51.38  16      21.43     1807.205     215.2064
