#   1 NUMBER                 Running object number                                     
#   2 X_IMAGE                Object position along x                                    [pixel]
#   3 Y_IMAGE                Object position along y                                    [pixel]
#   4 FLUX_AUTO              Flux within a Kron-like elliptical aperture                [count]
#   5 FLUXERR_AUTO           RMS error for AUTO flux                                    [count]
#   6 MAG_AUTO               Kron-like elliptical aperture magnitude                    [mag]
#   7 MAGERR_AUTO            RMS error for AUTO magnitude                               [mag]
#   8 FWHM_IMAGE             FWHM assuming a gaussian core                              [pixel]
#   9 ELLIPTICITY            1 - B_IMAGE/A_IMAGE                                       
#  10 THETA_IMAGE            Position angle (CCW/x)                                     [deg]
#  11 FLAGS                  Extraction flags                                          
#  12 SNR_WIN                Gaussian-weighted SNR                                     
#  13 FLUX_APER              Flux vector within fixed circular aperture(s)              [count]
#  14 FLUXERR_APER           RMS error vector for aperture flux(es)                     [count]
         1    586.6929    115.6933      1342866     2289.283   9.6799   0.0019    12.09    0.144 -13.80   0      881.1     73044.18     267.2411
         2    248.5255     46.8542     134181.3     2512.868  12.1808   0.0203    21.49    0.239  20.26   0      88.99     4050.311     200.1424
         3    729.3879     29.4206     410510.9     2362.715  10.9667   0.0063    13.25    0.372  -2.18  16      288.8     20443.26      218.958
         4    453.9683     31.2713     57726.16     2155.413  13.0966   0.0405    13.72    0.341 -43.66   0      38.74     2393.009     198.7984
         5    212.8305     25.6216     290794.2     1970.584  11.3410   0.0074    14.52    0.190 -21.78  16      233.3     16984.11     215.8411
         6    961.8572     24.6385     60232.18     1949.388  13.0504   0.0351    10.80    0.189  -2.47   0      48.85     3596.587     200.1696
         7    351.6174     22.5701      75374.6     2192.219  12.8069   0.0316    13.63    0.342 -15.15  18      53.22     2499.356     200.0085
         8    845.5502     21.8326     52431.07     2004.778  13.2010   0.0415    15.96    0.403 -22.16  16      39.89     2389.806     198.7947
         9    784.2162     21.0384     26314.83     1540.557  13.9495   0.0636    10.59    0.337 -25.44   0      24.89     1719.953     199.6654
        10     15.8235      9.1505     491636.1     2017.971  10.7709   0.0045     0.00    0.323 -33.57  24      331.6     18594.25     217.5299
        11    339.2408     14.4830     209048.6     2533.595  11.6994   0.0132    13.02    0.450  17.76  19      68.45      2068.71       197.33
        12    143.1228     14.2042     22140.76     1319.744  14.1370   0.0647     3.35    0.183  50.07  16      22.43     2026.257     198.3787
        13    594.3877      4.4935     119487.2     1836.046  12.3067   0.0167    18.50    0.297  15.34  24      98.44     6509.009     202.9152
        14    775.0442      8.4538     60344.09     1912.859  13.0484   0.0344    13.32    0.246 -27.89  18      41.04     2206.516      199.131
        15    327.1273      2.6457       186789     1625.324  11.8216   0.0094    17.84    0.568  -3.81  26      177.3     16127.29     213.9244
        16    494.2319      6.5479     25717.32     1447.824  13.9744   0.0611    11.67    0.375   6.39  16      25.55     1633.696     197.9284
        17    682.1094      2.9977     42329.81     1435.381  13.4334   0.0368    12.59    0.574  -5.58  24       37.9     2804.948     199.2688
        18    274.9978      2.9888     52546.13     371.3233  13.1986   0.0077     4.22    0.015  89.88  24      301.8     51310.39     248.5075
        19    205.4265      1.8546     42979.68     1285.879  13.4168   0.0325    13.44    0.525   1.88  26       46.1     3209.714     198.0925
        20    986.6244    992.2650     31680.96     1441.247  13.7480   0.0494    12.55    0.301 -24.25   0      31.82     2341.819     199.2854
        21    480.4369   1017.0342     279933.1     1913.408  11.3824   0.0074    11.83    0.239  -7.91  27      222.2     15729.51     214.0093
        22    509.7861   1009.2452     937301.6     2351.327  10.0703   0.0027    11.86    0.268 -14.08  19      610.4     44220.61     242.8325
        23    187.9615    988.1799     72627.15     2139.295  12.8473   0.0320    14.97    0.093  -1.87   2      55.83     3365.545     201.5298
        24    673.1923    978.8184     39859.44     1669.312  13.4987   0.0455    14.39    0.367 -10.51   0      36.17     2124.054     198.4907
        25    762.0224    976.9143      39630.2     1695.096  13.5049   0.0465     9.40    0.623  69.87   2      32.99     1774.812     196.9912
        26    910.0817    974.3575     20141.25     1418.532  14.2398   0.0765     8.90    0.160  14.11   0      22.15     1487.136      196.659
        27    348.5246    962.1119      2135097      2410.94   9.1765   0.0012    10.30    0.168 -12.23   0       1280     116560.2     301.6301
        28     59.0462    967.5155     131059.1     1884.153  12.2063   0.0156    21.42    0.180 -15.33   0      109.4     7484.409     203.4719
        29     22.9542    974.0754      7680.88     350.5939  15.2865   0.0496     4.41    0.140 -61.68   0      73.56     6691.558     203.1195
        30    971.0020    972.3472     37106.04     397.4981  13.5764   0.0116     0.96    0.169  89.49   0      200.3     37705.37     235.7369
        31    700.7986    970.5234     27035.58     1495.972  13.9202   0.0601     8.85    0.280  56.13   0      23.93     2070.137     198.4289
        32    549.8672    986.2686     19474.36     1333.608  14.2763   0.0744     7.74    0.387 -50.52   0      21.26     1582.254     197.3199
        33   1004.1378    970.1923     31701.87     1640.308  13.7473   0.0562    11.52    0.401  -3.60   0      29.31     2035.914     198.9362
        34    889.2328    966.5753      58329.3     1850.592  13.0853   0.0345    11.38    0.137 -22.78   0      54.82     4049.906     201.7627
        35    380.5980    970.2084     22571.89     428.9157  14.1161   0.0206     2.35    0.390 -27.54   0      141.2     18408.75     216.3346
        36    439.6733    964.1617     131103.7     2374.865  12.2060   0.0197    16.20    0.193  -3.09   0      96.26     6487.416     203.4254
        37    472.8338    967.7796     30576.52     1402.898  13.7865   0.0498     9.04    0.214  14.01   0      31.93     5152.426     203.0009
        38    392.5468    962.0846      71105.3     1987.869  12.8702   0.0304    18.72    0.307 -58.97   0      60.13     2865.271     198.2453
        39    587.1845    967.2839     34768.05     2188.005  13.6470   0.0683    13.58    0.653  21.81   3      24.25     2824.571     199.2912
        40    585.2391    962.2422     13430.32     759.0037  14.6798   0.0614     4.22    0.466  30.93   3      25.31     5006.938     201.7646
        41    414.4966    962.9304     44333.65     1883.776  13.3832   0.0461    14.39    0.023  45.07   0       36.9      2392.28     197.1524
        42    664.3892    959.6647     85084.52     1746.836  12.6754   0.0223     0.00    0.111 -32.34   2      84.99     18046.08     215.9533
        43    818.7820    960.5620     32285.43     1478.524  13.7275   0.0497     4.43    0.159 -26.72   0       26.4     2348.275     200.3793
        44    263.0335    960.0577     52884.09     385.8645  13.1917   0.0079     0.00    0.172  59.74   0      305.8     52677.91      249.755
        45    519.1231    959.0814     37635.98     1740.652  13.5610   0.0502    11.80    0.312 -19.68   0       30.1      1830.08     196.5032
        46    737.6260    957.8511     21128.64     1443.348  14.1878   0.0742    10.34    0.062  25.06   0      22.71     1513.179     198.8848
        47    282.7066    956.1085     43892.88      421.159  13.3940   0.0104     5.14    0.305 -21.46   0        243     37669.11     235.2408
        48    202.7800    956.8087     7247.473     350.3128  15.3495   0.0525     1.60    0.248  46.91   0       62.9     7344.524     204.3807
        49     89.3135    949.3862     177009.9     1761.839  11.8800   0.0108    16.06    0.187 -13.06   0      153.1     10821.07     207.6887
        50    141.1636    953.7596     55586.82     446.0667  13.1376   0.0087     0.00    0.418 -55.90   0      300.9     51476.29     248.6592
        51    654.6725    952.7846     32848.77     555.0358  13.7087   0.0183     0.00    0.528  32.32   0      190.1      26461.6     225.1182
        52    534.2161    950.3683     27109.85     1195.464  13.9172   0.0479     8.09    0.584  21.64   0      32.46     5773.076     203.6945
        53    995.2451    950.5479     18718.28     1251.583  14.3193   0.0726     6.83    0.414  79.90   2       21.1     1705.987     198.5589
        54    846.9432    944.1186     271026.2     2587.853  11.4175   0.0104    11.99    0.125 -43.72   2      181.1     12360.68     208.8475
        55    800.8294    941.6952     532981.2     2481.777  10.6832   0.0051    22.06    0.175 -17.76   0        382     27292.84     223.5405
        56    967.4761    935.0365     284713.6     1774.149  11.3640   0.0068     7.11    0.134  -3.31   2      238.8     20912.82     218.9495
        57    870.3481    937.0079     101987.8     2041.204  12.4786   0.0217    18.22    0.241 -14.37   3      80.81      3517.04     200.6212
        58    194.3765    941.0638     12049.58      531.343  14.7976   0.0479     4.03    0.612  56.00   0      51.21     7652.554     205.2526
        59    692.2653    939.7152     6322.903     341.8632  15.4977   0.0587     1.45    0.160  44.12   0       41.4     6253.812     202.0926
        60     44.1898    938.1097     37777.02      1231.02  13.5569   0.0354     0.00    0.422 -18.00   0      45.98     2204.745     198.0356
        61     15.4228    928.9793     170395.3     2129.358  11.9214   0.0136    12.99    0.163 -11.72  16      131.3     9091.304     207.3638
        62    332.8489    923.8393      98013.2     1925.804  12.5218   0.0213     0.00    0.169  -8.52   0      80.02     4380.053     201.0572
        63    121.0006    926.0004     43172.96     544.4928  13.4120   0.0137     0.00    0.183  89.83   2      266.3     41684.79     239.5427
        64    607.4075    910.1301     68593.08     2137.597  12.9093   0.0338    17.32    0.262  -9.84   3      54.54     3520.711     200.0835
        65    624.8506    916.5479     302951.3     2240.052  11.2966   0.0080    10.78    0.129  -4.95   2      230.2     16480.19     215.3099
        66    793.2565    911.6090       449323     2547.611  10.8686   0.0062    26.29    0.125 -22.71   0      319.1      23513.6      222.122
        67    174.4960    917.9352     91637.48     2329.512  12.5948   0.0276    11.89    0.140  -0.07   0      63.02     4033.922     199.5806
        68    666.9595    914.7030       191963     2317.129  11.7920   0.0131    12.22    0.258 -11.93   0      144.7      9486.24     204.6374
        69    388.9049    911.4774     259028.2     2601.447  11.4666   0.0109    16.66    0.256  82.44   2      159.5     7902.616     203.9384
        70    275.6072    917.7379     37785.67     1350.863  13.5567   0.0388    11.26    0.159  -1.08   0      36.81      2734.54     199.7328
        71    651.7010    918.5324     20888.54     867.8625  14.2002   0.0451    -0.55    0.506  56.55   0      34.06     6825.873     202.1987
        72    154.0799    907.2277     249341.8     2122.478  11.5080   0.0092    11.28    0.144   0.35   2      197.9     13859.71     211.5016
        73    543.8170    907.6150     69690.96     2249.083  12.8921   0.0350    16.50    0.152  -5.98   0      50.89     2822.138     199.2884
        74    975.4303    909.1231     32089.21     1565.866  13.7341   0.0530     9.12    0.270   1.76   0      24.91     1972.009     198.3165
        75    280.5341    898.5119     38119.48      1590.81  13.5471   0.0453    13.95    0.290 -20.71   2      36.66     2449.088     197.7676
        76      3.8950    889.8376     193484.6     1678.819  11.7834   0.0094    20.61    0.524 -87.79  27      180.9     13122.14     208.6364
        77     20.7911    888.5441       244721     2289.339  11.5283   0.0102    24.97    0.248  -3.69  19      189.3     12963.56     211.0515
        78    352.6008    896.8160     34500.37     471.1275  13.6554   0.0148     2.51    0.460 -63.50   0      140.7     30372.28     228.5578
        79    797.2274    890.0334     64237.16     2289.205  12.9805   0.0387    17.08    0.115 -15.04   0      44.71     2699.917     200.2363
        80    403.6125    891.4703     115165.7     2638.693  12.3467   0.0249    14.00    0.189   1.94   1      62.51     4017.959     200.6475
        81    736.0471    888.6251     120624.6     2933.353  12.2964   0.0264    18.92    0.298   0.59   0      56.45     3639.335     201.2997
        82    999.7811    885.9108     29413.98     1563.743  13.8286   0.0577    11.58    0.270  42.98   0      29.66     1987.148     196.6848
        83    166.0957    882.2482     28171.32      1719.01  13.8755   0.0663    11.65    0.291  57.83   2      24.79     1856.518     196.5338
        84    162.0100    880.7648     34505.41     367.5718  13.6553   0.0116     0.86    0.148 -89.91   3      197.8     33193.12     232.2824
        85    677.7840    882.9509     25108.55     1543.899  14.0004   0.0668     8.99    0.305 -49.93   0      23.63     1796.155     199.2079
        86    636.5465    881.5497     75325.85     2522.648  12.8076   0.0364    16.75    0.391 -19.14   0         45     2227.687     199.6996
        87    481.7440    882.0679     26872.81     1477.692  13.9267   0.0597     8.53    0.284  24.12   0      24.26     1898.248     197.6835
        88    943.3984    877.2216     62089.76     1382.706  13.0175   0.0242    17.25    0.134  -3.86   0      58.69     4229.152     200.8866
        89    323.7435    873.6774      92282.8     1476.731  12.5872   0.0174    19.25    0.166   3.14   0      86.46     5793.508     202.1122
        90    413.1413    869.5046     388440.3     2441.974  11.0267   0.0068    11.94    0.152 -34.94   0      274.9      18400.6     214.8152
        91    867.2051    874.1954     13075.74     404.1869  14.7088   0.0336     0.00    0.350  48.45   0      101.6     10618.31     207.9893
        92    741.4181    865.0143     96340.73     2552.341  12.5405   0.0288    14.54    0.086 -19.17   1      44.74     2384.769      198.789
        93     19.8396    862.5494     66564.15     2201.192  12.9419   0.0359    11.93    0.188  -6.86   0      50.19     4440.414     201.6645
        94    249.9966    863.1630     39772.41     1799.199  13.5010   0.0491    13.57    0.418   8.23   2      33.75     2346.202     199.8344
        95    611.5464    856.3885     271461.3     3379.333  11.4157   0.0135    21.97    0.365  72.79   2      141.7     8980.176     206.7174
        96    501.0333    857.0667     98474.51      2653.67  12.5167   0.0293    13.79    0.313  -0.94   0      43.81     2559.806      198.989
        97    995.0778    854.8190     125068.5     2246.229  12.2571   0.0195    16.83    0.382  -9.03  16      88.89     5793.388     203.1836
        98    657.0649    857.5022     34521.25     1797.026  13.6548   0.0565    11.29    0.195  21.50   0      26.96     1774.794     196.9912
        99    481.6501    855.9711     53468.77     2096.226  13.1797   0.0426    12.08    0.177  -9.82   0      38.64     2423.227      199.922
       100    911.0448    851.5439     159248.3     2417.183  11.9948   0.0165    22.86    0.072  10.40   3      119.4     8060.666      205.704
       101    904.8284    838.3751     100532.2     2473.878  12.4942   0.0267    12.02    0.220   5.98   3      66.37     4452.732      202.216
       102    211.9989    857.9985     41811.61     364.6939  13.4468   0.0095     4.20    0.002 -25.01   3      260.3     40695.55     238.6023
       103    208.8080    850.8563     65390.61     2031.788  12.9612   0.0337    13.23    0.221  -8.19   2      51.97     3441.239     200.5353
       104    875.6434    851.3611     62330.07      2321.98  13.0133   0.0405    11.47    0.602 -47.62   0      36.31     2532.869     199.5031
       105    739.6268    851.0371      79374.8     2525.163  12.7508   0.0345    16.99    0.364 -12.62   2      45.82     2512.643     200.0236
       106    125.8846    851.0509     50259.37     398.1898  13.2470   0.0086     4.86    0.164 -17.81   0      281.1      46611.5     243.2814
       107    944.8760    848.6734     54343.38      1930.51  13.1621   0.0386    11.65    0.190  -0.27   0      46.19     2921.937     198.3102
       108     98.1628    849.2284     51951.73     1918.946  13.2110   0.0401     0.00    0.267 -50.59   2      41.63     1848.703     199.2678
       109    244.6613    848.4947     27781.86      1371.13  13.8906   0.0536     6.95    0.129 -13.77   2      24.97     1998.031     197.2486
       110    339.3092    846.8630     27131.65     1483.232  13.9163   0.0594     9.08    0.235 -75.76   0       25.7     1817.814     197.0408
       111    414.7963    843.3994     34035.05     1760.341  13.6702   0.0562    13.39    0.110  15.37   0      30.78     2127.949     198.4951
       112    328.8203    842.1160     39382.71     1751.759  13.5117   0.0483     8.42    0.363   7.18   0       32.6     2863.471     198.2432
       113      5.4404    836.2996      86500.2     1831.958  12.6575   0.0230    17.78    0.170  88.36  24      70.67     5315.674     199.4081
       114    834.2134    837.4307     118160.1     2166.792  12.3188   0.0199    11.17    0.179 -10.72   2      88.79     5632.318     203.5374
       115    297.3773    830.9378     328516.7      1972.18  11.2086   0.0065    11.21    0.144 -14.96   0      259.6     18603.45     217.0399
       116    773.8036    829.1999     179950.5     2346.224  11.8621   0.0142    17.03    0.212  24.66   0      120.5     6017.583     202.8998
       117    750.6307    833.5900     32922.94     1719.639  13.7063   0.0567    10.11    0.463 -25.99   0         26     1872.564      199.295
       118    565.8960    831.8564     50607.38     2104.961  13.2395   0.0452    14.06    0.361  29.15   0      35.54     2123.982     196.8428
       119    881.2204    827.3803     5960.261     413.5089  15.5618   0.0753     2.54    0.509 -28.25   0         30     5556.943     203.4532
       120    172.5558    821.9586     33517.94     1500.578  13.6868   0.0486    13.71    0.264 -39.06   0      32.53     2230.931     198.0656
       121    373.4577    822.7309     18088.56     1137.872  14.3565   0.0683     6.26    0.629 -39.95   0      20.21     1531.846     197.8114
       122    931.0405    822.9479      10382.6     352.3409  14.9592   0.0369     4.43    0.133 -44.30   0       99.2      9949.31     207.7802
       123     77.3632    814.9230     250819.9     2136.655  11.5016   0.0093     9.19    0.166  -3.24   0      193.2     12595.04     210.1382
       124    430.3967    808.9338       333079     2591.203  11.1936   0.0084    33.69    0.617  19.91   2        179     9079.253     206.8263
       125    232.3613    816.2590     44410.37     1353.984  13.3813   0.0331    15.66    0.254 -18.94   0      43.53     3159.539     199.6728
       126    703.7119    806.0651     540090.9     2227.729  10.6688   0.0045    10.43    0.144  -2.17   2      399.5     28963.59     226.1947
       127    497.7173    813.1215        34574     1436.044  13.6531   0.0451    11.93    0.219 -30.97   2      34.26     2404.439     197.1664
       128    298.9696    801.4902      1359856     2325.073   9.6663   0.0019    28.69    0.171 -17.74   3      880.5     71383.07     265.0066
       129    294.6453    786.1503     310796.4     1968.758  11.2688   0.0069    11.07    0.199 -13.57   3      241.8     16400.18     214.7204
       130    637.2307    809.3575     54737.58     2170.159  13.1543   0.0431    12.10    0.167   5.96   0      34.63     1845.605     199.2643
       131    983.2809    807.8508     76496.04     2286.864  12.7909   0.0325    17.50    0.321  10.02   0       52.9     3651.249     199.1443
       132     92.8681    807.9083     35467.46     410.0204  13.6254   0.0126     0.00    0.315  33.64   0      227.1     32662.73     229.8815
       133    634.0170    802.7564     9953.361     602.3276  15.0051   0.0657     1.61    0.139 -88.96   1      33.74     5317.701     203.1858
       134    473.4434    799.9204     42617.38     1731.924  13.4260   0.0441    15.34    0.055  25.16   3      40.54     2614.046     198.5047
       135    460.2707    792.2428     136916.5     2602.256  12.1589   0.0206    20.81    0.430  -0.41   2      83.64     4090.118     200.7292
       136    592.5976    799.7682     34524.43     1832.917  13.6547   0.0577    13.09    0.326  25.17   0      29.26     1894.733     199.3203
       137    140.9150    788.1545     122817.3     2362.612  12.2769   0.0209     0.00    0.171  87.09   2      85.64     3598.113     199.0836
       138    944.4113    798.2630     40020.79     1691.943  13.4943   0.0459    12.99    0.153   0.43   2      37.57     2351.785     198.7513
       139    884.6689    793.4713     10891.85     459.5976  14.9072   0.0458     4.24    0.545 -55.96   0      42.55     9041.947     205.7326
       140    106.0489    805.4677     125443.4     2307.069  12.2539   0.0200    18.07    0.212  34.53   2      96.13     4228.994     200.8864
       141    807.0936    793.6666      10814.9     382.1704  14.9149   0.0384     1.17    0.119  79.00   0      67.88     9780.364     206.5467
       142     43.5842    786.4345     17526.82      462.867  14.3907   0.0287     1.50    0.288 -45.23   0      88.91     15377.96     214.6496
       143    827.6275    781.5056     49959.04     2027.386  13.2535   0.0441    11.97    0.490 -55.40   0      30.06     1411.486     195.4638
       144    877.8499    781.0296     33665.02     1627.291  13.6821   0.0525    14.50    0.330 -12.14   0      31.79     2273.791     199.2078
       145    183.6260    778.6082     40173.33      1992.52  13.4902   0.0539    12.49    0.462 -44.20   2      29.49     1700.032     198.5521
       146     53.8096    770.1688      1132450     2239.396   9.8650   0.0021    10.28    0.135  -7.61   0      773.7     63851.37     260.5584
       147      3.4397    776.0479      64627.2     1246.899  12.9740   0.0210    15.59    0.464 -89.81  24      74.39     6375.345     203.3001
       148    971.9532    781.0541     27163.25      355.448  13.9150   0.0142     0.00    0.092 -44.40   0      186.9     25765.17      224.414
       149    544.9976    773.9104     57289.23     374.2151  13.1048   0.0071     4.34    0.070  89.69   0      308.8     58135.88     254.6732
       150    322.1620    768.9109     46495.44     2024.318  13.3315   0.0473    13.46    0.100 -24.02   2      33.09     2043.984     197.3015
       151    194.5978    766.2064     11436.36      447.907  14.8543   0.0425     2.57    0.459  63.32   0      57.33     10505.19     207.8657
       152   1022.9258    763.3397     9062.385     785.8297  15.1069   0.0942     5.81    0.490 -85.34  24       15.5     1822.092     198.1446
       153    529.9985    756.3385      24882.8     390.4468  14.0103   0.0170     0.98    0.167 -89.94   0      152.6     25291.65     223.9339
       154    779.0366    755.0509     10624.08     344.7108  14.9343   0.0352     4.34    0.098  61.09   0      99.08     9765.345     207.0552
       155    301.5944    748.7504     105102.7     1784.766  12.4460   0.0184    10.28    0.113   0.01   0      90.01     6230.459     203.6719
       156    118.3828    752.8102     27751.56     1572.157  13.8918   0.0615    10.80    0.105 -20.89   0      26.56     2107.445     198.4716
       157    612.5598    749.2905     47116.52     1453.048  13.3171   0.0335    11.17    0.257  -3.25   0      51.01     12036.65     208.4946
       158    990.4882    746.1442     43024.23     1749.131  13.4157   0.0442    14.90    0.321   6.62   2      39.92     2705.934     198.0625
       159    174.7175    740.7684     203932.7     2690.069  11.7263   0.0143    22.67    0.351   0.49   0      130.4     7667.094     204.2082
       160    142.1227    744.8376     71802.16      2031.17  12.8597   0.0307    12.57    0.148   9.09   2      61.38     2393.921     198.7994
       161    326.7817    738.8944     66147.14     2091.121  12.9487   0.0343    15.16    0.291   1.93   2      55.96     2413.857     197.1772
       162    845.5921    737.1901     74048.17     2090.681  12.8262   0.0307    19.63    0.151  63.98   2      55.72     2774.307     199.2338
       163    791.7538    730.0457     992494.1     2180.792  10.0082   0.0024    10.25    0.106  -8.42   2      693.9     56239.73     253.4043
       164    800.1755    707.6447     118908.5     1925.451  12.3120   0.0176    23.29    0.352 -63.27   3      85.48     5204.192     203.0588
       165    698.4114    740.4432     21086.16     1348.051  14.1900   0.0694     7.98    0.309 -13.66   0      23.09     1660.255     199.0527
       166    591.3069    739.0047     11888.37     382.8083  14.8122   0.0350     0.87    0.169   2.41   0      86.22     11204.61      208.629
       167    569.0516    736.9245     28551.52      1629.91  13.8609   0.0620    11.28    0.099  56.38   0      26.56     1712.069     197.4693
       168    137.0152    732.3776     86679.79      2846.15  12.6552   0.0357    11.10    0.144   8.70   0      54.65     3079.495     200.1249
       169    487.4374    727.7276     152078.5     2159.063  12.0448   0.0154    12.65    0.178  -9.67   2      118.9     7935.599      205.037
       170    478.4079    715.6340     50248.43     1935.645  13.2472   0.0418    13.43    0.204  30.75   3       38.4     2532.601     200.0463
       171    187.5041    733.5521     11038.69     525.7733  14.8927   0.0517     1.59    0.280  43.55   0      52.41     8693.073     204.2867
       172    599.0244    727.1268     104739.2      2713.87  12.4497   0.0281     0.97    0.092  -2.51   0      61.83     5118.902     201.8907
       173    622.5510    725.0337       139199     3527.041  12.1409   0.0275    19.07    0.321 -26.32   0      55.01     2927.557     199.4086
       174    543.0584    729.2673     10424.07     690.6583  14.9549   0.0720     2.37    0.206  74.13   0      24.16     4390.464      201.069
       175    268.2511    727.5300     29509.59     1563.757  13.8251   0.0575    10.34    0.145 -33.14   0      28.71     2216.786     198.5968
       176   1003.7141    720.2607     90544.35     2053.191  12.6078   0.0246    16.53    0.282 -14.69  16      71.58     16045.65     212.8198
       177    949.4242    705.0292     154754.1     2927.664  12.0259   0.0205    26.02    0.355  64.42   0      103.1     9627.967     207.9512
       178    353.8567    725.9851     6611.422     518.6489  15.4493   0.0852     2.41    0.178  -4.22   0      38.07      3689.75     200.8167
       179    713.9067    705.7522      23209.7     403.1687  14.0858   0.0189     4.96    0.293  68.45   0      164.4     20479.67     217.0037
       180    621.8459    699.0121     147524.3     2103.821  12.0778   0.0155    12.15    0.124  -2.04   2      118.6     7952.031     206.1114
       181     48.9127    698.0961     72216.82     1850.831  12.8534   0.0278    12.73    0.262   4.96   2      58.13     3912.456     199.4422
       182     38.8652    691.7627     38204.82     1751.607  13.5447   0.0498    13.18    0.224 -12.62   3      33.05     2029.318     198.3822
       183    842.4884    699.6927     22915.01     1372.302  14.0997   0.0650     8.93    0.305 -21.78   0      26.34      2056.36     197.8652
       184    472.9150    698.6734     30759.27     1658.281  13.7801   0.0585    10.25    0.346  25.07   0      25.42     1889.728     196.5722
       185    131.5956    697.3192     29290.77     1606.532  13.8332   0.0596    11.32    0.368 -39.28   2      28.76     1917.375     198.8007
       186    330.8727    692.8746     22814.87      1336.21  14.1045   0.0636     7.46    0.210 -32.24   0      22.62      1664.71     197.4148
       187    349.7040    705.8774     5638.797     572.9459  15.6220   0.1103     2.60    0.521 -62.83   2      17.47      3646.76     199.1392
       188    581.0258    724.0096     22899.21     352.7111  14.1004   0.0167   -13.57    0.045  26.50   0      178.1     22294.84     220.8715
       189    350.5116    685.6937     36493.95     1662.335  13.5944   0.0495    10.56    0.373 -43.14   0      29.31     1673.831     197.4253
       190    268.9130    687.8409     7760.788      578.498  15.2752   0.0810     4.65    0.186  63.03   0      22.55     3724.094     199.2274
       191    612.1974    666.1797     168413.4     2311.298  11.9341   0.0149    23.54    0.199 -21.24   3      135.7     8822.669     206.0179
       192    593.7410    679.7647     227843.1     2480.081  11.6059   0.0118    13.88    0.216  -7.04   3      160.1     10736.33     208.1183
       193    564.9063    678.5408     132887.3     2725.205  12.1913   0.0223     0.00    0.164 -15.41   0      79.15     4506.974     199.5753
       194    391.3624    675.0857     131390.5     2720.095  12.2036   0.0225    21.27    0.211   8.67   1       74.7         4845      200.502
       195    366.7018    673.4414     178486.3     2195.478  11.8710   0.0134    21.75    0.132 -15.18   0      144.3     10312.25     205.5527
       196    415.6519    671.5074     144358.6     2485.557  12.1014   0.0187    15.79    0.262 -16.95   0      98.94     6463.438     202.3282
       197    848.8413    667.2477     206994.3     1811.231  11.7101   0.0095    12.41    0.118  -3.03   0      174.1     12464.19      210.513
       198     80.0952    650.3144       279869     3418.227  11.3826   0.0133    26.51    0.354 -34.09   3      124.5     8250.184     204.8561
       199     75.3842    666.9383       443258     2363.568  10.8834   0.0058    13.60    0.226   0.68   3      315.7      21950.1     220.0236
       200    922.8671    674.8018     14081.09      594.826  14.6284   0.0459     5.48    0.375  42.24   0       71.8      7980.89     206.1432
       201    728.3559    667.3663     36476.02     1884.268  13.5950   0.0561    11.17    0.353  42.52   2      27.26     1700.023     198.5521
       202    763.8267    667.9943     15397.29     1000.198  14.5314   0.0705     3.55    0.457  76.43   0      19.39     1980.792     198.8732
       203    480.7557    664.7241     41662.17     1716.055  13.4506   0.0447    13.66    0.184 -20.90   0      36.71     2318.917     198.7137
       204     40.4407    662.8353     54840.57     1787.488  13.1522   0.0354    11.12    0.208 -12.56   0      47.46     3710.368     200.2988
       205    336.0527    663.7198     27503.32     1546.008  13.9015   0.0610    11.13    0.128  -0.76   0       27.5     1934.024     197.1748
       206    793.0507    664.0238      20765.1     351.3333  14.2067   0.0184     0.00    0.093  28.77   0      162.2     19372.44     218.3415
       207    472.5835    659.8463     13611.53     590.0645  14.6652   0.0471     2.31    0.459 -63.24   0      49.74     9761.998     208.0976
       208    117.9200    650.5328     170794.4     2157.261  11.9188   0.0137    20.53    0.396  21.55   0      120.3     7357.941     203.3306
       209    769.9485    655.3129     6013.167     349.5111  15.5522   0.0631     1.53    0.124  83.18   0      44.62     6044.191     201.8568
       210    838.0482    646.0799     225306.3     2232.161  11.6181   0.0108    10.73    0.162   0.09   2      169.4     11432.56     207.8351
       211    593.0327    647.9864     53174.89     1791.826  13.1857   0.0366    12.30    0.154 -44.81   2      49.49     2334.468     200.3637
       212    717.3862    680.8583      25541.1     769.7066  13.9819   0.0327     0.00    0.251  36.38   0      103.4     14011.29     212.1767
       213    361.4025    643.9193     123116.1     2427.239  12.2742   0.0214    19.96    0.168   2.84   2      84.16     5326.915     202.6611
       214    694.8768    644.2733     67298.46      2555.07  12.9300   0.0412    18.06    0.321  31.84   2      44.03     2112.332     197.3802
       215    684.0840    644.0696      53422.5     2096.221  13.1807   0.0426    12.26    0.489 -14.55   3      36.34     1721.662     196.9299
       216    349.0895    648.9698     7946.971     342.9411  15.2495   0.0469     0.00    0.111  -4.91   0      74.66     6919.181     202.8395
       217    521.1802    645.2470     40894.17     2003.469  13.4708   0.0532    13.55    0.594 -15.17   0      30.24     1899.137     199.3253
       218    978.4132    639.5493     147402.7      1826.17  12.0787   0.0135    10.92    0.178  -2.14   0      125.2     8744.825     206.4585
       219    289.7117    634.8990     308863.5     1886.871  11.2756   0.0066    10.50    0.121  -8.25   0      249.5     17869.13     214.2522
       220     67.4850    632.0838     139238.3     1940.479  12.1406   0.0151    15.83    0.190  -9.64   0      115.9     8269.701     204.8777
       221    167.0001    630.2418     126035.3     1623.508  12.2488   0.0140    10.95    0.145 -12.60   0      111.5     7812.199     205.9571
       222    863.2751    633.5828     26450.37     1484.957  13.9439   0.0610     4.44    0.268  17.08   2      26.25     2746.586     199.7465
       223    662.9005    630.9662     21444.87     374.2048  14.1717   0.0190     4.70    0.209  14.39   0      157.2     19095.02     215.0444
       224    203.7660    628.7594     31204.92     439.6831  13.7644   0.0153     5.38    0.387  45.25   0      204.5     28189.66     226.8561
       225    908.4277    626.1987     11399.97     471.5058  14.8577   0.0449     5.31    0.477 -64.31   0       38.3     7271.053     205.3591
       226    774.5471    626.9593     8852.684     381.0017  15.1323   0.0467     1.13    0.169  -4.64   0      59.31     8680.082     206.3872
       227    931.3731    618.9046     156528.3     1701.151  12.0135   0.0118    11.81    0.168  -5.14   0      132.8     8951.793     204.0429
       228    188.9761    625.3104     10162.95     682.6664  14.9825   0.0729     1.66    0.399 -88.83   0      26.72     4758.327     200.4038
       229    635.7858    616.9219     111686.2     1858.594  12.3800   0.0181    20.24    0.202 -11.75   0      94.96     6360.854      203.284
       230    567.5285    622.0694     7725.671     420.9756  15.2802   0.0592     2.13    0.385   7.90   0      55.02     6866.897     203.3156
       231    123.4913    620.0190     22731.66     1428.479  14.1084   0.0682    10.04    0.275  27.90   0      25.45     1968.151     196.6628
       232    605.3232    615.8667     31498.78     1623.648  13.7543   0.0560    11.23    0.306 -15.34   0      27.15     1742.113     196.9534
       233    245.3211    615.1928     35317.41     1694.518  13.6300   0.0521     9.38    0.458 -76.47   0      27.29      1633.47     197.9281
       234    801.7604    611.7321     25088.09     1571.772  14.0013   0.0680     9.86    0.316  19.28   0      24.31     1675.271     197.9761
       235    556.9791    605.8972     40228.83     1528.467  13.4887   0.0413     9.95    0.270  -5.30   0      38.34     2480.011     197.2535
       236    445.1712    601.1813       254989     2974.016  11.4837   0.0127    12.94    0.190  -2.63   0      149.4     10403.95     208.7975
       237    877.3989    601.9237     59340.93      1804.68  13.0666   0.0330    16.76    0.215  -3.61   0      51.05     3386.342     199.9308
       238    199.7389    600.7502     7438.786     372.9494  15.3212   0.0544     2.08    0.294  44.77   0      52.37     7282.221     204.3114
       239   1015.6864    595.8923     46070.71     1411.187  13.3414   0.0333    15.46    0.189  14.71  16      45.56     3259.243     199.2421
       240     82.6692    590.9186       331960     2126.206  11.1973   0.0070     0.00    0.168  -8.85   2      265.3      16952.2     213.7857
       241     23.7770    596.3732      40720.5     1731.676  13.4755   0.0462    10.23    0.550 -26.38   2      31.14     2345.403     199.8335
       242    301.6280    596.0160     20883.38     1294.608  14.2005   0.0673     7.75    0.458  37.05   0      21.92     1751.569      199.157
       243    616.9950    591.1635     77708.21     2251.099  12.7738   0.0315    11.44    0.164 -21.02   0      55.74       3647.5     201.3089
       244    145.0337    589.0021     29393.62     356.8713  13.8294   0.0132   -13.57    0.044  -0.87   0      210.6     28639.65     227.7836
       245    987.8448    583.9304     12040.78     1095.318  14.7984   0.0988     0.00    0.541  18.21   3      21.85     3624.436     200.2012
       246    981.0550    587.7502     24209.76     1415.354  14.0400   0.0635     0.00    0.388 -85.18   3      29.47     4175.729      201.366
       247    978.0014    581.0039     28859.73     412.9669  13.8493   0.0155     0.00    0.118  28.35   3      195.1     26349.93     224.5224
       248    421.6877    579.0685       147415     3496.658  12.0786   0.0258    21.94    0.614 -39.96   0      56.54     1790.798     197.0096
       249     61.7696    579.2156     80200.27     2307.318  12.7396   0.0312    17.72    0.211  -1.69   0      55.28     3507.722     201.1511
       250    779.6602    575.6984     29260.77     1609.904  13.8343   0.0598     5.59    0.231  49.70   0       24.5     1715.912     196.9232
       251   1012.6063    570.4748     62652.79     1901.749  13.0076   0.0330    15.17    0.208 -15.13  16      51.79     3400.036     199.4026
       252     38.3505    568.2543     75277.86     2379.804  12.8083   0.0343    18.86    0.213 -52.38   2      50.22     2004.644     198.9005
       253    560.7964    557.6782     675273.1     2398.255  10.4263   0.0039    28.15    0.033  -7.09   0      467.5      31326.3     229.5044
       254    805.9848    564.4948      48300.5      1756.01  13.2901   0.0395    15.40    0.257  -7.98   0      41.34     2835.655     198.2113
       255    718.8792    564.9083     50809.87     2056.722  13.2351   0.0440    13.59    0.021 -23.54   0      37.44     2411.538     198.2728
       256    974.0831    564.6399     28954.24     1427.569  13.8457   0.0535     9.45    0.215   5.60   0      31.15     2429.793     197.7454
       257    207.1424    565.8388     25808.83     1411.771  13.9706   0.0594     0.00    0.229 -12.42   3      30.55     4813.818     201.5469
       258    211.0156    561.0208     24460.55     1115.063  14.0288   0.0495     9.00    0.264  49.98   3      34.87     6434.373     203.8993
       259    766.6284    558.5850     117042.2     2971.687  12.3291   0.0276    20.17    0.393  55.79   2      54.73     3338.762     200.9601
       260    415.8217    557.5441     96809.39     2611.254  12.5352   0.0293    14.46    0.306  19.80   3      47.04     1759.145     198.0724
       261    185.8214    561.9993     22890.69     360.3188  14.1009   0.0171     0.82    0.127   0.10   0      154.9     21871.22     219.9421
       262    396.3631    554.2853     100136.5      2212.03  12.4985   0.0240    15.33    0.108 -29.87   2      75.28       4156.8     199.7204
       263    879.8187    550.9381     265539.4     2429.392  11.4397   0.0099    10.66    0.102   6.05   2      189.4     13255.14      210.851
       264    153.1342    553.9818     69597.98     1676.596  12.8935   0.0262    10.96    0.194   2.25   0      59.83      3827.47     200.4316
       265    250.5186    550.2917     115962.6     2517.697  12.3392   0.0236    20.02    0.057 -63.84   0      78.11     4875.705     201.0775
       266    344.3678    551.5922      39606.4     1898.993  13.5056   0.0521    13.52    0.138 -33.72   0      32.58     1978.923     199.4163
       267      5.6159    532.1111      2517137     1950.402   8.9977   0.0008    12.56    0.220 -86.25  24       1613     173374.3     341.7679
       268    665.6898    540.6031     55769.63     1656.797  13.1340   0.0323    17.43    0.043  44.80   0      49.85     3229.445     199.7523
       269    151.0496    543.8718     54650.64     414.0144  13.1560   0.0082     0.00    0.257 -70.58   0      299.5     51195.38     247.9648
       270    935.8035    542.1592     20191.51     1234.383  14.2371   0.0664     3.61    0.523  67.84   2      23.45     2127.423     199.5854
       271    992.0420    539.5881     7332.122      365.533  15.3369   0.0541     1.49    0.170 -80.10   0       53.7     7034.432     205.6257
       272    543.3139    532.1890     301374.6     2122.934  11.3022   0.0076    11.77    0.151 -15.74   0      231.1     15497.92      212.745
       273    447.7233    533.8415     62448.14     1637.948  13.0112   0.0285    14.43    0.238 -56.78   0       67.7      2040.05     198.3945
       274    248.4442    534.9226     31921.25      1661.71  13.7398   0.0565    10.46    0.376  -9.29   0      27.48     1671.323     197.4224
       275    438.0233    532.7908     6443.135     474.8611  15.4773   0.0800     4.34    0.547  89.51   0      29.51     3941.944      201.102
       276     78.2278    529.0895     102541.8     2757.343  12.4727   0.0292    22.18    0.580  -2.79   0      55.12     2916.815     198.3044
       277     60.0604    519.4601     50480.27     1896.004  13.2422   0.0408    11.11    0.145 -11.76   0      35.02     2506.347     200.0165
       278    710.5385    512.1697     53719.41     1775.155  13.1747   0.0359    17.36    0.282   0.21   0      46.18     3030.744     199.5261
       279    976.6641    493.2627     45260.45      1879.56  13.3607   0.0451    11.67    0.114  28.37   3       36.6     1511.994     197.2389
       280    975.6178    506.3789     104159.5     2729.777  12.4558   0.0285    19.51    0.201  -8.31   2      59.79     3643.954     201.3049
       281     53.5938    508.2427     52643.08      1958.23  13.1966   0.0404    10.51    0.408  30.84   0      31.62     1725.082     199.1268
       282    508.1149    504.8598     30490.05     1467.191  13.7896   0.0523    11.65    0.305  -6.42   2       31.8     2310.375     197.6081
       283    943.4471    499.1490       143938     2385.214  12.1046   0.0180    20.65    0.152 -11.46   0      94.62     6085.223     203.5097
       284    727.3859    509.3946     16114.73     462.1732  14.4819   0.0311     2.81    0.470  44.98   0      91.95      12619.5     210.1647
       285    108.9015    490.7782     124666.7     2146.081  12.2606   0.0187    16.79    0.290 -24.11   2      90.53     4711.337     199.2637
       286    622.5849    490.7027       103862     1837.068  12.4589   0.0192    20.80    0.204  -4.20   0      90.36       6347.7     202.7344
       287     68.1319    496.0862     18638.81      407.303  14.3240   0.0237     4.90    0.275  30.47   0      132.4     15354.69     212.0806
       288     25.7925    485.9124     625791.8     2129.527  10.5089   0.0037    26.17    0.148  -9.63  16      461.6      34493.8     232.1528
       289    214.9702    493.9518     51407.23     377.8779  13.2224   0.0080     4.49    0.138  60.23   0      300.9        51016     249.1113
       290    851.2332    476.4242       731934     2179.774  10.3388   0.0032    10.91    0.187  -9.30   3      516.7     38835.63     237.7391
       291    845.4100    463.8956     536256.4     2475.507  10.6766   0.0050    27.22    0.084 -31.08   3        356     24216.34     222.3522
       292    197.0108    486.7115     6042.273     349.5301  15.5470   0.0628     1.14    0.125  89.20   0      52.72     6584.396     202.4641
       293    570.5127    485.1945     17112.48     1045.685  14.4167   0.0664     2.88    0.327 -65.19   0      19.34     2136.738     199.0514
       294    956.7918    477.3135     22649.47     823.4004  14.1124   0.0395     4.23    0.536 -31.97   0      56.45     10821.15     208.2109
       295    365.8571    476.0774     27242.32     1361.106  13.9119   0.0543     7.26    0.768  49.45   0      26.29     1420.479     197.1335
       296    893.6866    473.9014      55534.9     1819.182  13.1386   0.0356    14.97    0.276  -4.61   0      48.36      3231.91     198.1179
       297    301.4373    475.9712     8751.393      421.529  15.1448   0.0523     2.24    0.377   4.03   0      55.33     7538.102     205.6544
       298    424.8402    473.8038     25201.47      1556.17  13.9964   0.0671    10.31    0.456 -17.69   0      25.39     1768.594     199.1764
       299    186.0924    462.0963     637827.7     2276.161  10.4882   0.0039    10.91    0.109 -12.93   2      458.3     33356.05     230.5659
       300    375.9367    469.6623     49927.45     1881.568  13.2542   0.0409    10.90    0.354 -13.69   0      32.69     1899.477     197.6849
       301    965.4858    460.5917     139584.4     1472.979  12.1379   0.0115     0.00    0.218   2.97   4      201.1     24540.71     222.6835
       302    248.0028    461.6357     81002.76     421.8504  12.7288   0.0057     0.95    0.174  89.79   0      326.2      79962.2     274.2513
       303    562.8586    456.9646     39485.37     1891.818  13.5089   0.0520    12.38    0.055  85.42   0      29.76     1872.661     198.2026
       304    521.2092    458.0002     69890.95     509.6679  12.8889   0.0079     3.35    0.529  -0.16   0      262.6     51514.07     248.6937
       305    488.5508    452.4966     86695.92     1626.357  12.6550   0.0204    11.12    0.183  -7.32   0      77.54     5280.349      200.454
       306    886.2638    450.3858     145841.5     2255.562  12.0903   0.0168    11.00    0.217  -6.16   0      117.8     7927.845     205.0284
       307    865.7676    454.9971     42285.87     491.7166  13.4345   0.0126     3.26    0.524  -0.46   0      182.6     31090.71     230.2162
       308    211.6214    442.8167     317828.4     2507.871  11.2445   0.0086    10.73    0.158 -10.35   2      223.2      15489.5     214.2616
       309      4.1919    449.5564     93959.44     954.5955  12.5676   0.0110    10.45    0.145 -72.58  26      287.1     54620.61     252.3785
       310    249.1410    448.4581     63057.91     1858.489  13.0007   0.0320    16.04    0.284  28.48   0      59.26     2829.239      200.383
       311    101.7254    440.9549     111159.3     1942.784  12.3851   0.0190    19.97    0.222  -8.52   0      89.44     6023.354     202.9063
       312    646.2698    436.0412      48457.4     1612.611  13.2866   0.0361    15.67    0.347  -8.54   0      44.94     3546.749      200.113
       313    321.2142    435.0616     43013.99     1576.085  13.4160   0.0398    11.53    0.152 -24.09   0      39.44     3000.083     199.4912
       314    471.3406    434.8998     22002.62     1366.204  14.1438   0.0674     8.15    0.193  35.45   0      22.34     1633.339     196.2755
       315    791.6604    423.2791     531969.4     2049.172  10.6853   0.0042    20.34    0.168  -4.62   0      401.4     29092.96     226.3247
       316    934.7742    429.0529     39465.78     1907.533  13.5094   0.0525    11.99    0.250 -16.49   0      29.88     1802.997     198.1227
       317    417.0042    430.2617     23987.53     361.0099  14.0500   0.0163     0.89    0.151 -89.42   0        156     23753.99     222.3679
       318    228.5480    416.9707     256235.6     3080.798  11.4784   0.0131    27.58    0.415 -43.06   1      148.1     9291.327     207.0592
       319    414.8679    418.1133     75455.64     2097.315  12.8058   0.0302    14.68    0.152 -13.79   0      59.66     4212.845     199.7842
       320   1012.0238    417.0233     20285.88     351.0231  14.2320   0.0188     4.32    0.072  44.78   0      165.7     20179.03     219.1794
       321    252.7527    413.0852     140971.4     2667.502  12.1272   0.0205    16.74    0.232 -25.29   1      107.1     2734.898     198.0958
       322    670.5776    443.8165     4265.892     378.2557  15.9250   0.0963     2.43    0.521 -63.14   0      19.29     3526.698     201.1725
       323    926.0991    415.0549     7834.498     350.6935  15.2650   0.0486     4.48    0.176  28.39   0       72.3     6643.093     201.9932
       324    890.9862    410.8507     8013.607     508.7016  15.2404   0.0689     0.91    0.121  84.44   0      43.94     4972.652     202.2634
       325    728.7468    402.6008       165624     2081.141  11.9522   0.0136    13.63    0.209  -4.35   2        126     7394.205      204.436
       326    733.8559    398.1546     12219.96     353.5241  14.7823   0.0314     0.00    0.074 -81.04   3       81.2     10383.54     208.2546
       327    948.7229    407.1450     9059.068     452.7345  15.1073   0.0543     5.77    0.513 -44.58   0      33.55     5805.271     202.1254
       328    427.7162    397.9185     126787.5     2722.703  12.2423   0.0233    12.38    0.220 -14.04   0      71.63     4256.396     199.8337
       329     20.6764    400.4364     15839.05     506.8589  14.5007   0.0348     3.49    0.589 -18.34   0      51.48     6543.095     203.4876
       330    260.8654    386.8673     909778.2     2317.253  10.1027   0.0028    10.43    0.151 -11.98   2      612.2     47509.11     244.5628
       331    473.9433    397.4371     4249.824     405.9356  15.9291   0.1037     0.47    0.618 -30.89   0      16.38     3090.904     199.5946
       332    142.5067    388.8796     349942.1      2158.52  11.1400   0.0067    14.02    0.189 -12.79   2      271.9     19731.79     217.2209
       333    805.0880    396.9121     17278.05      356.761  14.4063   0.0224     4.42    0.133 -45.31   0      136.3     16847.38     214.1818
       334    748.4827    394.0093     60996.06     1900.123  13.0367   0.0338     8.65    0.124 -28.94   2      53.89     2202.293     198.5802
       335    317.8644    388.4858     153371.3     1792.417  12.0356   0.0127    17.78    0.206  -6.22   0      129.2     8865.702     205.0089
       336    112.3724    390.5767     59629.32     2142.986  13.0614   0.0390    12.65    0.213  -7.69   0      36.09     2388.131     199.8821
       337   1013.1384    385.9726     32081.48      1520.13  13.7344   0.0515     8.33    0.619  41.57  18      26.11     1414.592     197.6767
       338    473.0267    389.0968     3284.573     370.4091  16.2088   0.1225     4.90    0.465  -0.44   0      15.65     3278.274     197.6225
       339    913.0664    382.3614     69132.65     1633.899  12.9008   0.0257    16.75    0.163 -20.84   0      59.24     3779.605     200.3773
       340    445.4080    386.2771     37010.88     1724.906  13.5792   0.0506    10.33    0.335  -7.67   0      26.88      1796.25      198.115
       341     33.5239    381.2892     129196.8     2802.482  12.2219   0.0236    18.71    0.351 -23.24   0      79.36     4684.438     200.3199
       342    831.9036    384.6547     42417.07     1916.401  13.4311   0.0491     7.66    0.104 -11.25   0      31.23     2201.885     196.9328
       343    650.4924    386.4774     29258.12     1575.824  13.8344   0.0585     9.57    0.441   4.92   0      24.84      1756.49       196.97
       344    516.7226    384.7050     37655.19     1846.582  13.5604   0.0533    10.93    0.500  17.99   0      26.92     1627.521     196.8212
       345    417.7014    379.8749     75686.86     2508.654  12.8024   0.0360    17.66    0.273 -13.90   0      46.56     2534.179     197.3159
       346    438.0010    382.0233     53192.48     371.7187  13.1854   0.0076     0.00    0.021 -88.64   0        300     52503.11     249.5959
       347    746.6280    375.6410     128313.3     2531.709  12.2293   0.0214    10.93    0.183 -12.03   0      92.14     6357.743     204.3458
       348    985.3522    374.1683     51455.82     1127.795  13.2214   0.0238     0.00    0.420 -58.23   0      114.2     17002.63     215.3571
       349    198.3041    376.5242     15592.34     1174.935  14.5177   0.0818     6.91    0.202   3.66   0      19.36     1789.104     197.0077
       350    372.7766    373.0445      41290.9     1896.334  13.4604   0.0499     6.82    0.230 -11.18   0       31.6     2639.753      200.168
       351    640.3699    371.8358     48743.27     1948.048  13.2802   0.0434    12.73    0.308 -14.06   0       34.5      2131.91     199.5905
       352    951.4880    370.5741        34404     1789.443  13.6585   0.0565    13.18    0.238  28.80   0      29.39     1803.724     197.0245
       353      7.5932    363.4827     406101.2     1871.188  10.9784   0.0050    14.42    0.077  15.41  26      323.2     23573.68     222.1835
       354    863.7466    366.7888     93660.66      2543.58  12.5711   0.0295    19.40    0.298  -8.71   3      59.73     3788.981      200.929
       355    875.0601    361.0179     51336.48     2038.221  13.2239   0.0431    13.94    0.335  -8.44   3      42.51     2099.359     198.4624
       356    670.7001    367.6535     5254.822     413.1209  15.6986   0.0854     3.54    0.462 -64.20   0      30.48     4528.348     199.5996
       357    340.0580    362.0487     39788.69      1788.61  13.5006   0.0488    14.90    0.298  -2.34   2      35.12     2380.827     199.3299
       358    463.8826    365.9513     7170.458     350.2628  15.3611   0.0530     4.53    0.193  29.78   0      63.03     5786.721     201.5667
       359    590.1220    359.1694     60868.23     2243.357  13.0390   0.0400    13.92    0.263 -31.63   3      45.92     2798.204     199.2611
       360    598.6122    349.4039     58018.57     2075.904  13.0911   0.0389    16.43    0.258 -18.65   3      43.99      2728.51     199.1816
       361     33.2471    357.5137     109184.1     2350.932  12.4046   0.0234    14.33    0.212 -13.73   0      80.71     5583.796     201.3377
       362    847.3962    358.6851     46841.92     1997.361  13.3234   0.0463    12.64    0.245  -2.17   0      33.98     2048.729     198.9509
       363    154.3400    346.8785     79400.66     1932.053  12.7504   0.0264    19.37    0.311  -7.10   2      61.25     3995.312     199.5366
       364    748.6116    335.3262     163489.1     2544.483  11.9663   0.0169    26.59    0.429 -42.13   0      100.5     4388.231     201.6057
       365    379.9339    336.5239     70181.84     1655.497  12.8844   0.0256    18.57    0.240  -4.51   0      63.74     4252.342     200.3717
       366    962.9390    337.1137     36163.35     1718.488  13.6043   0.0516     9.84    0.390 -25.50   0      25.21     1672.746     196.8734
       367    653.4327    327.7305     276120.8     2524.598  11.3973   0.0099    24.43    0.189  -8.21   2      184.4      12325.5     209.8465
       368    598.0704    329.0428     8911.556     343.5798  15.1251   0.0419     4.42    0.121  26.10   0      81.89     7814.097     204.9022
       369    804.1700    315.0829     289204.9     2493.329  11.3470   0.0094    23.82    0.242 -16.95   2      205.3     14064.61     211.2083
       370    608.0850    316.5174     202853.5     2140.442  11.7320   0.0115    23.03    0.173  -8.92   2      150.9     9394.529     206.1217
       371    201.1773    315.9323       138049     2270.372  12.1499   0.0179    13.80    0.207 -10.68   0      103.2     7099.965     204.6398
       372    545.6683    317.9169     44541.78     2022.757  13.3781   0.0493    14.82    0.160 -44.16   0      35.03     2224.533     197.5094
       373    977.1897    318.4120     41112.77     1890.579  13.4651   0.0499    11.99    0.268 -19.61   2      31.46     2244.596     198.6286
       374    844.4566    315.0187     53781.46     1776.691  13.1734   0.0359     8.27    0.086 -47.60   2      37.34     2452.878      199.412
       375    683.3775    313.3716      31652.3     1703.612  13.7490   0.0585    12.02    0.351  -1.46   0      28.43     1928.904     199.3593
       376    747.1661    308.3955     90721.48     1883.609  12.6057   0.0225    15.91    0.203  -9.50   0      78.55      5296.92     203.1626
       377    797.0976    333.1170     29186.25     1586.114  13.8371   0.0590    10.11    0.200  -9.28   0      25.71     1827.499      197.052
       378    384.9170    306.5057     23000.63     1453.012  14.0957   0.0686     8.61    0.445 -13.63   0      21.54     1552.363     197.2854
       379    248.1797    298.2843     293526.9     1906.499  11.3309   0.0071    13.08    0.204 -12.37   2      226.9      16133.3     212.9134
       380    830.5728    277.3611     64639.13     2581.256  12.9738   0.0434    19.80    0.218 -31.61   3      45.06     2336.149      199.823
       381    828.6293    299.5607     286427.1     3953.261  11.3575   0.0150    18.37    0.346   7.33   3      89.25     4859.527     202.6727
       382    825.4011    289.5766     204506.5     3372.413  11.7232   0.0179    20.69    0.257  -1.79   3      81.59     3356.178     199.8965
       383    328.2301    305.0705      8422.65     387.8083  15.1864   0.0500     0.00    0.294  39.25   0      69.53     7401.378      204.444
       384    472.5443    300.3969     68311.15     1807.312  12.9138   0.0287    12.52    0.109   2.99   0      59.31     3867.925     201.0183
       385    274.8947    304.0039     15268.04     347.7591  14.5405   0.0247     4.33    0.075   3.12   0      119.7     14788.96     211.9863
       386    984.7849    299.3541     177869.3     2268.379  11.8747   0.0138    10.81    0.147  -7.34   0      140.6     9927.711     208.2785
       387      5.5034    302.7794     8702.419     421.5025  15.1509   0.0526     2.60    0.415 -21.74  16      53.53     6373.494     201.6896
       388    949.8242    297.7401     61679.27     2069.759  13.0247   0.0364    17.03    0.269 -13.59   0      48.05     3154.435      199.667
       389    709.8638    300.8600     60946.69     383.5724  13.0376   0.0068     0.00    0.176  44.90   0      306.4     58906.36     255.3599
       390     99.6927    292.3570     174846.7      1705.19  11.8934   0.0106    11.36    0.201 -14.27   0      149.7     10250.75     206.0123
       391    171.9474    293.6321     68426.47     2280.118  12.9119   0.0362    14.91    0.108 -10.50   3      45.94     2949.645     199.4337
       392    177.6997    277.2942     257908.8     2414.106  11.4713   0.0102    11.86    0.154 -26.45   2      193.8     13210.62     209.2522
       393    517.1765    293.9155     18681.52     1113.884  14.3215   0.0648     7.80    0.652  39.73   0      24.47     2831.276     198.2063
       394    446.4355    286.8021     52530.54     2050.303  13.1990   0.0424    14.37    0.284  -2.51   2      38.85     2588.353     200.1096
       395    158.4692    290.0115     8432.914     394.7509  15.1851   0.0508     2.22    0.341   2.05   0      63.12     7306.522     204.3385
       396      5.2928    278.2285     487212.5     1557.366  10.7807   0.0035    13.27    0.225 -81.07  24      449.4     34637.67     230.8872
       397    801.2333    281.0778     113346.8     2526.071  12.3640   0.0242    19.49    0.150  19.52   0      72.62     4828.022     201.5629
       398    215.1985    284.6600     18121.26     1137.878  14.3545   0.0682     4.06    0.438 -23.79   0      21.14      2031.73     198.9314
       399    387.5649    274.8039     502815.3     2155.752  10.7465   0.0047    11.26    0.212   0.56   2      362.1     26084.54     225.2198
       400    468.2654    276.1040     108135.6     1981.169  12.4151   0.0199    15.26    0.221 -12.37   0      92.98     6302.858     202.1478
       401    913.2711    273.7083     38057.63     1806.511  13.5489   0.0515    11.01    0.416  -5.88   0      31.49     2023.065      197.827
       402    424.7318    270.4993     61031.12     1786.756  13.0361   0.0318    12.60    0.094  16.29   2      53.93     3118.323     197.9876
       403    344.9213    271.2000     36341.84     1891.441  13.5990   0.0565    11.72    0.488  28.86   2      30.96     1533.335     197.8131
       404    470.7708    265.3958     8786.754     554.9633  15.1404   0.0686     4.07    0.535  71.82   1      37.42     4836.245     202.6466
       405    513.2108    247.4194      2087234      2419.92   9.2011   0.0013    11.19    0.122 -10.55   0       1251     114164.4     300.5428
       406    923.3904    254.8958     48206.95     1924.153  13.2922   0.0433    15.41    0.245 -33.63   0      41.29     2863.681     199.3357
       407    199.0258    246.0027     519650.2     2183.785  10.7107   0.0046    23.60    0.152  34.25   2      355.2     25617.93     224.2648
       408    814.1841    253.5222     41551.65     1498.176  13.4535   0.0392    15.00    0.276  -3.97   0      37.27     2591.808     199.5703
       409    270.3297    252.5941     26241.47     1093.306  13.9525   0.0452     2.89    0.407  65.12   3       29.6     5508.613     202.3289
       410     23.0140    248.6837     366037.3     2153.922  11.0912   0.0064    11.52    0.169 -12.73  16      284.9     20567.96     218.5913
       411    129.3751    252.8773     64089.73     1991.161  12.9830   0.0337    11.71    0.260  -3.48   0      51.75      3421.33     199.9705
       412    738.3882    251.9651     41044.02     1940.168  13.4669   0.0513    15.54    0.508  42.83   3      35.62     2683.532     200.7592
       413    725.1308    240.8857     110137.5     2649.552  12.3952   0.0261    22.48    0.387 -41.07   2      68.28      2969.68     198.3649
       414    246.2036    250.7913     25600.67     1535.156  13.9794   0.0651    10.40    0.346 -55.23   0      24.69     2021.387     198.3731
       415    329.9048    247.0937     60679.43     2016.509  13.0424   0.0361    11.87    0.236 -19.56   0      48.61     3349.532      199.345
       416    264.5836    247.3354     38802.51       1577.2  13.5279   0.0441     8.47    0.190 -16.12   0      29.76     1514.464     197.7914
       417     77.0041    212.3792     121057.8     2565.144  12.2925   0.0230    13.30    0.385  44.58   3      72.38     3812.628     200.4148
       418     83.9927    226.1170     250550.3     3479.255  11.5028   0.0151    30.58    0.525 -70.45   2      123.4     6293.425     203.7421
       419    626.9978    241.0137     6271.703     341.8291  15.5065   0.0592     4.22    0.034 -38.91   2      63.78     6076.158     202.9654
       420    299.0483    228.9462     54298.27     2063.694  13.1630   0.0413    15.64    0.377  29.49   0      41.21      2355.04     199.3005
       421    552.4574    220.3747     97229.34     2960.102  12.5305   0.0331    20.16    0.301  64.94   0       50.3     2277.261      198.666
       422     17.0209    223.8797     13275.15     346.4542  14.6924   0.0283     0.00    0.145 -74.43   0      115.1     12191.02     210.2179
       423    787.7135    221.4427     31952.29     1708.425  13.7387   0.0581     9.80    0.153 -19.67   0      25.17     1668.959      196.869
       424    730.0833    215.8663     39140.89     1618.022  13.5184   0.0449    14.97    0.313 -32.36   2      36.02     2257.745     197.5476
       425   1013.9560    213.0873     158875.4     1779.439  11.9974   0.0122    13.58    0.111   0.79  16      140.2     11556.11     207.9701
       426    396.1113    216.3867     25704.25     1475.674  13.9750   0.0623    11.39    0.153  77.19   0      26.39     1593.075     196.7814
       427     24.9598    209.8215        73078     2285.337  12.8405   0.0340    16.97    0.101  50.28   3      55.31      3324.12     200.9435
       428     15.6236    202.1176     83465.16     2439.152  12.6962   0.0317    17.66    0.144   3.24  19      53.63     3363.755     199.9051
       429    825.3145    208.9050     23868.57     1499.116  14.0554   0.0682    10.44    0.298 -21.67   0      24.65     1780.918     197.5486
       430     59.4383    203.7678     204938.5     2124.116  11.7209   0.0113    10.82    0.186  -9.79   0      165.3     11881.23     209.8827
       431    905.8392    209.9850      4538.96     348.5512  15.8576   0.0834     0.00    0.171  -3.69   0      44.98     3820.741     202.0425
       432    145.2083    197.9169      1400612     2309.157   9.6342   0.0018    28.43    0.219 -21.74   2      894.5     75872.79     270.0383
       433    486.2802    202.6995     8740.217     387.9943  15.1462   0.0482     1.58    0.316 -44.42   0      64.73     8720.618     204.3173
       434    355.9338    199.9268     8907.466     351.3881  15.1256   0.0428     4.53    0.159  45.26   0      79.79     7786.082     204.3405
       435   1009.8976    193.9048     22758.42     1307.453  14.1071   0.0624     7.71    0.438  50.30  16      21.62     1898.272     196.5821
       436    484.6821    182.3001     491482.1     2690.147  10.7712   0.0059    13.84    0.293   1.28   2      346.9     24340.11     221.0098
       437    464.1107    181.5741     136777.2     2172.496  12.1600   0.0172     0.53    0.036 -82.87   3      99.17     5397.169      201.127
       438    904.4790    186.2926     68701.42      2219.83  12.9076   0.0351    12.07    0.045  -1.63   3      49.58     3194.775     199.1685
       439    902.2294    172.9965     113474.2     2985.993  12.3628   0.0286    19.48    0.372  48.49   3      49.11      2398.39     199.8938
       440    764.6972    187.5942     37168.22     1704.348  13.5746   0.0498    13.23    0.125 -40.48   0      33.97      2382.63     198.7865
       441    177.7914    186.5668      40778.3     885.4037  13.4739   0.0236     8.30    0.511 -29.32   0      129.7     22906.78     221.9899
       442    415.5786    181.8172     39057.92     1404.271  13.5207   0.0390    13.48    0.407  57.98   0      41.71     2408.261      199.905
       443    877.0421    181.5148     16960.33     995.1127  14.4264   0.0637     2.56    0.363  62.40   0      20.34     1919.782     197.1584
       444    639.3566    173.9135     59211.11     1831.536  13.0690   0.0336    11.11    0.165  -3.18   0      51.21     3465.317      198.932
       445    511.0738    176.0005     43034.69     365.4553  13.4155   0.0092     0.00    0.105  -0.82   0      265.3     41285.28     239.1633
       446    255.9990    172.9949     11085.32     345.0147  14.8881   0.0338     4.17    0.017  48.87   2      112.3     11508.95     208.9603
       447    224.2494    174.4644     4454.146     412.6802  15.8781   0.1006     2.99    0.439 -63.22   0      28.77     3762.501     200.3579
       448    997.4343    172.9008     23268.25     1466.071  14.0831   0.0684     9.63    0.429   5.54   2      23.57      1556.18      195.632
       449     22.3493    169.8281      32787.1     1579.773  13.7107   0.0523     9.80    0.173  -5.67   2      30.18     2240.298     199.1696
       450    461.7945    162.2955     21200.55     1009.613  14.1841   0.0517     0.00    0.699  57.48   3      35.89     4044.086     200.6771
       451    455.8923    160.4399     24769.72     683.5528  14.0152   0.0300     1.55    0.281 -64.61   3      67.85      12537.3     208.5196
       452    447.9384    157.4208     186001.7     2535.812  11.8262   0.0148    15.12    0.235 -12.99   2      121.9     7871.078     204.9654
       453    145.8305    158.6611     35877.84     1738.862  13.6129   0.0526    13.19    0.318  19.17   0      31.25      1968.99      198.313
       454    901.9515    157.5325     29001.38     1379.226  13.8440   0.0516     4.11    0.503  48.04   0       28.5     3007.499     199.4996
       455    579.1219    148.1067     131292.8     2262.509  12.2044   0.0187    11.16    0.190 -18.11   0      104.2     7276.964     203.7735
       456   1008.3163    151.5376     29066.68      1285.53  13.8415   0.0480     7.70    0.246 -27.58  17       28.7     4121.116     199.6798
       457    847.1643    152.7895     21098.25     434.4275  14.1894   0.0224     5.48    0.349 -50.70   0      150.3     17967.69     217.3743
       458     36.9895    150.0686     43425.65     1930.631  13.4056   0.0483    15.26    0.587  -6.18   0       32.3     2205.122     198.5835
       459   1020.0443    143.0419     199012.9     1668.216  11.7528   0.0091    21.44    0.155  81.37  24      188.1     11858.17        208.3
       460    801.1264    149.6273      40928.4     444.6808  13.4699   0.0118     0.00    0.438 -71.86   0      230.3     35240.35     233.3483
       461    522.0278    143.4527     204516.4     3203.178  11.7232   0.0170    28.26    0.492  -6.80   2      110.3     6016.529      203.433
       462    687.1428    147.9470     5447.519     349.1431  15.6595   0.0696     2.70    0.198 -29.18   0      52.98     4574.951     202.3533
       463    326.3576    140.2459     46579.07     2013.572  13.3295   0.0469    13.13    0.149  83.83   0       30.1     1533.838     197.8137
       464    716.3989    134.8649        97465     2774.589  12.5279   0.0309    17.78    0.306 -41.83   3      58.97     3593.585     201.2481
       465    734.5523    120.9769     436176.5     2876.755  10.9008   0.0072    13.84    0.163 -13.46   2      275.8      19266.6     218.2313
       466    361.0916    134.8832     57806.14     1991.806  13.0951   0.0374    15.85    0.229 -31.61   0      47.45     3234.175     199.2135
       467    802.1018    134.9672     64666.21     2138.449  12.9733   0.0359    12.03    0.186   5.37   2      48.35     2566.727     196.8025
       468    621.4656    125.5050     112166.5     1923.244  12.3753   0.0186    11.40    0.198 -13.46   2      96.71     5886.807     201.6795
       469    316.1175    116.1052     631338.6     2204.015  10.4993   0.0038    10.42    0.214 -22.82   0      466.6     35575.73     233.2096
       470    994.5964    125.3692     58334.73     2197.874  13.0852   0.0409    14.09    0.411  -1.22   0         37     2699.134     200.2354
       471    991.6865   1020.4575     45484.16      1650.46  13.3553   0.0394    12.64    0.358 -28.06  19      34.12     1796.049     197.0157
       472    100.9913    118.7989     122116.6     1785.411  12.2831   0.0159    21.04    0.206 -19.94   0      101.3     6915.185     203.9028
       473     17.8668    119.2297     135320.2     1908.992  12.1716   0.0153    11.64    0.183  -8.34  16      114.2     8077.673     205.1944
       474    894.5720    114.0984     41720.31     1818.948  13.4491   0.0473    11.03    0.266  -5.01   2      32.82     2196.647     196.3746
       475    851.0986    107.1176     29771.63     1635.068  13.8155   0.0596     9.36    0.272   6.94   0      25.69     1618.605     196.2585
       476    549.4568    101.1142     144743.5     2280.583  12.0985   0.0171    21.46    0.234  -6.89   0      118.1     8501.469     204.6047
       477    910.7042     98.5330     67375.32     2212.345  12.9287   0.0357    13.24    0.421 -25.27   0      36.83     2626.023     197.9708
       478     61.3329    101.9025     42975.64     1892.238  13.4169   0.0478    11.17    0.394 -36.41   2         30     1971.323     197.2178
       479    252.7596     97.6039     51836.86      2051.55  13.2134   0.0430     9.73    0.207  -0.19   0       34.2     2394.149     199.8889
       480    361.1342    103.2596     57972.61     2152.919  13.0919   0.0403    15.95    0.323 -40.01   0      40.79     2499.785     198.9204
       481    272.2891     93.6045     97929.81     2027.408  12.5227   0.0225    16.73    0.350 -11.99   0      83.15     3696.127     200.2826
       482    615.9888     92.7295     44022.96     1799.736  13.3908   0.0444    12.75    0.183 -15.12   0      34.33     2347.734     198.7466
       483    369.8174     83.2650     136259.1     3052.434  12.1641   0.0243    24.78    0.504 -12.33   0      69.42      3459.59      200.014
       484    920.8564     81.3147     8680.949     387.9596  15.1536   0.0485     0.99    0.134  76.09   0      56.63     7740.959     203.7582
       485    619.4886     75.0508     95050.39     2552.226  12.5551   0.0292    16.13    0.391 -21.32   2      57.45     3511.834     198.9851
       486     35.8638     74.3301     110659.1     1996.469  12.3900   0.0196    14.01    0.177 -17.85   2      94.71     6094.448     202.4503
       487    403.1198     74.7716     22475.46     409.4382  14.1207   0.0198     5.25    0.379 -63.71   0      164.7      20336.1     218.3501
       488    368.8498     70.8476     58386.13     2204.045  13.0842   0.0410    15.58    0.015  86.91   1      38.69      2174.67     199.0947
       489    290.4585     66.9715     170791.3     2055.463  11.9188   0.0131    18.27    0.373 -13.09   0      125.7     7759.037     204.8412
       490    869.1984     49.5015     119119.7     2372.575  12.3100   0.0216    12.28    0.166 -24.00   3      87.52     5976.849     202.8542
       491    864.9979     64.5471     58354.57      1889.78  13.0848   0.0352    16.99    0.212   3.30   3      49.08     2878.376     199.3525
       492    770.1187     64.4991     31999.44     1589.935  13.7371   0.0540    12.32    0.029 -61.78   2      29.67     1919.606     196.6067
       493    140.7690     62.9740     128124.5      2030.79  12.2309   0.0172    20.32    0.161  -3.04   0      104.6     7776.157     205.9174
       494    993.9322     65.9396      5233.43      356.696  15.7030   0.0740     3.53    0.243  45.61   0      50.25     4454.979     201.1419
       495   1020.9673     59.5818     38906.01     1170.195  13.5250   0.0327     8.92    0.173 -69.93  24      45.91     3620.266     201.2782
       496    395.9434    134.2078     38087.84      1592.51  13.5480   0.0454     9.93    0.112 -73.10   2      36.83     2619.179     199.6015
       497    434.8482     59.6993      17901.5     400.1652  14.3678   0.0243     2.36    0.359  61.85   0      133.1     15871.18     211.0961
       498    199.7196     54.6868     32247.66     458.3452  13.7288   0.0154     5.83    0.414  48.22   0      186.8     25771.61     222.9645
       499    987.5924     50.3009     38390.76     1449.812  13.5394   0.0410     9.62    0.611   6.51   0      35.28     4445.521     201.1312
       500    900.9839     51.0495      34732.6      1275.94  13.6482   0.0399     0.16    0.315  -6.79   0      41.03     8640.152     206.8687
       501   1000.7369   1014.7714     73316.55      2230.06  12.8370   0.0330    14.41    0.390 -25.38  19      40.04     2182.428     198.5575
       502    660.5536     42.2384     21549.05     1307.243  14.1664   0.0659    10.55    0.244  -4.46   0      24.65     1993.548     198.3412
       503    263.2546     37.1578     71973.23     2137.956  12.8571   0.0323    10.25    0.250 -11.60   1      56.07     3664.877     200.7886
       504    602.0789   1021.1373     9637.581     682.4915  15.0401   0.0769     0.00    0.198  63.62  16       17.4     2557.296     198.4398
       505    940.9841     36.0465        13185     346.3951  14.6998   0.0285     4.30    0.079 -60.25   0      121.9     12890.25     211.4865
       506    615.1974     32.8088     29067.52      1709.63  13.8415   0.0639    12.67    0.092   3.29   0      25.89     1761.046     198.0746
       507    194.3361   1014.7019     138975.9     1735.163  12.1427   0.0136    21.10    0.139 -13.34  18      120.4     8279.263     204.3578
       508     97.6891   1016.0231      89831.6     2180.065  12.6164   0.0264    15.95    0.230  -9.61  16       60.2     3723.692      199.227
       509    565.0295   1016.0696     11417.42     465.7223  14.8561   0.0443     4.48    0.114  61.57   0      74.62     7689.792     204.7643
       510    354.9984     26.7475     6555.698     554.0489  15.4585   0.0918     4.66    0.135  82.43   3      20.46     3338.649     199.8765
       511    889.5526   1012.4727     47300.89     1961.765  13.3128   0.0450    12.74    0.232   1.45  16      35.88     2277.926     198.6668
       512    359.3354     19.7596      41949.6     831.9792  13.4432   0.0215     0.84    0.181  20.06   3      83.87     12129.36      209.634
       513    466.1162     25.1082      14785.1     484.4721  14.5754   0.0356    -3.32    0.221  46.21   0      91.85     9870.813     206.6462
       514    781.1136   1011.1551     76843.69     1629.983  12.7860   0.0230    18.49    0.121   0.95  18      66.27     4571.207     200.1915
       515    678.5605   1010.4083     73770.45     1932.796  12.8303   0.0285    12.79    0.191 -17.08  16      61.84     4293.198     202.0366
       516    932.9980     20.0013     56095.11     373.4891  13.1277   0.0072     0.00    0.048  37.96   4      314.9     55272.74     252.1052
       517    283.2365   1007.0164     197008.8     1809.978  11.7638   0.0100    12.75    0.087 -79.55  16      160.3     10150.75     209.0417
       518    342.0752     18.9053     10831.95     499.2009  14.9132   0.0500     4.55    0.130 -25.14   3      60.32     6544.811     202.4196
       519    248.3053   1012.9079     20311.96     1357.951  14.2306   0.0726     7.05    0.288  58.42  18      23.35     1917.599     197.7057
       520    472.6340     16.5027     21605.33     1207.975  14.1636   0.0607     6.41    0.469 -20.00   2      21.17      1734.92     195.8395
       521    872.6829   1009.0164     43050.46     1741.359  13.4151   0.0439     9.82    0.208  -6.43  16      38.03     2838.444      199.307
       522    385.9240   1005.3604     167888.6     2656.545  11.9374   0.0172    12.66    0.147 -15.19  16      99.34     6612.431      203.565
       523    748.4553   1003.4430     142881.5     2276.824  12.1126   0.0173    22.81    0.127   0.61  16      107.7     6757.594     204.2592
       524    930.5797   1004.0767     132106.7     1822.777  12.1977   0.0150    10.32    0.127  -7.45  16      111.3     8089.199     205.7355
       525    320.4028   1009.5952     32675.84     1478.584  13.7144   0.0491    10.68    0.163  17.45  18      31.75     2139.551     198.5084
       526     50.5134     37.1526     26835.12     1585.777  13.9282   0.0642    10.51    0.353   6.42   0       23.5     1373.112     196.5272
       527    606.1908    989.1058     560346.6     2477.718  10.6289   0.0048    20.91    0.208 -44.01   0      375.2      25174.6     223.3295
       528      4.0336    996.4192     13319.56     827.4081  14.6888   0.0675     2.65    0.360 -62.38  16      18.87     2181.038     199.6465
