#   1 NUMBER                 Running object number                                     
#   2 X_IMAGE                Object position along x                                    [pixel]
#   3 Y_IMAGE                Object position along y                                    [pixel]
#   4 FLUX_AUTO              Flux within a Kron-like elliptical aperture                [count]
#   5 FLUXERR_AUTO           RMS error for AUTO flux                                    [count]
#   6 MAG_AUTO               Kron-like elliptical aperture magnitude                    [mag]
#   7 MAGERR_AUTO            RMS error for AUTO magnitude                               [mag]
#   8 FWHM_IMAGE             FWHM assuming a gaussian core                              [pixel]
#   9 ELLIPTICITY            1 - B_IMAGE/A_IMAGE                                       
#  10 THETA_IMAGE            Position angle (CCW/x)                                     [deg]
#  11 FLAGS                  Extraction flags                                          
#  12 SNR_WIN                Gaussian-weighted SNR                                     
#  13 FLUX_APER              Flux vector within fixed circular aperture(s)              [count]
#  14 FLUXERR_APER           RMS error vector for aperture flux(es)                     [count]
         1    590.7668    115.4113      1360978     2284.695   9.6654   0.0018    11.78    0.131 -11.72   0      910.5     80147.06      273.367
         2    252.2547     46.2930     127892.3       2276.1  12.2329   0.0193    20.70    0.175  47.98   0      92.04     17715.65     212.3087
         3    733.9666     29.1109     434673.4     2495.932  10.9046   0.0062    15.45    0.385  -2.67  18        303     22125.48     217.4677
         4    458.0972     30.6852     62976.36     2282.462  13.0021   0.0394    15.28    0.124 -37.43   2      41.81     2407.846     195.7796
         5    216.8483     25.2699     294848.1     1942.275  11.3260   0.0072    11.02    0.119 -26.74  16      244.9     17735.19     213.8275
         6    966.2560     24.0892     57691.31     1780.432  13.0972   0.0335    16.40    0.229   3.76   0      52.51     3600.163     197.1589
         7    359.0179     22.7576     58662.37     1414.259  13.0791   0.0262     0.00    0.477   8.24   2       77.4     21743.39     219.0197
         8    849.2388     21.1431     56971.11     2053.658  13.1109   0.0391    16.69    0.430 -19.25  16      42.13     2882.276     197.4104
         9    788.7853     19.5564     31594.16     1553.503  13.7510   0.0534     7.67    0.057 -65.33   0      27.11     1823.275     197.2689
        10     20.7542      7.9863     492775.7     2012.107  10.7684   0.0044    15.39    0.336 -35.57  26      334.4      19234.3     216.4004
        11    342.4017     13.6005     178054.9     2700.726  11.8736   0.0165    13.57    0.391  12.91  19      64.59     2447.694     196.9094
        12    478.6517     15.1941     20338.46     1287.723  14.2292   0.0688     5.42    0.332  -3.85   0      21.91     2146.765     197.1023
        13    147.3867     14.1193     26188.22     1460.927  13.9547   0.0606     8.65    0.466  57.02  18      25.03     1704.574     196.0498
        14    598.2625      4.6040     122810.2     1852.994  12.2769   0.0164    18.52    0.196  16.56  24        101       7297.4     202.9544
        15    768.0042     12.9498     12660.85     342.7251  14.7438   0.0294     4.30    0.065 -88.23   0        114     11989.41     207.6306
        16    778.5582      7.9808     45154.25     1674.074  13.3633   0.0403    11.91    0.073 -29.68  16      33.87     2515.779     198.0652
        17    330.7951      2.6156     176220.8     1569.443  11.8849   0.0097    17.24    0.544  -1.40  26      172.4     12860.02     208.5814
        18    498.6379      5.4318     25616.79     1294.831  13.9787   0.0549    11.16    0.222  10.42  16       27.8     2157.836      197.115
        19    715.8193      4.7771     40129.26     1571.764  13.4913   0.0425    11.85    0.469 -32.40  16      28.51     1802.594     197.2451
        20    688.0780      3.1788     51019.82     1537.429  13.2307   0.0327    13.58    0.487   4.27  26      41.02     2598.145     197.6221
        21    653.5511      4.4162      10297.6     714.1536  14.9682   0.0753     0.00    0.598 -46.37  24      25.61     4835.079     200.7088
        22    210.3171      2.1163     25503.57     923.0621  13.9835   0.0393    10.79    0.643  -3.89  24      36.91      3266.28     197.3135
        23    767.9046    976.1639     62332.54     2370.428  13.0132   0.0413    15.87    0.292  62.06   0      36.58     1609.792     193.7559
        24    952.6114   1022.0630     23753.67     1185.098  14.0607   0.0542     8.79    0.409 -13.22  24      22.82     1410.926     195.7091
        25    675.9593   1022.5142     16199.56     965.8797  14.4762   0.0648     7.57    0.467   6.97  24      21.28     1969.557     195.2702
        26    484.4168   1016.6819     284786.8     1902.345  11.3637   0.0073    11.58    0.201  -9.54  25      232.2     16947.16     212.9882
        27    914.0590    973.5511     25821.39      1584.87  13.9701   0.0667    11.10    0.299 -20.53   0      25.61      1777.46     196.1343
        28    725.9221    975.1156     14329.86     782.8889  14.6094   0.0593     0.00    0.193 -63.29   0      22.91     3131.137     196.0756
        29    352.4537    961.7506      2172835     2414.172   9.1574   0.0012     9.99    0.169 -13.58   0       1312       124780     307.5576
        30    226.5848    971.9937     47192.54     1948.887  13.3153   0.0448    11.30    0.281 -71.53   0      31.53     1639.624     195.9745
        31     63.0024    967.0270     134486.5     1877.233  12.1783   0.0152    20.64    0.063 -15.99   0      115.9     7936.734     204.1908
        32    970.9994    972.3496     36720.46     393.6918  13.5877   0.0116     0.93    0.170  89.97   0      200.5     37333.41     233.7316
        33    702.6460    969.6058     28075.33     1624.962  13.8792   0.0629    11.20    0.158 -60.34   0      26.22     1897.147     196.8142
        34   1008.0217    969.7958     30781.25     1752.882  13.7793   0.0618    11.92    0.294  -8.30  16      29.49     1832.118     196.1976
        35    380.6111    970.1959     22037.74      411.821  14.1421   0.0203     2.34    0.380 -26.39   0      139.1     18394.86     214.5275
        36    893.2230    966.1822     61352.48     1768.911  13.0304   0.0313    17.16    0.193  -2.85   0      55.71     3957.931     199.7131
        37    443.5704    963.7333     137398.9     2349.482  12.1550   0.0186    10.99    0.097 -11.40   0      101.7     6803.231      201.874
        38    475.3451    967.1976     29693.33      1475.96  13.8184   0.0540    10.99    0.395 -18.06   0      30.43     1768.311     196.1237
        39    586.1656    962.7597     33620.85     1610.946  13.6835   0.0520     2.37    0.604  25.74   2      34.13     3860.484     198.5334
        40    396.1049    963.0510     80873.39     2085.839  12.7305   0.0280    11.70    0.145 -38.39   2      66.08     3771.691     196.8167
        41    418.2823    962.0651     44972.55     1856.362  13.3676   0.0448    14.36    0.243 -53.31   0      39.18     2787.109     196.7608
        42    665.4292    959.7805     39751.38     1011.642  13.5016   0.0276    -0.18    0.256  79.96   0      87.53     18650.13      215.786
        43    523.2321    958.3146     35752.58     1774.634  13.6167   0.0539    10.68    0.201  47.27   0      29.56     2101.314     195.9671
        44    739.5880    957.1998     19806.38     1241.356  14.2580   0.0681     6.84    0.370  74.55   2       22.3     1588.367     195.9151
        45    288.8941    957.2112     5220.467      662.236  15.7057   0.1378     5.06    0.611 -40.72   0      11.88     2119.324       196.53
        46    282.7016    956.1163     44387.68     417.6557  13.3818   0.0102     0.00    0.312 -22.35   0      244.4     37986.13     232.9996
        47    202.7692    956.7061     8447.113     362.6335  15.1832   0.0466     1.49    0.224  52.46   0      60.02     7665.624     200.7337
        48     93.2911    948.8782     177279.7      1663.38  11.8784   0.0102    13.33    0.160 -11.32   0      159.9     11497.01     206.5766
        49    141.1686    953.7521     55013.05     447.8205  13.1488   0.0088     5.54    0.422 -56.35   0      299.3     50950.52     247.4785
        50    654.9325    952.6270     35620.79     606.0246  13.6207   0.0185     0.00    0.307  57.19   0        189     26712.29     223.1651
        51    611.9500    952.1818     23514.71      1326.93  14.0717   0.0613     7.39    0.419 -37.68   0      22.21      1568.96     196.9757
        52    996.8888    950.4620     19299.03     1346.113  14.2862   0.0757     5.33    0.221 -57.04   0      21.24     1891.893     195.1797
        53    541.6863    951.1523     31096.06     1598.989  13.7682   0.0558     8.85    0.245  -2.30   0      25.32     1298.609     194.4877
        54    850.9994    943.0031     261540.7     2528.966  11.4562   0.0105    12.22    0.151 -46.84   0      183.7     12883.72     208.6072
        55    804.9908    941.2057     552543.5     2526.722  10.6441   0.0050    10.34    0.130 -12.29   0      396.2     29515.58      226.002
        56    971.5006    934.6525     285839.4     1790.109  11.3597   0.0068    23.23    0.098  -9.35   0      245.1     17275.13     211.3338
        57    875.6917    936.5787     101716.6     1636.855  12.4815   0.0175    16.12    0.387  -8.35   0      107.5     18659.59     213.3168
        58     49.1124    936.9847     30335.48     1338.073  13.7951   0.0479    13.00    0.208 -32.89   0      31.29     2076.735     195.9386
        59     19.4987    928.7341     173947.7     2181.756  11.8990   0.0136    12.89    0.159 -16.66  16      137.1     9049.716     202.8199
        60    336.5955    923.4719     95958.88     1890.936  12.5448   0.0214     1.51    0.184  -5.46   0      83.51     4823.966     199.0996
        61    121.0033    925.9991     41915.09     538.8295  13.4441   0.0140     0.00    0.204 -89.93   2      262.4     40533.57     236.8229
        62    611.4340    909.1656     71828.41     2110.213  12.8593   0.0319    15.48    0.267  12.19   3      57.43     3965.469     199.7217
        63    629.1021    915.9103     382641.2     2268.807  11.0430   0.0064    24.46    0.178 -25.16   2      256.3     16859.56     211.3903
        64    797.1411    911.2380     459160.2     2552.922  10.8451   0.0060    26.35    0.087 -23.80   0      326.7     24094.63     220.4832
        65    178.6073    917.5878      95871.6     2409.231  12.5458   0.0273    11.14    0.111  -4.44   0      64.86     4484.542     199.2465
        66    670.9244    914.1451     191382.5     2256.649  11.7952   0.0128    12.65    0.200 -20.90   0      148.5     9859.258     204.7668
        67    540.9474    918.1869     21390.77     398.3262  14.1744   0.0202     5.07    0.330 -71.61   0      163.5      19729.8     216.4292
        68    393.4616    913.2579     260055.4     2639.977  11.4623   0.0110    18.97    0.326  81.25   2      168.4     10440.17     206.4438
        69    279.7812    917.0836     37094.67     1502.096  13.5767   0.0440    12.71    0.155 -31.89   0      38.15     2782.439     197.2954
        70    651.7883    918.5395     19309.15     824.0207  14.2856   0.0463     5.98    0.414  56.96   0      34.67     6976.741      202.595
        71    158.0464    906.9312     249720.8       2064.6  11.5064   0.0090    10.22    0.136  -9.17   2      202.5     14765.31     210.6472
        72    979.1091    909.0189     36737.72     1741.479  13.5872   0.0515    11.34    0.214 -28.38   0      28.78      1796.74     194.5228
        73    547.3801    907.2098        55850     1633.733  13.1324   0.0318    17.05    0.141 -18.56   0      49.28     2749.594     197.2576
        74      5.4294    889.4423     300964.9     1911.248  11.3037   0.0069    24.75    0.382 -83.61  27      251.4     17783.98     214.8718
        75     24.6492    888.1463     244337.3     2092.164  11.5300   0.0093    23.67    0.184 -10.22  19      197.8     13729.92     210.0342
        76    285.1508    898.0533     32975.32     1281.678  13.7045   0.0422    11.88    0.227 -10.90   0      34.82     2534.458     197.5488
        77    352.5545    896.8611     35502.67     472.8538  13.6243   0.0145     2.08    0.494 -61.92   0      140.3      30759.6     227.2496
        78    407.3441    890.9742     148208.4     2902.414  12.0728   0.0213    11.52    0.225 -14.90   1      71.74     4239.719      198.967
        79    800.9790    890.3353     62446.96     2150.412  13.0112   0.0374    11.06    0.116  -1.76   0      45.77      2787.43     197.8396
        80    739.8979    888.2793     124183.1     2911.515  12.2648   0.0255    15.65    0.316 -10.49   0      60.18     3519.905     197.0663
        81    639.7887    880.9628     84214.18     2687.875  12.6865   0.0347    17.30    0.385  -8.04   0      46.19     2499.552      198.583
        82    680.3622    882.7191      26012.1     1449.936  13.9621   0.0605     7.86    0.053   3.78   2      24.36     1733.289     196.0831
        83    169.9040    882.3003     22242.08     1406.505  14.1321   0.0687     8.41    0.132  47.40   0      21.97     1631.565     194.3297
        84    486.5607    881.8953     23274.86     1455.001  14.0828   0.0679     9.15    0.226  12.49   0      22.81     1423.925     193.5378
        85    947.3468    876.7510     64513.97     1357.649  12.9759   0.0229    17.83    0.073 -28.86   0      63.83     4546.459     199.8501
        86    896.0494    881.0219     11864.81     342.1968  14.8143   0.0313    -6.76    0.097  29.32   0      111.2     11192.43     207.7829
        87    162.0050    880.7828     32671.34     363.1466  13.7146   0.0121     0.90    0.138  89.02   0      197.3      32349.6     228.8342
        88   1003.0893    885.8077     30164.82     1332.067  13.8012   0.0480    12.76    0.051 -77.05   0      33.68     2324.429     196.7671
        89    417.1168    869.1252     401074.1     2417.034  10.9919   0.0065    11.66    0.158 -43.39   0        287     19457.93     214.1656
        90    327.4073    873.2830     92670.41     1417.839  12.5826   0.0166     1.97    0.118 -28.66   0      90.94     5839.786     201.3156
        91    867.2486    874.2351     14171.02     420.3086  14.6215   0.0322     0.00    0.380  45.08   0      100.9     11328.12     206.9055
        92    745.9968    864.8867     97427.52     2547.801  12.5283   0.0284    15.54    0.158  19.81   1       45.9     2381.609     197.3729
        93     23.7662    861.8067     66666.51     2143.425  12.9402   0.0349    16.13    0.225 -19.93   0      50.56      3671.33     199.3867
        94    254.3216    862.0778      35670.2     1698.035  13.6192   0.0517    13.47    0.237   6.89   0      32.35     2134.025     194.9165
        95    615.5423    853.9879     263495.1     3055.837  11.4481   0.0126    27.26    0.276  66.55   0      158.2     8494.864      204.291
        96     80.0223    859.3079     9606.706     417.8333  15.0436   0.0472     5.28    0.406  86.47   0      81.07     8123.479     201.7793
        97    505.0133    856.5108     92959.77     2451.636  12.5793   0.0286    11.40    0.050 -28.37   2      46.23     2592.816     195.9942
        98    915.0852    850.8920       204029     2801.481  11.7258   0.0149    23.64    0.006  83.39   3      123.5     8476.164     203.2259
        99    908.9509    838.0158     124617.3     2339.167  12.2611   0.0204    11.24    0.148   9.07   3      87.26     4569.723     200.4081
       100    999.6577    854.1451     134796.5     2424.994  12.1758   0.0195    14.16    0.272 -10.00  16      93.03     6291.498     202.3513
       101    659.7254    856.9047     32189.92     1635.325  13.7307   0.0552     8.93    0.301   6.62   2      27.64     1986.109     194.7439
       102    662.0013    851.1697     7213.549     481.6734  15.3546   0.0725     0.00    0.131 -88.24   2      49.79     4876.772      200.756
       103    485.6658    855.3441     48701.12     1955.874  13.2812   0.0436    10.23    0.116  -0.49   0      39.12     2836.182     197.3573
       104    879.1353    850.3229     71058.49     2466.916  12.8710   0.0377    15.12    0.350 -32.78   2      37.98     1705.806     195.5079
       105    212.0019    857.9977     41734.99     361.4913  13.4487   0.0094     0.00    0.000 -60.22   3      259.9     40438.76     236.7319
       106    213.1262    850.7144     62206.92     1921.791  13.0154   0.0336    17.49    0.222  -6.15   2      53.75     3497.447     196.4998
       107    744.1253    851.5394     83333.88     2769.673  12.6979   0.0361    19.85    0.410 -16.90   0      46.79     2171.916     196.5909
       108    126.1088    851.1015     50230.95     420.8233  13.2476   0.0091     0.00    0.256  31.26   0      281.2     46543.42     241.2022
       109    948.4387    848.1493     57315.14     1873.553  13.1043   0.0355    11.11    0.209   0.44   0      48.93     3532.588     198.6938
       110    102.9687    845.9077     54017.48     1897.138  13.1687   0.0381     0.00    0.295 -59.86   2      44.84     2116.249     194.3491
       111    247.3484    847.4151     29506.69     1532.511  13.8252   0.0564     8.70    0.242 -19.99   0      25.63     1958.487     196.8851
       112    332.4920    841.9073     55542.64      2286.38  13.1384   0.0447    15.68    0.423  25.60   2      34.71     2366.911     196.2749
       113    312.6193    846.1722     12385.47      419.342  14.7677   0.0368     0.99    0.061  -1.84   0      70.17     11048.14      207.625
       114    419.2613    843.2031     34783.66     1795.371  13.6466   0.0561    13.61    0.227  15.90   0      30.88     2157.643     197.1148
       115      8.2144    835.6693       101644     1930.587  12.4823   0.0206    18.54    0.122 -48.45  18      80.57     5664.229     201.1173
       116    839.0908    836.6910     120571.1     1886.858  12.2969   0.0170    19.37    0.253  -9.41   0        106     6142.315     200.5989
       117    301.4734    830.5651     336799.8     1940.336  11.1816   0.0063    25.21    0.080 -53.64   2      270.1     20141.28     216.3697
       118    302.9832    801.1317      1410604     2245.051   9.6265   0.0017    16.96    0.113  -6.44   3      905.7     76255.56     269.3235
       119    298.5280    785.8041     320790.2     1931.587  11.2344   0.0065    10.72    0.169 -12.82   3      254.6     16978.86      212.522
       120    777.7703    828.7406     188589.8     2371.313  11.8112   0.0137    15.61    0.165  30.94   0      127.6     6458.876     200.9572
       121    755.0341    833.2896     32188.27      1597.48  13.7308   0.0539    10.78    0.190 -31.71   0      26.83     1940.748     195.2366
       122    570.5898    831.4232     52158.38     2068.613  13.2067   0.0431    13.14    0.163   7.30   0      34.55     2117.294     197.0683
       123    881.2290    827.3353     6053.187     428.4951  15.5450   0.0769     2.97    0.460 -21.85   0      30.76     5183.854     200.0426
       124    176.4817    821.6939     33555.69     1496.237  13.6856   0.0484    14.11    0.086  62.62   0      31.95     2179.379     196.0576
       125    377.5418    824.0445     16803.59     952.1563  14.4365   0.0615     4.69    0.341  75.78   2      21.38     1816.202     196.1792
       126     81.2265    814.4206     267992.8     2645.692  11.4297   0.0107    16.49    0.182  -5.21   2      200.2     13086.72     209.8447
       127     92.8120    807.8920      35777.3     412.9436  13.6160   0.0125     5.27    0.358  29.94   3      226.8     32525.15     228.0775
       128    236.2113    815.5164     47167.14     1455.077  13.3159   0.0335    15.95    0.148 -59.04   0      46.51     3381.122     197.9838
       129    446.2280    813.0869     135673.6     2023.291  12.1688   0.0162    11.19    0.157 -26.36   3      109.1     7301.532     201.3804
       130    434.5109    808.7336     192121.6     2077.542  11.7911   0.0117     0.00    0.165   3.21   3      157.4     9139.141     203.4437
       131    707.6602    805.2544       542682      2168.93  10.6636   0.0043    25.34    0.082   5.09   0      411.4     30036.83     226.9947
       132    501.5417    812.0405     32806.93     1391.109  13.7101   0.0460    12.00    0.245 -19.12   0      33.36     2240.799     196.6705
       133    987.1306    807.3228     97981.88     2719.527  12.5221   0.0301    20.92    0.318  17.57   2      57.73     4058.946      197.687
       134    993.9990    803.0030     57315.36     371.1576  13.1043   0.0070     0.00    0.001 -13.71   7      318.5     56449.27     251.6337
       135    641.2693    808.8072     64247.38     2261.518  12.9804   0.0382    13.83    0.301  14.47   0       38.6     2085.128     196.4905
       136    112.0827    806.2072     106240.9     2023.929  12.4343   0.0207    18.43    0.124  -3.55   2      87.02     4675.485     199.9968
       137    597.7982    799.3987     34424.08     1655.033  13.6578   0.0522    13.96    0.258 -12.83   0      31.72     1788.966     196.1476
       138    477.3893    799.2267     43025.87     1461.726  13.4157   0.0369    15.10    0.240 -33.31   3      41.16      2919.58     197.9914
       139    464.3940    791.8118     151025.1     2577.463  12.0524   0.0185    22.29    0.417  -2.74   2      86.78     4150.527     198.8651
       140    569.6725    798.1633     16893.91     1264.181  14.4307   0.0813     4.75    0.157  -3.12   0      19.98      1588.75     195.9155
       141    145.9510    788.1840       123858      2563.68  12.2677   0.0225    21.02    0.256 -82.10   2      77.39     3584.641     199.2879
       142    884.6625    793.4976     10990.09     472.3211  14.8975   0.0467     4.24    0.547 -56.15   0      33.87     9027.469     203.3189
       143    525.1576    795.5674     14424.34     1181.057  14.6023   0.0889     7.10    0.432 -50.66   0      18.54     1669.072     197.0912
       144    657.5850    793.8182     45190.78     1462.063  13.3624   0.0351     9.50    0.402  73.99   0      39.84      7533.38     202.6943
       145    105.0395    790.0032     17195.42      345.719  14.4115   0.0218     4.29    0.052  -1.26   0      140.4     15955.94     212.9295
       146     43.5756    786.4402      16233.3     408.6051  14.4740   0.0273     1.51    0.281 -45.46   0      88.63     15306.65     212.2353
       147    948.2953    797.7097     46841.62     1814.571  13.3234   0.0421    15.17    0.186   3.85   2      40.15      2500.27     196.4292
       148    831.0005    781.6907      49430.7     2009.614  13.2650   0.0442    12.23    0.369 -52.43   0      31.44     1885.265     196.2592
       149    881.8522    780.5709     32399.42     1520.746  13.7237   0.0510    13.80    0.123  -7.75   0      32.86      1930.36     196.8526
       150      4.6099    775.6403     163182.4     1646.983  11.9683   0.0110    12.37    0.255 -88.14  26      133.3     9036.777     205.9288
       151    982.1554    779.8138      18760.3      1126.59  14.3169   0.0652     2.99    0.485  65.53   2      22.75      1950.37     197.4153
       152    971.9569    781.0504     27097.13     352.1682  13.9177   0.0141     4.34    0.085 -45.85   0      192.5     26383.44     223.3069
       153     57.8341    769.7393      1142884      2181.51   9.8550   0.0021     9.97    0.098 -12.27   0      795.9     66471.73     260.5286
       154    189.0038    775.5163     40044.26     1472.143  13.4936   0.0399     0.00    0.284 -86.75   0       36.7     4236.054     199.4968
       155    545.0019    773.9219     51685.52     367.6941  13.2166   0.0077     0.00    0.062  88.99   0      292.9     52455.65     248.0004
       156    326.4352    767.7715     41741.24     1779.889  13.4486   0.0463     7.01    0.078  68.15   0      34.86     2350.468     197.8754
       157    194.5923    766.1813     12774.57     456.0049  14.7341   0.0388     2.37    0.457  63.43   0      58.09     10839.39     206.3679
       158    870.9841    765.0195     56187.39     370.4663  13.1259   0.0072     0.00    0.038 -45.41   4      312.7      55200.6     250.9276
       159    833.3641    762.4647     33111.06     1456.536  13.7001   0.0478     7.71    0.414 -80.11   2      24.95     1451.003     195.7556
       160    445.9211    759.0297     17786.21     1307.771  14.3748   0.0799     8.50    0.499 -20.17   0       19.2     1492.653      195.804
       161    529.9941    756.3553     24875.92     386.7937  14.0106   0.0169     0.92    0.170  89.62   0      152.1     25013.83     221.9086
       162    779.0354    755.0561     11070.65     341.6689  14.8896   0.0335     0.00    0.101  59.17   0      99.27      9981.81     205.4213
       163    122.6264    752.7411      34006.2       1912.9  13.6711   0.0611    10.52    0.336  10.00   0      28.01     1971.834     196.9005
       164    305.3302    748.4247     103847.2     1768.356  12.4590   0.0185    10.51    0.129 -15.74   0      92.37     6293.648     201.2995
       165    612.1751    749.4017     20574.88     600.3555  14.2167   0.0317     0.00    0.466  73.43   3      90.64     11634.37     207.7543
       166    617.5374    749.1805     35408.98     1826.293  13.6272   0.0560     8.82    0.196 -35.28   2      31.08      2297.74     196.7363
       167    994.6185    745.6874     51076.92     1939.766  13.2294   0.0412    15.28    0.251  -1.89   0         41     2351.797     196.2574
       168    190.5314    743.9962     15039.66     842.0127  14.5569   0.0608     3.79    0.627 -61.14   3      30.32     5192.444     200.0523
       169    179.3419    740.2979     202640.3      2569.62  11.7332   0.0138    20.04    0.306  -2.63   2      134.6     7972.589     202.1363
       170    146.3859    743.8376     54259.15     2077.823  13.1638   0.0416    16.04    0.123 -74.99   3      42.29     2797.545     198.9238
       171    141.0046    731.6306     55752.74     1873.364  13.1343   0.0365    12.07    0.141 -15.52   2      47.71     3426.893     199.1079
       172      2.6358    744.2973     25821.12     1079.828  13.9701   0.0454     9.28    0.500  84.54  24       34.4     2938.103     195.3078
       173    331.4918    738.8793      65846.8     2016.752  12.9537   0.0333    14.73    0.219 -26.58   2      53.05     2359.763     196.2666
       174    849.4353    737.4276     73182.23     2207.677  12.8390   0.0328    19.67    0.176  83.39   0      54.41     2998.871     198.6187
       175     36.1210    742.0087     19590.62     1383.191  14.2699   0.0767     8.72    0.171 -25.06   0      22.39     1668.976     196.0086
       176    702.8469    739.9103     21070.87     1340.472  14.1908   0.0691    10.30    0.206 -58.18   0      23.92     1656.487     194.9055
       177    795.8212    729.4993      1013310     2188.725   9.9856   0.0023    13.29    0.032 -38.07   2      715.7      56994.3     250.4319
       178    804.6544    706.4112     109525.5     1823.864  12.4012   0.0181    10.73    0.241 -82.24   3      82.75     5478.077     200.9068
       179    591.2562    738.9777     11003.37     356.8553  14.8962   0.0352     1.03    0.155 -12.08   0      84.73      10875.9     206.4081
       180    572.6847    737.2334     32689.64     1677.145  13.7140   0.0557    11.14    0.247  21.48   0      28.19     1878.482     195.7085
       181    491.4784    727.3447     154678.1     2188.273  12.0264   0.0154    13.04    0.118   3.23   2      125.2     8236.815     202.4332
       182    481.7621    715.3848     50235.83     1886.843  13.2475   0.0408    15.29    0.176   9.39   3      40.39     2484.238     198.5655
       183    625.9338    724.9844     97830.36     2815.615  12.5238   0.0313    20.49    0.270 -29.11   0      52.79     2567.321     197.0474
       184    601.3437    726.0186     50788.45      1671.66  13.2356   0.0357     0.00    0.360  -4.80   2      49.34     6222.244     201.7469
       185    272.5352    727.0735     31234.22     1577.237  13.7634   0.0548    11.88    0.346 -10.33   2      30.19     2058.319     195.9172
       186   1008.6526    719.3410       104494     2446.191  12.4523   0.0254    19.42    0.175 -38.20  18       69.3     3482.922     199.1718
       187    581.0225    724.0134     23841.82      350.061  14.0567   0.0159     4.27    0.045  28.42   0        180     22833.69     219.6644
       188    953.4345    704.7631     180280.3     3032.149  11.8601   0.0183    26.31    0.381  62.66   0      105.7     5006.679     200.3728
       189    187.4818    733.7140     12076.52      467.185  14.7951   0.0420     3.55    0.315  42.76   3      53.05     8970.057     203.7775
       190    349.7143    705.4861     6774.228     625.6108  15.4229   0.1003     4.49    0.468 -63.48   2       18.1     3137.565     197.1652
       191    353.9460    725.9142     9269.854     626.5168  15.0823   0.0734     2.76    0.284 -15.75   0      25.17     4096.878     197.7306
       192    713.9094    705.8134     22859.93     378.6472  14.1023   0.0180     4.81    0.260  64.13   0      165.5      20184.7     215.4299
       193    626.0328    698.4894     134596.4     1857.305  12.1774   0.0150    21.05    0.180 -16.37   2      117.2         8099     201.7518
       194    614.2051    699.9805      15835.1     381.4445  14.5009   0.0262     0.00    0.244  -5.55   3        124     14011.69     209.8325
       195    846.3985    699.1552     27366.95     1329.591  13.9069   0.0528    12.19    0.125 -10.91   2       29.4     2011.238     197.4854
       196     53.2683    697.3282      75211.7      1860.06  12.8093   0.0269    12.08    0.171  20.85   2      61.29     3860.729     197.9971
       197     42.8796    690.9838     31674.16     1602.394  13.7482   0.0549    11.72    0.092   2.80   3      30.03      2029.42     196.4261
       198    475.5336    698.2498     30388.48      1695.76  13.7932   0.0606    12.16    0.388 -45.13   0      28.26      1634.37     195.9684
       199    136.3331    696.7122     29184.46     1525.505  13.8371   0.0568     9.48    0.088 -29.63   0      29.41      1941.51     195.2375
       200    723.9921    697.0104     29451.04      353.684  13.8272   0.0130     0.00    0.039 -62.49   0      207.9     28749.39     225.2302
       201    333.8636    692.8387     28534.27     1603.608  13.8616   0.0610    11.59    0.141  32.03   2      27.44     1673.946     196.0143
       202    602.0135    697.0082     33986.41     356.5865  13.6717   0.0114     0.00    0.041  31.59   0      226.6     32344.79     228.8294
       203    457.9428    711.8648     14391.13     366.3399  14.6048   0.0276     0.00    0.184  62.31   0      114.6     12258.63     207.9251
       204    642.0450    687.7994     18276.37     1063.335  14.3453   0.0632     3.08    0.513 -84.94   0      23.59     3295.586      198.958
       205   1020.9872    685.0774     14780.05     984.6388  14.5758   0.0723     5.93    0.254   7.51  18      20.73     1985.967     196.3758
       206    353.8239    686.1007     31533.68       1684.9  13.7531   0.0580    12.04    0.269  39.72   0       28.9     1672.352     193.8293
       207    268.9330    687.8922     9700.586     667.7666  15.0330   0.0748     0.00    0.177  63.04   0      19.85     3529.243     197.6162
       208    616.1418    665.8014     177587.2     2289.204  11.8765   0.0140     0.00    0.383 -37.99   3        148     9795.502     205.7328
       209    597.6763    679.6266     209623.8      2131.25  11.6964   0.0110    11.09    0.122  -3.01   3      169.3     11090.86     206.6447
       210    568.4186    678.1271     128504.7      2599.12  12.2277   0.0220     0.00    0.323 -36.23   0      81.65     4890.532      200.241
       211    395.0865    674.3412     124501.2     2544.995  12.2621   0.0222    11.99    0.157  -4.21   3      76.59      5132.14      198.917
       212    717.0188    680.8158     16360.53     395.4457  14.4655   0.0262     0.00    0.310 -85.82   0      127.9     14290.99     210.6405
       213    370.4197    673.0598     188405.6     2199.042  11.8123   0.0127    22.03    0.143 -19.45   0      151.1     10318.81     205.7938
       214    419.7498    671.2348     140448.1     2386.837  12.1312   0.0185    13.63    0.281 -19.24   0      100.8      6499.71      201.532
       215    923.2560    674.5521     19800.73     852.7059  14.2583   0.0468     6.65    0.179  83.43   0      40.13     8100.315     203.8516
       216    852.7795    666.7917       218664     1881.751  11.6506   0.0093    11.69    0.094  -2.14   0      184.4     13198.83     208.9502
       217     79.3243    666.4305     464655.3     2490.131  10.8322   0.0058    11.23    0.116   0.55   3      316.2      22921.2     219.2703
       218     84.1852    649.8029     273082.6     3388.342  11.4093   0.0135    23.92    0.292 -32.08   3      123.6      8416.19     203.6818
       219    531.6304    671.8422     4918.443     360.4152  15.7704   0.0796     3.96    0.460  43.39   0      38.59       3747.2     199.4732
       220    733.3186    666.5936     41403.14     1988.746  13.4574   0.0522    11.85    0.346 -81.69   2      26.66     1517.893     196.3758
       221    484.3079    664.5958     44014.05     1817.147  13.3910   0.0448    14.96    0.198 -28.50   0      37.64     2537.532     197.0131
       222    768.9106    664.2651     17817.11     567.3959  14.3729   0.0346     0.00    0.300 -74.12   0      94.39      10868.6     205.3666
       223    340.2307    663.1481     29372.67     1570.208  13.8301   0.0581    11.20    0.114 -75.78   0      29.44     2001.787     196.3941
       224     44.3550    662.3803     55546.04     1706.937  13.1384   0.0334    11.16    0.144 -11.26   0      48.61      3287.55     198.9488
       225    793.0488    664.0275     20296.85     347.7519  14.2314   0.0186     4.33    0.090  28.51   0      161.3     19209.85     216.3747
       226    472.5790    659.8602     11239.01     449.3586  14.8732   0.0434     2.29    0.455 -64.44   0      49.52     9229.471     204.5872
       227    122.0653    650.1619     174499.8     2176.932  11.8955   0.0135    16.49    0.377  21.35   0      124.9     8022.196     203.2417
       228    769.9449    655.3270     6350.006      346.282  15.4931   0.0592     1.25    0.134  85.05   0      45.65     6222.053     200.6892
       229    842.0699    645.5027       220414     2228.757  11.6419   0.0110    12.55    0.141  -5.72   0      175.1      12701.2     206.8712
       230    596.9877    647.2971     34584.75     1485.691  13.6528   0.0467    14.07    0.156 -32.58   0      33.34     2289.099     196.7263
       231    365.3287    643.3364     118772.6     2410.287  12.3132   0.0220    20.05    0.152   6.80   0      82.99     5395.142     199.7506
       232    349.1151    649.0007     7655.821     339.3898  15.2900   0.0481     4.36    0.104  -4.96   0      75.09     7110.374      203.269
       233    526.1622    644.3188     39185.08     1898.164  13.5172   0.0526    12.84    0.256 -34.84   0       31.5     2044.018     195.9006
       234    699.5811    643.7076     63696.83     2359.313  12.9897   0.0402    15.35    0.262   7.10   2      41.67     2359.427     195.1791
       235    688.5501    642.0338     59430.33     2261.034  13.0650   0.0413    13.54    0.083 -83.47   3      42.23       1946.6     196.3302
       236    982.5718    639.0547     151468.2      1915.73  12.0492   0.0137    10.56    0.140 -14.36   0      130.8     9696.955     205.1059
       237    293.7031    634.4915     318093.5     1883.865  11.2436   0.0064    10.80    0.110 -21.56   0      258.3     18358.04     213.4941
       238    248.3189    640.8715     29167.72      1450.43  13.8377   0.0540     7.31    0.318 -51.61   0      24.64     1572.111      194.807
       239     71.6743    631.6626       139797     1833.444  12.1363   0.0142    15.82    0.171 -16.50   0      120.4     8222.332     203.4654
       240    171.0720    629.9830     125033.3     1622.153  12.2574   0.0141    11.33    0.130 -20.62   0      114.4     8342.055     204.1209
       241    865.4208    632.8353     26803.34     1516.406  13.9295   0.0614     9.61    0.413 -63.83   0      24.49     1684.445     197.6479
       242    203.7512    628.7522     31937.77      442.011  13.7392   0.0150     0.00    0.398  45.32   0      202.7     27893.62     225.3113
       243    188.9549    625.4077     13889.77     819.2847  14.6433   0.0641     1.86    0.383  83.40   0      24.04      4747.21     200.6093
       244    935.5492    618.5433       164460     1808.773  11.9598   0.0119    10.36    0.143  -8.94   0      140.2     9940.891     205.8934
       245    639.7844    616.4941     111594.8     1845.863  12.3809   0.0180    19.79    0.164 -17.84   0      98.02     6492.771     200.4656
       246    567.4296    622.0688     7049.694     390.0579  15.3796   0.0601     2.28    0.322   0.90   1      42.67     6532.244     201.5687
       247    127.8109    619.6019     25518.31     1089.572  13.9829   0.0464    11.39    0.138  30.11   2      28.92     2054.534     196.4551
       248    610.2999    615.9423     39828.99     1728.086  13.4995   0.0471    12.33    0.161  17.93   0      33.55     2236.781     195.0362
       249    248.7113    613.7540     35888.24     1742.895  13.6126   0.0527     9.95    0.200  66.09   0      28.04     1425.688     194.6361
       250    806.0492    611.4821     32140.86     1681.822  13.7324   0.0568    10.45    0.122 -45.17   0      27.47     1753.623     195.0187
       251    881.3015    601.4194     61636.36     1729.414  13.0254   0.0305    11.66    0.057  64.29   2      54.74     3698.784     196.7325
       252    561.4846    605.5242     40294.71     1521.926  13.4869   0.0410    12.24    0.061  29.82   2      38.87     2837.567     195.7351
       253    449.1291    600.7480       220146     2547.265  11.6432   0.0126    10.85    0.117  -4.04   0      158.5     10962.19     205.9873
       254    411.0855    604.9286     49920.14     990.0339  13.2543   0.0215     0.00    0.459 -25.37   2       71.4     8068.635     202.2443
       255    199.7029    600.7176      7685.38     376.5574  15.2858   0.0532     2.08    0.302  45.91   0      50.26      7202.54     201.2686
       256   1019.2731    595.7626     43964.61     1166.383  13.3922   0.0288    11.09    0.030 -17.64  24      49.94      3597.19     198.2317
       257     86.0936    590.6522     332892.1      2029.66  11.1942   0.0066    23.10    0.097 -10.75   2      277.2     18046.97     212.6631
       258     27.5242    596.0547     33421.98     1789.262  13.6899   0.0581    11.64    0.165  66.68   0         28     1895.534     195.7283
       259    620.5207    591.1910     93139.83     2473.255  12.5772   0.0288    13.50    0.287 -39.97   0      59.17     3752.386     198.4096
       260    306.2401    594.8882     23070.86     1389.517  14.0923   0.0654    10.89    0.388  36.52   0      25.86     1666.657     194.9173
       261    145.0329    588.9990     24807.09     350.6872  14.0136   0.0154     4.25    0.048  -0.42   0      190.9      24216.6     221.5712
       262    986.8088    584.1813      32818.8     1371.859  13.7097   0.0454     0.00    0.256  -7.45   2       37.3     4591.913     199.3689
       263    705.0381    583.1221     5685.002     475.3895  15.6132   0.0908     5.35    0.605 -89.13   0      19.76     2734.633     197.2403
       264    422.6656    580.8602     143112.8     3229.097  12.1108   0.0245    18.76    0.286 -26.97   2      58.01     2940.858     197.4778
       265     65.9974    579.1404     88028.79     2235.534  12.6384   0.0276    11.51    0.102 -10.36   2      63.88     3673.048     198.8544
       266    784.3516    575.0532     31216.32     1595.676  13.7640   0.0555     9.35    0.309  86.73   2      27.01     1682.015     196.5656
       267   1016.4053    569.9462     64829.02     1690.959  12.9706   0.0283    11.05    0.136 -10.05  16      59.26     4015.584     199.2455
       268     42.7583    566.9331     67825.19     2030.118  12.9215   0.0325    17.31    0.324 -62.89   0      55.07     2258.547      196.691
       269    723.7772    564.7720     63116.49      2064.67  12.9996   0.0355    11.99    0.270  24.48   2      48.97     2976.726     198.5934
       270    937.4756    567.2023      19730.7     1316.216  14.2621   0.0724     6.29    0.067  10.55   0      22.18     1873.674     196.2458
       271    810.1746    564.1757     46953.64     1637.375  13.3208   0.0379    11.79    0.205  -4.83   0      42.78     3059.056     198.6876
       272    564.7715    557.3090     686837.9     2336.941  10.4079   0.0037    27.66    0.021  13.91   0      484.2     33737.05     228.8175
       273    978.1210    564.2997     31465.05     1318.241  13.7554   0.0455     8.49    0.172 -21.73   0      33.67      2587.69     195.4447
       274    212.7085    562.2126     41526.33     1549.815  13.4542   0.0405     0.00    0.212  19.94   2      42.42     2200.334     195.5386
       275    185.8304    561.9973     21407.34     348.4769  14.1736   0.0177     0.84    0.121  -0.38   0      154.1     21361.35     218.6229
       276    883.9221    550.4415     273941.9     2291.797  11.4059   0.0091    10.72    0.052   1.66   2      204.2     13935.48     209.7499
       277    769.7498    555.8478     124248.5     3183.798  12.2643   0.0278    21.94    0.372  57.67   0      53.77     3079.451     198.1748
       278    420.3564    557.2714     62853.25     2118.054  13.0042   0.0366    12.73    0.265  -4.10   2      39.64     2152.307     196.5682
       279    400.6814    553.8016     97133.75     2125.487  12.5316   0.0238    12.61    0.163 -15.56   2      74.67     4343.102     199.6187
       280    157.3565    553.6706     74449.56     1854.238  12.8203   0.0270    13.08    0.093   5.68   0      63.68     4202.259     198.9242
       281    254.4901    550.0878     116499.3      2428.76  12.3342   0.0226    22.01    0.048  21.52   0      82.87     5369.541     199.7215
       282    476.4230    549.5389     23517.82     1378.059  14.0715   0.0636     7.43    0.253 -62.31   0      22.11     1563.088     195.8857
       283      7.7790    531.8395      3401390     2180.282   8.6709   0.0007    10.87    0.092 -78.27  24       1902     216537.7     369.7638
       284    151.0605    543.8391     54867.57     410.5621  13.1517   0.0081     0.00    0.299 -71.33   0      300.7     51477.34     247.1022
       285    941.0312    540.2885     27961.84     1382.644  13.8836   0.0537     7.22    0.175 -24.90   2      25.57     1721.118     194.9808
       286    547.4008    531.8200       309814     2130.703  11.2722   0.0075    13.70    0.111 -23.19   0      240.1     16313.39     212.3109
       287    252.1652    534.2341     30786.46     1640.002  13.7791   0.0579    12.05    0.196  -2.35   0       28.9      1938.96     197.4022
       288    452.1384    531.2582     66610.36     1913.992  12.9411   0.0312    10.18    0.153 -19.58   2      56.62     3019.573     198.1061
       289    669.6524    540.3588      55810.1     1497.839  13.1332   0.0291    12.78    0.111  -7.08   0       50.9     3355.375      198.491
       290    438.0072    532.7521     5497.744     458.2053  15.6495   0.0905     3.99    0.535 -89.64   0      24.34     4064.955     199.3018
       291     92.5761    528.9944     57873.23     1990.627  13.0938   0.0374    12.14    0.458  12.21   3      42.77      1996.58      196.929
       292     79.5730    528.9645       110558     2566.649  12.3910   0.0252    18.48    0.263  -4.97   2      65.67      3573.76     199.2755
       293    348.2607    551.0908     36729.27      1704.43  13.5875   0.0504    13.63    0.134  80.62   0      33.54     2177.561     195.5121
       294     64.4473    518.6004     58722.89     2106.277  13.0780   0.0390    12.97    0.063  30.56   0      37.09     2224.102     196.6512
       295    714.7781    512.0027     49816.31     1514.592  13.2566   0.0330    11.35    0.089  25.40   0      47.98     3430.626     198.0407
       296    979.4058    505.9729     88529.55     2467.448  12.6323   0.0303    17.73    0.260  -9.11   0      58.41     3649.102      198.827
       297    727.3943    509.4197     14588.72     456.9082  14.5900   0.0340     2.88    0.495  46.77   0      86.78     11050.44     206.6002
       298     56.7966    508.2872     48508.47     1863.943  13.2855   0.0417    10.86    0.153  48.11   0      29.41     1675.095     196.0157
       299    512.9355    504.0309     34836.48     1318.822  13.6449   0.0411     6.65    0.192 -22.18   0      36.52     2370.658     196.8205
       300    947.4532    498.6934     144547.6      2244.83  12.1000   0.0169    20.52    0.085  21.50   0      101.6     6240.744     199.6475
       301    112.7031    490.2188     130305.8     2157.572  12.2126   0.0180    18.82    0.197 -28.06   2      91.04     4972.181     198.1981
       302     29.9284    485.5353     663982.1     2180.384  10.4446   0.0036    11.17    0.069 -16.63   2      471.2     35481.01     231.4642
       303    626.4421    490.3980     109461.6     1921.844  12.4018   0.0191    17.94    0.169 -11.40   0       96.4     6996.634     203.1417
       304    980.9810    493.4184     36794.08     1744.538  13.5856   0.0515     8.74    0.226 -34.44   1      30.79     1711.972     197.1407
       305    476.8096    495.8364     8442.784     595.7451  15.1838   0.0766     4.90    0.280  37.23   0      24.58     4137.944     199.9179
       306    214.9764    493.9546     51179.91      374.551  13.2273   0.0079     0.00    0.130  60.05   0      301.8     51210.08     247.7168
       307    197.0017    486.7102     5916.354     345.9973  15.5699   0.0635     1.22    0.125  84.29   0      51.47     6477.042     201.5064
       308    855.1830    475.8828     737874.3     2147.586  10.3300   0.0032    10.80    0.157 -11.13   3      532.2     39629.52     235.9537
       309    849.3494    463.4052     533251.4     2301.246  10.6827   0.0047    10.88    0.172 -17.82   3      367.1     25489.63     222.3954
       310    898.1025    473.2332     50942.38     1649.256  13.2323   0.0352    10.05    0.108   5.62   0      48.47       3324.4     195.7568
       311    429.1887    473.0560     28556.74     1477.586  13.8607   0.0562     9.30    0.160 -82.82   0      29.23     2025.807     196.9628
       312    301.4188    475.9829     9705.158     417.8868  15.0325   0.0468     2.17    0.389   4.22   0      54.36      7757.02     203.4685
       313    190.0684    461.6941     648204.3     2156.654  10.4707   0.0036    11.10    0.081  -2.98   2      475.2     35359.45     231.3448
       314    379.4381    469.7087     69966.27     2309.796  12.8878   0.0359    12.62    0.365  -9.50   2      35.83     1630.311     194.3282
       315    970.6391    460.8600     156530.2     2198.166  12.0135   0.0153    12.11    0.167 -13.33   6      133.1     6026.928     200.9981
       316    248.0024    461.6313     80195.91     418.0368  12.7396   0.0057     0.94    0.174 -89.83   0      326.6     80275.34     273.0844
       317    566.9911    456.5189     40351.63     1909.479  13.4853   0.0514    14.09    0.222   3.17   0      31.85     2091.895     196.4983
       318    521.2006    457.9978     69600.74     510.2618  12.8935   0.0080     3.32    0.530  -0.08   0      262.1     51255.57     246.8982
       319    492.7614    452.0386     92386.95     1667.765  12.5860   0.0196    10.61    0.150 -23.48   0      83.18     5714.891      200.645
       320    890.5479    450.0113     147576.3     2133.368  12.0775   0.0157    10.50    0.172  -8.23   0      124.1     8814.203     204.6459
       321    865.7808    454.9970     43072.35     492.9396  13.4145   0.0124     3.24    0.525  -0.31   0      182.3     30658.36     227.1483
       322      4.5580    449.7077     121898.7     1133.212  12.2850   0.0101    14.58    0.370 -34.56  18      196.1     54455.55     248.5456
       323    251.8257    449.0272     85795.88     1939.721  12.6663   0.0246    16.08    0.386 -46.14   2      71.37     4037.493     199.8036
       324    215.6722    442.4609     308548.2      2389.47  11.2767   0.0084    10.30    0.133 -12.68   0      231.3     15945.93     211.9171
       325    956.7936    477.3386      20634.5     798.1592  14.2135   0.0420     4.28    0.561 -33.32   0      60.43     10613.88     206.6349
       326    105.8938    440.4868     130651.6     2042.355  12.2097   0.0170    21.00    0.236  -5.95   2      97.41     6350.309     200.8344
       327    670.5588    443.8135     3847.879     374.2341  16.0369   0.1056     2.36    0.530 -62.49   0      21.23     3653.134     199.8989
       328    650.1877    435.5862     49747.73     1727.851  13.2581   0.0377    10.67    0.151  32.00   2      46.69     3276.684     197.8639
       329    325.4193    434.7246     42019.27     1649.639  13.4414   0.0426    10.07    0.061   6.91   0      40.07     2987.157     198.0689
       330    474.8516    434.8548      24224.8     1478.719  14.0393   0.0663     9.81    0.142  45.51   0         24     1466.668     196.8577
       331    795.8618    422.9188     533734.6     1961.912  10.6817   0.0040    11.03    0.110  -6.71   0      417.1     31227.58     226.7808
       332    938.9642    429.0219     41408.49     1841.539  13.4573   0.0483    13.24    0.366  -1.81   0      32.58     1949.467     197.9524
       333    417.0026    430.2516     23962.37     357.6546  14.0512   0.0162     0.93    0.151  89.58   0      157.5     24092.54      220.481
       334    231.0754    417.8285     219772.4     2537.817  11.6451   0.0125    15.64    0.212 -23.72   3      156.5     10667.44     206.1785
       335    239.8693    407.6073     56584.58     1857.783  13.1183   0.0357     4.79    0.151 -27.59   3      41.97     4197.654      198.919
       336    418.8748    417.8424     79371.22     2173.106  12.7508   0.0297    11.46    0.175   0.50   0      61.71     4041.053       198.74
       337    256.6365    412.3704     163096.9     3510.628  11.9689   0.0234    12.25    0.118 -31.09   1      86.59     2854.449     198.4534
       338     74.4909    415.3387     4884.575     486.0761  15.7779   0.1081     4.68    0.598 -53.69   0     0.5262      4366.81     198.0406
       339    926.1070    415.0383     8047.223     347.3941  15.2359   0.0469     4.46    0.165  29.22   0      74.71     6908.504     199.8746
       340    578.1301    411.8123     5964.119     686.1562  15.5611   0.1249     2.96    0.442 -81.73   0      14.52      2504.25     196.9747
       341    600.1719    411.4214     16359.23     982.2994  14.4656   0.0652     5.01    0.432 -71.85   0      20.82     2304.095     197.8221
       342     98.4320    411.1141     9319.344     702.5758  15.0765   0.0819     1.95    0.275  16.00   0      19.08     3726.427     197.8428
       343    734.1137    402.4202     153984.1     1988.238  12.0313   0.0140    11.75    0.132 -12.33   2      127.6     8610.217      202.852
       344    431.9604    397.4126     138118.8     2763.599  12.1494   0.0217    15.01    0.216 -16.55   0      73.95     4958.524     201.3776
       345     20.7240    400.4265     15857.24     512.3815  14.4994   0.0351     3.84    0.587 -18.35   0      51.59     6570.923     201.6123
       346    264.8651    386.4935     918919.6     2231.963  10.0918   0.0026    10.03    0.123 -16.20   2      628.8      49337.7      244.692
       347    146.5461    388.4749     352354.5     2027.908  11.1326   0.0063    10.75    0.133 -11.71   2      282.4     20251.48     215.9935
       348    805.1227    396.9085      17251.1     353.3642  14.4080   0.0222     0.00    0.139 -36.01   0      136.8     16852.08     211.8849
       349    753.0782    392.0973     59201.64     1360.674  13.0692   0.0250     0.00    0.351 -38.14   0      80.98     13572.74     208.3377
       350    322.0705    388.1544     153720.8     1845.286  12.0332   0.0130    11.16    0.153  -4.11   0      135.1     9247.854     204.6077
       351    116.5751    389.8651     61661.14     2243.546  13.0250   0.0395    14.79    0.298 -27.43   0       37.8     2605.204     197.6302
       352   1016.6117    385.1864     33015.04     1648.398  13.7032   0.0542    11.04    0.199 -78.65  16      28.32     1673.502     196.0138
       353    449.6277    385.4203     40016.06     1861.479  13.4944   0.0505    11.66    0.441 -41.93   0      28.19     1721.607     197.1518
       354    653.7451    386.5111     25845.11     1468.138  13.9691   0.0617    10.17    0.246  -7.30   0      26.22     1800.952     195.0738
       355    521.7391    384.3753     35927.69     1783.626  13.6114   0.0539    10.88    0.133  35.76   0      28.82     1780.277     196.6792
       356     37.4388    380.9089     121279.6     2564.489  12.2905   0.0230    14.33    0.320 -28.65   0      79.75     4735.582     198.4634
       357    836.3544    384.6393     35974.18     1640.721  13.6100   0.0495    10.07    0.275  67.60   2      31.17     2119.444     195.9881
       358    421.7775    379.2560      68947.5     2238.351  12.9037   0.0353    12.56    0.153 -29.35   0      47.34     2681.135     197.1787
       359    437.9995    382.0155     52902.83     368.4458  13.1913   0.0076     0.00    0.016  87.72   0        301     52238.76     247.8016
       360    750.5959    375.1946     109182.5      1797.38  12.4046   0.0179    10.08    0.091  -9.55   0      97.09     7223.521     202.3466
       361    986.7123    374.1013     54096.63       1172.9  13.1671   0.0235     0.00    0.300  47.03   0      111.8     18033.06     212.6482
       362    643.5780    371.5235     45576.66     1853.568  13.3531   0.0442     9.09    0.034  29.97   0      36.16      3032.96     198.1215
       363    377.0623    372.3719     36349.59     1690.277  13.5988   0.0505    12.55    0.294 -31.24   2      32.38     2173.442     196.0507
       364     11.2596    363.1249     448883.3     2055.587  10.8697   0.0050    26.29    0.088  16.67  24      340.4     24353.62     220.2675
       365    956.5462    369.7174     37133.36     1842.455  13.5756   0.0539    11.78    0.275 -18.72   0      28.82     1863.462     195.1466
       366    867.8612    366.3696     83254.73     2238.615  12.6990   0.0292    18.08    0.281 -17.71   3      61.27     4177.237     198.8956
       367    880.1477    360.6656     42812.42     1897.197  13.4211   0.0481    13.64    0.233  -9.37   3      34.44     2241.777     196.6716
       368    173.9255    366.9367     6836.108     346.6009  15.4130   0.0551     4.48    0.165  28.61   0       60.8     5764.099     200.7007
       369    916.7184    382.5142     68622.15      1707.12  12.9088   0.0270    18.16    0.252 -30.12   0       59.7     4161.844     198.3424
       370    343.7151    361.6611     36908.23     1626.197  13.5822   0.0478     9.44    0.211  -3.56   0      36.88      2821.68     196.2594
       371    594.0501    358.8139     59501.43     2031.806  13.0637   0.0371    15.18    0.257 -26.28   3      48.75     3141.667     198.2461
       372    602.3913    348.9864      58316.7     2117.567  13.0855   0.0394    14.31    0.115 -42.64   3      43.87     2772.598     197.2841
       373     36.8564    357.2749     102148.4     2219.063  12.4769   0.0236    17.25    0.287 -24.96   1       79.7     5209.741     199.5395
       374    850.6285    358.5696     43400.43     1964.757  13.4063   0.0492    13.73    0.428   3.46   0      33.23     2074.027     197.5576
       375    249.9981    353.9716     34139.88     356.6843  13.6668   0.0113     0.00    0.024 -86.82   0      228.6      33781.6     231.1743
       376    885.0186    350.0345        20768     348.0597  14.2065   0.0182     0.00    0.055  62.30   0      164.2     19747.65     217.4287
       377    158.3265    346.6283     80659.62     2019.738  12.7334   0.0272    17.26    0.306   6.47   0      62.26     4347.727     199.0903
       378    383.8499    336.3399     68425.84     1430.777  12.9119   0.0227    10.56    0.165  -5.20   0      65.46     4485.122     199.2471
       379    967.2159    336.7659     36440.22     1800.018  13.5960   0.0536    11.08    0.441 -13.51   0      27.99     1596.919     197.5473
       380    657.9012    327.0646     267753.3      2339.43  11.4307   0.0095    23.41    0.189 -19.30   2      188.7     13067.26     207.2729
       381    801.4556    332.2222     31734.57     1677.016  13.7462   0.0574    11.04    0.413  -2.46   0      27.87      1981.61     196.3707
       382    752.7891    334.9062     225301.8     3080.746  11.6181   0.0148    26.62    0.459 -43.63   2      131.2     4431.594     199.1861
       383    598.0679    329.0367     8836.734     340.1797  15.1343   0.0418     4.40    0.129  29.66   0      82.78     7814.834     203.0097
       384    475.5758    323.5812     22487.16     1419.719  14.1202   0.0686     8.30    0.129  39.08   0      22.49      1627.49     197.0432
       385    807.8641    314.7852     298918.6     2400.771  11.3111   0.0087    24.62    0.265 -18.90   2      216.1     15221.12     211.1384
       386    611.9350    315.8052     184282.2     2049.613  11.8363   0.0121    22.03    0.133  -8.27   2      151.9        10090     206.0579
       387    600.9478    314.0728     11810.08     357.3687  14.8194   0.0329     0.00    0.186 -44.60   3      95.91     9756.485     204.6527
       388    205.1786    315.6318     137378.9     2274.709  12.1552   0.0180    10.88    0.164 -14.33   0      104.4     7242.596     203.4167
       389    549.4342    317.4818     49777.12     2134.169  13.2574   0.0466    14.58    0.084  25.09   0      34.76     2289.952     196.1857
       390    980.3470    317.1608     46154.53     2034.239  13.3395   0.0479    14.17    0.234  -0.87   0      33.75      2383.02     197.3745
       391    849.8867    314.5342     62674.29     2222.209  13.0073   0.0385    14.59    0.178  45.31   0      38.84      2975.89     196.4379
       392    687.7504    312.9316     37662.92     1634.459  13.5602   0.0471    12.01    0.125   4.13   2      35.36     2078.781     196.4832
       393    751.3076    308.0790     94255.81     1928.338  12.5642   0.0222    11.89    0.139  -1.21   4       83.9     5703.296     200.1009
       394    652.6759    311.8860      15356.5     835.7576  14.5343   0.0591     3.55    0.413 -10.67   0      30.56     5649.002     198.9727
       395    389.7635    306.1363     21467.38     1412.042  14.1706   0.0714     9.81    0.230 -33.66   0      23.23     1708.034     196.0538
       396    988.6568    299.1190     176083.1     2170.981  11.8857   0.0134    10.30    0.173  -2.74   0      148.4     10412.23      204.861
       397    328.1731    305.1298     6947.255     396.7592  15.3955   0.0620    -2.30    0.346  37.64   0      69.74     6208.064     201.2028
       398    831.2080    295.3700     353724.2     4723.951  11.1283   0.0145    27.68    0.341  61.19   3      108.5     3283.293     198.9439
       399    834.6646    277.0865     58126.32     2097.354  13.0891   0.0392     9.50    0.120 -55.46   3      44.38     3113.623     196.5972
       400    476.3966    299.7592     66597.58       1633.6  12.9414   0.0266    10.10    0.103  -9.83   0      60.94     4472.712     200.2981
       401    252.3194    297.7885     279681.7     1808.547  11.3833   0.0070    10.53    0.171  -9.36   0      234.3     17221.75      213.281
       402    274.8380    304.0089     15822.08     352.4439  14.5018   0.0242     4.53    0.124  -1.74   0      119.8     14825.85     211.7199
       403    303.0048    301.4932     24504.43     1523.063  14.0269   0.0675     8.65    0.273  10.61   0      23.49     1557.908     195.8797
       404      5.4130    302.7821     8483.291     397.6381  15.1786   0.0509     2.80    0.400 -25.11  16         53     6064.343     201.0404
       405    953.4935    297.3130     65232.66     2050.686  12.9638   0.0341    11.26    0.170  -3.65   0       51.9      3616.61     197.7166
       406    709.8645    300.8644     61426.88      380.718  13.0291   0.0067     4.62    0.175  44.83   0      307.9     59410.36     253.8753
       407    103.6307    291.8898     182189.1      1732.95  11.8487   0.0103    10.33    0.154 -12.00   0      157.1     11252.58     205.2735
       408    176.5295    293.0686     82094.19     2490.461  12.7142   0.0329    17.91    0.239  -3.74   3      48.72     3038.059     197.0505
       409    181.6542    276.8715     256542.9     2243.135  11.4771   0.0095    10.71    0.119 -21.02   2      200.7     14194.59     209.5234
       410    342.3380    291.5032     4843.668     434.0248  15.7871   0.0973     5.04    0.525  58.36   0      30.49     3603.843     197.1631
       411    158.4373    289.9962     8305.835     390.7891  15.2015   0.0511     2.31    0.329  -1.07   0      61.41     7163.096     203.3279
       412    450.9565    286.0801     44615.49     1786.222  13.3763   0.0435     9.39    0.146  -6.69   0      37.53     2911.318     196.3632
       413      7.4707    278.0495     669564.1     1762.846  10.4355   0.0029    11.41    0.094 -63.79  24      540.6     42421.41     238.6277
       414    805.4087    280.5769     114942.8     2547.276  12.3488   0.0241    16.13    0.105 -20.46   0      73.97     4636.414     199.9524
       415    391.4446    274.3398     510609.7     2124.651  10.7298   0.0045    10.41    0.198   3.18   2      376.9     27861.33     224.3323
       416    472.0673    275.6492     120831.7     2124.266  12.2945   0.0191    17.99    0.207 -13.86   0       99.1     6902.724      201.986
       417    429.0504    269.6775     58724.63     1985.373  13.0779   0.0367    17.26    0.269   1.29   0      49.66     3365.612     197.4279
       418    347.9765    270.2863     36669.88     1756.676  13.5892   0.0520    10.84    0.377  86.36   0      30.22     1914.287     195.2058
       419    917.7294    273.3983     39192.02     1755.488  13.5170   0.0486     9.52    0.174  -9.11   0       33.2     2489.741     196.9579
       420    517.2487    247.1284      2108090     2366.851   9.1903   0.0012    10.99    0.103  -9.34   0       1285     122322.1     305.3878
       421    927.4172    254.4647     60629.65     2081.077  13.0433   0.0373    15.69    0.038  32.13   0      45.65     2819.042     197.3376
       422     26.9751    248.3921     379349.9     2129.382  11.0524   0.0061    11.04    0.168  -6.03  18      295.5     21862.61     218.6574
       423    818.9227    253.1972      38709.6     1372.834  13.5305   0.0385    11.29    0.119   1.92   0      39.79     2550.832     197.0284
       424    133.3479    252.1676     68632.91     2078.115  12.9087   0.0329    10.25    0.141 -15.14   0      55.13     3677.788     198.3241
       425    742.7084    251.7860     42781.98     1768.028  13.4218   0.0449    14.43    0.207  17.18   3      39.16     2517.488     195.9069
       426    270.2024    252.4777     16736.62     935.2301  14.4408   0.0607     3.07    0.653  63.30   3      26.55      5165.74      200.022
       427    270.8576    245.1405     29578.56     1433.897  13.8226   0.0526     0.00    0.447 -39.67   2      29.64     3034.303     198.6593
       428    250.8248    250.7855     32744.29     1772.749  13.7122   0.0588     5.61    0.150  19.88   0      29.24     1613.373     196.4863
       429    202.9610    245.6436     534609.4     2175.432  10.6799   0.0044    28.21    0.176  39.32   2      366.4     25802.68     222.2368
       430    334.1638    246.3614     61298.96     1954.618  13.0314   0.0346    10.37    0.169 -11.97   0      51.83     3441.914     198.0536
       431    729.6913    239.9748     116702.9     2547.433  12.3323   0.0237    24.22    0.429 -45.80   2      72.96     3586.501     196.6028
       432    626.9755    241.0241     6207.196     338.4184  15.5178   0.0592     0.00    0.033 -39.52   2      64.54     6156.279     202.1994
       433     80.6276    212.1946       108974     2821.232  12.4067   0.0281    20.18    0.274  33.63   3      66.99     2359.379     197.8856
       434     87.8784    225.5483     241817.9     3108.601  11.5413   0.0140    29.93    0.541 -71.55   2      132.3     6929.568     201.4889
       435    808.0962    236.1358     11282.28     933.9037  14.8690   0.0899     5.60    0.530 -71.76   0       17.4     1857.919     195.1402
       436     69.0707    235.5504     3712.917     374.1521  16.0757   0.1094     4.10    0.529  27.59   0      19.02     3791.622     198.4545
       437    302.3095    228.8869     58544.74      2140.08  13.0813   0.0397    16.60    0.203  28.26   2      43.33     2708.233     196.6697
       438    556.6320    220.4485     122341.9     3130.589  12.2811   0.0278    20.97    0.329  65.81   2      57.65     2188.548     196.6101
       439   1017.6939    212.9704     153515.5      1682.41  12.0346   0.0119     9.70    0.062 -15.10  24      145.4     10507.11     203.9255
       440    399.9481    216.0452     31539.64     1612.303  13.7529   0.0555    12.48    0.258 -30.62   0       29.9     1937.934     196.8613
       441     28.8450    209.7652     67220.98     1986.345  12.9312   0.0321    11.41    0.233   7.03   3       63.6     3626.725     198.8015
       442     20.3922    201.8064     74327.98     2212.608  12.8221   0.0323    17.63    0.108   9.11  19      62.61      3262.31     197.8474
       443    829.4765    209.1541     21112.95     1304.277  14.1886   0.0671    10.97    0.342 -77.47   0      25.09     1717.905     195.5219
       444     63.7370    203.3427     204528.5     1984.649  11.7231   0.0105    11.35    0.202  -8.21   0      172.8     12399.54     208.5897
       445    149.3739    197.7486      1400832     2192.506   9.6340   0.0017    27.13    0.125 -22.22   2      937.1     81210.68     273.8617
       446    486.2510    202.7000     9143.829     370.3229  15.0972   0.0440     1.65    0.240 -50.65   0      65.92     8768.718     201.4514
       447    733.2083    215.3679     40601.21     1651.056  13.4787   0.0442    13.99    0.245 -34.46   0      36.38     2521.919     198.0722
       448     17.0193    223.8859     13362.63     343.1901  14.6853   0.0279    -4.75    0.151 -73.23   0        117     12282.44     206.9254
       449    488.8164    181.7866     487489.2     2240.448  10.7801   0.0050    27.54    0.269  -2.74   2      359.2     26238.62     222.6822
       450    467.0191    181.3815     96981.73     1907.862  12.5333   0.0214    19.06    0.337   8.94   3         84     4463.487     200.2876
       451    908.4625    185.9770     76292.73     2318.462  12.7938   0.0330    18.13    0.108  48.97   3      53.56      3244.38     198.3639
       452    905.6401    172.3226     130461.4     3039.808  12.2113   0.0253    19.97    0.451  50.53   3      56.39     2092.298     196.4988
       453    768.4509    187.0594     40202.38     1778.198  13.4894   0.0480    14.38    0.243  -1.02   0      37.05     2464.504     196.9288
       454    183.1600    185.2655     51941.77     1715.783  13.2112   0.0359     6.69    0.128 -11.93   2      51.58     2421.152     196.8788
       455    792.1391    219.8504     31223.92     1688.012  13.7638   0.0587    10.33    0.313 -34.14   0      25.55     1615.715     195.9468
       456    420.6188    182.9228     41675.38     1638.267  13.4503   0.0427    10.62    0.196  13.80   2      38.15     2420.912     197.4181
       457    550.5706    181.8595     10634.75     672.0536  14.9332   0.0686     5.57    0.262  71.77   0      32.75     6095.335     200.5457
       458    643.3170    173.4986     65191.25     1784.372  12.9645   0.0297    17.21    0.261 -13.97   0      57.88     4293.041     197.4178
       459    685.0247    208.1178     18033.62     998.7938  14.3598   0.0601     3.95    0.217 -86.75   0      20.93     1790.182      196.149
       460    511.0709    176.0032     44053.84     362.9463  13.3900   0.0089     4.41    0.104   1.17   0      269.4     42385.08     238.5931
       461    256.0070    174.1270     18106.06     508.1709  14.3554   0.0305     3.42    0.564  89.94   0       68.4     10088.26     205.5391
       462    224.3235    174.6638     4364.885     352.6021  15.9001   0.0877     3.53    0.476 -55.99   0      30.56     3491.265     198.1102
       463   1000.3096    170.3098     23872.84     1464.205  14.0552   0.0666     9.42    0.154 -60.89   0      23.73     1757.928     195.5684
       464    355.4792    171.3307     16117.67     762.7659  14.4817   0.0514     2.83    0.182  25.64   0      36.18     7151.832     201.2114
       465     26.2506    169.6285     27744.63     1401.713  13.8921   0.0549     7.77    0.237 -29.51   0      30.82      3051.24     198.1424
       466    589.6923    170.9771     12856.02     668.8397  14.7272   0.0565     0.00    0.287  11.06   0      33.95     6034.639     199.4127
       467    457.0011    170.5460     8815.439     586.8926  15.1369   0.0723     2.22    0.346 -89.26   0      34.58      4995.26     199.8282
       468    452.0398    156.7956     163948.2     2234.924  11.9632   0.0148    10.87    0.210 -15.96   2      122.9     8724.152     205.0654
       469    151.2219    158.5116     35070.95     1647.068  13.6376   0.0510    12.99    0.120  13.90   0      32.39     2074.229      195.392
       470    904.3063    157.7553     36910.01     1489.621  13.5821   0.0438     8.27    0.549 -18.29   2      40.42     2531.485     195.3793
       471    583.2146    147.9313       139937     2300.542  12.1352   0.0179    12.28    0.191 -17.65   0      111.6      7821.44     203.0171
       472   1010.4407    151.9492     30040.48     1452.399  13.8057   0.0525     0.00    0.326  29.82  16      28.92     2000.306     196.9333
       473     40.9983    149.9615      51754.2     2193.377  13.2151   0.0460    16.36    0.438  -1.25   0      35.32      2081.89     197.5667
       474   1020.8604    143.0419     96166.44       1698.3  12.5424   0.0192    19.37    0.116 -89.78  24      90.91     5391.088     200.2779
       475    801.0983    149.7266      53093.9     428.6175  13.1874   0.0088     5.38    0.386 -71.48   0      286.6     47361.29     241.5316
       476    523.0448    143.1469     196101.4     2988.282  11.7688   0.0165    26.55    0.469  -9.15   0      109.7     4964.476      200.325
       477    687.1378    147.9501     5495.044     345.7204  15.6501   0.0683     4.48    0.200 -30.30   0      55.62     4853.778     199.6672
       478    915.9400    145.0690     28534.08     1398.041  13.8616   0.0532     7.77    0.303 -64.44   0      24.17     1356.741     195.6462
       479    329.8965    140.3383     51696.59     2183.649  13.2163   0.0459    14.39    0.370 -47.24   0      33.37     1778.274     195.0474
       480    720.1031    134.6517     100142.4     2612.976  12.4985   0.0283    12.31    0.141 -28.67   3      60.93     4114.806     197.2125
       481    738.0057    120.9613     480908.8     3017.808  10.7948   0.0068    14.94    0.189 -13.13   2      288.7     20547.83     217.7756
       482    808.5272    137.2612      69625.4     1328.813  12.8931   0.0207    14.56    0.523  50.06   2      116.9     2026.682     196.4229
       483    806.2621    126.9438     20267.44     448.0041  14.2330   0.0240     0.00    0.393  -3.18   3      140.5     16391.84     212.8951
       484    366.0189    134.6496     73104.15     1895.217  12.8401   0.0282    17.96    0.081  32.72   0      64.41     3553.371     199.2522
       485    401.0208    133.2859      37916.8     1303.126  13.5529   0.0373     7.77    0.239  -9.41   0      40.23     3529.342     197.0772
       486    795.2814    133.0896     5465.285     337.9198  15.6560   0.0671     1.72    0.347  50.17   0      36.07     4807.612      199.081
       487    625.4165    124.8740     118096.4     2077.125  12.3194   0.0191    10.35    0.150  -3.53   2      91.24     6180.698        201.7
       488    320.1042    115.9804     648780.7     2237.814  10.4698   0.0037    17.20    0.217 -28.03   0      485.2     37359.21     232.3873
       489    999.5615    125.1802      61010.1     2084.949  13.0365   0.0371    13.35    0.369   8.70   0      39.19     2659.642     198.7661
       490    996.3165   1020.1008      50511.7     1740.222  13.2415   0.0374    13.97    0.316 -14.58  19      40.64      2394.38     195.2198
       491    104.9924    118.4659     123348.8     1757.292  12.2722   0.0155    21.27    0.220 -21.05   0      104.3     7376.199      202.518
       492    898.9161    114.0298     51344.17     2096.619  13.2238   0.0443    13.06    0.275 -41.21   2      32.79      1961.97     195.8054
       493    897.4435    108.4765     12379.11     844.4497  14.7683   0.0741     2.09    0.241  88.02   3      18.29     2111.516      196.521
       494    855.9139    106.3895     31174.98     1625.395  13.7655   0.0566    12.54    0.391 -28.29   0      31.39     2177.343     195.5119
       495    553.3035    100.8965     141077.8     2034.384  12.1264   0.0157    17.64    0.169  -2.47   0        123     8590.639     202.3048
       496    365.2169    102.8510     63423.82     2235.412  12.9944   0.0383    13.63    0.259 -31.83   0      45.29     2636.382      197.666
       497     66.9414    101.3465     46656.73     1904.652  13.3277   0.0443    10.12    0.302 -43.50   0      31.79     2596.211     198.1574
       498    910.0272     97.0154     10466.55     520.3106  14.9505   0.0540     4.54    0.119  26.31   3       46.2      5864.01     201.8706
       499    677.2499    101.3037     30124.12      1595.52  13.8027   0.0575     8.44    0.223 -10.94   0       24.8     1357.836     194.0093
       500    256.5313     97.0223     62813.79     2204.198  13.0049   0.0381    13.87    0.285   6.12   0      37.06      2461.02     197.4643
       501    274.7026     93.5055     92708.77     1633.977  12.5822   0.0191    14.97    0.227 -32.97   0       97.4     24191.46     219.1313
       502    783.9116     95.0768     6188.821     353.7757  15.5210   0.0621     0.00    0.244 -45.61   0      54.09     4866.747     198.6136
       503    619.5412     92.3608     50557.69     2058.124  13.2405   0.0442    13.76    0.192   7.04   0      37.21      2314.89     196.7561
       504    915.8835    101.7917     71580.04     2459.406  12.8630   0.0373     0.00    0.527 -53.87   2      39.79     8920.501     204.7639
       505    373.3279     70.5211     68696.62     2302.751  12.9077   0.0364    11.66    0.107  81.42   3      45.22     2602.791     196.0058
       506    374.0760     83.0390     139520.5     2949.912  12.1384   0.0230    26.20    0.489  -3.69   2      71.74     3681.838     198.3288
       507    785.5201     86.0143     27874.74     1547.812  13.8870   0.0603     7.73    0.418  21.87   2      25.67     2317.186     196.7587
       508    896.9885     77.0055     54974.67     1015.056  13.1496   0.0201     4.34    0.062 -64.54   2      88.35     12722.77     208.4318
       509    622.9300     74.7015     94188.57     2504.342  12.5650   0.0289    15.38    0.357 -22.44   2      58.91     3612.837     196.0914
       510     39.9627     73.7812     115089.5     2005.123  12.3474   0.0189    19.54    0.191 -20.99   2      94.32     6735.206     203.3728
       511    449.8615     77.5873     22436.98      1322.73  14.1226   0.0640     7.29    0.597  21.28   0      21.36     1501.759     195.8146
       512    997.0809     74.3528     14360.35      407.562  14.6071   0.0308     5.11    0.367  78.17   0      104.7     11635.41     206.2135
       513    294.7775     66.7038     199681.4     2256.306  11.7492   0.0123    24.34    0.376 -11.87   2      139.1     8044.695     201.6906
       514     16.9332     69.9283     18875.86     814.1592  14.3102   0.0468     0.00    0.357 -55.26   0      30.04     5683.496     200.0784
       515    205.9529     64.4472     19026.65     481.7256  14.3016   0.0275     0.00    0.543 -84.76   0      125.9     15780.82     212.7425
       516    868.6312     63.7164     54685.57     1731.575  13.1553   0.0344    15.12    0.169  -5.77   3      49.58     3359.528     197.4209
       517    873.1723     48.8474     113466.4     2171.776  12.3628   0.0208    11.25    0.116 -19.47   3      92.01     6418.451     202.4938
       518    144.7750     62.6340     133683.3     2101.733  12.1848   0.0171    20.05    0.152  -6.20   0      110.3     7894.019     204.1432
       519    993.9271     65.3413     6365.363     470.0905  15.4904   0.0802     3.01    0.440  86.24   0      38.02     4424.885     198.6436
       520    773.9774     63.1456     38874.88     1815.039  13.5258   0.0507    12.28    0.099 -60.06   2      32.28     1836.298     196.2025
       521     22.0415    118.7646     137725.1     1944.428  12.1525   0.0153    11.21    0.088 -27.96  16      121.4     8822.758     204.6554
       522   1022.0730     59.3422     18943.06     935.7661  14.3064   0.0536    10.03    0.372 -71.36  24      29.01     2858.194     196.8429
       523    434.8539     59.7038     18755.12     396.8196  14.3172   0.0230     2.40    0.359  62.15   0        134     15938.17     210.3973
       524    199.8069     54.7574     32681.98     448.3652  13.7142   0.0149     0.00    0.387  48.10   0      190.7     26251.68      223.649
       525    902.8688     50.7036     53028.39     1689.372  13.1887   0.0346     0.00    0.357 -37.57   2      49.52     8744.594     203.0025
       526   1005.1194   1014.9659     75292.52     2219.908  12.8081   0.0320    15.12    0.244   3.97  19      41.29     2425.373     196.8837
       527    987.7582     50.1780      25331.7     1235.928  13.9908   0.0530     0.00    0.754   5.52   0      26.47     2523.457      198.074
       528    269.9613     47.8791     30966.79     390.3561  13.7728   0.0137     0.00    0.244  71.42   0      209.7      28887.9     225.3699
       529    663.6073     41.5265     23784.74     1449.586  14.0593   0.0662    10.32    0.235  -7.83   0      25.18     1799.525     195.6168
       530    268.1056     36.9329     67771.28     2002.411  12.9224   0.0321    17.66    0.232  -3.90   3      55.68      3631.54      197.195
       531     53.5342     37.1500     30826.44      1565.33  13.7777   0.0551     9.88    0.366  30.56   0      26.73      2560.72     197.0398
       532    940.9766     36.0578     14277.59     343.7955  14.6134   0.0262     4.34    0.089 -60.67   0      123.1     13189.92     208.9405
       533    513.8197   1008.8592     943166.2      2307.05  10.0635   0.0027    11.49    0.247 -15.37  16      627.4     45861.59      241.882
       534    198.1313   1014.2182     131199.3     1706.103  12.2052   0.0141    20.65    0.130 -15.26  16      120.9     8831.938     204.6656
       535    620.5399     33.2621     25465.44     1552.606  13.9851   0.0662    11.28    0.262 -13.89   2      25.96     1705.948     196.0514
       536    101.9270   1015.7168     89114.12     2084.186  12.6251   0.0254    11.86    0.178   9.50  16      64.87     4203.099     197.8527
       537    591.0219     30.0075      56471.9     370.6408  13.1204   0.0071     0.00    0.036  18.71   4      312.3     54564.57     249.9256
       538    565.3520   1016.3464     14928.63     661.5512  14.5649   0.0481     5.82    0.342  45.31  16      51.51     7878.194     203.6038
       539    466.2055     25.2114     16883.72     598.9566  14.4313   0.0385     5.28    0.358  44.72   0      84.92      9885.31     205.3145
       540    355.0328     26.7404     7751.298      572.714  15.2766   0.0802     1.12    0.135  10.40   3      19.54     3391.042     197.9952
       541    682.2773   1010.1622     71775.13         1803  12.8601   0.0273    12.00    0.144 -20.83  16      65.45     4808.286     199.6154
       542    252.4634   1014.0601     22799.13      1171.37  14.1052   0.0558     0.97    0.233  54.07  16      28.21     1558.951     195.8809
       543    893.5018   1011.6628     53781.92     2015.392  13.1734   0.0407    14.99    0.209 -20.33  16      39.76     2531.853     195.9235
       544    932.9795     19.9921      56627.9     370.7364  13.1174   0.0071     0.00    0.055  22.21   4      316.2     55463.62     250.7418
       545    784.6151   1010.8412     78246.64     1536.264  12.7663   0.0213    18.74    0.140  -5.70  18      71.63     4709.508     201.0963
       546    287.1485   1006.5599     211320.7     2002.765  11.6876   0.0103    11.22    0.085  78.73  16      169.2     10506.64     206.5169
       547    876.7444   1008.5138      48307.8     1829.352  13.2900   0.0411     9.92    0.186   1.32  16      42.61     3278.908     196.7882
       548    324.9769   1009.2490     33529.49     1565.722  13.6864   0.0507    13.79    0.197   0.44  16      34.07     2497.323      198.044
       549    934.6780   1003.5627     149111.5     2219.079  12.0662   0.0162    12.98    0.023 -14.44  16      118.1     8096.533     203.3248
       550    752.3490   1003.2566     139921.6     2141.265  12.1353   0.0166    13.58    0.082 -38.77  16      110.7     7168.593     202.8101
       551    389.9377   1005.0401     165388.5     2201.499  11.9537   0.0145    12.41    0.147 -10.29  18      122.9     6955.744     202.0456
       552    610.2653    988.5688     575444.1     2548.686  10.6000   0.0048    12.99    0.192 -56.90   0      387.4     26782.14     223.2363
       553    990.6125    991.7725     35813.25     1663.239  13.6149   0.0504     9.80    0.294 -23.19   0      33.25     2574.013     197.5943
       554    191.6913    987.6965     75849.66     2204.335  12.8001   0.0316    18.24    0.206  10.68   2      58.25     3847.076     197.4433
       555     10.0032    996.4949     14968.04      957.291  14.5621   0.0695     3.45    0.388  64.60  16      19.99     1684.308     196.0263
       556    677.9733    978.3473     36867.64     1617.993  13.5834   0.0477    11.53    0.122   5.05   0      34.79     2454.429     197.4567
