#   1 NUMBER                 Running object number                                     
#   2 X_IMAGE                Object position along x                                    [pixel]
#   3 Y_IMAGE                Object position along y                                    [pixel]
#   4 FLUX_AUTO              Flux within a Kron-like elliptical aperture                [count]
#   5 FLUXERR_AUTO           RMS error for AUTO flux                                    [count]
#   6 MAG_AUTO               Kron-like elliptical aperture magnitude                    [mag]
#   7 MAGERR_AUTO            RMS error for AUTO magnitude                               [mag]
#   8 FWHM_IMAGE             FWHM assuming a gaussian core                              [pixel]
#   9 ELLIPTICITY            1 - B_IMAGE/A_IMAGE                                       
#  10 THETA_IMAGE            Position angle (CCW/x)                                     [deg]
#  11 FLAGS                  Extraction flags                                          
#  12 SNR_WIN                Gaussian-weighted SNR                                     
#  13 FLUX_APER              Flux vector within fixed circular aperture(s)              [count]
#  14 FLUXERR_APER           RMS error vector for aperture flux(es)                     [count]
         1    929.1896     62.6807     31585.54     459.2449  13.7513   0.0158     7.42    0.256  -5.84   0      112.1     3735.315     70.62312
         2    790.9380     41.9276     69391.42     533.2106  12.8967   0.0083    10.45    0.434  -9.96   0      201.3     6829.412     79.96269
         3    273.0983     33.7598     64614.57     448.6562  12.9742   0.0075     7.63    0.289  -8.45   0      202.9     7371.773     81.03219
         4    834.2040     21.4177     10110.49     457.7208  14.9881   0.0492    11.64    0.261 -26.13   0      34.76     1067.204     61.43979
         5     76.2768     16.6193     112431.3     528.0017  12.3728   0.0051     9.33    0.366 -17.76  16      295.7     12607.62     95.07405
         6    742.7152     13.6238     15122.18     483.3478  14.5510   0.0347     7.37    0.256  -1.28  18      54.13     1699.443     63.44333
         7    554.1517     16.8466     7678.271     359.0917  15.2868   0.0508     7.05    0.173  -8.49   0      33.51     1058.702     61.55947
         8    768.2615     13.5487     4323.791     167.2902  15.9103   0.0420     6.39    0.495  64.42   0       60.7     2994.452     68.19727
         9    654.5049     12.9194     17481.81     481.5701  14.3935   0.0299    10.77    0.423  -0.05  16      64.38     2064.852     64.88248
        10    387.7632      8.8082     89705.37     467.1971  12.6180   0.0057     7.48    0.280  -6.19  16      263.1     10504.22     90.00874
        11    780.6226      9.9545     10520.11     413.1144  14.9449   0.0426    12.65    0.329   5.55  16      39.08     1075.375     61.77162
        12    810.0861     11.9278     10227.03     121.9469  14.9756   0.0129     4.46    0.130 -39.81   0      135.8     9924.025     88.11074
        13    264.5529      8.1192     5427.078     361.5404  15.6636   0.0723     7.09    0.158 -40.98  16      23.74     723.4108     59.84484
        14    937.6129      2.8715     2253.787     212.5244  16.6177   0.1024     5.33    0.291  15.22  16      13.81      499.525     59.45921
        15    448.8112      2.3389     3027.199     218.7269  16.2974   0.0785     7.33    0.328   2.49  24      18.21     630.5452     59.95792
        16    232.2058      1.6202     2939.705     204.3555  16.3292   0.0755     6.23    0.597   3.12  24      17.55     695.1006     57.84032
        17    482.6728    989.4003     4695.096     358.4971  15.8209   0.0829     7.62    0.447 -44.55   0      17.45     501.0759     59.30865
        18    923.6922   1022.0005     8863.256     335.1018  15.1310   0.0411     6.96    0.401  -0.42  24      36.54     1250.533     62.11423
        19    831.3723   1022.6181     1576.165     124.8414  17.0060   0.0860     5.43    0.631 -11.41  24      13.08     516.4083     59.67962
        20    729.5653   1021.6240     19692.77     312.5704  14.2642   0.0172    13.25    0.480   0.26  24      88.79     2998.285     68.48199
        21    562.2697   1019.0665     187833.8     541.3682  11.8156   0.0031    15.31    0.471 -11.16  24      413.7     10869.88     90.62022
        22    531.5668   1023.2954     3156.663     216.7279  16.2519   0.0746     6.72    0.652   3.20  24      17.87     704.4094     58.35659
        23    334.6549   1016.5626      42037.5      434.404  13.4409   0.0112     9.67    0.103  60.76  24        133      3275.61     69.26221
        24    244.7720   1021.9506     6698.557     278.1897  15.4350   0.0451     8.28    0.291  -3.51  24      33.58     1099.153     61.85905
        25    157.5568   1022.9945     10486.37     378.4621  14.9484   0.0392     9.56    0.591   0.37  27      29.05     684.7364     60.31725
        26    148.3311   1022.0245     18517.88     530.2541  14.3310   0.0311    13.49    0.516  -8.27  26       41.8     1046.523     61.51449
        27    299.0752   1020.9156     5007.714     218.6604  15.7509   0.0474    10.12    0.210 -21.52  24      26.81     742.9298     59.76363
        28   1006.4059    987.4106     3627.058     287.2256  16.1011   0.0860     6.32    0.188 -81.32   0      17.92     656.7857     59.90236
        29    813.5302    985.0676     8427.917     399.9435  15.1857   0.0515     6.95    0.373  74.96   0      27.89     440.0298     58.91673
        30     40.6751   1010.0612     3955.089     323.2436  16.0071   0.0888     7.03    0.240  33.52   0      17.77     533.8004     59.43392
        31    940.5024    980.0320     9460.176      417.012  15.0603   0.0479     9.96    0.236 -24.10   0      36.19     1039.162     60.72689
        32    523.2983    978.1360      9200.59     411.8241  15.0905   0.0486    12.33    0.278 -16.97   0      36.47     894.2144     60.49002
        33    400.5287    971.0480     163542.4     557.9527  11.9659   0.0037     7.75    0.230  -5.58   0      394.7     17482.53     106.0017
        34    834.0126    977.3939     4294.269      157.226  15.9178   0.0398     1.02    0.041 -21.22   0      59.75     3502.919     69.87124
        35    635.9039    976.4595     6290.916     360.7975  15.5032   0.0623     8.51    0.256 -13.05   0      25.57     724.3757      59.8485
        36    490.6279    973.8487     8074.122     390.9273  15.2323   0.0526     9.01    0.105 -40.38   0      33.21     990.5433     61.45871
        37    464.5433    972.4417     4569.781     325.8217  15.8503   0.0774     8.61    0.228  29.28   2      21.34     616.5042     59.74934
        38    443.3163    972.6077        14111     528.3619  14.6261   0.0407    12.44    0.309 -62.39   0      36.72     1036.787     61.47851
        39    971.0004    972.3543     11712.44     131.9274  14.8284   0.0122     0.95    0.170 -89.69   0      128.2     11644.47      92.7431
        40    789.1735    970.3066     9733.398     447.2626  15.0293   0.0499     8.27    0.258 -11.56   0      34.83     1012.103     60.77863
        41    570.6011    969.2170     6254.356     404.4915  15.5095   0.0702     9.50    0.245 -16.81   0      23.54     642.8165     59.84934
        42    588.3932    964.1971     7085.907     373.9375  15.3740   0.0573     4.31    0.189  37.39   2      24.26     655.8782     59.89892
        43    702.0833    962.4763     3572.449     287.1824  16.1176   0.0873     5.15    0.262  67.15   0       19.2     611.4743     59.26161
        44    871.2828    961.9307     2125.543      105.776  16.6813   0.0540     1.47    0.109  -0.94   0      42.75     2254.108     65.40012
        45    140.4895    956.4504     34561.18     510.0175  13.6535   0.0160     7.57    0.223  -7.44   2      108.7     3386.353     69.22307
        46    899.1037    956.6338     16484.23     395.7865  14.4573   0.0261     0.00    0.209 -28.08   0      67.67      1695.58     63.13578
        47    852.9855    954.7393     75929.12      452.815  12.7990   0.0065     9.72    0.266  -7.29   0      232.5     8522.379     84.63783
        48    282.7406    956.1003     7766.042     128.6093  15.2745   0.0180    -1.55    0.300 -19.95   0      115.4      7053.77      80.2512
        49   1018.8536    949.5132     43583.68     349.9991  13.4017   0.0087     6.79    0.068  -5.81  24        164     6167.698     77.82082
        50    921.6749    952.0319      13334.4     217.7506  14.6876   0.0177     0.00    0.317  70.46   0      111.9     8229.531     83.84778
        51    126.1708    948.3239     10016.49     447.4064  14.9982   0.0485    11.57    0.253   6.67   2      36.33     861.5923     60.67443
        52     41.5923    948.3268     3981.215     312.2955  16.0000   0.0852     8.88    0.402  82.65   0      20.66     533.2839     59.43194
        53     96.7984    943.8382     18970.15     552.3336  14.3048   0.0316     7.87    0.210  -1.78   0      51.09     1500.913     63.31792
        54    386.6392    933.7286     86330.26     1104.083  12.6596   0.0139    16.40    0.390   7.56   0        110     2458.207     66.38615
        55     67.8289    934.9655       102892     676.0614  12.4690   0.0071     8.19    0.183  -0.69   0      251.2      8817.69     85.64442
        56    194.6593    941.4689     4550.966     203.8731  15.8547   0.0487     4.16    0.544  56.60   0      41.56     2278.125     65.76675
        57    473.0815    933.0699     8627.805     137.0791  15.1602   0.0173     2.81    0.309  89.11   0       95.3     7328.183     81.13923
        58    989.1780    933.9661     1347.367     104.0905  17.1763   0.0839     2.31    0.162  -0.84   0       34.4     1153.581     62.05869
        59    677.0149    928.3179     38106.56     476.3196  13.5475   0.0136     9.77    0.257  -8.73   0      126.9     4200.258     72.10383
        60    441.4636    923.5199     91603.95     788.0751  12.5952   0.0093     8.08    0.095  24.62   2      206.4     6942.988     80.16902
        61    845.5861    924.5363     51669.28     416.0586  13.2169   0.0087     7.41    0.259  -2.34   0      176.6     6134.362     77.96217
        62    718.5484    926.6010      11673.5     417.1039  14.8320   0.0388     8.27    0.340 -19.10   0      44.82     1347.155     62.46677
        63    226.6657    925.1197      14225.7     384.9492  14.6173   0.0294     8.40    0.252 -12.48   0      58.05     1750.375     63.62552
        64    658.8256    921.0391     7235.412     380.7997  15.3513   0.0572     8.79    0.186   0.15   0      29.75     895.3618     61.10572
        65    411.0175    923.0026     12420.72     124.1109  14.7646   0.0109     4.24    0.020   0.71   0      152.5     11994.72     93.49812
        66    595.7963    918.2981     14841.57     414.3652  14.5713   0.0303    12.52    0.348  -1.65   0      53.32     1470.806     62.91504
        67    540.9806    918.0941      6033.79     115.8865  15.5485   0.0209     4.63    0.200 -75.83   0      108.1     6070.365      77.4161
        68    586.1025    917.0274     1647.214     104.7432  16.9581   0.0691     0.00    0.185  30.15   0      44.61     1511.467     62.46951
        69    336.6556    916.0455      1976.37      105.455  16.7603   0.0579     1.47    0.117  -1.83   0      40.57      2193.44     65.61523
        70    327.1017    925.9272     2567.157     164.8864  16.4764   0.0698     6.10    0.120 -44.40   0      17.18     587.0983     59.01078
        71    136.5479    914.0085     3387.341     269.5029  16.1754   0.0864     5.00    0.374  27.56   0      15.39     523.7297     59.55165
        72     52.7772    896.1033     211941.4     764.6495  11.6845   0.0039    10.91    0.101 -69.24   2      429.8     18998.46      108.948
        73    455.9196    901.4557     46604.58     822.6855  13.3289   0.0192    19.73    0.289  -8.19   0      81.49     2100.016     64.86243
        74    332.2126    906.9220     1882.206     216.4633  16.8133   0.1249     4.48    0.187 -26.51   0      14.21     552.8728     59.50681
        75    849.6084    902.6992     15265.19     409.5231  14.5407   0.0291     8.53    0.326  -4.31   0      57.68      1690.45     63.70353
        76    441.5440    913.2991     31676.19     597.7569  13.7482   0.0205     0.00    0.523  -9.76   3      61.25     2197.526     65.06052
        77    993.0237    902.0032     1061.953     132.9471  17.4347   0.1360     4.17    0.009  27.16   2      33.44     1038.172     61.33229
        78    788.1595    901.4830     12212.77     375.1876  14.7830   0.0334    13.75    0.386   9.98   0      46.46     1231.245     61.74332
        79      1.9713    900.5002     2398.442     161.8071  16.5502   0.0733     6.72    0.519 -89.01  24      17.75     710.5521     59.32792
        80    729.4623    895.7548     37344.26     787.4619  13.5694   0.0229    10.44    0.269  10.01   0      53.43     953.8422       61.019
        81    352.5449    896.9286     8144.257     146.1465  15.2229   0.0195     2.81    0.467 -63.25   0      78.65     6715.432      79.5213
        82    502.3257    894.7226     22216.23      629.465  14.1333   0.0308    10.74    0.429  15.40   2      40.29     514.8444     58.88986
        83    688.1163    893.9766      4724.79     296.0474  15.8140   0.0680     0.85    0.170  72.88   3      26.31       675.14     59.66124
        84    696.1348    892.2722     11899.75     519.8673  14.8112   0.0474    10.39    0.395  -8.65   2      30.02     790.1644     60.25225
        85    534.1226    892.0891     11770.38     512.1563  14.8230   0.0473     9.32    0.175 -29.37   0      32.35     855.5904     60.34473
        86    219.0461    889.7321     3695.436     305.3141  16.0808   0.0897     6.30    0.314 -27.72   0      16.81     516.3749     59.36724
        87     73.0724    894.6855      52202.4       505.56  13.2058   0.0105     7.83    0.259   0.53   3      164.3     5513.299     75.88561
        88    465.0060    880.0397     21528.13     554.6432  14.1675   0.0280     8.90    0.242  -7.19   2      66.06     2104.328     65.44799
        89    468.4895    871.4499     5697.129     392.5136  15.6109   0.0748     8.82    0.313 -23.63   3      22.07     594.0995     59.35172
        90    162.0019    880.7915     7332.764      116.428  15.3368   0.0172     0.89    0.133 -89.45   0      105.8     7392.882     81.54848
        91    511.2266    878.5641     8523.463     420.9399  15.1735   0.0536     7.99    0.135  17.59   0      28.18     589.3893     59.95691
        92    793.1709    877.9288      4152.83     304.1304  15.9541   0.0795     8.08    0.253 -12.54   0      19.88     626.4791     59.78727
        93    707.6521    870.2926     37408.07     774.0903  13.5676   0.0225    14.66    0.475 -18.00   2      60.76     885.2427      60.4563
        94    566.8863    872.2041     10116.73     432.6751  14.9874   0.0464     7.55    0.348  58.31   2      29.57     497.7947     59.45259
        95    302.9104    871.3000     5701.981     295.2269  15.6099   0.0562    10.84    0.462   3.31   0      23.65     580.9389     59.14439
        96     72.3121    868.5888     17907.08     481.7708  14.3674   0.0292    10.02    0.231  -4.73   0      63.56     1800.295     63.94907
        97    925.5046    867.5823     15737.93     501.5594  14.5076   0.0346     8.46    0.236  -6.67   2      50.63     917.6682     60.42448
        98    664.3759    867.4730     22641.15     483.9988  14.1128   0.0232     8.31    0.233  -9.31   2      80.93     2514.605     66.57895
        99    553.3302    868.1031     20575.66     620.3172  14.2166   0.0327    12.95    0.205   0.63   0      39.91     933.7355     60.48488
       100    964.0634    865.7807      44426.9     478.8409  13.3809   0.0117     7.30    0.283  -1.49   0      149.6     5195.686     75.17599
       101    533.7288    865.9849      5327.86     337.5482  15.6836   0.0688     6.00    0.111  51.09   0      21.45     707.3539     60.24836
       102    997.5409    863.0504     11589.86     429.1388  14.8398   0.0402     8.42    0.350   6.49   0      44.29     1294.471     62.27479
       103    792.6208    863.1441     11723.68     468.5453  14.8273   0.0434    14.29    0.518 -10.24   0      37.76     891.2977      60.7856
       104    687.3080    860.6351     25881.51     646.7897  13.9675   0.0271    11.09    0.105  57.37   2      45.34     521.1821     58.75636
       105      6.3089    865.8832     6961.265     137.7043  15.3933   0.0215     5.66    0.320 -19.52  16      101.4     5842.819     76.98698
       106    932.5980    860.8076     6253.473     383.2563  15.5097   0.0666     7.70    0.388 -30.52   1      38.54     508.5256     59.33719
       107    260.3570    859.3535     4793.723     325.9779  15.7983   0.0738     6.52    0.128  38.92   0      22.48     733.3916      60.3465
       108    175.6768    859.6629     5945.102     346.7851  15.5646   0.0633     7.41    0.353 -30.73   2      26.91     787.0612     60.39461
       109    391.8313    857.1888      9794.66     444.1663  15.0225   0.0492    11.83    0.316 -27.95   0      37.69     1063.099     61.72644
       110    296.7250    856.5731     7030.458     391.5087  15.3825   0.0605     7.20    0.217 -18.47   0      27.74     857.9986     60.66097
       111    660.4932    854.4092     16857.59     591.7034  14.4330   0.0381    11.93    0.324 -13.01   1         45     701.7382     60.07267
       112   1010.3521    855.8383     3731.946     278.2715  16.0702   0.0810     5.25    0.403 -48.54   0      15.69     457.0045     58.98218
       113    467.6963    853.5358      9929.09      276.649  15.0077   0.0303     6.86    0.169  -4.75   0      45.61      1381.33     62.29333
       114    150.9064    854.5036     6947.119     460.2039  15.3955   0.0719     9.47    0.265  48.36   0      20.98     451.6403     58.80368
       115    957.2068    852.2715     11591.48     449.2412  14.8397   0.0421     6.62    0.132  -4.81   0      39.93     1298.016     62.28773
       116    886.6091    850.8752     10183.26      412.366  14.9803   0.0440     7.01    0.323  -6.37   0      40.72      1340.49     62.44252
       117    381.0055    850.9999     6016.031     379.4595  15.5517   0.0685     7.76    0.371   2.41   0      23.52      772.183      60.3386
       118    826.9573    844.1432     40091.34     482.1089  13.4924   0.0131     9.40    0.209 -28.44   3        122     3544.543     70.13912
       119    822.6222    839.9134     24912.75     413.7211  14.0089   0.0180     6.82    0.149  -4.49   3       94.3     3033.297     68.05405
       120    803.8431    845.7465     8055.283     394.4661  15.2348   0.0532    12.33    0.288  -7.21   0      32.29     847.3087     60.77401
       121    619.0154    843.2988     25203.85     691.3533  13.9963   0.0298     9.24    0.249 -22.36   0      56.28     1415.711     62.41864
       122    661.9467    840.4353     110223.6     1529.527  12.3943   0.0151    28.04    0.469 -26.52   2      83.83     485.7332     59.24982
       123    350.1283    839.5170     11729.47     452.4029  14.8268   0.0419     7.85    0.218 -11.76   0      43.63     1278.671     61.91765
       124    379.7221    838.2188     1160.269     118.3316  17.3386   0.1108     4.24    0.607 -50.11   0      13.85     662.6387     60.07944
       125    225.1258    829.5859     13040.66     409.4232  14.7118   0.0341     8.27    0.232  -1.73   0      50.25     1404.172     62.82197
       126     56.8796    842.3237     13764.62     366.1101  14.6531   0.0289     7.83    0.279  -4.57   0      55.19     1708.142     63.32791
       127    881.6093    827.2364     1674.871      125.021  16.9400   0.0811     2.80    0.435 -29.64   0      32.77     1267.404     62.47415
       128    494.9152    823.3144     23007.11     439.9223  14.0953   0.0208     8.37    0.198  -1.01   3      78.26     2391.821     66.01787
       129    483.1669    818.6317     61259.25     454.1722  13.0321   0.0081     7.73    0.288  -1.39   3      196.1     7161.281     81.12986
       130    550.3082    822.8604     11494.91      294.176  14.8487   0.0278     8.16    0.206 -14.53   0      52.72     1663.126      63.3131
       131    261.3690    825.8404     3969.896     121.7162  16.0031   0.0333     2.47    0.198 -19.00   0      57.28     3577.684     70.37859
       132    132.5135    822.1478     26667.06     538.5023  13.9351   0.0219     8.28    0.292   0.15   0      88.37      2641.99     66.73444
       133    426.2348    822.2047     6084.489     397.4422  15.5394   0.0709     8.98    0.338  12.05   0      22.29     608.3554     60.02876
       134    689.8161    821.6639     20071.68     601.1086  14.2435   0.0325    10.99    0.262  -4.92   0      47.26     536.0051     59.44235
       135    756.8061    818.1409     24975.54     642.1443  14.0062   0.0279     9.12    0.313   1.34   0      57.46     1662.997     63.75146
       136    352.4469    810.2645     367904.3     615.7205  11.0857   0.0018     7.63    0.220  -4.01   2      677.6     40481.92     147.2774
       137    347.6379    794.4319     48112.54     498.1526  13.2944   0.0112     7.83    0.272  -2.84   3      153.4     5244.427     75.44647
       138    645.6929    811.3979     28146.56     771.3663  13.8764   0.0298    14.87    0.186  14.87   0      60.26     609.9036     59.72422
       139    996.8554    811.3424     5556.417     338.3894  15.6380   0.0661     6.18    0.121  62.67   0      24.76      878.564     61.04321
       140    620.0682    810.0538     12045.61     537.0753  14.7979   0.0484    12.66    0.463  -6.96   0      35.36     834.3459     60.41867
       141    526.8458    809.7833      7640.35      416.019  15.2922   0.0591     9.08    0.271 -21.07   0       26.6     740.1706     60.52576
       142    159.8891    813.4191     10638.43     384.6417  14.9328   0.0393     5.06    0.237 -11.95   0      44.81      1560.86     62.79711
       143    511.3491    802.7252     26711.18     558.8455  13.9333   0.0227    13.32    0.511  -9.66   0      73.83     1627.339     63.33141
       144    757.2999    804.9229     6725.537     191.0816  15.4307   0.0309     6.25    0.314 -55.68   0      64.62     4481.257     72.60117
       145    284.4871    824.0800     6364.386     349.0623  15.4906   0.0596    10.62    0.238 -19.03   0      27.97     796.4085     60.12142
       146    882.9722    796.2278     14302.25     601.6325  14.6115   0.0457     8.32    0.523  -5.41   2      44.55     1174.156       62.134
       147    194.5353    795.9188     10251.67     448.5629  14.9730   0.0475     6.60    0.112   6.55   0      32.24     1011.304      61.0807
       148    930.8224    795.0501      6759.49     384.7658  15.4252   0.0618     8.85    0.212 -11.41   0      27.85     773.4724     60.65068
       149    165.0274    793.2151     2516.121     249.0249  16.4982   0.1075     5.07    0.207  84.96   0       14.1     538.6115     59.76412
       150    383.9221    789.5258      7030.39     415.1263  15.3826   0.0641    10.41    0.369 -24.35   0      26.03     694.9305     59.58081
       151    911.6223    787.8854     6049.451     354.8002  15.5457   0.0637     6.39    0.144 -48.71   0      24.66     583.3863     59.31068
       152    564.5543    787.3726      1478.61     108.7373  17.0754   0.0799     4.44    0.245  45.90   0      32.19      1730.75      64.1376
       153     43.7896    786.2167     4785.505     117.4376  15.8002   0.0267     1.81    0.256 -45.29   3      70.38     4252.366     72.26789
       154     52.8714    782.0989      71027.9     445.6812  12.8714   0.0068     7.65    0.275  -7.72   2      219.9     7986.312     82.62545
       155    453.8302    786.0049     1831.032     102.9079  16.8433   0.0610     0.91    0.111   7.85   0      45.14     1836.946     64.51281
       156    237.6061    784.6862     4434.758     322.8619  15.8828   0.0791     6.21    0.212 -32.42   0      17.18     470.8634     59.19276
       157    107.4098    776.7073       193485     532.5103  11.7834   0.0030     7.60    0.241  -5.90   0      451.6     21606.56     114.5029
       158    862.7214    787.7391     11726.38     485.1125  14.8271   0.0449     8.64    0.350 -23.21   0         29     408.8102     58.63791
       159    882.9522    776.6503     22465.41     616.5035  14.1212   0.0298     9.75    0.283   4.09   0      43.09     828.4696     60.70352
       160    375.1102    777.5706     6919.814     374.4575  15.3998   0.0588     6.38    0.191  -5.04   0      28.15     941.0543     60.66575
       161    544.6537    773.4707     7209.041     159.9383  15.3553   0.0241     0.00    0.596  52.69   0      99.67     6220.685     78.09451
       162    494.1515    769.3843     3651.738     295.2225  16.0938   0.0878     6.36    0.268 -38.23   0      17.79     556.6693     59.83275
       163    556.3823    767.4134     7432.483      131.598  15.3222   0.0192     1.12    0.033 -26.21   0      98.11     7264.324     81.18941
       164    194.9090    766.8112     17362.46     139.6724  14.4010   0.0087     0.00    0.263  63.48   0      180.2     15770.46     102.0832
       165   1012.9582    765.0405     3057.896     107.7606  16.2864   0.0383     4.40    0.131 -45.54   0      71.64     3017.238     68.27317
       166    284.7029    763.1097     4476.247     334.8996  15.8727   0.0813     6.00    0.175 -20.45   0      20.41     602.3084     59.38315
       167    355.1097    757.4713     45835.93      437.981  13.3470   0.0104     7.31    0.240  -7.13   0      154.5     5159.754     74.94338
       168    170.9140    760.0411     10213.78     350.2354  14.9770   0.0372     9.50    0.223 -24.79   2      41.18     1086.407     61.20787
       169    899.2455    750.7106     20373.03     516.4098  14.2274   0.0275    11.87    0.196  70.79   0      66.23     1445.431     62.52676
       170    751.5218    752.7646     6673.548     232.6917  15.4391   0.0379     6.09    0.178  -7.92   0      33.83     1139.359     61.70611
       171    228.6951    748.2256      60632.8     522.8409  13.0432   0.0094    12.18    0.515  -0.93   0      165.3     5167.633     74.59446
       172    194.9553    752.3898     3125.579     298.7314  16.2627   0.1038     6.49    0.236 -24.28   0      16.27      553.002     59.81882
       173     44.6743    750.8441     8256.247     425.1896  15.2080   0.0559     8.34    0.298 -10.03   0      27.59     804.4244     60.45992
       174    845.7722    742.9604     191440.9     521.0436  11.7949   0.0030     7.55    0.244  -2.98   0      452.6     22458.02     116.3405
       175    622.5782    748.4910     3521.896     259.0698  16.1331   0.0799     8.80    0.319  17.19   0      17.77     480.6328     58.75768
       176    380.0255    748.1138     4609.814     328.6892  15.8408   0.0774     6.13    0.091  58.46   0      19.43     625.0632     59.47017
       177     84.7918    748.3627     4078.116     324.0478  15.9739   0.0863     7.04    0.284 -17.62   0      17.03     470.8087     59.50572
       178    117.7022    745.9865     6318.517     122.2827  15.4985   0.0210     0.93    0.167   0.57   0      87.05     5945.478     77.28944
       179    559.4427    742.3950     18580.81     500.5305  14.3273   0.0293     0.00    0.254  57.34   0      42.02     1401.637     62.96058
       180    541.7094    737.6562     25424.12      712.932  13.9869   0.0305    17.47    0.232 -17.11   2      55.92     1276.966     61.91139
       181    190.2490    739.3928     16272.26     358.0596  14.4714   0.0239     8.16    0.227  -2.48   2      67.29     2190.445     65.60486
       182    673.3186    737.7773     10047.44     461.7325  14.9949   0.0499     8.04    0.272 -69.61   3      31.66     824.4359      60.5351
       183    679.1025    735.5264     14063.92     527.4614  14.6297   0.0407    11.45    0.330 -76.79   2      42.33     970.5403     60.62302
       184    651.4469    737.7189     5423.122     329.2511  15.6644   0.0659     6.21    0.217 -26.16   0      25.79     837.4619     60.27641
       185    603.8519    738.0538     7002.583     121.6526  15.3869   0.0189     4.84    0.233 -22.55   0      107.8     6356.065     78.84191
       186    321.1452    735.7972     10782.49     365.5276  14.9182   0.0368     6.97    0.186 -16.51   0      45.66     1432.822     62.92553
       187    299.0060    736.5785     4238.414     319.8311  15.9320   0.0819     7.91    0.017 -57.23   0      20.24     643.4347     59.85169
       188     42.5279    735.3293     5011.069     362.5627  15.7502   0.0786     8.79    0.213 -31.83   0      20.78     592.7987     59.50312
       189    241.3333    729.3589     11336.15     517.3805  14.8638   0.0496     9.87    0.145 -13.67   0      31.01      947.981     60.99717
       190   1006.7230    725.8431     5921.642     356.6778  15.5689   0.0654    10.42    0.170 -15.34   0      25.08     565.6954     59.55576
       191    531.6922    725.2546      18878.3     600.2703  14.3101   0.0345     8.93    0.137  13.83   0      40.13      914.285     60.56538
       192    854.3545    720.5964     76979.97     485.5117  12.7841   0.0068     7.52    0.252  -7.34   0      230.9     8664.484      85.1278
       193    353.8207    725.9564     1785.735     153.5571  16.8705   0.0934     2.40    0.158   2.30   0      19.12     898.0779     61.11582
       194   1002.1956    717.1746     15477.29     321.9989  14.5258   0.0226    14.03    0.169  26.00   0      66.66     1819.367      64.3065
       195    675.3675    710.4553     59191.61     469.7512  13.0693   0.0086     9.78    0.311   1.17   2      184.4     6741.557     79.59593
       196    931.9200    712.8445     2713.219      217.334  16.4163   0.0870     0.00    0.412 -87.24   0      20.06     1083.147     61.19576
       197    897.1214    712.1143     4706.271     252.8602  15.8183   0.0583     8.73    0.515 -24.71   0      25.53     706.6995     59.78134
       198    525.9602    708.7160     26666.09       718.52  13.9351   0.0293    13.40    0.161  13.74   0      42.42     660.9931     59.60732
       199    442.5903    708.3733     4124.989     305.6336  15.9614   0.0805     8.36    0.082 -32.36   0         20     629.5206     59.95403
       200    103.1175    704.6390     10234.54       417.99  14.9748   0.0444     7.74    0.187  -6.18   0      38.96     1066.315     61.13322
       201    713.9519    705.9139     3492.784      108.674  16.1421   0.0338     0.00    0.129  61.88   0      72.14     3172.565     68.51756
       202    383.6551    701.8867     3616.086     311.2842  16.1044   0.0935     7.39    0.069  -8.05   0      16.67     498.4216     58.98421
       203    185.7288    702.9198      2708.56     271.5092  16.4182   0.1089     5.35    0.096  57.38   0      15.15     490.8763     58.95513
       204    404.3907    695.8484      6194.23     392.2095  15.5200   0.0688     7.77    0.063   0.72   0      23.98     689.6785     60.18164
       205    131.7202    694.8813     5557.753     364.8207  15.6378   0.0713     9.97    0.252 -70.76   0      23.52     650.0963     59.40954
       206    648.0356    690.8950     49323.35      554.723  13.2674   0.0122     8.73    0.299  -1.10   2        150     4897.568     73.76704
       207    211.1898    711.7473     5551.756      135.358  15.6389   0.0265     3.93    0.324  24.70   0      69.46      4695.93      73.7757
       208    617.8642    689.5628     15156.09     524.8423  14.5485   0.0376     8.26    0.308  -1.33   0      44.85     1320.972     62.37144
       209    420.4426    682.6552     13806.14     387.1095  14.6498   0.0305     7.33    0.203  -8.07   0      54.06     1697.848     63.87558
       210    444.3283    684.2731      45746.2     530.5327  13.3491   0.0126     7.59    0.326   0.45   2      138.7     4107.034     71.67986
       211    903.1113    680.5978     18014.88     361.7421  14.3609   0.0218     7.88    0.268   1.26   0      71.69     2223.533     65.57783
       212    470.7583    680.6324        15864     539.5505  14.4990   0.0369    11.69    0.255  -4.61   0       48.1     1448.765     63.13047
       213    666.5717    677.2707     23892.62     474.4112  14.0543   0.0216     8.01    0.288  -5.55   0      90.81     2797.721     67.53848
       214    129.8476    673.6539     73200.41     455.5418  12.8387   0.0068     9.17    0.238  -6.10   0      222.5     7952.438     83.20508
       215    783.0040    679.0797     3756.028     296.0884  16.0632   0.0856     5.53    0.658 -30.58   0      16.25     452.1019     59.27766
       216    534.2811    675.4264     9210.586     391.5874  15.0893   0.0462     8.16    0.282 -21.97   2      35.96     1039.003     61.33537
       217    532.1304    672.1687      1953.74      121.769  16.7728   0.0677     4.62    0.134   5.87   3      32.37     1308.413     62.32565
       218    389.8781    672.4622     11086.35     425.0631  14.8880   0.0416     8.07    0.238  -8.28   0      41.82     1242.627     61.93544
       219     94.8746    669.3078      18308.2     418.4888  14.3434   0.0248     8.87    0.296  -2.13   0      70.14     2157.857     65.06478
       220     30.1089    672.0042     3776.823     340.6196  16.0572   0.0979     7.23    0.390 -25.29   0      16.46     463.4823     59.16441
       221   1022.7937    665.0101     2347.033     99.47496  16.5737   0.0460     1.61    0.123   2.03  24      41.02      2193.52     65.47372
       222    892.7645    659.2562     31172.52      448.804  13.7656   0.0156    16.31    0.251   0.64   0      108.3     3533.196     69.96965
       223    793.1361    664.0541     4712.568     115.2987  15.8169   0.0266    -2.30    0.212  20.08   0      87.48      4342.02     72.54929
       224    447.9865    661.7950     3437.308     257.1952  16.1595   0.0813     5.84    0.161 -32.89   0      19.59     714.0134     60.11909
       225    174.2321    658.3719     45631.56     469.1251  13.3518   0.0112     9.11    0.267  -5.69   0      150.3     5001.677     74.83592
       226    135.0679    656.8199     51717.51     445.7384  13.2159   0.0094     9.49    0.371 -14.70   0      165.9     5447.271     76.05506
       227    647.3889    659.6999     6532.259     393.5876  15.4623   0.0654     9.04    0.094  54.57   0      23.58     700.5339     60.06812
       228    576.4836    655.3732     12212.03     513.2584  14.7830   0.0456     9.46    0.244 -34.63   0      37.28     1083.208     61.34766
       229    429.0991    657.7774     5064.543     348.2149  15.7386   0.0747     7.55    0.568 -17.51   0      20.01     567.7647     58.93628
       230    415.3548    653.1566      16730.5     475.3866  14.4412   0.0309    14.01    0.258  10.36   2      54.56     1182.116     62.01343
       231      9.6300    653.5803     4700.013     327.3351  15.8198   0.0756     4.18    0.176 -78.55  16      18.36     546.2236     59.79306
       232    299.3823    648.6286     3306.617     267.7047  16.2015   0.0879     5.67    0.376 -46.28   0      15.66     551.6615     59.81372
       233    224.9825    637.9952     7360.147     114.4695  15.3328   0.0169     4.26    0.006 -36.11   3      111.4     7072.779     80.65144
       234    220.9726    638.0120      10979.4     441.1005  14.8986   0.0436     7.63    0.167 -21.32   2      42.76     1365.093     62.68044
       235    121.1286    638.9441     2751.389     261.0764  16.4011   0.1030     5.97    0.231  16.72   0      16.18     548.7138      59.3345
       236    986.6425    633.0410     56242.02      465.835  13.1248   0.0090     7.73    0.264  -5.10   0      179.8     6208.621     78.05939
       237    813.9231    635.7200     6018.273     378.2344  15.5513   0.0683     9.34    0.212  30.11   0      24.38     753.1351     59.80242
       238    275.4086    634.8098     5059.288     349.5433  15.7398   0.0750     7.74    0.132 -10.85   0      21.06     662.1924     59.92287
       239    753.3792    631.5867     2995.161     277.6691  16.3089   0.1007     6.16    0.545 -24.56   0       16.6     605.7576     59.86388
       240    454.9996    631.0912     4072.985     107.7455  15.9752   0.0287     0.00    0.065  87.60   0      74.42     3785.042     70.78297
       241    690.1299    628.5724     7031.089     371.4105  15.3824   0.0574     9.22    0.286  -4.74   0      30.54      892.994     60.79194
       242    436.1013    623.5322     34331.75     870.7027  13.6608   0.0275    16.12    0.468  81.81   0      47.63     529.1255     58.94495
       243    855.9179    625.0705     5718.259     371.8579  15.6068   0.0706     8.18    0.305 -13.40   0      22.24     600.8546     59.37758
       244    299.7920    622.4048     8064.837     439.5963  15.2335   0.0592     9.00    0.041 -37.72   0      24.05      541.327     59.46269
       245    567.3815    622.0287     2468.721     116.9094  16.5188   0.0514     2.07    0.310   2.40   0      45.16     1965.222     64.96313
       246    932.4645    615.7014     18656.92      426.376  14.3229   0.0248     7.51    0.316  -2.17   0      69.48     2198.927     65.20808
       247    611.4011    616.5806     6636.999     362.9409  15.4451   0.0594     5.71    0.329  -2.20   0      27.94     789.8018     60.40492
       248    521.4824    614.0088     7684.413     400.6821  15.2860   0.0566    11.09    0.411  -5.41   0      30.33     943.5063     60.98049
       249    500.2457    610.9125     56253.65     430.0539  13.1246   0.0083    12.82    0.284  -7.20   0      185.9     6499.858     78.78491
       250    664.4057    611.5477     4606.521     353.8747  15.8416   0.0834     8.33    0.233 -35.83   0      19.91     557.7713     59.68142
       251    178.2236    626.5030     7919.266     451.0001  15.2533   0.0618     9.62    0.292 -34.11   0      24.18     582.2526     58.99212
       252    671.5500    602.4041     10386.88      449.149  14.9588   0.0470     7.26    0.188  -8.95   0      38.93     1180.414     61.85714
       253    356.0469    603.3049     3848.164     313.6834  16.0369   0.0885     6.74    0.164 -44.39   0       18.3     584.6405     59.15861
       254    137.5766    597.7982     49712.04     422.7532  13.2588   0.0092     7.54    0.301  -4.25   0      168.3     5875.866     77.20493
       255     76.0283    599.0309      2045.26     134.6175  16.7231   0.0715     4.28    0.026  52.53   2         39      1412.21     62.99873
       256     23.4122    597.5623     1837.682       113.65  16.8393   0.0672     0.78    0.033 -45.32   0      34.32     1814.305     64.57706
       257    471.8899    591.8961     5818.201     403.6712  15.5880   0.0753     9.37    0.406 -24.03   0      22.63     667.4736     59.63203
       258    835.2778    588.7323     4752.718     327.3717  15.8076   0.0748     5.48    0.256 -24.46   0      18.17     630.4307     59.49068
       259    116.8650    585.8090     15189.02     315.9668  14.5462   0.0226     7.73    0.247  -6.18   0      65.69     2124.594     65.23403
       260    773.3875    577.4005     8542.343      459.982  15.1711   0.0585    10.23    0.046  33.27   2      27.56     710.2497     60.10486
       261     91.1234    578.5029     3522.189     269.6166  16.1330   0.0831     2.58    0.563 -30.77   0      20.67     935.6153     60.64537
       262    860.8120    577.7559     4467.364     347.1563  15.8749   0.0844     7.83    0.584  10.39   0      19.17     547.4604     59.79776
       263    616.5959    568.9587     282896.7     618.6723  11.3709   0.0024    13.84    0.140  -9.46   2      563.2     27740.99     126.2397
       264    264.1557    570.7886     11687.91     469.5186  14.8307   0.0436     7.21    0.227   3.05   0      38.74     1189.928     62.19166
       265    821.2389    570.4032     5736.126     354.5995  15.6035   0.0671     7.68    0.255   2.10   0      21.94     660.3307     60.22522
       266    469.4053    566.3260      4127.14     316.8323  15.9609   0.0834     7.74    0.362  75.83   0      20.16     763.4584     60.15143
       267    934.5862    564.7932     7297.809     406.2228  15.3420   0.0605     6.79    0.148 -57.40   0      27.11     815.7938     60.50264
       268    451.3899    563.6537     8426.145     377.2229  15.1859   0.0486     7.63    0.202 -40.52   0      33.69     994.9199     61.32354
       269    208.5430    561.3903     21387.94     443.8215  14.1746   0.0225    11.61    0.353   6.64   0      74.36     2398.604     66.32205
       270    398.4571    560.7846     18656.51      531.189  14.3229   0.0309     0.97    0.148  34.18   2      45.66     1350.313     62.62682
       271    527.3655    559.5345     7528.487     371.0892  15.3082   0.0535     5.74    0.139  -0.06   0      33.75     1145.181     61.72755
       272    305.5576    559.1772     18069.91     423.3278  14.3576   0.0254     1.51    0.218  -9.71   0       71.2     3082.121     68.75966
       273    185.8628    562.0049     3836.227      107.245  16.0402   0.0304     0.95    0.084   2.46   0      73.15     3858.343     71.14867
       274    992.9683    555.8768     8755.631     478.8917  15.1443   0.0594    11.13    0.209  23.12   0      27.47     592.7758     59.65901
       275    719.8010    551.7346      6251.67     367.7882  15.5100   0.0639    10.96    0.436  48.95   0      26.63     668.3911     60.25563
       276    598.8445    543.0468     96255.81     540.2574  12.5414   0.0061     8.23    0.251  -7.12   0      269.9     10136.33     88.97057
       277     58.3869    538.3340     752355.1     755.6813  10.3089   0.0011     7.57    0.225  -4.50   0       1024      84396.3     204.0875
       278    302.6956    542.6919     10731.22     410.4098  14.9234   0.0415     8.63    0.082   1.19   2      42.95     1123.419     61.49645
       279    151.0434    543.8764     18002.67     143.9747  14.3617   0.0087     4.87    0.252 -72.45   0      187.4     17088.57     105.1536
       280    142.8603    535.7410     11649.05     500.1679  14.8343   0.0466    10.14    0.380  -0.48   1      30.56     836.2263     60.88538
       281    129.8946    536.0267     13740.94     502.9686  14.6550   0.0398     8.44    0.256 -16.21   0      38.16     967.2866      60.4573
       282    175.0847    532.3793      5401.55     291.0311  15.6687   0.0585     7.95    0.265  -1.93   0      25.39     847.6774     60.31492
       283    970.3217    530.0067     3969.333     293.0984  16.0032   0.0802     5.44    0.457  15.44   0      16.93      465.524     59.17226
       284    503.7459    541.6927     6151.016     373.9906  15.5276   0.0660     7.98    0.047 -19.16   0      25.79     749.7614     59.94483
       285    113.5071    525.5981     13610.01     590.0611  14.6654   0.0471    11.72    0.280 -21.86   0       30.7      590.422     59.65004
       286    765.6748    524.4728      4951.84     344.7885  15.7631   0.0756     7.50    0.279  12.31   0      21.88     652.5309     59.73083
       287    563.2035    515.5178     6396.145     350.4115  15.4852   0.0595    10.61    0.256 -28.31   2      26.99     777.3215     60.51172
       288    274.3730    519.0941     2695.733     261.9165  16.4233   0.1055     5.33    0.295  12.62   0      14.43     502.9843     58.68593
       289    370.1196    516.5229     13857.38     162.1078  14.6458   0.0127     2.94    0.328 -56.18   0        122     9974.214     88.13472
       290    997.7498    513.5329     4206.736     297.9976  15.9401   0.0769     6.63    0.320   0.15   0      21.01     690.4373      60.0299
       291    727.1751    509.2387     1962.582     119.8627  16.7679   0.0663     3.28    0.398  50.20   0      49.05     1764.193     64.25599
       292    678.4411    502.1324     10997.08     378.7687  14.8968   0.0374    10.81    0.322  -3.93   0       46.5     1422.959     62.74196
       293    809.6551    500.5429     7303.515     160.0725  15.3412   0.0238     6.60    0.572  53.27   1      94.18     5558.752     76.50903
       294    325.8062    498.3176      40189.6     777.6001  13.4897   0.0210     1.51    0.403  36.59   0      52.86     501.4372     59.46651
       295     82.2274    492.0365     158209.5     521.7083  12.0019   0.0036     9.97    0.245  -6.75   0      391.6     17486.47     106.1853
       296    164.5864    497.8340     10438.65     450.2085  14.9534   0.0468     8.03    0.200 -33.76   0      34.92      1110.01     62.04887
       297    907.0730    490.1374     266161.7     591.6564  11.4371   0.0024     7.46    0.184   1.59   2      538.8     28977.39     128.3016
       298    949.9208    487.6099     29411.57      586.688  13.8287   0.0217     8.60    0.238  -7.03   2      87.06     1724.744     63.82577
       299     39.6590    487.2927     8265.757     356.8687  15.2068   0.0469     6.62    0.152 -29.12   0      34.11     1105.912     61.28025
       300    480.5609    483.5152     5472.357     390.6031  15.6546   0.0775     8.10    0.016 -14.00   0       23.4     610.3674     59.41398
       301    313.7882    481.8047     21378.57      572.718  14.1751   0.0291     9.68    0.328 -76.73   0      42.75     466.1611      59.1747
       302    957.0421    477.2679     3636.181       160.67  16.0984   0.0480     4.86    0.607 -32.26   0      38.14     1671.898     63.63731
       303    816.8332    477.3474     3134.295     241.0654  16.2597   0.0835     5.32    0.307 -59.49   0      17.13     812.7556     60.49123
       304   1022.0335    475.5086     4171.177     258.7424  15.9494   0.0674     8.13    0.156  42.22  24      21.92     761.5311     59.67881
       305    242.4801    469.7776     82545.68     465.2018  12.7083   0.0061     7.79    0.255  -2.60   2      246.9      9344.18     86.81652
       306    247.9965    461.8625     17670.04     133.3776  14.3819   0.0082     0.00    0.106 -89.72   3      176.7     17595.25     106.3305
       307    618.5036    468.3278     4548.056      351.201  15.8554   0.0839     7.22    0.328   4.40   0      18.64     508.0543     58.86365
       308    942.7740    464.0557     22581.79     464.8724  14.1156   0.0224     8.84    0.314  -1.22   0      78.96     2442.969     66.33396
       309    283.8373    465.9908     8205.328     383.2014  15.2148   0.0507     8.88    0.610 -43.15   0      31.64     1887.088     64.68921
       310    549.7961    461.9084     4072.324     134.5881  15.9754   0.0359     1.65    0.155 -75.23   2      55.46      3272.56     69.11788
       311    544.0095    462.9885     4621.368     293.6036  15.8381   0.0690     7.74    0.070  15.28   3      21.48     615.1385     59.74414
       312    521.3452    457.9990     17531.18     162.9567  14.3905   0.0101     3.22    0.505   0.04   0      156.9     13714.57     97.58918
       313    304.6116    456.5508     15555.35     565.4937  14.5203   0.0395    11.32    0.298   0.81   0      34.71     718.2228     60.28934
       314     59.5541    454.9461     8730.773     407.0237  15.1474   0.0506     9.64    0.232  -2.52   0      33.78     980.5262     61.27017
       315    865.9423    454.9975     7993.025     156.6609  15.2432   0.0213     3.36    0.546  -0.30   0      87.48     5496.533     76.20213
       316    268.4762    450.9051     29896.95     731.7079  13.8109   0.0266    11.91    0.317  -2.74   0      59.71     1394.978     62.34311
       317    702.2640    447.5258     7683.156     352.5656  15.2862   0.0498     7.21    0.193  12.22   0      33.62     1123.614     61.64809
       318    848.5375    436.2117     185472.2      530.833  11.8293   0.0031    10.03    0.237  -2.41   0      438.2     20715.02     112.7194
       319    377.5186    443.4412     7523.253     393.5696  15.3090   0.0568     6.91    0.170   2.17   0      30.04      857.329     60.35128
       320    990.0491    443.3971      3263.46     291.7554  16.2158   0.0971     6.25    0.170  -7.12   0      15.01     457.3137     59.14071
       321    446.8693    441.3274     4911.514     365.0549  15.7720   0.0807     7.94    0.437 -74.16   0      20.58     568.3485     59.40966
       322     50.3817    438.8865     10584.08     500.6128  14.9384   0.0514    10.86    0.180 -16.67   0      28.64     713.8508      59.9637
       323    417.0046    430.3216     4176.833     118.2353  15.9479   0.0307     0.91    0.169  88.11   0      69.94     4055.216     71.77479
       324     50.2881    428.2181     6631.716     404.7034  15.4459   0.0663     8.94    0.358  14.85   0      22.78     544.0892     59.31679
       325    309.2758    420.9566     10436.61     340.2886  14.9536   0.0354     6.91    0.174 -16.44   0      43.61     1364.721     62.53065
       326    945.2986    421.1826     5952.969     187.7011  15.5632   0.0342     6.67    0.498 -14.31   0      66.78     3702.105     70.25209
       327    786.8881    415.1102     42314.32     447.7153  13.4338   0.0115    10.68    0.315  -1.09   0      144.5     4774.131     73.76468
       328    484.7101    407.7497     22840.88     462.9962  14.1032   0.0220     7.53    0.309  -3.12   0      83.29     2684.323     66.87846
       329    227.9931    406.7708     12788.74     519.3619  14.7329   0.0441     8.76    0.199 -44.63   0      34.16     738.1746     60.51826
       330    624.7628    419.9648     2324.793     224.2991  16.5840   0.1048     2.49    0.226   2.25   0      14.06     555.7517      59.5178
       331    318.0402    395.0749     147864.6     500.2849  12.0753   0.0037     7.75    0.261  -7.42   0      378.8     17028.24     105.0231
       332    969.6984    397.1107     18288.96     386.7404  14.3445   0.0230    10.07    0.330  -4.16   0      67.93     1930.073     64.11943
       333    889.1561    397.9097     15733.44     547.1921  14.5079   0.0378    13.43    0.288  -0.96   0      43.24     1262.578     61.85855
       334    199.4063    396.1220     46294.98     449.7315  13.3362   0.0105     8.12    0.303  -9.05   0      157.7     5580.293     76.32988
       335    169.2692    397.5699     16986.84      518.066  14.4247   0.0331     7.62    0.296  -7.40   0       51.2     1616.858     63.44044
       336    876.2767    398.4382     11059.06     479.0146  14.8907   0.0470     9.00    0.234 -50.13   0      28.76     791.2216     60.41027
       337    293.4615    418.0446      4152.05     232.2253  15.9543   0.0607     0.00    0.601  59.98   0      35.91     1989.454      64.7615
       338    574.4910    395.1197     8316.711     420.8283  15.2001   0.0550     9.75    0.283  -4.75   2      29.51     867.6941     60.54399
       339      7.9358    388.2101     46409.14     394.7719  13.3335   0.0092    17.78    0.295  -3.95  24      159.6     5532.832     76.18844
       340    474.3918    388.9898     15349.76     455.7498  14.5347   0.0322    12.25    0.110  13.28   0      52.63     1897.731      64.4388
       341     91.8121    386.7826     24587.34     450.1263  14.0232   0.0199     8.14    0.315  -7.15   0      82.36     2542.937     66.67559
       342     79.6602    390.1945     3074.059     152.4338  16.2807   0.0539     3.74    0.271  56.86   0      39.96     2297.518     65.97474
       343    802.5045    387.9882     3221.492      266.763  16.2299   0.0899     5.06    0.392 -26.99   0      15.37     492.5224     59.27586
       344   1009.4923    384.8020     7998.771     405.4704  15.2424   0.0551    11.92    0.526   8.90  16      29.45     790.0314     60.40579
       345    254.5227    383.3754     5951.271     337.2796  15.5635   0.0615     9.24    0.104   5.09   0      27.81      800.754     60.44612
       346    696.4665    383.2283     5767.584     337.1558  15.5975   0.0635     9.05    0.141  38.56   0      27.37     1161.111     61.78618
       347    430.1212    381.6997     6760.964     374.3611  15.4250   0.0601    10.32    0.197 -13.81   0      26.87     655.7335     59.43111
       348    919.2452    380.5131     4170.145     323.3947  15.9496   0.0842     7.11    0.209 -20.05   0      18.23     580.8223     59.30086
       349     69.3866    376.6318     6069.521     387.9678  15.5421   0.0694     7.57    0.302  -6.39   0      21.83     534.3063     59.90308
       350    932.9134    373.6811      3694.48     279.0746  16.0811   0.0820     5.40    0.180 -51.86   0      16.15     545.9902     59.32407
       351    904.3552    372.1379     7603.723     332.8535  15.2974   0.0475     6.77    0.183   0.81   0      32.57      1030.36     61.30334
       352    396.3591    371.0230     8072.501     369.5409  15.2325   0.0497     7.09    0.169 -12.10   0      33.37     1081.803     61.79527
       353    646.3951    370.4985     5965.567     368.2429  15.5609   0.0670     8.89    0.338 -31.85   0      23.81     724.1025     60.15722
       354     89.7307    363.7838     35987.68     468.4144  13.6096   0.0141     8.28    0.275 -10.99   2      122.1     3562.245     70.19646
       355     63.1264    369.7085     5006.248     349.5088  15.7512   0.0758     6.45    0.397  26.57   0      19.81     537.4735     59.13449
       356    210.7278    354.5413     30671.48     728.1296  13.7832   0.0258    13.30    0.398  -1.10   2      57.81     1130.736     61.52348
       357    802.5622    351.7497     9684.498       444.11  15.0348   0.0498    13.17    0.325 -29.09   3      36.76     980.3998     61.11784
       358    809.9224    343.4926     26424.37     544.4076  13.9450   0.0224     8.34    0.349  -0.39   2      82.61     2678.764     66.99842
       359   1020.3517    351.2763     4251.994     319.8407  15.9285   0.0817     7.37    0.426  70.54  16       17.3     451.8118     58.96217
       360    711.3324    339.2853     105687.6     495.9663  12.4399   0.0051     7.78    0.268  -4.22   0      295.3     11918.84     93.11411
       361    436.0580    345.8146     3166.864      276.972  16.2484   0.0950     5.45    0.475 -12.23   0      15.41     445.0488     59.25061
       362    515.7663    344.0051     5172.086     112.1309  15.7158   0.0235     0.98    0.149   2.61   0      81.31     5028.488      74.9173
       363     24.1867    338.6622     6558.949     400.6235  15.4579   0.0663     7.75    0.275  46.37   2      24.91     540.1783      59.4583
       364    186.4567    337.7479     18166.23     560.3571  14.3518   0.0335     8.41    0.203 -49.59   0      37.24     666.6633     60.24911
       365    529.2622    333.4685     6061.711     352.1791  15.5435   0.0631    10.26    0.305  10.79   0      25.87     741.8936      60.2244
       366    664.7257    327.5018     13617.12     416.4915  14.6648   0.0332     7.26    0.216 -10.18   2      46.15     1198.328     61.31968
       367    903.3188    328.4840     7424.439     341.6876  15.3233   0.0500     8.24    0.224  -7.05   0      32.11     968.5654     60.76873
       368    602.3149    329.6577     5211.242     353.6065  15.7076   0.0737     7.99    0.360 -10.94   0      20.22       565.92     59.24372
       369      1.8527    328.0546     3254.194     228.3123  16.2189   0.0762     5.80    0.421 -89.38  24      16.07     553.1366     59.19466
       370    740.7751    325.7757     7503.317     343.0971  15.3119   0.0497     6.58    0.217 -19.35   0      33.12     1067.263     61.74177
       371    258.3486    323.7542     20423.81     363.8914  14.2247   0.0193     8.62    0.326   2.82   2      73.61     2264.462     65.86077
       372    197.4619    326.4367     4786.417     228.8194  15.8000   0.0519    -0.18    0.507  50.55   0      40.91     2380.923     66.12104
       373    804.3998    321.2102     10274.57     445.9774  14.9706   0.0471     9.87    0.401  -0.35   0      37.19     1150.718     61.74794
       374    609.9311    318.1184       1481.8     104.3836  17.0730   0.0765     2.70    0.198 -63.15   0      34.25     1113.321     61.30772
       375    886.5172    313.0050     30048.95     597.9155  13.8054   0.0216    18.04    0.430  11.60   3      91.46     2926.097     68.10568
       376    441.2224    315.6549     3545.681     308.9852  16.1258   0.0946     6.78    0.475 -18.13   0      16.87      494.309     59.28271
       377     19.9453    314.1866     2326.853     129.8303  16.5831   0.0606     5.58    0.454  87.16   0      30.23     1622.967     63.60859
       378   1007.0820    312.2197     9166.449     428.3961  15.0945   0.0508    11.57    0.490  -7.14  16      32.49     960.3116     61.04309
       379    882.9442    302.0685     26952.36     637.0349  13.9235   0.0257    10.71    0.335 -27.56   3      69.67     2111.097     65.04427
       380    529.6173    310.3158     11487.13     399.3579  14.8495   0.0378     8.45    0.204   1.65   0      44.39     1385.532     62.60624
       381    306.1151    306.4794     95121.68     469.3298  12.5543   0.0054     7.66    0.277  -3.32   0      273.6     10616.09     89.87812
       382    577.2448    306.8029     4995.619     356.0872  15.7535   0.0774     7.70    0.164 -29.63   0      20.63     641.7387     60.15501
       383    228.4088    301.2508     4451.123     286.2583  15.8788   0.0698     8.78    0.419 -18.97   0      20.71     722.0514     60.30378
       384    155.7421    298.8808     11640.57     522.8736  14.8351   0.0488    10.11    0.336  72.01   0      25.77     488.3514      58.9454
       385    504.2406    296.5711     11839.86     374.3415  14.8166   0.0343    10.68    0.362  -5.05   0      47.59     1452.036     63.14224
       386     10.5322    291.9198     55624.27     434.5597  13.1368   0.0085     8.48    0.295 -13.04  16      182.2     6701.599     79.36475
       387    859.6921    293.4287     21639.45     426.3312  14.1619   0.0214     8.52    0.323  -2.44   0         80     2522.219     66.04447
       388    109.6213    295.0772     1711.088     109.2221  16.9168   0.0693     0.59    0.224 -17.72   0      32.59      1440.87      62.9546
       389    887.7230    290.1260     6771.935     415.5443  15.4232   0.0666     9.84    0.412  -4.49   0      25.29     744.7213     59.92572
       390     60.4941    284.6743     80636.23     459.2366  12.7337   0.0062     8.35    0.255  -1.00   0      241.6     9241.307     86.33178
       391    158.1167    289.9918      2513.48     104.4042  16.4993   0.0451     0.00    0.139  -1.23   0       53.5     2081.477     65.08364
       392    970.9710    287.6810     4586.531     335.6673  15.8463   0.0795     8.07    0.359  -5.57   0      19.94     607.6213     59.71554
       393    525.5864    286.2614     13017.33     366.9145  14.7137   0.0306     7.62    0.244 -13.73   0       54.6     1763.041     63.96199
       394    235.5400    284.8480     15593.84     360.8622  14.5176   0.0251     9.85    0.321  -6.86   0      62.29      1885.61     64.39603
       395    482.9304    279.8531     15537.03     401.0772  14.5216   0.0280     7.55    0.273  -7.32   0      60.68     1969.124      64.5463
       396     31.2617    278.8581     7700.557     420.4954  15.2837   0.0593     7.98    0.403 -12.29   0      26.07     788.8235      60.5549
       397    981.0311    269.1006     7272.681     350.9795  15.3458   0.0524     6.84    0.200 -21.55   0       30.5     919.5093     60.27743
       398    871.9119    266.9644     4157.753      305.658  15.9529   0.0798     7.97    0.082  29.41   0       20.7     666.1113     59.62683
       399    796.2905    264.7006     4209.485     306.4555  15.9394   0.0791     5.92    0.137 -45.45   0       21.6     752.4996     59.80001
       400    571.5534    257.8696     147593.2     530.3712  12.0773   0.0039    20.67    0.248  -3.71   0      368.7     15742.62     102.2032
       401    257.1170    253.6485     76495.61     523.9584  12.7909   0.0074     8.42    0.180  23.82   2      212.6     7093.696     80.47974
       402    187.1457    260.1488     5578.221     233.6169  15.6338   0.0455    10.05    0.154   6.14   0      30.59     980.9207     61.42312
       403    303.9225    259.4852     11274.14      413.529  14.8698   0.0398     7.74    0.268 -18.22   2      42.56     1023.919      60.8228
       404    777.6741    258.0351     9431.918     439.2459  15.0635   0.0506     6.59    0.267   2.78   0      29.42     981.3079     61.12122
       405    388.1465    255.7594     16263.27     410.0766  14.4720   0.0274     7.60    0.291  -9.48   0      61.64     2011.322     64.98136
       406     80.6624    255.1898     19388.91     358.7394  14.2811   0.0201    13.60    0.300  -0.83   0      77.26       2666.4     67.09511
       407    270.4281    252.7628     2119.285     172.5453  16.6845   0.0884     5.59    0.439  60.39   0       22.2     1337.998     62.73043
       408    785.6277    250.5128     7745.333     438.3723  15.2774   0.0615    10.16    0.068   4.70   0      28.13     663.2833     59.61605
       409    699.1658    248.9221     3830.687     306.1745  16.0418   0.0868     6.03    0.465 -25.47   0      15.85     465.7952      59.1733
       410    138.7802    242.8591     31053.88     564.3262  13.7697   0.0197     7.49    0.266 -10.82   2      91.51      3005.03     68.23252
       411    141.6165    232.8149      13150.9     447.4408  14.7026   0.0369     7.66    0.270 -18.78   3       44.4      1346.13     62.46304
       412    591.8267    243.3984     3655.829     117.2295  16.0925   0.0348     0.96    0.055 -86.62   0      58.47     3498.624     70.12282
       413    611.4963    235.2137     9167.296     470.2772  15.0944   0.0557    10.25    0.311 -83.34   0      26.83     716.3327     59.97311
       414    357.5839    236.5959     7086.369     456.7257  15.3739   0.0700    10.94    0.706  -2.09   0      23.08     478.7441     59.22301
       415    845.8856    233.3836     7415.817     388.7556  15.3246   0.0569    10.32    0.363  -8.53   0         29     853.3908     60.49027
       416    502.5244    228.8625     3002.199     277.6748  16.3064   0.1004     5.38    0.333 -42.10   0      15.65     517.4131     59.37122
       417    453.3022    226.3465      6922.05     363.7586  15.3994   0.0571    10.11    0.091  36.79   0      30.73     944.6223     60.52577
       418    787.9758    227.5130     3511.854      299.801  16.1362   0.0927     5.58    0.154  -0.66   0       17.1     566.2306     59.24491
       419    609.2134    226.8302     5518.307     356.4207  15.6455   0.0701     8.21    0.010  82.80   0      21.72     630.3904     60.11213
       420     50.0097    225.4116     8707.044     422.1412  15.1503   0.0527     9.95    0.323  -1.40   3      31.24     888.8858     60.77658
       421     44.9173    220.1881     10442.36     433.3825  14.9530   0.0451    12.58    0.323   1.39   3      39.88     1136.709     61.69635
       422    109.1053    225.6056     3840.313     123.3717  16.0391   0.0349     0.83    0.068  80.73   0      58.48     3361.365     69.40928
       423     17.0678    223.7090     2773.434     119.4612  16.3925   0.0468     4.99    0.330 -78.08   0      58.08     2365.973     65.92883
       424     85.6346    219.4911     12587.08     211.5476  14.7502   0.0183     7.73    0.432  54.99   0      130.8     9629.506      87.1347
       425    601.7816    214.7428     5373.013     383.9459  15.6745   0.0776     8.42    0.127 -15.61   0       20.4     578.3638     59.60408
       426     74.6725    207.9345      31451.5     736.9348  13.7559   0.0254    18.93    0.399  -1.78   2      68.84     1934.858     64.42553
       427     74.7390    199.6706     6852.403     266.3724  15.4104   0.0422     3.78    0.302 -53.57   3      31.12     1650.704     63.56158
       428      6.0355    209.3901     5560.243     337.7047  15.6373   0.0660     7.77    0.087 -12.63  16      20.83     569.6829     59.88216
       429    962.0930    199.9630     13765.34     545.0969  14.6530   0.0430    11.88    0.185  70.40   0       33.1     915.2533     60.26138
       430    822.8077    200.3439      10600.8     382.1956  14.9367   0.0392     6.54    0.137  -8.49   0       42.6      1403.26     62.81867
       431    486.2487    202.7420     2080.829     109.9888  16.7044   0.0574     1.76    0.255 -44.48   0      43.14     2122.043     65.36746
       432    543.9494    192.4207     25725.08     494.4543  13.9741   0.0209     8.63    0.314  -1.68   0      83.75     2495.729     66.79333
       433    522.5584    193.0954      9579.22     430.2381  15.0467   0.0488     9.16    0.268 -28.90   0      34.68      1030.58     60.69477
       434    203.8761    205.2610     10559.03     418.7216  14.9409   0.0431     8.54    0.359  -2.01   0      40.41     1252.998     61.97348
       435   1011.7098    192.0948     3265.661     281.2147  16.2151   0.0935     6.03    0.520 -16.27   0      15.99     507.3219     59.17574
       436     71.7887    189.9568     19124.54     522.1271  14.2960   0.0296     6.10    0.385 -61.95   3      42.93     521.2086      59.6979
       437    698.1819    185.4774     23968.68     532.5852  14.0509   0.0241     9.33    0.343  -2.69   0      75.89     2311.923     66.02435
       438    955.3193    181.7677     10867.18     473.5573  14.9097   0.0473     6.76    0.298   4.74   0      30.33     835.1622     60.57535
       439     79.6954    176.5764     21887.66     639.9623  14.1495   0.0318    11.71    0.387 -13.38   0      49.46     659.8087     59.44669
       440    255.9815    175.1502     2050.852     141.3614  16.7202   0.0749     4.33    0.562 -89.35   0      29.48     1340.804      62.7406
       441    924.5688    173.1297     3033.424     255.0225  16.2952   0.0913     2.76    0.281 -14.76   0      16.12     601.2664     59.69135
       442    506.6964    167.2087     22074.57     488.5119  14.1403   0.0240     8.39    0.355  -2.17   0      74.32     2327.315     65.93652
       443    457.0178    170.4458     2297.094     185.7398  16.5971   0.0878     2.28    0.360  89.22   0      23.17     1231.479     62.34332
       444    204.1719    165.8706     4988.891     355.4299  15.7550   0.0774     7.64    0.119 -19.05   0      20.73     631.5645     59.80659
       445    367.4619    163.2478     4044.268     329.7102  15.9829   0.0885     6.89    0.095  41.05   0      17.28     479.2242     59.22485
       446    637.1138    159.4523     8844.097     398.4344  15.1334   0.0489    11.13    0.204 -15.01   0      32.31     1000.769     60.88905
       447    581.4972    153.9478     43061.02     513.7913  13.4148   0.0130     8.44    0.335  -6.71   3        130      4403.33     72.35682
       448    571.3685    155.2554     21363.63      396.826  14.1758   0.0202     6.70    0.088 -11.55   3      85.85     2882.074     67.82174
       449     92.7039    156.6884     8667.289     434.5942  15.1553   0.0545     7.21    0.295 -10.41   0      27.14     811.7006      60.1792
       450     41.9858    154.0105     10956.54     382.4071  14.9008   0.0379     6.30    0.285  10.22   2      34.35     534.5106     59.43663
       451    859.9739    148.2173     2721.889     254.7448  16.4128   0.1016     5.10    0.215  88.25   0      14.49     494.9131     59.59771
       452    774.0634    147.5623       5461.2     350.4681  15.6568   0.0697     6.72    0.237  -4.30   0      24.95     855.8448      60.6529
       453    794.3249    133.5160     58289.57     600.8715  13.0860   0.0112     7.04    0.196  60.82   2      167.1     6048.962     77.35324
       454    419.3145    144.0510     4926.436     351.4457  15.7687   0.0775     8.68    0.089  58.51   0      21.19     554.1624      59.1986
       455    455.7581    142.6840     3937.643     325.3805  16.0119   0.0897     3.84    0.060 -27.97   0      18.67     572.9955     59.27085
       456    781.1417    138.3900     8038.081     413.9975  15.2371   0.0559     6.79    0.174  12.79   1      25.79     836.5463     60.73375
       457    680.3272    136.5951        13221     465.2935  14.6968   0.0382     6.38    0.290 -10.78   0      45.67     1406.121      62.5325
       458    912.3548    137.0961     4894.788     338.6315  15.7757   0.0751     6.29    0.358 -11.20   2      21.18     637.0662     59.35968
       459    646.2994    126.9522     255407.7     569.0298  11.4819   0.0024    18.28    0.256  -9.30   0      540.1     28378.99     126.8714
       460    375.9813    124.7416     162835.8     511.6021  11.9706   0.0034     7.63    0.258  -3.82   0      403.8      19000.4     109.2076
       461    910.2310    120.6088     5024.026      318.206  15.7474   0.0688     8.84    0.165  12.48   0      25.27     979.8541     61.41917
       462    969.0581    115.6997     9319.593     439.1878  15.0765   0.0512     8.33    0.330 -12.95   0      27.05     692.6373     59.57206
       463    608.9056    112.0684     45794.67     427.2184  13.3480   0.0101     7.64    0.310  -3.32   0      156.4     5403.783     75.55691
       464    803.0613    114.7503     3605.232     318.6526  16.1077   0.0960     7.85    0.174 -79.31   0      18.34     550.4192     59.49744
       465    732.2542    114.5652     5552.976     302.8824  15.6387   0.0592     0.00    0.402  29.48   0      25.02     1266.366     62.17214
       466    161.0628    125.5076     47907.34     413.9986  13.2990   0.0094     7.65    0.278  -6.08   0      163.1     5721.718     76.50727
       467    975.6399    110.7746     7309.174     388.0951  15.3403   0.0577     6.92    0.182 -12.16   1      25.81     719.5778     60.44838
       468    118.6349    104.5771     2960.148      224.942  16.3217   0.0825     3.08    0.342  46.15   2      18.98      1026.31     61.59084
       469    311.1465    106.0431     3718.751     333.6897  16.0740   0.0974     6.90    0.283 -53.35   0      16.51     451.4864      59.2753
       470    674.3940    104.2307     6770.685     403.0559  15.4234   0.0646    10.30    0.252 -23.90   0      26.51     826.8372     60.85032
       471    837.4051     99.2427     4852.623     324.5905  15.7851   0.0726     5.94    0.282 -22.87   0      22.07     771.8866     60.64473
       472    678.1492     86.9142     8705.736     446.7401  15.1505   0.0557    10.95    0.141  61.81   0      30.81     792.9387     60.10831
       473    428.3136     79.2707     12258.58     464.3231  14.7789   0.0411     7.02    0.253  -6.32   0       42.5     1330.856     62.10891
       474     95.4520     80.1205     5282.069     312.4982  15.6930   0.0643     6.84    0.235 -18.77   0      26.22     851.5088     60.32936
       475    924.0095     78.0594     7541.417     409.2077  15.3064   0.0589     8.57    0.110 -36.31   0      28.42      908.129     61.00103
       476    828.3182     78.0854     5407.103     390.5652  15.6676   0.0784     8.76    0.388 -79.32   0         22     500.9835      59.1514
       477    351.4760     75.6730     10205.63     458.7819  14.9779   0.0488    12.28    0.504 -22.91   2      31.32     802.3416     60.14385
       478      2.3953     68.3731     18889.92     540.3939  14.3094   0.0311    14.32    0.662  77.00  26      35.08     1148.764     61.89108
       479    199.8743     70.3951     15788.24     440.9447  14.5042   0.0303    11.41    0.390  -7.91   2      57.43     1719.612     63.66168
       480    163.5045     66.9038     4677.141       336.42  15.8250   0.0781     6.39    0.276   5.98   0      21.88     733.1718     60.03689
       481    981.9785   1017.9375     27313.88     433.6528  13.9090   0.0172     7.27    0.154 -21.67  16      93.92     3037.383      68.3402
       482    580.0779     62.9689     3142.497     105.7646  16.2568   0.0366     4.39    0.119 -28.52   0      67.68     2840.891     67.68359
       483    309.0490     56.1170     30438.29     572.2563  13.7914   0.0204    14.01    0.363  12.20   0      90.67     2902.982     67.61745
       484    198.6300   1020.3747     8096.851     341.4549  15.2292   0.0458     7.58    0.759  47.86  16      26.48     388.2908     59.18971
       485    544.9991     46.4518     4951.115      336.605  15.7632   0.0738     7.76    0.172 -21.72   0      23.15     710.1376     60.10444
       486    251.3063     46.9487     7257.289     195.3148  15.3481   0.0292     6.86    0.453   5.29   0      80.16     4689.618     73.25053
       487    323.0710     45.3364     9368.061       436.56  15.0709   0.0506     7.64    0.233  -5.16   0      31.82     955.7183     60.87352
       488    109.4908     43.7750     7712.037     420.5016  15.2821   0.0592     8.09    0.257  -9.41   0       26.7     784.7366      59.9224
       489    959.0927     64.7618     5274.846     374.0794  15.6945   0.0770     6.75    0.358  -9.75   0      20.08     613.8738     59.11382
       490   1021.0701     38.6719     7371.001      349.717  15.3312   0.0515     8.34    0.261  58.27  24      27.85     865.0686     60.53413
       491    513.6120     40.6003     5428.853     331.3651  15.6632   0.0663     4.31    0.130 -43.25   0      19.77     562.3256      59.5429
       492     31.9910   1015.0179     4323.721     108.2731  15.9104   0.0272     0.00    0.051   1.29   3      81.66     4002.699     71.47841
       493    940.9667     36.0637     3060.976     105.5893  16.2854   0.0375     0.00    0.111 -61.24   0      68.18     2876.691      67.8037
       494    904.2388     35.6235     6691.739     422.1569  15.4362   0.0685     8.70    0.532 -29.88   0      21.09     498.9802      59.7689
       495    844.1657     33.5644      3817.05     326.7215  16.0457   0.0930     6.56    0.518 -20.67   0      15.68     518.5288      59.6877
       496    411.2153     31.7373     8174.871      437.003  15.2188   0.0581     8.95    0.308  -7.75   0      26.74     753.1771     60.26697
       497    533.8648     25.7332     7369.884     392.2983  15.3313   0.0578     6.41    0.133 -26.69   0      29.32     975.8126     60.94849
       498     23.9859   1018.0073     18869.65      340.459  14.3106   0.0196     8.04    0.265   7.94  18      75.59     2278.043     65.76646
       499    398.1582     23.1453     6201.489     380.7928  15.5188   0.0667     7.13    0.209   0.27   0      22.45     719.2694     60.29329
       500    800.1135   1016.3751     37843.81     410.7056  13.5550   0.0118     8.46    0.229   1.84  16      130.5     3961.948     71.08774
       501    201.8964     20.9640     6686.079     388.9266  15.4371   0.0632     7.20    0.344 -11.45   0      25.19     746.3134     59.62082
       502    189.0755   1018.5851     7312.645     366.5467  15.3398   0.0544     8.15    0.595  70.42  16      25.73     381.9357     59.00803
       503    371.3073   1019.5031     2885.336     205.4291  16.3495   0.0773     8.26    0.176  24.60  18      18.06     484.2628     58.92963
       504    436.7779   1014.7847     6966.275     250.2844  15.3925   0.0390     6.58    0.212 -16.00  16       35.3     1169.109     61.96574
       505    657.5204   1001.0458     130354.8     659.3125  12.2122   0.0055    12.01    0.367 -45.44  16      297.5     9668.181     87.55453
       506    238.4467    995.8058     22600.05     642.7505  14.1147   0.0309    15.34    0.153  15.44   0      53.75     1513.967     63.36477
       507    862.8758    996.8840     4820.029      167.963  15.7924   0.0378     6.66    0.462  42.58   0      45.37     2400.365     65.76527
       508    724.5565    990.8063     7455.222     417.5902  15.3188   0.0608     7.16    0.033  88.68   0      26.85      812.261     60.79585
       509    119.6255    986.8906      32577.8     790.2119  13.7177   0.0263    15.24    0.253  81.45  19      48.14     738.6678     59.74741
       510    110.8885    973.9769     71212.07     705.9869  12.8686   0.0108     8.64    0.254   4.22   2      167.2     5284.342     75.19678
       511    961.6663    988.6095     4466.881     331.4065  15.8750   0.0806     7.57    0.498 -24.31   0      17.91     537.0718     59.44643
