#   1 NUMBER                 Running object number                                     
#   2 X_IMAGE                Object position along x                                    [pixel]
#   3 Y_IMAGE                Object position along y                                    [pixel]
#   4 FLUX_AUTO              Flux within a Kron-like elliptical aperture                [count]
#   5 FLUXERR_AUTO           RMS error for AUTO flux                                    [count]
#   6 MAG_AUTO               Kron-like elliptical aperture magnitude                    [mag]
#   7 MAGERR_AUTO            RMS error for AUTO magnitude                               [mag]
#   8 FWHM_IMAGE             FWHM assuming a gaussian core                              [pixel]
#   9 ELLIPTICITY            1 - B_IMAGE/A_IMAGE                                       
#  10 THETA_IMAGE            Position angle (CCW/x)                                     [deg]
#  11 FLAGS                  Extraction flags                                          
#  12 SNR_WIN                Gaussian-weighted SNR                                     
#  13 FLUX_APER              Flux vector within fixed circular aperture(s)              [count]
#  14 FLUXERR_APER           RMS error vector for aperture flux(es)                     [count]
         1    770.2344     35.8939     65916.88     507.8975  12.9525   0.0084     7.16    0.156  -6.16   0      201.8     6978.042     79.94825
         2    252.8239     27.6545     64301.71     447.7264  12.9794   0.0076     7.19    0.068 -21.63   0      202.4     7183.031      80.9898
         3    514.9576     19.9354     7835.954     423.0608  15.2648   0.0586    11.04    0.099  72.62   0      30.97     904.7859     60.87364
         4    814.8772     15.0517     13307.68     471.6079  14.6897   0.0385     7.42    0.085  20.59  18      43.56     1098.865      61.4427
         5    810.0069     12.0013     10211.91     120.0546  14.9772   0.0128     0.00    0.006  39.45   3      138.9     9883.863     88.24397
         6    379.4937     16.8609     5897.816     367.1872  15.5733   0.0676     7.39    0.327 -28.82   0      20.65     560.3845     59.10345
         7     55.9654     10.4751     115390.4     528.6939  12.3446   0.0050     7.91    0.230 -28.27  24        300     11170.35     91.49736
         8    182.1201     15.3683     5645.744     370.1869  15.6207   0.0712     9.06    0.304   5.41   0      22.88     641.2205     59.88153
         9    534.5920     11.1249     7616.762     316.6147  15.2956   0.0451     7.61    0.199  -1.77  16      34.39     1017.679     61.29368
        10    723.1587      7.9940     14098.66     406.2957  14.6271   0.0313     8.48    0.055  -2.28  16      54.23     1627.222     63.80599
        11    634.5096      6.7452     17477.33     433.0711  14.3938   0.0269     8.23    0.179  -2.65  16      64.91     1859.271     64.04868
        12    367.4937      3.9467     67232.81     366.5004  12.9310   0.0059     7.82    0.326   0.43  24        234     9054.099     85.75545
        13    760.9064      3.7873     10542.62      395.576  14.9426   0.0407     8.86    0.372   6.79  24      37.83     1093.845     61.42413
        14    692.1845      4.1013     3768.553     268.2787  16.0596   0.0773     2.16    0.298  82.36  16      17.64     638.1015     59.55801
        15    245.4508      2.3442     3554.554     224.6605  16.1230   0.0686     8.13    0.453   5.87  24      21.09     736.7915     60.39744
        16     19.7005   1003.4372     3909.789       304.92  16.0196   0.0847     7.03    0.411  -3.83   0       17.2     466.4054     58.58232
        17    594.1677   1022.5836      2526.26     195.8888  16.4938   0.0842     6.63    0.224  16.09  24      16.38     579.2451     59.95708
        18    511.5021   1020.7307     21705.87     351.9448  14.1586   0.0176     7.21    0.221   2.20  24      88.25     2754.138     67.01028
        19    201.3837   1022.1786     9546.477      368.177  15.0504   0.0419     8.28    0.123 -11.17  24      30.23     423.1115     59.36229
        20    154.7009   1018.5782     30199.54     743.9601  13.8000   0.0268    16.98    0.476  48.00  18       42.7     460.6848     58.56012
        21    218.7888    989.0336     10824.76     325.4086  14.9140   0.0326    14.28    0.063  89.10   0      43.32     1253.302     62.60873
        22    779.6572   1010.6644     46788.19     515.7673  13.3247   0.0120    18.68    0.178 -69.96  18      132.3     3795.774     70.84974
        23    705.4387    984.5110     6662.177     396.2865  15.4410   0.0646     8.33    0.225  56.15   0       26.5     746.6198     59.97068
        24    941.5472    981.8553     3481.041     307.6403  16.1457   0.0960     6.68    0.235  44.34   0      16.65     424.2421     59.36662
        25    100.5654    980.2203     19362.57     602.7941  14.2826   0.0338    11.04    0.242 -36.50   1      45.77     568.0127     60.06961
        26   1017.5892   1000.8383     10761.43     365.7595  14.9203   0.0369    11.20    0.127  32.60  16      44.64     1344.839     62.94013
        27    920.8034    974.0591     7967.953     285.9937  15.2466   0.0390     7.86    0.147 -49.64   0      34.95     1038.346     61.52172
        28    504.1851    971.4537     7297.314     335.6528  15.3421   0.0500    11.84    0.162 -48.59   0      33.65      956.209     61.21753
        29     91.1717    967.5108     71923.65     747.6285  12.8578   0.0113     8.21    0.095  -7.14   0      162.7     4694.437     73.42305
        30    380.3513    965.0606     163516.5     580.3065  11.9661   0.0039     7.28    0.063 -11.96   0      392.4     16048.38     102.9031
        31    971.0021    972.3582     11908.59     132.3285  14.8103   0.0121     0.92    0.171  89.70   0      129.9     11894.99     93.47926
        32    616.4231    970.0576     6096.189      376.691  15.5374   0.0671    11.16    0.194  77.97   0      26.66     755.9328     60.31533
        33    423.5144    966.6365     23203.56     687.4528  14.0861   0.0322    10.31    0.120 -70.88   0      47.01     1014.841     60.97869
        34    471.4777    967.7612     8340.699     378.0428  15.1970   0.0492    11.15    0.097  26.62   0      36.87      1122.04     61.67943
        35    446.2057    966.6315     5846.028     381.4509  15.5828   0.0709     5.97    0.250 -35.99   0      23.83     593.4361     60.01085
        36    769.2761    964.3969     5103.505     227.2481  15.7303   0.0484     7.85    0.131 -33.06   0      26.77     792.5707     60.45323
        37    550.9547    962.9417     5797.653     380.2002  15.5919   0.0712     8.59    0.226  51.21   0      23.75     676.7807     60.01634
        38    409.0845    960.8670     14104.68     478.3568  14.6266   0.0368     8.49    0.366  -5.56   0       34.1     568.0163     59.28996
        39    282.7531    956.0884     7776.361     125.0302  15.2731   0.0175     4.89    0.288 -19.18   0      117.5     7193.866     80.79015
        40    832.8591    948.6984     77425.77     458.4178  12.7778   0.0064    18.53    0.120  12.88   0      233.1     8126.334     83.37205
        41    879.0089    951.1513      13799.9     318.8408  14.6503   0.0251     7.05    0.051  21.10   0       59.8     1855.464     64.46967
        42    574.0071    957.9750     6154.932     112.1117  15.5269   0.0198     4.30    0.057 -61.98   0      101.5     5733.188     76.93465
        43    121.3033    949.8595     31061.76     454.1898  13.7694   0.0159     7.79    0.053  45.65   2      102.6     2921.795      67.7141
        44    655.1812    953.0397     4280.928     118.5062  15.9212   0.0301     4.86    0.264  11.95   0      77.03     3718.117     70.99453
        45    999.4698    943.3205     49495.94     419.5803  13.2636   0.0092     7.72    0.038  10.41   0      165.9     5364.507     75.46868
        46    901.7344    944.3548     9098.977     399.4328  15.1025   0.0477     9.55    0.143  12.69   2      34.66     872.8623     60.75434
        47    386.8000    937.2366     98409.27     1196.187  12.5174   0.0132    20.08    0.389 -20.62   3      90.71     335.9134      59.0275
        48    107.4757    941.7599     6901.351     426.9403  15.4027   0.0672    10.66    0.144 -38.65   0      26.01     701.8491      60.1112
        49     77.1465    937.3737     34663.84     759.2394  13.6503   0.0238     9.53    0.079 -28.09   0      65.58     1589.934     63.38005
        50     22.9426    941.6494     10254.64     490.0038  14.9727   0.0519     9.55    0.337  62.90  16      26.56     511.0151     59.54179
        51    194.7224    941.6081     2633.662       133.97  16.4486   0.0552     4.39    0.497  54.20   0      51.73     2137.303     65.31336
        52     47.6595    928.8303     110498.1     768.0989  12.3916   0.0075     7.64    0.208 -47.53   2      248.6     8042.721     83.25565
        53    883.5797    936.3428     4102.502     322.8484  15.9674   0.0855     7.63    0.402  88.78   0      19.49     595.1959     59.70659
        54    989.1933    933.9932     1523.423     104.5423  17.0429   0.0745     2.32    0.176   3.09   0       35.5     1231.684     62.08213
        55    365.0587    927.1119     36071.52     662.8386  13.6071   0.0200    18.03    0.111  -8.88   0      93.91     2572.611     66.53178
        56    761.0551    929.3017     10578.36     432.6736  14.9390   0.0444     7.60    0.635  41.36   2      27.08     551.3262     59.22594
        57    421.3630    916.7119       122241     901.1904  12.2820   0.0080     8.51    0.251 -89.05   2      220.6     6266.988     78.13924
        58    656.7888    921.7087     39645.98     447.1619  13.5045   0.0122    17.45    0.132  32.20   0      131.4     3802.152     70.60709
        59    698.6130    920.8640     13414.94      355.824  14.6810   0.0288    15.57    0.218 -32.84   0      48.84     1256.939     62.17451
        60    825.5358    918.2628     50505.34      411.171  13.2417   0.0088     7.59    0.045   6.64   0      172.5     5861.201     77.07077
        61    206.8629    918.9242     17756.81     496.2918  14.3766   0.0304     8.12    0.013 -66.11   0      59.59     1609.779     63.45117
        62   1007.8487    917.7655     7303.274     421.6725  15.3412   0.0627     9.33    0.156  37.52   0      24.47      602.764      59.7354
        63    639.6145    914.4423     10652.79     457.2849  14.9313   0.0466     8.68    0.105  47.52   2      38.29     652.5627     60.23435
        64    575.2759    912.0917     13568.95      426.675  14.6686   0.0341     9.50    0.087  -9.87   0      53.88     1499.414     62.75875
        65    464.7402    908.4565     19768.18     592.0445  14.2601   0.0325     6.39    0.126  20.29   0      38.82     716.0911     60.47358
        66    132.0836    908.0840     2334.171     158.9234  16.5797   0.0739     4.60    0.165  24.80   0      30.33     1263.029     62.04697
        67     32.6942    889.7767     212297.2     718.1471  11.6826   0.0037     7.55    0.176  67.92   2      439.4     17526.57     105.8542
        68     52.8027    888.5267     59890.55     619.0142  13.0566   0.0112    16.78    0.218 -51.04   3      162.9     4977.247      74.5434
        69    829.7775    896.5108     16673.48     410.0095  14.4449   0.0267     8.88    0.084  84.06   2      60.15     1563.159     62.98918
        70    489.1455    898.4125     13316.73     444.1755  14.6890   0.0362     6.70    0.311  58.38   0      36.45     549.1908     59.68734
        71    435.4377    894.7853     23391.28     542.6474  14.0774   0.0252     7.69    0.042   0.47   0      74.22     2148.964     65.77972
        72    352.5369    896.9382      7583.33     145.3562  15.3004   0.0208     2.66    0.466 -63.31   0      78.99     6912.366     80.11059
        73    710.6578    889.0356     23969.62     720.0966  14.0508   0.0326    10.48    0.111 -13.69   0      42.32     834.9166     60.61222
        74    768.8564    895.8536     12485.02     454.1144  14.7590   0.0395    10.02    0.214  21.67   0      45.63      1225.39     62.35826
        75    514.5509    887.1285     27262.19     759.7814  13.9111   0.0303     9.81    0.087  21.45   0      45.77     1063.811      61.4645
        76    668.1890    886.7227     9248.215     447.3205  15.0849   0.0525     8.87    0.201 -14.53   0      24.04     548.0728     59.52695
        77    307.6824    920.1072     2413.589      159.037  16.5433   0.0716     6.92    0.435 -35.30   0      16.72     572.5076     59.46387
        78    162.0026    880.7800      7664.73      117.135  15.2888   0.0166     0.88    0.137 -88.61   0      107.7     7706.188     82.44481
        79    446.0781    872.3075     23564.28     625.9335  14.0694   0.0288    12.88    0.429 -63.03   0      65.81     1641.455     63.41796
        80    355.9148    874.5168     3629.511     280.0437  16.1004   0.0838     6.83    0.579 -89.77   0      19.47     753.9062     60.15319
        81    774.1047    871.6141     5160.191     357.0877  15.7183   0.0752     7.92    0.347   3.01   0      20.33     543.0519     59.35119
        82    281.8737    864.7509      7075.26     409.2278  15.3756   0.0628     7.85    0.346 -33.98   2      24.42     529.2625     59.29836
        83     51.9829    862.7982      18223.3     493.6859  14.3484   0.0294    10.99    0.059  13.59   0      62.53     1712.347      63.8175
        84    943.9742    859.6678     44128.28     450.9845  13.3882   0.0111     7.08    0.029  34.78   0      150.3     4947.635     74.45306
        85    688.6116    862.6595     37568.73     803.8433  13.5629   0.0232     4.86    0.083  27.05   0      54.52     882.9055     60.94478
        86    644.2208    861.6673     22441.55     511.3349  14.1224   0.0247     7.54    0.053  32.74   0      77.11     2179.791     65.60305
        87    906.4813    861.3378     12633.56     526.7623  14.7462   0.0453     9.53    0.179 -34.52   2      36.79     980.0141     60.84875
        88    533.4307    861.6271     4753.402      329.719  15.8075   0.0753     7.94    0.199  58.62   0      22.02     652.8773     60.23554
        89    977.6625    856.8403     11606.62     422.8867  14.8382   0.0396     7.95    0.145  29.93   0      43.45     1133.328     61.72101
        90    772.5727    857.3003     16593.22      582.097  14.4502   0.0381    14.54    0.300  -4.82   2      44.16     882.9062     60.17646
        91    157.0223    852.8306     5466.321     333.0164  15.6558   0.0662    10.80    0.186 -16.39   0      24.83     649.9576     60.22453
        92    613.3143    849.7386     20092.97     596.4752  14.2424   0.0322    11.39    0.516  23.11   2       41.6     554.9863     59.23999
        93    241.1483    853.0477     6085.316       379.76  15.5393   0.0678     8.50    0.327  -8.68   0      22.62     631.4259     59.99965
        94    373.0208    850.2982     7911.211     354.2668  15.2544   0.0486     6.73    0.117  -9.29   0      32.93     966.8556     60.64633
        95   1016.3650    850.7083     4265.788     296.6812  15.9250   0.0755     0.00    0.365  53.57  24      20.94     1104.499     61.00763
        96    640.4788    848.4401     25713.18     642.1155  13.9746   0.0271    12.24    0.192 -86.77   1      54.95     845.8763      60.6533
        97    277.0606    850.1119     7216.522     405.8815  15.3542   0.0611     8.63    0.287  27.70   0      27.62     695.5614     59.77687
        98    448.1161    847.1703     11766.02     429.5221  14.8234   0.0396     7.50    0.016 -62.93   0      46.14     1231.595     61.93172
        99    937.9702    846.4711     12696.99     468.3425  14.7407   0.0401    13.87    0.027  89.78   3      43.36     1091.028     61.56505
       100    867.1907    844.8329     10620.27     400.2974  14.9347   0.0409     8.72    0.061  -4.93   0      41.08     1169.447     62.15404
       101    361.1198    845.3649     6537.574     401.4649  15.4615   0.0667     7.25    0.050 -41.78   0      25.51      727.629     60.20859
       102    805.9692    836.1826      55443.9     571.5917  13.1404   0.0112    13.15    0.351  45.32   0      141.4     3022.725     68.59682
       103    663.6273    836.8638     108171.9     1470.725  12.4147   0.0148    25.74    0.289  28.32   2       81.1     566.3924      59.4405
       104    783.8861    839.8982     8837.957      447.632  15.1341   0.0550    10.56    0.293  61.43   0      29.29     778.2209     59.93525
       105    599.6063    836.9196     11142.78     286.8883  14.8825   0.0280     0.00    0.116  75.46   0      53.51     2624.806     67.12704
       106     37.2181    835.9663     12154.72     377.2578  14.7881   0.0337     8.25    0.060 -28.77   0       48.8     1513.391     63.54585
       107    330.0571    833.6602     16668.23      565.503  14.4453   0.0368     7.53    0.198  -2.78   0      43.19     1204.706     62.28283
       108    881.8006    827.0924     1513.702     110.9981  17.0499   0.0796     3.05    0.267 -27.93   0      37.09     1183.083     61.90395
       109    205.5445    823.6315     12850.48     415.7936  14.7277   0.0351     7.88    0.067 -28.45   0       48.4     1311.398     62.37326
       110    717.1893    823.5862     7279.215     317.8396  15.3448   0.0474     5.27    0.473   4.20   0      25.54     485.4062     59.28721
       111    475.2621    817.3748     23001.59     483.0472  14.0956   0.0228    15.82    0.100  -5.09   3      78.01     2104.903     65.34309
       112    463.1677    812.4921     63544.77     458.1334  12.9923   0.0078     7.24    0.046  18.04   3      197.2      6431.37     78.37879
       113    113.3344    816.2079     35998.54     504.5763  13.6093   0.0152    16.85    0.212   9.97   2      107.3     2370.473     66.11975
       114    670.9003    819.2169      11462.8     252.6625  14.8518   0.0239     7.62    0.593  82.80   0      100.5       6818.3     79.72664
       115    530.7733    816.7340     11136.47     288.5007  14.8831   0.0281     6.75    0.068 -56.44   0      49.25     1528.743     63.16025
       116   1015.7783    816.2007     9270.229     451.4731  15.0823   0.0529    11.04    0.235 -84.97  16      29.21     813.9526     60.53356
       117    406.3022    816.8865     6800.481      415.284  15.4187   0.0663     8.25    0.098 -50.38   0      21.65     526.4981       58.973
       118    327.8968    788.4354     131408.9     1139.253  12.2034   0.0094    21.37    0.177  62.79   3      263.2      4592.47     72.85172
       119    332.2207    804.1202     456923.1       704.73  10.8504   0.0017     7.24    0.069  -4.86   3      714.3     37995.47     143.4699
       120    140.1905    807.1423     10731.36     331.7167  14.9234   0.0336     8.58    0.045  37.50   0         43     1121.176     61.82695
       121    625.4906    803.6894     20702.55     688.6554  14.2099   0.0361    13.02    0.317  67.77   2      36.06     569.9561     59.45412
       122    977.6369    805.3393     6706.965     399.8189  15.4337   0.0647     7.77    0.171  88.74   0      25.71      729.478     60.21557
       123    506.8221    803.6038     8358.265     439.5189  15.1947   0.0571     7.34    0.092  40.90   0      29.53     738.0975     60.24809
       124    599.7502    803.6172     5308.698     346.6039  15.6875   0.0709     9.19    0.135 -89.61   0      24.16     715.0434     60.46964
       125    491.2555    796.4543     26033.84     584.1805  13.9612   0.0244    12.05    0.375  -3.03   0      74.39     1876.677     64.68843
       126    265.1823    818.0357     5530.374       265.42  15.6431   0.0521     7.01    0.103  56.45   0      25.63      796.066     60.92633
       127    884.6783    793.4901      3404.48     140.3362  16.1699   0.0448     4.24    0.546 -56.20   0          0     2922.318     67.71585
       128    860.2425    788.8793     27468.27     819.6448  13.9029   0.0324    16.67    0.303 -51.14   2      47.68     834.3345     60.45631
       129    868.6643    780.3316     7271.621     276.3288  15.3459   0.0413     6.36    0.427  42.44   2      33.42     2392.862     66.05593
       130    832.2186    793.7341     3725.496     197.2752  16.0720   0.0575     1.04    0.158 -44.86   0      34.79     1946.595     64.79014
       131    175.0655    789.7386     11552.12     489.1805  14.8433   0.0460     7.68    0.122  84.01   0      31.92     897.0328     60.84469
       132    737.3699    812.8334     33308.47     720.4593  13.6936   0.0235     9.59    0.125  19.61   0      66.91     1658.693     63.91799
       133    911.5215    788.7071     6395.435     393.7773  15.4853   0.0669     7.56    0.025 -13.18   0      23.16     642.5339     59.73092
       134     43.6791    786.3272      4320.19      124.328  15.9112   0.0313     1.40    0.266 -44.83   0      68.13     4117.201       71.614
       135    364.6265    783.5999     5247.995     335.6514  15.7000   0.0695     9.20    0.234 -42.16   0      22.91     619.6783     60.11015
       136    210.2275    784.3828     4720.985      342.842  15.8149   0.0789     7.14    0.361  -3.52   0      18.13     487.4295     59.60802
       137    110.5117    780.5032     6308.032      374.341  15.5003   0.0644     6.45    0.482 -88.24   2      22.25     505.0033     59.04792
       138     32.7273    775.9068      72586.7     437.2601  12.8479   0.0065     4.19    0.050   2.10   0      227.3       9062.1     85.88507
       139    892.9857    779.3463     20377.94     697.9449  14.2271   0.0372    15.54    0.425 -66.75   0      42.56     661.1129     60.11199
       140     87.1994    770.5221     193440.1     536.6627  11.7836   0.0030     7.21    0.048   0.53   0      449.6      19825.6     110.9323
       141    863.5591    770.6678     8880.741     449.2101  15.1289   0.0549     6.75    0.040 -86.00   0      26.26     726.6245      60.2048
       142    355.4447    770.8291     6763.103     392.8067  15.4246   0.0631    10.51    0.264   4.72   0      27.62     715.4169     60.47105
       143   1012.8387    765.1740     3772.942     123.3236  16.0583   0.0355     5.12    0.345 -47.80   0       71.7     3160.288     69.05109
       144    194.9078    766.8210     17733.41     140.3324  14.3780   0.0086     4.88    0.260  62.61   0      182.4     16151.28     102.8591
       145    522.9628    763.7656     4430.032     325.9465  15.8840   0.0799     7.30    0.136 -72.32   0       18.6     474.8005      59.4034
       146    265.1857    757.5124     6593.863     419.0752  15.4522   0.0690     9.54    0.203   0.99   0      24.28     582.8882     59.50354
       147   1022.0158    754.3810      5021.78     277.8419  15.7479   0.0601     9.74    0.384  69.73  24      25.51      767.166     60.51163
       148    335.0121    751.3633     50160.74     475.5387  13.2491   0.0103    11.60    0.103   3.08   2      153.5     4783.935     74.32823
       149    151.8497    754.0020     8522.416     419.5656  15.1736   0.0535     8.36    0.063  26.17   0      32.74      912.144     60.90111
       150    406.4025    753.8159     2418.019     255.5596  16.5414   0.1148     5.19    0.418 -48.01   0      13.97      465.687     59.21157
       151    879.2786    744.3513     19553.52     397.8061  14.2719   0.0221    11.73    0.312  86.30   0      64.97     1447.619     62.71946
       152    732.2574    746.4952     7504.457     261.8268  15.3117   0.0379     6.63    0.101   3.42   0      35.67     1073.025     61.04291
       153    208.3280    742.0502     58982.39     512.1061  13.0732   0.0094    12.61    0.425   2.34   0      161.3     3721.458     70.47903
       154    176.4797    746.8616      4274.27     339.8181  15.9228   0.0863     6.80    0.626  57.90   0      18.05     470.2945     58.91417
       155     25.0325    744.8387     8006.107     447.7294  15.2414   0.0607    11.41    0.324   4.46   0      28.07     645.1273     60.05153
       156    825.6004    736.8237     193523.3      533.655  11.7832   0.0030     7.12    0.042  24.57   0      454.4      20699.5     112.7085
       157    603.6589    738.7507      8535.46     189.6986  15.1719   0.0241     0.00    0.482 -65.96   0       97.9     6475.164     78.97842
       158    309.8704    756.9730     2689.502     104.8515  16.4258   0.0423     0.96    0.082  -0.14   0      51.15     2617.512     66.96352
       159     69.8468    740.7098      5383.72     204.9335  15.6723   0.0413     2.38    0.440 -21.77   0      57.73     3246.028     68.79372
       160    539.4451    736.2068     14090.05     501.1517  14.6277   0.0386     9.37    0.499  28.50   2      34.32     512.0703      59.7019
       161    170.3742    732.7610     18122.74     449.2249  14.3544   0.0269    14.79    0.039  20.42   0      67.67     1974.327      65.0306
       162    521.5695    731.5420     11895.23     465.4608  14.8116   0.0425    13.11    0.099  30.46   0       44.2     1092.723     61.41998
       163    632.3923    731.6326      6353.28     345.9458  15.4925   0.0591     8.66    0.119 -21.20   0      26.58     772.4866     60.68515
       164    301.5899    729.7388     10754.04     408.9968  14.9211   0.0413     7.85    0.064  -3.38   0      42.25     1172.551     62.01551
       165    278.4240    730.9645     4810.986     364.6046  15.7944   0.0823     9.12    0.354   0.17   0      21.04     565.5289     59.90506
       166     23.6765    728.8158     4333.241     332.2422  15.9080   0.0833     8.29    0.406 -68.99   0      19.56     542.4957     59.66184
       167    221.7776    722.9622     6157.443      396.584  15.5265   0.0699     7.76    0.271  -3.83   0      23.12     677.3732     60.48196
       168    591.1597    738.9828     2066.576     103.4924  16.7119   0.0544     1.14    0.100   1.78   0      45.69     2088.994      65.5722
       169    987.4747    719.4923     5299.039     298.2527  15.6895   0.0611     8.79    0.418 -59.10   2      23.65     622.0153     59.49659
       170    982.3564    710.5176     13890.18     318.1748  14.6432   0.0249     7.30    0.099  20.64   2      58.27     1784.654     63.78335
       171    834.1361    714.2943     85023.12     515.9256  12.6762   0.0066     7.20    0.091 -48.22   0      241.1     8374.938     84.04701
       172    512.5850    719.0692     9976.317     481.7334  15.0026   0.0524    10.35    0.177 -48.15   0      28.88     697.9105     60.25096
       173    657.4598    730.1595     16838.82     549.2945  14.4342   0.0354    17.63    0.404 -33.47   0      46.39     762.3187     60.33939
       174    912.8796    708.4248     3497.444     304.6125  16.1406   0.0946     6.61    0.181 -69.36   0      16.22     512.6899      59.3917
       175    655.8973    704.1565     56812.29     457.3319  13.1139   0.0087     7.45    0.067  -5.05   0      182.9     5913.646     76.86291
       176    876.3396    706.8058     4449.967     339.2505  15.8791   0.0828     5.63    0.240  39.08   0      20.09     592.8723     59.85343
       177    713.9069    705.7874       3524.6     115.0418  16.1322   0.0354     0.00    0.287  63.76   0       72.4     3198.495     68.63651
       178    506.7993    702.4337     20006.18     638.2724  14.2471   0.0346    12.94    0.227   9.82   0      39.78      726.495     60.51266
       179    423.3307    701.7842     5062.807     372.9609  15.7390   0.0800     9.42    0.314  41.26   0      20.56     434.4445      59.2488
       180     82.9041    698.4633     11836.89     481.6453  14.8169   0.0442    11.90    0.032 -45.62   0      36.91     935.3219     60.68159
       181    385.7421    688.8892      8147.88     314.0463  15.2224   0.0419     0.00    0.426 -30.26   0       46.9     1548.559     62.93648
       182    538.0559    690.4958     4162.274     302.0427  15.9517   0.0788     5.11    0.461  26.07   0      17.06     513.9799     58.92474
       183    628.0786    684.6691     48043.43     534.0398  13.2959   0.0121     7.97    0.119   3.90   0      150.2     4625.835      73.2104
       184    113.0585    688.6626     7633.817     436.4872  15.2931   0.0621     7.47    0.247 -23.09   0      24.53     711.5652     60.30244
       185    600.5356    683.9766     6480.354     286.4382  15.4710   0.0480     7.50    0.539 -79.91   3      32.69     1692.314     63.89193
       186    597.2818    683.0029      13320.9     468.1484  14.6887   0.0382     4.28    0.238 -74.69   2      45.43      1482.87     63.14252
       187    425.1736    677.8964     39635.61     555.3055  13.5048   0.0152     7.99    0.071   7.85   0      121.7     3545.349     69.50833
       188    400.5814    676.7595     14643.86     365.6276  14.5859   0.0271    14.92    0.083 -83.38   0      56.07     1580.285     63.63858
       189    883.1616    674.5460     18442.75     384.6732  14.3354   0.0227     7.70    0.042  34.94   0      70.89     2083.323     65.26799
       190    449.1460    677.0842     20238.22     384.5244  14.2346   0.0206    12.53    0.457 -56.54   0      94.28     909.9308     60.58642
       191    646.6230    670.9949     25078.29     438.1052  14.0018   0.0190     9.36    0.038 -25.73   0      90.71     2768.542     67.61194
       192     68.7158    675.7401     2352.321     120.6772  16.5713   0.0557     1.66    0.207  47.43   3      42.01      2288.23     65.55314
       193     66.9384    671.0435         5746     140.8118  15.6016   0.0266     3.65    0.444 -89.34   3      67.64     4544.873     73.21329
       194    763.4973    673.1085     3580.075     305.4369  16.1153   0.0927     5.72    0.168  28.50   0      16.03     428.0633     58.59242
       195    109.6102    667.3577     74775.51     494.2722  12.8156   0.0072     7.29    0.028  -7.18   3      223.6     7850.693     83.17852
       196    114.5463    650.8712     52746.55     465.9139  13.1945   0.0096     7.76    0.253 -27.18   3      164.1     5164.982      74.9896
       197    369.9657    666.4934     10300.38     403.0126  14.9679   0.0425     7.67    0.092  22.03   0      40.99     1180.703     61.29086
       198     74.9202    663.0886     18517.04     445.7859  14.3311   0.0261     7.54    0.081 -24.22   0      68.41     2013.175      64.7364
       199    793.1603    664.0734     5043.575     118.0045  15.7432   0.0254     4.76    0.236  25.24   0      87.59     4369.408     72.66656
       200    872.7600    653.5002     35678.21      467.074  13.6190   0.0142     8.35    0.166  18.08   2      120.1      3112.15     67.94032
       201    153.9825    652.2488     44139.78     445.8018  13.3879   0.0110     7.40    0.064   3.80   0        147     4603.338     73.64771
       202    428.7329    656.1351     3764.702     305.5742  16.0607   0.0881     8.64    0.254  -9.57   0      18.99     567.0997      59.4432
       203    628.3378    653.1153     5855.008     377.1628  15.5812   0.0700    10.17    0.277  25.68   0      24.27     592.3165     59.38303
       204    409.3456    651.9127     6637.417     426.7997  15.4450   0.0698     9.01    0.135  61.78   0      22.45     598.1725     59.40544
       205   1012.8915    648.0508     22218.16     457.4365  14.1332   0.0224    14.76    0.116 -10.36  16         80     2163.912      65.1207
       206    556.1541    649.7206     10524.49     421.2014  14.9445   0.0435    13.53    0.307 -17.12   0      40.05     1143.354     61.60704
       207    396.2475    646.5589     10819.61     456.8588  14.9145   0.0459    11.32    0.053  18.63   0      38.46     979.7758     61.15297
       208    349.0975    648.9590     2159.911     103.6972  16.6639   0.0521     4.39    0.105  -2.50   0       50.7     1914.128     63.95267
       209    816.1431    635.4947     8861.431        130.6  15.1312   0.0160     5.27    0.176  87.21   0      104.1     7950.099     82.77789
       210    202.9143    630.4412     16161.82     344.9907  14.4788   0.0232    11.55    0.319 -51.38   0      81.39      1710.53     63.51868
       211    966.2927    626.9638     55888.48     459.4117  13.1317   0.0089     7.55    0.054  -2.36   0      178.1     5747.479        76.37
       212    514.4244    669.4530     10555.73     451.0895  14.9413   0.0464     8.04    0.213 -58.49   0      37.51     1016.187      61.4398
       213     29.6083    632.9383     1550.321     104.6008  17.0239   0.0733     2.16    0.284  32.78   0      27.25     1442.393     62.99666
       214    454.9969    631.0772     4008.572     107.6727  15.9925   0.0292     4.32    0.060  88.76   0      76.02     3808.748     70.89135
       215    793.9184    630.3413     7716.207     321.7874  15.2815   0.0453     8.29    0.242 -31.61   0      36.98     2159.636     65.10578
       216    255.9676    628.4304     6096.927     377.3085  15.5372   0.0672     5.34    0.203 -62.26   0      22.43     725.8344     60.51019
       217    321.9624    625.2100     2064.366     112.1199  16.7130   0.0590     1.80    0.209 -68.16   0      33.89     1902.613     64.92298
       218    670.3474    622.1787     7354.131     413.3416  15.3337   0.0610     8.06    0.134  -3.11   0      27.88     759.4407     60.48261
       219    762.2386    621.9707     1690.427     104.9047  16.9300   0.0674     1.48    0.132   6.42   0      34.54     1688.027     64.02221
       220    567.3013    622.0607      2297.97     114.6402  16.5966   0.0542     4.88    0.310   8.33   0       49.2     1973.006       64.451
       221    158.4434    621.0975     4614.774     329.6235  15.8396   0.0776     6.74    0.312  57.68   0      18.03     462.6949     58.56792
       222    836.9479    619.0909     5780.497     369.6407  15.5951   0.0694     3.42    0.336 -45.95   0      21.55     596.6826     59.39974
       223    279.7310    616.6082      7431.61     478.1044  15.3223   0.0699    10.09    0.222  82.55   0      24.38     521.6993     59.42617
       224    912.4440    609.6444     23096.93     464.4314  14.0911   0.0218     7.42    0.086   9.44   2      76.18     2131.967     65.29479
       225    417.1026    613.3065     9859.392     407.3587  15.0154   0.0449     6.62    0.217 -24.76   0      29.38     543.0836     59.03688
       226    592.0247    610.7615     6863.902     383.8794  15.4086   0.0607     6.63    0.227  11.56   0      26.92     893.2709     61.28786
       227    501.8700    608.1188      6306.57     254.4635  15.5005   0.0438     7.46    0.087 -40.97   0      28.98     836.6666     60.31097
       228    479.9901    604.8201      55567.9     423.4063  13.1379   0.0083     7.33    0.070 -10.51   0      183.2      6065.78     77.79143
       229    408.0053    607.9979     4601.887     108.9178  15.8427   0.0257     0.00    0.006  52.67   2      88.52     4456.997     72.93999
       230    644.4600    605.1223     6886.918     423.1008  15.4049   0.0667     9.26    0.330  37.22   0      23.69     568.8842     59.29328
       231    652.2210    596.2792     11168.76     452.9418  14.8800   0.0440     7.10    0.131 -11.08   0      39.99     1149.858     61.93229
       232    117.3860    591.6234     48736.68     414.7048  13.2804   0.0092     7.72    0.068 -16.22   0      165.9     5380.768     75.88642
       233    349.7707    595.1091     3172.415      129.603  16.2465   0.0444     1.37    0.218 -34.50   0      48.16     2542.257     66.28777
       234   1017.7383    592.9887     4100.273     298.1193  15.9680   0.0790     6.38    0.405 -35.37  16      17.27     447.4642     59.14158
       235    453.2001    586.3447     6605.805     439.1419  15.4502   0.0722    10.20    0.393  61.94   0      22.06     584.1077     59.66437
       236    815.1788    583.0816     3898.265     309.4557  16.0228   0.0862     7.19    0.364 -38.10   0      17.51     480.8749     59.26984
       237     97.0426    579.5804     16658.39     332.2704  14.4459   0.0217     7.98    0.086  -3.00   0      67.29     1965.733     65.00056
       238    969.0202    575.6285     3294.307     268.7438  16.2056   0.0886     2.84    0.360 -89.59   0      17.08     609.0583     60.06998
       239   1008.9371    573.0469     9094.106     406.9315  15.1031   0.0486     8.31    0.055  35.70   0      34.79     956.1104     61.06496
       240    841.5945    571.7904     5028.599     356.3516  15.7464   0.0770     8.45    0.352  21.20   0      21.47     622.5469     59.81062
       241    754.5380    570.9280     7536.351     421.2462  15.3071   0.0607    10.98    0.207   9.83   0      27.77     745.4577     60.27585
       242    596.2285    562.8856     284598.1     612.4066  11.3644   0.0023     7.63    0.065  65.88   0      566.7     26263.23     123.3432
       243     69.4145    571.9608     8166.278     154.0127  15.2199   0.0205     6.32    0.469  -4.95   0      111.5      6944.27     80.66385
       244    244.6726    564.6136     9449.211     389.6096  15.0615   0.0448     7.43    0.046 -45.93   0       37.9     1056.773     61.58975
       245    801.8689    564.5325     6318.916     385.9752  15.4984   0.0663     8.80    0.313   5.63   0      23.31     625.7078     59.66686
       246    188.4210    555.0392     20759.08     434.2545  14.2070   0.0227     8.80    0.029  -5.73   2      75.73     2217.781     66.01706
       247    915.1195    558.5994     6619.479     424.6041  15.4479   0.0697     7.88    0.094 -51.91   0      24.76     681.4467     60.03401
       248    431.9896    557.6118     7965.207     331.9255  15.2470   0.0453     7.50    0.102 -25.05   0      33.26     973.9744     61.13141
       249    379.8015    554.6909     28114.32     737.3521  13.8777   0.0285    13.12    0.125 -38.06   2      45.51     753.8386     60.30744
       250    285.7354    552.8586     20509.87     506.3573  14.2201   0.0268     8.51    0.064 -80.23   0      67.94     1881.963     64.41872
       251    508.0251    553.8094     8110.649      400.616  15.2274   0.0536     8.46    0.101  31.69   0      31.48     859.6423     60.85797
       252    185.8710    561.9798     4463.725     108.6292  15.8758   0.0264     0.99    0.088  -4.97   3      75.31     4206.157     72.28303
       253    972.8508    549.1298     14500.28     595.5136  14.5966   0.0446    12.41    0.326  21.01   0       30.4     700.2316     60.10508
       254    701.6254    546.4243     5690.207     359.3723  15.6122   0.0686    10.17    0.163  50.00   0      24.22     631.4666      60.1547
       255     38.1889    532.1841     763892.8     768.7925  10.2924   0.0011     7.12    0.066   4.30   0       1036     79143.02     198.1626
       256    578.6491    537.0487     95745.64     500.5795  12.5472   0.0057     7.30    0.063 -24.23   0      269.2     9819.525     88.28918
       257    151.0496    543.8646      17971.5     143.9861  14.3635   0.0087     0.00    0.272 -71.31   0      188.6     17219.52      105.458
       258     14.4721    541.6865     12846.03     181.1811  14.7281   0.0153     4.15    0.508 -76.06   0      103.1     7149.962     80.66655
       259    283.0966    536.5107     10161.68     456.5314  14.9826   0.0488     7.11    0.048 -75.60   0       36.4     1062.635     61.15657
       260    484.3725    535.5180     8244.305     405.8838  15.2096   0.0535    10.51    0.223 -20.21   2       32.4     744.7356     60.27313
       261    123.8094    530.1312     14965.21     587.0359  14.5623   0.0426     9.48    0.168  56.67   2      36.02     833.3588     60.60638
       262    111.0919    529.4220     17242.38     584.7425  14.4085   0.0368    11.42    0.140  22.50   2      42.01     1059.087     60.99099
       263    155.8251    525.6296      6462.03     384.2473  15.4741   0.0646    11.11    0.083  63.87   0      27.36     631.8718     60.15623
       264    284.5882    520.8864     4488.973     346.7376  15.8696   0.0839     7.06    0.214  77.78   0      18.17     542.5168     59.34914
       265     96.6727    520.0613     5110.788     366.6997  15.7288   0.0779     7.51    0.013 -62.41   0      18.76     520.4359     59.42134
       266    746.5092    518.8177     4979.562     355.0121  15.7570   0.0774     7.46    0.011  29.68   0      21.84     614.2922     59.31038
       267   1010.7249    515.1671     6529.863     373.8539  15.4627   0.0622     5.40    0.091 -51.28   0      27.58     954.6287     61.05944
       268    254.9667    512.9533     4032.138     336.2139  15.9862   0.0906     6.93    0.185  35.17   0      17.87      419.523     59.19154
       269    831.0578    511.2832     4958.863     117.8413  15.7615   0.0258     0.78    0.094  50.48   0      74.06     4769.286     73.65437
       270    727.1660    509.1909     2268.158     120.5185  16.6108   0.0577     5.05    0.356  50.30   0      51.06      1927.85     64.86797
       271    544.4125    509.1622     5902.128     367.8229  15.5725   0.0677     8.92    0.062  66.78   0      23.97     625.6342     60.28722
       272    978.7465    507.0351     6124.169     387.6651  15.5324   0.0687     7.33    0.092 -36.44   0      24.44     707.0023     60.13068
       273   1013.6802    502.3512     4186.588     299.7415  15.9453   0.0778     5.35    0.159 -78.95  18      17.41     435.2477     58.77882
       274    107.8639    498.1506     4746.265     125.1045  15.8091   0.0286     0.00    0.070 -57.50   0      79.42     3875.043     71.10356
       275    658.3502    496.0591     10895.13     374.0183  14.9069   0.0373     7.68    0.119  17.41   0      45.05     1316.533     62.39197
       276    145.2298    491.4885      11848.5     497.3353  14.8158   0.0456    12.85    0.135 -20.16   0       37.4     943.5746      60.7125
       277    304.2399    491.9347     12518.33     489.6292  14.7561   0.0425     9.15    0.492 -88.74   0      34.34     411.1743     59.00196
       278     61.8574    485.9537     154784.7     510.0977  12.0257   0.0036     7.22    0.059  -7.05   0      389.1     16510.25     104.0077
       279    887.2441    483.6277     247238.4     588.9762  11.5172   0.0026     7.18    0.117  54.40   0        526     25760.17     122.6406
       280    322.7299    487.0581     14097.88     485.5941  14.6271   0.0374     8.06    0.382   3.97   0      35.58     424.0434     59.05151
       281     20.2662    481.1696     11705.88     454.2368  14.8290   0.0421     8.21    0.117 -67.91   2      41.39     944.3768     61.02127
       282    930.0964    481.4327     20508.29     542.2973  14.2202   0.0287     8.09    0.104  14.08   2       61.4     1669.386     63.07692
       283    461.6365    477.4577     5710.582     384.4083  15.6083   0.0731     9.86    0.291 -14.41   0      23.68     624.1835     59.81683
       284    296.5048    476.7802     19800.64     566.7605  14.2583   0.0311     9.74    0.097  38.87   0      39.73      479.292     58.79079
       285    957.0755    477.2169     3048.521     158.4805  16.2898   0.0565     5.44    0.609 -32.54   0      35.46     1547.683     63.37538
       286   1002.9330    469.2135     5007.005     338.2507  15.7511   0.0734     9.09    0.345   7.04   0      21.62     642.7482     59.88733
       287    222.2579    463.6208     84356.66     521.4645  12.6847   0.0067     7.12    0.065 -18.97   0      244.6      8750.54     85.27515
       288    741.0347    468.6437     1143.488     105.9325  17.3544   0.1006     2.93    0.367 -64.02   0      13.79     904.9083     61.02678
       289    283.0412    466.9664     3738.507     147.3339  16.0683   0.0428     4.43    0.085 -22.29   0      59.53      2551.28     67.01665
       290    599.2676    462.6075      4621.02     328.9212  15.8382   0.0773     7.79    0.125  21.80   0      20.01      509.315     59.37879
       291    922.6249    457.9654     25071.02     510.6833  14.0021   0.0221     8.22    0.134  14.95   0      82.09     2430.853     66.60699
       292    247.9998    461.8594     20020.87     137.3744  14.2463   0.0075    -2.30    0.101 -89.65   0      190.5      20035.1     111.3607
       293    521.4812    457.9764      18896.9      170.478  14.3090   0.0098     3.51    0.529  -2.16   0      164.3     13912.53     98.07248
       294    865.9794    454.9916     8388.252     158.7977  15.1908   0.0206     3.30    0.549  -0.46   0      86.18     5571.748     76.33443
       295    284.2119    450.6404     28670.29     743.4927  13.8564   0.0282    13.87    0.219 -28.28   0         47     763.3737     60.80426
       296    250.9978    450.8252     2487.896     104.4136  16.5104   0.0456    -2.30    0.114  87.66   3      55.02     2489.409     66.66705
       297    248.0471    444.3686     15474.31     546.1798  14.5260   0.0383    13.81    0.144  -0.73   2      44.92     1271.332     62.52549
       298     39.4954    448.9629     6898.822     317.5675  15.4031   0.0500     6.23    0.171 -11.17   0      30.69     929.4578     60.35202
       299    682.7988    441.6415     7606.068     368.8742  15.2971   0.0527     7.23    0.091  10.57   0      31.26     913.0103     61.20917
       300    357.9381    437.8332     6900.901     371.5833  15.4027   0.0585    10.40    0.150  57.78   0      27.46     817.9744     60.54866
       301    828.2712    430.1843     183142.6     526.5713  11.8430   0.0031     7.01    0.053   6.67   2      437.5      20008.8     111.3905
       302    427.9394    434.5641      4827.64     375.9248  15.7907   0.0846     8.29    0.286 -54.15   0      19.25      463.905     59.20473
       303     30.2834    432.4288     11142.78     557.8828  14.8825   0.0544    11.98    0.175  22.30   0      27.99     603.5045     59.58223
       304    416.9904    430.3167     4110.058     114.1729  15.9654   0.0302     0.90    0.163 -86.62   0      70.76     4133.391      71.9246
       305    289.6919    415.0008      13941.1      432.289  14.6393   0.0337     9.56    0.095 -86.24   2      51.22     1279.585     62.25724
       306    925.9401    415.1020      3800.64     145.8431  16.0504   0.0417     4.87    0.122  -5.64   0      57.82     2544.354     66.43519
       307    766.6282    409.3230     47168.66     472.1396  13.3159   0.0109     7.45    0.072  21.12   2      153.6     4586.266     73.34167
       308    592.5871    410.7168     3188.509      138.314  16.2410   0.0471     5.88    0.495  41.95   0      35.69      1948.99     64.65476
       309    134.7805    406.0740     5293.012     345.2485  15.6907   0.0708     6.87    0.097 -30.51   2       20.8     564.5812     59.58995
       310    464.7569    401.6333     24283.77     514.8715  14.0367   0.0230     7.53    0.063 -15.34   0      81.68     2403.565     66.37376
       311    208.2077    401.0970      4583.53     333.8102  15.8470   0.0791     7.96    0.106 -80.93   0      20.36     575.7282     59.63245
       312    805.1155    396.8836     3620.327     109.0057  16.1031   0.0327     0.00    0.150 -44.41   0      71.88     3523.077     69.83638
       313    297.7443    389.0430     149399.5     503.0893  12.0641   0.0037     7.15    0.070  -2.93   0      380.8      16188.2     103.3016
       314    149.1959    391.4337      21234.4     570.1985  14.1824   0.0292    12.20    0.132 -13.96   2       60.3     1585.843     63.65843
       315    179.2596    390.1352     50609.97     451.1557  13.2394   0.0097     8.41    0.082   3.52   0        164      5202.78     75.22788
       316    949.5547    390.9231     16880.69     343.4377  14.4315   0.0221     7.64    0.154 -20.53   0      66.53     1939.139     64.47595
       317    869.5461    391.8885     16071.92     560.7177  14.4848   0.0379     8.68    0.147   2.62   0      41.34     1010.821     60.96371
       318    856.9598    391.0889     13379.35     580.4401  14.6839   0.0471     7.26    0.253   1.70   1      31.79     603.6977     59.42657
       319    223.0505    391.0033     13969.69     450.2299  14.6370   0.0350     7.59    0.430  62.33   0      35.17     453.5364     59.16491
       320    554.8295    388.6078      9272.41     492.3911  15.0820   0.0577    11.25    0.243 -31.94   0      28.37     682.0244     60.34541
       321    455.1593    383.0879     14641.02     462.7952  14.5861   0.0343     7.89    0.086 -15.72   0      50.42     1352.053     62.22282
       322   1020.0206    384.7784     3647.441     285.8142  16.0950   0.0851     5.95    0.248 -51.59  16      15.89     469.4467     59.53942
       323     71.5956    380.5767     25649.75     538.4321  13.9773   0.0228     8.23    0.148 -20.17   0      80.73     2257.573     65.73054
       324    783.5407    382.2590     3281.948     299.8317  16.2097   0.0992     6.38    0.275  22.49   0      17.25     557.7069     59.87538
       325    989.7846    378.7856     8543.365     441.7264  15.1709   0.0562    11.31    0.197  20.44   2      30.22     634.0244     59.85421
       326    986.0020    373.0135     5820.427     111.4315  15.5876   0.0208     4.21    0.001  49.07   3      99.49     5508.437     76.14571
       327    234.9118    377.5877      19480.5     621.4613  14.2760   0.0346    10.10    0.058 -39.33   0      41.41     795.2577     60.15472
       328    677.3441    377.2067     5648.827     377.0385  15.6201   0.0725     9.28    0.341   3.80   0       22.6     573.3524     59.77927
       329    410.5204    375.2683     6500.275     406.6262  15.4677   0.0679    11.07    0.407 -30.19   0      24.84     547.2988     59.21049
       330    900.4873    374.1727      3740.45     304.7938  16.0677   0.0885     7.20    0.158 -41.85   0      18.59     519.0104     59.10181
       331    207.2812    368.1888     24056.36     611.8293  14.0469   0.0276    10.26    0.366 -51.50   2      46.69     473.7682     59.24258
       332    884.6096    366.1761     8139.393     327.1034  15.2235   0.0436    10.72    0.163   5.39   0      36.98     1089.097     61.70891
       333    670.9313    367.4670     1417.179     118.9029  17.1214   0.0911     3.35    0.395 -62.28   0      22.83     926.7969      60.8029
       334    377.0601    364.8747     8742.897     372.7083  15.1459   0.0463    12.36    0.056  13.05   0      34.06     833.2801     60.45234
       335    626.8807    364.1443     6108.249     392.4276  15.5352   0.0698     8.64    0.250 -31.77   0      21.77     615.8553     59.47305
       336     70.4727    357.4549     30961.28     483.9017  13.7730   0.0170     8.52    0.112 -15.93   0      104.9     3152.146     68.61862
       337    192.6004    348.6908     54939.09     1019.018  13.1503   0.0201    14.26    0.297  11.30   0      66.25     1092.585      61.5708
       338    782.5450    345.1897     11205.68     445.1893  14.8764   0.0431     8.81    0.188   5.92   3      38.25     1042.689     61.53775
       339    789.7789    337.4518     24155.28     511.1866  14.0425   0.0230     7.48    0.112 -25.86   3      82.39     2438.171     66.49215
       340    263.7234    344.3937     2535.947     241.6294  16.4896   0.1035     5.35    0.485 -35.89   0      14.49     461.2714     59.19461
       341    691.0557    333.1309     106768.1     500.4715  12.4289   0.0051     7.18    0.039  -1.59   0      296.6      11317.1     91.75979
       342    833.1563    338.9391     6797.153     377.7301  15.4192   0.0604     3.99    0.195   3.97   0      22.37     737.3447     60.24525
       343    509.8058    328.4390     6632.655     380.0874  15.4458   0.0622    11.09    0.468  81.73   0      27.43     625.7814     60.13322
       344    168.2997    331.0786      17270.2      603.934  14.4068   0.0380    11.33    0.190  18.86   0      39.81     561.1185     59.10627
       345      5.0872    331.9590     3154.741     267.7582  16.2526   0.0922     5.81    0.190 -64.24  16      15.86     536.8536     59.17038
       346   1014.5993    327.0308     5602.269     328.1838  15.6291   0.0636    10.20    0.229 -27.17  16      26.08     750.7203     60.60358
       347    883.9212    322.5811     6307.728     323.6791  15.5003   0.0557     7.40    0.173  14.37   0      28.94     922.9702     61.09401
       348    645.0786    321.5681     11140.81     417.0952  14.8827   0.0407     7.55    0.016  -9.63   0      40.76     1201.709     61.97229
       349    583.2092    323.0657     5223.426     364.8616  15.7051   0.0759     8.04    0.256  34.33   0      21.18     568.2367     59.60389
       350    723.1419    320.3007     12304.14     361.6059  14.7749   0.0319    11.18    0.473  22.19   0      65.57     872.3429      60.2911
       351    665.8446    322.5755      4247.36     152.7563  15.9297   0.0391     6.40    0.463  17.25   0      48.35     2526.651     66.93307
       352    238.7698    317.6888     17618.23     350.6248  14.3851   0.0216     8.34    0.137   7.31   0      67.82      1929.21     64.29637
       353    176.7538    320.4281     16082.39     553.2031  14.4841   0.0374    10.09    0.368  14.60   0      39.19     563.8595     59.89873
       354    609.9097    318.1447     1565.218     108.9894  17.0136   0.0756     2.64    0.226 -61.10   0      34.77     1203.565     61.67807
       355    784.7029    315.1124     8122.991     384.0187  15.2257   0.0513     9.11    0.160 -33.76   0      33.62     873.4302     60.44934
       356    863.1011    295.9525     27609.93     648.5516  13.8973   0.0255    11.10    0.229 -60.78   3      71.37     1900.357     63.90371
       357    866.4485    307.1020     28246.42     503.8506  13.8726   0.0194    17.10    0.314  14.68   3      90.67     2649.076       66.653
       358    423.1703    309.6113     3285.631     309.0054  16.2085   0.1021     6.07    0.358  -1.12   0      15.79     483.1833     59.43547
       359    987.3046    305.8217     9018.395     418.1685  15.1122   0.0504     7.21    0.081   6.69   0      34.28     950.7803     60.58606
       360   1022.2280    307.7519     4484.669     259.1924  15.8707   0.0628     4.79    0.232  89.94  24       23.7     890.5607     61.12576
       361    285.8537    300.3590     94905.98     468.4958  12.5568   0.0054     7.24    0.063  -3.35   0      273.5     10056.22     88.79163
       362    510.1511    304.3192     12278.12     427.0778  14.7772   0.0378     9.21    0.115  19.60   0      44.44     1244.455     61.82856
       363    336.6909    304.5208     4043.081     311.8085  15.9832   0.0838     6.56    0.189 -26.10   0      17.58     481.0763     59.11339
       364    558.1039    300.6211      5442.12     376.9139  15.6606   0.0752     9.19    0.105  25.35   0      21.88     530.2139     58.98732
       365    209.8802    295.5043     3066.231     296.5464  16.2835   0.1050     6.70    0.286  32.79   0      17.26     520.8515     59.10889
       366    484.5009    290.5836     11504.86       405.99  14.8478   0.0383     8.55    0.117  -7.35   0      45.91      1219.16     61.73551
       367    137.1198    293.6601     9060.832     416.5192  15.1071   0.0499     6.86    0.247  63.27   2      26.95     563.6448      59.2732
       368    839.5852    287.3069        19279      362.129  14.2873   0.0204     7.01    0.104   1.05   0      79.27      2438.98     66.07372
       369    158.1116    289.9880     2490.472     104.4192  16.5093   0.0455     0.00    0.131  -2.84   0      53.62     2076.999     64.81667
       370    868.3000    283.7543     5968.688      383.349  15.5603   0.0698     8.02    0.131 -49.57   0      22.54     597.1068      58.9295
       371     40.4333    278.6633     83498.61     478.7408  12.6958   0.0062    15.33    0.084   5.04   0        244      8769.84     85.32658
       372    505.9662    280.0641     13943.52     386.8472  14.6391   0.0301     7.49    0.120 -13.38   0      54.81     1638.704      63.5547
       373    215.6894    278.5977     14785.61     326.0295  14.5754   0.0239     9.13    0.047  62.57   0      59.38     1690.204     63.73859
       374    952.4065    281.3322     4335.305     343.2646  15.9075   0.0860     8.04    0.295  33.55   0      19.97     543.7101     59.51029
       375    463.0706    273.7396      15137.9     397.6227  14.5498   0.0285    10.60    0.148 -20.43   0      59.94      1710.08     63.80943
       376     10.6019    272.4849     8191.364     387.6768  15.2166   0.0514    11.34    0.377  -6.62  18      28.27     667.9124     60.29224
       377    961.1290    263.1210     7369.846      407.683  15.3314   0.0601    11.15    0.104 -33.17   0      28.95     781.8202     60.10393
       378    852.3010    260.7985     3763.448     304.8109  16.0610   0.0880     8.01    0.119 -81.93   0      19.39     573.3165     59.62325
       379    776.8164    258.6853     7753.417     435.4823  15.2763   0.0610     9.86    0.131  23.14   0      24.68     602.5707     59.57867
       380    551.4412    251.9126     144421.8     532.3601  12.1009   0.0040    18.02    0.137   6.84   0      364.6     14972.25     100.3129
       381    749.0084    257.9965     21102.31      139.152  14.1892   0.0072     0.00    0.014 -25.66   0      207.8     20755.33      112.821
       382    236.9768    247.5983     74325.28     491.7051  12.8222   0.0072     8.24    0.191  49.36   0      212.9     7011.653     80.50745
       383    284.4176    253.6363      9390.19      316.418  15.0683   0.0366    10.45    0.113 -72.42   0      46.65     2019.481     65.33082
       384    758.6156    252.0433      13941.7     529.9669  14.6392   0.0413     8.39    0.161  16.89   0      34.59     868.4199     61.04338
       385    167.4497    253.9697     5218.093     223.2322  15.7062   0.0465     6.07    0.057 -37.84   0      28.01     915.1108     61.06476
       386     61.1542    249.0045     21036.28     359.3666  14.1926   0.0186     7.55    0.113   8.08   0      81.54     2389.465     66.32546
       387    368.3277    249.6000     18449.11     504.9709  14.3351   0.0297     7.53    0.127   7.36   0      62.15     1730.436     63.88189
       388    765.9376    243.8489      9173.35     476.0081  15.0937   0.0564    10.72    0.267 -20.23   0      28.45     645.5573     59.89799
       389    112.3023    244.7516     4445.815     193.3487  15.8801   0.0472     0.88    0.120 -43.54   3      36.41     2182.453     65.04247
       390    119.0633    236.6750     42392.32     696.4452  13.4318   0.0178     8.12    0.070 -81.50   2      94.69     2910.895     67.95195
       391    122.0118    226.3577     12631.97     436.4246  14.7463   0.0375     8.24    0.062  30.32   3      44.35     1222.539     62.49696
       392    680.1400    243.6813     3167.628     275.4778  16.2482   0.0944     5.42    0.500 -33.34   0      15.23     427.7675     58.74989
       393    592.0206    229.1586     12662.44     585.7466  14.7437   0.0502    12.43    0.274  72.00   2      31.93     600.1702     60.03634
       394    328.0703    231.1018     2143.652     146.4501  16.6721   0.0742     0.00    0.173  61.98   0      37.87      1314.65     61.78555
       395    826.7067    227.2381     7291.529     393.1123  15.3430   0.0586     6.44    0.216  13.45   0      28.81     877.2112     60.15495
       396     17.0812    223.6903       3539.5     132.0193  16.1276   0.0405     0.00    0.327 -79.64   0      59.45     2612.244     66.80648
       397    768.3001    221.8486     4298.604     342.5619  15.9167   0.0865     7.53    0.214 -15.15   0      17.65      432.837     58.29252
       398    434.1258    220.0613     7632.107     372.0303  15.2934   0.0529     8.49    0.117  43.98   0      30.58     863.1033     60.71782
       399     27.7151    216.2153     12862.09     517.5046  14.7267   0.0437    16.47    0.479  41.65   0      38.32     679.5804     59.87171
       400    721.5274    215.0905     4521.771       278.27  15.8617   0.0668     3.03    0.487  27.97   0      18.67     569.9824     59.29749
       401    792.3575    210.4406     3330.257     276.4548  16.1938   0.0902     6.25    0.430 -24.32   0      16.82     584.1422     59.50832
       402    582.7601    209.0141     7032.789     419.8676  15.3822   0.0648     8.45    0.172  27.50   0      22.98     647.0151     60.36777
       403     75.6552    202.9632     27936.83     697.0724  13.8846   0.0271    12.01    0.361  19.42   0      46.52     528.5411     59.60865
       404     54.8380    201.6338     21460.63     588.3602  14.1709   0.0298    12.56    0.131  14.32   0      58.72     1630.624     63.67212
       405     21.1408    202.9680     22822.53     145.1751  14.1041   0.0069     4.76    0.026  56.47   0      189.3     22113.87     115.5253
       406    486.2336    202.7718     2082.363     105.7505  16.7036   0.0552     1.86    0.249 -44.54   0      43.97     2120.954     65.54104
       407    184.1156    199.3938     12942.95     462.4639  14.7199   0.0388     8.10    0.138   5.23   0      43.47     1249.771     62.29786
       408    210.4990    200.7034     1579.717     119.2132  17.0036   0.0820     1.45    0.104  25.63   0      26.88      1400.41     62.24988
       409    355.9586    199.9412     2673.672     107.0137  16.4322   0.0435     0.00    0.148  45.21   0      59.17     2421.167     66.29377
       410    942.9224    194.2169     10996.74     504.8419  14.8968   0.0499     7.64    0.100  84.82   0      30.52     776.4528     60.39261
       411    803.1982    194.0854     11030.91     376.5802  14.8935   0.0371     7.69    0.056   5.14   0      45.02     1382.601     62.92863
       412    523.9831    186.2462     25163.46     504.7678  13.9981   0.0218     8.18    0.116  -0.10   0      83.45     2442.448     66.64655
       413    502.8644    186.6178     11139.32     511.7711  14.8829   0.0499    12.34    0.274  -9.81   0      34.04     909.7311      60.8921
       414    595.6140    186.6226     3584.053     263.7482  16.1141   0.0799     2.23    0.391  44.76   0      16.81     735.6845     60.39328
       415    678.0500    179.4579     20288.27     461.5451  14.2319   0.0247     7.30    0.098   3.35   0      73.39     2197.415     65.66408
       416    936.6236    175.8290     12661.03     550.5294  14.7438   0.0472    10.90    0.331  33.63   2      30.36     633.1122     60.16092
       417    256.0114    176.0089     1373.035     110.7097  17.1558   0.0876     0.00    0.024 -41.42   2      43.28     1502.583     63.06605
       418     61.1081    170.4747     42924.76     844.5564  13.4182   0.0214    15.16    0.201 -16.09   2      59.32     717.1284     59.85881
       419    907.9938    165.0123     5314.611      110.395  15.6863   0.0226     4.22    0.008 -36.64   2      93.61     5030.782     74.70644
       420    486.5386    161.1510     21954.29     488.7816  14.1462   0.0242     9.40    0.105 -18.11   0      75.01     2241.687     65.67558
       421    185.4380    160.2015     6254.892     387.1413  15.5095   0.0672     9.52    0.394  23.60   0      22.29     547.5118     59.83667
       422    617.9449    153.2170      11223.4     469.6127  14.8747   0.0454     8.70    0.074 -25.49   0      37.21     951.0353     61.19832
       423    952.2708    155.0084     4448.011     170.3212  15.8796   0.0416     0.00    0.375   5.08   0      61.13     2742.452     67.38622
       424    718.2101    154.0330     3524.526     131.9936  16.1322   0.0407     2.60    0.340 -45.72   0       48.2     2906.076     68.20925
       425    551.9789    149.2809     25292.85     488.4299  13.9925   0.0210    13.07    0.073  48.41   3       87.5      2620.49     66.97362
       426    562.1581    147.7314      38930.3     530.5859  13.5243   0.0148     8.27    0.090  -4.52   3      122.2     3750.369     70.70394
       427     47.0623    153.1068     8318.775     221.1685  15.1999   0.0289     4.04    0.225  63.38   0      69.36     4662.394      73.3238
       428     73.3364    150.6716     11729.45     501.4738  14.8268   0.0464     8.20    0.136 -14.54   0      28.99     771.9942     60.37582
       429    754.8569    141.3748     6244.891     394.8705  15.5112   0.0687     7.28    0.221  30.02   0      24.85     737.7963     60.24696
       430    773.7162    128.0877     64918.33     703.7578  12.9691   0.0118     9.44    0.091  41.47   0      165.3     4976.491     74.41615
       431    400.2708    138.3912     5652.788     361.2856  15.6193   0.0694     8.27    0.434  24.66   2      22.23     535.6284     59.47942
       432    436.4512    137.4966     3211.261     283.0116  16.2333   0.0957     6.53    0.295  69.85   0      16.59     558.9954     59.09811
       433    661.1306    130.2839      10781.3     401.5493  14.9183   0.0404    13.29    0.116 -25.73   0      41.62     1151.361     61.48541
       434    897.5040    128.5173     10220.75     267.6737  14.9763   0.0284     9.45    0.649 -27.16   0      60.59     3121.483     68.38103
       435    625.8340    120.9024     261134.4     576.4293  11.4578   0.0024    14.40    0.094   3.10   0      547.2     27721.92     125.7806
       436    805.9839    126.9737     5719.643     111.2257  15.6066   0.0211   -13.57    0.056  63.18   0      101.2     5522.737     76.43228
       437    355.6983    118.6280     165759.2     528.7839  11.9513   0.0035     7.07    0.069   0.71   0        406     17344.41     105.3741
       438    140.8549    119.4958     48447.04     431.5933  13.2868   0.0097     7.76    0.081 -14.21   0      161.5     5241.061     74.97198
       439    904.7619    123.6290     11198.57     132.8661  14.8771   0.0129     0.98    0.090  58.17   0      121.9     10853.07     90.80836
       440    183.0104    123.5155     1576.719     104.6581  17.0056   0.0721     0.01    0.245 -63.52   0      32.42     1516.543     63.11633
       441    890.4538    114.2129      5314.48     341.8769  15.6863   0.0699     4.96    0.054 -44.44   0      24.13     873.8406     60.91097
       442    588.6957    105.8503     47394.46     432.6548  13.3107   0.0099     7.06    0.061  10.24   0      160.7     5112.009     74.57974
       443    949.2235    109.7075     7518.792     395.0145  15.3096   0.0571     6.54    0.218 -21.38   1      24.44     687.6036     59.59064
       444    783.5397    108.6114     3885.283     331.9356  16.0264   0.0928     7.51    0.387  23.16   0      19.06     559.3232      59.7259
       445    711.4807    109.1862      4597.96     358.0316  15.8436   0.0846     5.29    0.288 -56.79   2      21.22     821.2726     60.56104
       446    708.0185    106.0098      3859.11     107.3567  16.0338   0.0302     4.23    0.011  46.31   3      76.15     3543.274     70.03508
       447    737.5562    109.0821     2452.054     114.9452  16.5262   0.0509     0.92    0.202   1.70   0      43.13     2232.687     65.36029
       448    955.9076    104.7076     7882.022      427.462  15.2584   0.0589     9.41    0.086   1.43   0      24.92     570.7827     59.45728
       449    655.0524     98.2824     11585.77     518.2922  14.8402   0.0486    12.11    0.120  31.32   2      32.34     764.3586     60.03786
       450    293.4251     99.2007     3886.894     298.7364  16.0260   0.0835     3.17    0.273 -13.19   0      17.09     621.2697     59.96116
       451    817.8768     93.2539     5244.188     366.7823  15.7008   0.0760     8.61    0.242  32.26   0      20.56     589.6679     59.52943
       452    659.0848     80.1678     13958.06     530.4127  14.6379   0.0413     9.34    0.074  25.20   0      36.21     900.2537     60.70361
       453    640.3868     81.6554     11289.83      161.463  14.8683   0.0155     6.35    0.341  -1.16   0      103.9     7871.583     83.01167
       454     32.9856     77.9120     4431.532     151.5021  15.8836   0.0371     2.95    0.530 -89.53   0      50.84     2819.413     67.50758
       455    408.8448     73.5166     20421.76     549.9295  14.2248   0.0292    13.25    0.190 -66.01   2      58.39     1202.412     61.67382
       456     76.1932     73.9890     5515.666     306.1147  15.6460   0.0603     8.36    0.137 -15.41   0       24.9     708.7537      60.1373
       457    904.3605     71.7950     8307.294     438.4325  15.2014   0.0573     6.28    0.061 -19.49   0      28.82     898.9153     61.15681
       458    809.8287     72.5202     6013.908     396.5017  15.5521   0.0716     8.66    0.342  88.60   2      21.93     553.0121      59.5458
       459    330.8285     69.3740     10660.95     500.9893  14.9305   0.0510    13.17    0.547 -16.86   0      32.56     737.3613     60.55346
       460    180.7685     64.3352     14358.78     425.4583  14.6072   0.0322     9.70    0.065  25.27   0      54.52     1491.451     63.02592
       461    580.0579     62.9790     3023.864     105.5737  16.2986   0.0379    -9.58    0.100 -29.30   0      68.84     2887.088     67.87228
       462     51.0964     61.4223     10346.15     160.1292  14.9631   0.0168     6.31    0.397  64.70   0      97.91     6623.119     79.05066
       463    144.4018     60.6184      4928.17     367.2206  15.7683   0.0809     8.57    0.049 -38.65   2      20.69     527.2684     59.44746
       464    909.1428     56.6239     38008.94     499.9275  13.5503   0.0143     7.01    0.111  18.61   2      119.8     3640.128     70.34869
       465    939.6124     58.4204     4123.225     305.8407  15.9619   0.0806     4.92    0.107  49.95   0      17.34     579.3182     59.80194
       466    591.1484     54.1605     3248.704     127.9309  16.2207   0.0428     4.98    0.301  42.27   0      61.66     2602.899     67.05283
       467    288.8400     49.8406     30256.63     551.4536  13.7979   0.0198     9.59    0.142  34.45   0      90.82     2547.507     66.72549
       468    542.0340   1013.3315     199658.3     616.5803  11.7493   0.0034    11.87    0.313 -12.73  16      419.7     12472.87     94.67745
       469    303.7959     39.3939     9482.449     407.1483  15.0577   0.0466     9.72    0.083 -19.68   2      37.96     1085.271      61.5438
       470    526.0865     40.2843     6254.999     385.3343  15.5094   0.0669     6.39    0.183  -7.73   0      23.45     730.1406     60.06333
       471    461.1501     38.9195      6727.94     128.6542  15.4303   0.0208     1.20    0.191  77.60   0      84.78     5957.822     77.23478
       472     90.1863     37.2738     7117.996     413.7744  15.3691   0.0631    10.04    0.129  73.52   0      26.79     791.4312      60.6027
       473   1000.0042     37.9945     5770.133     111.3289  15.5970   0.0210     4.21    0.005 -47.86   3      99.76     5541.722     76.24499
       474   1001.9001     32.6365     11483.42     521.8263  14.8498   0.0493    11.81    0.257  48.49   2      31.82     924.4631     60.17877
       475    940.9677     36.0555     3245.904     106.0506  16.2217   0.0355     4.37    0.104 -61.68   0      69.44     2992.852     68.08898
       476    494.4798     34.7284      7039.31      404.634  15.3812   0.0624     7.70    0.303 -36.13   0      21.17     537.1439      59.1715
       477    709.5063   1016.2565     22811.23     364.9771  14.1046   0.0174     9.33    0.108   9.82  16      85.73     2509.637     66.17584
       478    885.2164     29.6393      7259.67     431.4664  15.3477   0.0645     9.29    0.110  -3.10   0      23.08     590.7518     60.15558
       479    824.7230     27.1003     3607.549     312.2369  16.1070   0.0940     7.39    0.186  -9.27   0      17.35     446.9715     58.66572
       480    391.5666     25.3617     9067.666     470.0554  15.1063   0.0563     9.64    0.129  15.30   0      26.52     650.3525      60.0713
       481    466.0567     25.0527     3140.065     107.9997  16.2577   0.0374     0.00    0.127  45.07   0      68.04     2860.689     68.05785
       482    360.0565     23.0535     6470.283     112.7491  15.4727   0.0189     0.00    0.095  44.23   0      106.9     6351.603     78.85841
       483    188.6361   1020.1102     10582.05     390.2698  14.9386   0.0401     3.61    0.068  38.58  16      30.82     596.5021     59.39905
       484    903.8824   1016.7527     9929.155     423.6349  15.0077   0.0463     9.27    0.051  11.96  16      36.22     916.6649     60.61168
       485    812.0410   1018.1863     3939.886     281.9507  16.0113   0.0777     7.94    0.106  -1.02  16      20.03     585.3362     60.13511
       486    225.4645   1015.5886     20358.82     575.9408  14.2281   0.0307    15.65    0.072  64.70  16      49.48     1125.908     61.69368
       487    128.9059   1016.2327     18399.53     556.2494  14.3380   0.0328     9.51    0.031 -14.67  16       40.4     833.0005     59.98769
       488    962.0490   1012.0798     29542.17     514.9333  13.8239   0.0189     8.71    0.055 -63.42  16      93.58       2792.5     67.27873
       489    314.6053   1010.3594     45325.45     470.7575  13.3591   0.0113    12.25    0.260  80.65  16      135.3     3102.766      68.8615
       490    279.4297   1015.0413      6295.69     252.6186  15.5024   0.0436     8.45    0.075 -29.48  16      29.73     858.6441     61.00697
       491      4.8427   1011.7949     15220.17     289.2974  14.5440   0.0206     7.47    0.105 -83.50  24      67.74     2159.934     65.67607
       492    352.4015   1013.0900     3597.989     200.6376  16.1098   0.0606     8.58    0.191 -60.08   0      19.51     528.2058     59.45105
       493    417.3759   1008.5085     6349.334     243.2849  15.4932   0.0416     7.02    0.066   0.52   0      31.79     1011.189     60.81224
       494    637.3386    994.8247     128012.3     628.1722  12.2319   0.0053    12.28    0.371 -54.80  16      297.7     8646.164     85.10593
