#   1 NUMBER                 Running object number                                     
#   2 X_IMAGE                Object position along x                                    [pixel]
#   3 Y_IMAGE                Object position along y                                    [pixel]
#   4 FLUX_AUTO              Flux within a Kron-like elliptical aperture                [count]
#   5 FLUXERR_AUTO           RMS error for AUTO flux                                    [count]
#   6 MAG_AUTO               Kron-like elliptical aperture magnitude                    [mag]
#   7 MAGERR_AUTO            RMS error for AUTO magnitude                               [mag]
#   8 FWHM_IMAGE             FWHM assuming a gaussian core                              [pixel]
#   9 ELLIPTICITY            1 - B_IMAGE/A_IMAGE                                       
#  10 THETA_IMAGE            Position angle (CCW/x)                                     [deg]
#  11 FLAGS                  Extraction flags                                          
#  12 SNR_WIN                Gaussian-weighted SNR                                     
#  13 FLUX_APER              Flux vector within fixed circular aperture(s)              [count]
#  14 FLUXERR_APER           RMS error vector for aperture flux(es)                     [count]
         1    603.5305     14.0387     4580.237     224.8334  15.8478   0.0533     3.69    0.151   4.25   3      29.01      1111.42     51.60809
         2    599.0187     13.7814     3365.705     185.6115  16.1823   0.0599     3.93    0.235   4.59   3      26.59     1036.269     51.51331
         3    521.5869     10.9538     4626.887     289.4785  15.8368   0.0679    10.55    0.671 -21.83  18      20.62     549.0966     49.31713
         4   1003.8995      9.9205     2201.168     212.6053  16.6434   0.1049     5.52    0.496  67.16   0      14.22     343.1195     47.72408
         5     54.3414      8.2470      4845.59     314.3787  15.7866   0.0705     8.77    0.625   4.92  16      21.33     522.0159     48.94368
         6    375.1501      6.8950     4103.723     195.2952  15.9671   0.0517     4.39    0.200  -2.36  19      35.27     1435.269     52.66895
         7    370.4984      6.5051     3227.619     158.8833  16.2278   0.0535     4.16    0.159  -4.36  19      28.72     1085.863       51.139
         8    175.8268      6.5337     2589.526     202.0027  16.4669   0.0847     3.82    0.085   7.20  19      21.58     864.6335     50.50959
         9    171.0302      6.3000     2293.625     179.2633  16.5987   0.0849     4.02    0.269  -2.40  19      18.08     708.2762     49.18517
        10    338.5127      3.5124     2354.811     233.9244  16.5701   0.1079     7.49    0.741  -6.81  26      19.46     457.6562     48.51841
        11    654.0048   1004.2238     8876.016     235.6926  15.1295   0.0288     4.07    0.183  10.73   3      60.69     2546.075     57.68626
        12    882.0384   1020.6904     4548.936     221.3858  15.8552   0.0529     4.18    0.009  34.71  19      33.12      1294.02     52.17287
        13    877.0117   1020.4836     3531.719     214.0229  16.1300   0.0658     7.75    0.140  60.67  19      27.54     979.1945     51.02246
        14    760.4922   1021.0348      9102.77     170.6862  15.1021   0.0204     3.49    0.107  27.27  19      76.07     3594.265     61.18159
        15    755.8027   1020.6265     8123.572     185.6892  15.2256   0.0248     4.18    0.235 -10.45  19       62.8     2631.566     58.12707
        16    608.0287   1021.9695     2456.321     155.8322  16.5243   0.0689     3.41    0.160  16.64  19      25.13     1075.651     51.68678
        17    603.1517   1021.5393     2032.988      142.945  16.7297   0.0764     4.38    0.254   4.57  19      22.73     897.5724     50.65759
        18    736.2325   1006.0617     2578.238     215.8512  16.4717   0.0909     4.49    0.323  16.51   2      16.56     596.9698      49.2905
        19    523.2631   1002.9059     11000.14     276.8309  14.8965   0.0273    11.91    0.509  10.67   0      57.59      1421.26     52.72423
        20    787.9655   1003.3840      8159.87     334.5505  15.2208   0.0445    11.14    0.511   2.22   0      38.68     976.4238     51.36742
        21    878.4895   1002.5221     2367.073     201.7523  16.5645   0.0926     5.45    0.342  -2.62   3      18.44     680.4437     49.42782
        22    678.8074   1003.8286     1497.016     137.7328  17.0619   0.0999     3.60    0.260  27.78   3       16.4     640.3514     49.73589
        23    674.9906   1003.5138     2297.161     220.4491  16.5970   0.1042     6.08    0.540   2.71   2      16.11     569.3649     49.03889
        24    494.9059   1003.1212     1389.401     156.2318  17.1429   0.1221     5.48    0.176  34.59   0      13.63     480.3917     48.62479
        25    883.0558   1003.0175     2298.096     170.5551  16.5966   0.0806     3.44    0.105 -15.10   3      23.05     954.0519     51.02996
        26    185.8319    987.2947     2942.447     254.4451  16.3282   0.0939     5.31    0.406  14.21   2      19.92     797.7574     49.71969
        27    475.0811    983.3076     2881.513     209.7287  16.3509   0.0790     7.84    0.381  55.50   2      22.14     863.2102     50.38232
        28    470.2574    983.2414     2531.456     191.8747  16.4916   0.0823     4.21    0.202 -11.65   3      19.61     676.8413     49.65741
        29    392.8094    982.0247     16004.97     246.2121  14.4894   0.0167     3.18    0.371  -1.15   3      98.94     5142.134     67.13963
        30    181.0511    987.0000     1473.127      143.121  17.0794   0.1055     4.41    0.397   5.92   3      15.11     603.6689     49.32138
        31    138.7027    980.1542     1434.818      162.981  17.1080   0.1234     3.58    0.261   0.60   2      13.42     496.8382     48.32459
        32    971.0085    972.3379     3886.465     98.44888  16.0261   0.0275     1.00    0.169  88.96   0       70.1     3882.459     62.73078
        33    387.9995    981.5277     10591.59     195.8208  14.9376   0.0201     4.24    0.199  -6.12   3      80.17     3583.758     61.54011
        34    379.2922    970.8635     2965.639     97.86958  16.3197   0.0358     2.45    0.328 -26.70   0      65.08     2515.486     57.24701
        35    686.5781    966.3494     3580.389     225.8541  16.1152   0.0685     4.24    0.299   2.22   2      19.62     674.7196     49.89269
        36    712.1797    961.3647      12143.7     245.7426  14.7891   0.0220    11.40    0.523   2.63   0      68.57     1762.944     54.73684
        37    796.7200    963.1465     2361.298     200.9888  16.5671   0.0924     2.96    0.258 -11.69   2      15.87     564.1855     48.89034
        38    263.0706    960.1176     10139.23     114.6473  14.9850   0.0123     0.00    0.288  59.46   0      137.9     9362.736     79.93501
        39    192.7143    961.6257     10512.55      119.282  14.9457   0.0123     5.40    0.176 -52.52   0      121.5     9539.934     80.43725
        40    331.4526    960.0148     3509.339     242.0714  16.1369   0.0749     6.67    0.418  22.13   3      19.15     824.8209     50.45112
        41    326.4087    959.5153      2580.02     228.8763  16.4709   0.0963     4.96    0.375   5.51   3      17.21     653.8881     49.55225
        42    428.3137    958.8948     2274.177     148.5498  16.6079   0.0709     3.76    0.255   3.04   3      24.69     991.8829     50.95946
        43    423.4938    958.4930     2981.653     209.1096  16.3139   0.0762     6.11    0.289  -9.37   3      21.94     759.2933     49.91136
        44    740.6871    953.5005     80537.52     369.1716  12.7350   0.0050    10.25    0.516  -5.97   2      278.9     10108.93     81.95482
        45    749.0788    951.5005     12186.84     138.7691  14.7853   0.0124     3.81    0.412  -2.69   3      106.5     5742.571     68.78869
        46    481.5253    956.9889     3848.073     237.9469  16.0369   0.0672     3.83    0.192  -0.97   2      24.28      833.465     50.49004
        47    910.0541    954.6058     11176.48     266.8867  14.8792   0.0259    11.05    0.540   2.32   0       62.9      1610.68     53.87508
        48    282.7788    956.0716     6185.041     105.0801  15.5216   0.0185     4.93    0.275 -19.57   0      100.7      5333.48     67.69426
        49    202.7433    956.3912     7103.777     174.2382  15.3713   0.0266     0.50    0.113  28.80   3      64.28     3275.495      60.4918
        50    207.0095    956.2804     4959.536     163.2201  15.7614   0.0357     3.23    0.145  21.21   3      46.99     2141.167     55.95946
        51   1014.0169    955.5740     2306.895     190.0109  16.5924   0.0895     6.20    0.411  14.35  16      17.99     640.4707     49.73644
        52    515.5382    954.3831     13456.52     268.2538  14.6777   0.0216    11.24    0.532   3.98   3       71.4     1758.513     54.38316
        53    514.6894    949.3671     11275.84     251.0842  14.8696   0.0242    11.30    0.575   4.17   3      62.94      1531.16     53.08112
        54    552.3181    953.4564     2339.452     172.3876  16.5772   0.0800     8.17    0.705   4.71   0      16.75       444.79     48.33213
        55    141.0736    953.8926      10508.1     112.7032  14.9462   0.0116     4.90    0.278 -56.31   0      148.4     10631.07      83.4633
        56    982.5113    948.5474     11545.97     213.9876  14.8439   0.0201     4.64    0.301  54.33   3      79.68     3424.498     60.74872
        57    977.9845    948.4904     9473.443     212.4934  15.0587   0.0244     5.13    0.195  37.01   3      65.78     2462.359     57.03571
        58    619.5780    949.5137     2898.204     191.5144  16.3447   0.0718     4.14    0.357  16.19   3      25.56     1020.378      50.9669
        59    614.9954    949.4698     2705.479     190.4871  16.4194   0.0765     4.44    0.225   1.86   3      21.34     808.8263     50.25785
        60    221.9444    948.1685     1623.569     157.5425  16.9738   0.1054     5.95    0.742   5.33   0      12.83     478.5102     48.74124
        61    833.2259    940.6941     12626.71     269.8189  14.7468   0.0232    11.54    0.539   2.79   3       69.6     1788.152     54.17029
        62    838.6744    932.0328     47151.43     288.1117  13.3163   0.0066    13.61    0.480   2.07   2      202.9     6527.574     71.59108
        63    159.6920    941.1469     3363.018     194.4313  16.1832   0.0628     4.39    0.238  -3.11   3      28.57     1156.336     51.56961
        64    155.0034    941.2421     2210.652      150.492  16.6387   0.0739     3.51    0.099  16.79   3      22.98     930.2562     51.04345
        65     63.1252    937.5472     2608.215     240.5912  16.4591   0.1002     7.99    0.620   8.92   0      16.21     412.0372     48.30424
        66    418.7877    931.5563     5534.974       236.35  15.6422   0.0464    10.23    0.594   5.89   0      34.06     928.5616      51.0359
        67    120.9953    926.0007     5169.395     126.7561  15.7164   0.0266     0.00    0.002 -28.14   2      100.2     5143.727     67.05417
        68     56.7476    929.4514     2858.102     193.0523  16.3598   0.0734     4.11    0.336   5.89   3      25.83     1027.804     51.47595
        69     52.0127    929.4814     2703.622     177.2207  16.4201   0.0712     3.94    0.148  13.08   3      21.57     804.5593     50.23856
        70    907.6005    922.6808     4005.892     245.6591  15.9933   0.0666     3.39    0.189 -17.41   2      23.77     804.7692     50.23951
        71    290.5584    911.3149     20470.02     238.4496  14.2222   0.0127    12.16    0.530   1.77   0      108.8      2984.98     59.08152
        72    704.2256    911.6907     4277.759     214.8137  15.9220   0.0545     9.55    0.582   6.80   0       27.1     734.6461     49.55355
        73    581.2888    906.6165     95712.09       325.57  12.5476   0.0037     0.00    0.484  11.92   0      335.3     11864.79     86.75773
        74    816.9222    909.2380      3024.69     209.8838  16.2983   0.0754     8.82    0.635   4.10   0      19.42     513.2068     48.90276
        75    673.5145    908.2642     2595.343     191.1546  16.4645   0.0800     7.33    0.360  -7.95   3      22.68     902.1603     50.43699
        76    668.5052    908.0010     1840.316     160.7254  16.8378   0.0948     4.55    0.223  -2.59   3      18.84     682.6286      49.6839
        77    623.8315    907.5875     3884.507     208.6325  16.0267   0.0583     9.50    0.617   1.75   0      26.22     667.7167     49.98291
        78    137.4691    906.0165     5118.206     290.9138  15.7272   0.0617     7.36    0.483  -1.92   2      24.44     677.3407     49.78232
        79    972.4249    902.1463     3738.452     138.1111  16.0683   0.0401     0.00    0.382 -14.56   2      48.28     2278.356     56.51389
        80    966.9599    902.0000     1912.947     165.4987  16.7957   0.0940     5.05    0.393 -17.50   3      17.85      651.293     49.78587
        81    754.1635    903.3732     2358.044      210.613  16.5686   0.0970     5.50    0.539  25.71   2      15.73     504.3088      49.1103
        82    120.3781    901.1396     3552.785     282.2262  16.1236   0.0863     7.19    0.632  -4.19   0      17.07     398.1836     48.36524
        83     21.6003    899.6584      3812.58     239.1908  16.0470   0.0681     4.00    0.327  -4.27   2      23.33     815.4891     50.28798
        84    352.5031    896.9883     5132.317      117.968  15.7242   0.0250     1.03    0.465 -64.46   0      62.46     4540.702     64.97814
        85    323.0699    893.4897     8030.864     183.0951  15.2381   0.0248     4.00    0.136  12.59   3      65.91     2986.082     59.18885
        86    318.9580    893.0000     7118.847      156.761  15.3690   0.0239     5.15    0.433  -5.40   3      56.65     2299.016     56.81195
        87    883.2431    894.8500     2134.599     192.1987  16.6767   0.0978     6.10    0.680   1.95   0      14.15      454.289     48.75338
        88    309.1190    885.4940     2492.701     210.0338  16.5083   0.0915     3.14    0.222  10.06   2      18.52     784.1274     50.02431
        89    279.3416    880.8934     3065.041     151.7768  16.2839   0.0538     3.96    0.099 -30.87   3      32.99     1370.405     52.38831
        90    274.7749    880.4038     2519.806     160.7379  16.4966   0.0693     5.06    0.387 -14.42   3      25.15     930.9732     50.92707
        91    173.7740    879.3107     6872.317     224.4384  15.4072   0.0355     3.99    0.150 -10.13   3      54.89     2350.913     56.58987
        92    168.8155    879.3693     5555.579     189.0816  15.6382   0.0370     3.83    0.120 -32.79   3      43.82     1767.321     54.64355
        93    161.9995    880.7681     3823.474     91.89246  16.0439   0.0261     0.89    0.137  89.99   0         71     3698.548     62.15905
        94     72.7552    876.9958     3567.031     143.2512  16.1192   0.0436     3.67    0.100  -3.96   3      36.11     1560.125     53.66139
        95     67.7850    876.6228     3032.211     154.7119  16.2956   0.0554     5.21    0.272 -14.24   3      29.27     1108.216       51.712
        96     20.0091    873.8207     45892.17     340.5398  13.3457   0.0081    13.11    0.617 -11.88  16      174.2     6233.172     70.65029
        97    111.7755    875.9888     3303.616     211.6309  16.2025   0.0696     4.31    0.159 -21.56   3      26.69     1077.319     51.57603
        98    106.9886    875.5070     3694.421     229.9802  16.0811   0.0676     5.45    0.343 -16.30   3      22.86     809.3903     50.26041
        99    249.0531    873.0192     22178.49     204.4103  14.1352   0.0100     3.32    0.016 -51.94   3      143.7     8479.696     77.61961
       100    244.7769    872.6206     21209.11     213.5663  14.1837   0.0109     4.49    0.218  -7.33   3        131     6091.436     70.36636
       101    564.7960    867.8412     12425.64     252.1228  14.7642   0.0220    11.18    0.506   2.43   0       67.1     1770.639     54.65735
       102     90.7572    866.5816     4258.219     275.1448  15.9269   0.0702     7.95    0.564   9.58   0      23.39     575.7596     49.43985
       103    858.6793    860.8773     10659.44     215.8867  14.9307   0.0220     3.59    0.085 -12.40   3      81.78      3804.53     62.05607
       104    854.0082    860.5013     8175.728     183.2749  15.2187   0.0243     4.66    0.148 -17.41   3       65.9     2868.327     58.83867
       105    406.5272    861.5923      7164.58     208.5529  15.3620   0.0316    10.71    0.557   3.21   0      45.18     1182.361     51.91956
       106    509.6947    861.5365     4438.188     265.1405  15.8820   0.0649     3.68    0.054 -27.03   2      23.68     736.8835     49.68666
       107    898.8871    858.7827     6616.092     264.1312  15.4485   0.0434    10.63    0.555  -2.22   0      35.47     813.7642     50.15878
       108    621.1481    858.2927        30863     293.2043  13.7764   0.0103    11.44    0.483   2.29   2      146.4     4158.562     63.43558
       109    112.3379    858.1031     3352.665     262.4721  16.1865   0.0850     4.81    0.208 -31.23   2      20.11     606.0296     49.08447
       110     79.5618    858.2612     2898.139     259.1541  16.3447   0.0971     4.57    0.531   2.18   0      18.06     685.2552     49.69591
       111   1022.0076    855.6479     10066.97     152.2189  14.9928   0.0164     4.02    0.056 -61.58  24      86.48      4199.55     63.86927
       112    835.7518    853.8946     3444.269     220.2488  16.1573   0.0694     2.49    0.403  -7.41   2      20.66      845.635        50.06
       113    777.1329    851.6422     3607.125     169.6159  16.1071   0.0511     3.30    0.118   6.13   3      35.15     1501.279     53.29731
       114    772.4246    851.1917     2721.783     136.4278  16.4129   0.0544     4.53    0.361 -17.96   3      26.69     1017.737     51.31281
       115     53.7448    849.7366     6044.583     240.6698  15.5466   0.0432     9.77    0.587   1.18   0      38.28     1072.328     51.55404
       116    999.3453    846.3768     8658.099     151.1126  15.1564   0.0190     5.11    0.641  50.85   0      72.94     3416.919     60.92084
       117    621.6797    847.5187     4667.412     243.7822  15.8273   0.0567     4.30    0.297   0.39   2      37.95     999.3101     50.75289
       118    509.9001    842.0878     2558.973     222.7808  16.4798   0.0945     5.73    0.410  -0.38   2      16.21     513.9969     48.53101
       119    176.5305    838.6425      9163.13     191.7863  15.0949   0.0227     3.11    0.051 -41.07   3      75.84     3683.175     61.90617
       120    171.9708    838.4807     10295.35     223.8292  14.9684   0.0236     4.49    0.208  -3.36   3      70.18     2865.291     58.82694
       121    234.1444    833.8457     49048.18     248.2294  13.2734   0.0055     3.90    0.104  60.69   3      240.2     18052.07     101.8621
       122    229.4976    833.5005     39432.29     222.7694  13.5104   0.0061     3.99    0.144  -7.64   3      209.8     12911.52     89.25307
       123    634.7350    835.2111     10044.88     279.8838  14.9951   0.0303    11.28    0.579   4.02   0      54.79     1387.525     52.81001
       124    521.5732    835.1694     3313.646     178.0013  16.1992   0.0583     3.73    0.539 -44.47   0      34.33     1366.519     52.95031
       125    968.4399    833.5094     8328.511     354.1373  15.1986   0.0462    11.68    0.582   9.72   0      37.41     980.5575     50.78902
       126    254.5089    832.4947     9870.074     182.8807  15.0142   0.0201     3.78    0.158 -18.06   3      79.44     3728.938     61.97565
       127    249.8079    832.3667     8733.322      195.999  15.1471   0.0244     4.06    0.172 -33.43   3      65.57     2772.569     58.67579
       128    166.1506    830.8512     5099.128     207.7622  15.7313   0.0442     3.40    0.072  35.30   3       40.5     1726.007     54.47145
       129    161.6926    830.5712     4091.294     191.3385  15.9703   0.0508     4.44    0.266 -10.35   3      33.42     1217.292      51.6018
       130     96.1969    832.3843     1402.354     146.1709  17.1329   0.1132     3.95    0.257  43.36   2      12.12      438.518      48.5544
       131     36.2905    830.9921     2001.652     119.6763  16.7465   0.0649     3.45    0.037 -86.17   3      22.87      951.082     50.89709
       132     31.5043    830.6678     1870.412     152.9957  16.8202   0.0888     4.63    0.386  -8.87   3      19.81     732.1085     49.66481
       133    912.0850    827.8430     2021.643     191.2699  16.7357   0.1027     3.47    0.133  30.59   2      14.92     540.9343     48.78213
       134    877.8515    824.4548     2849.264     242.0813  16.3632   0.0923     8.18    0.652   7.96   3      17.42      533.254     49.24407
       135    870.6132    825.2460     4210.218     245.8481  15.9392   0.0634     4.92    0.343 -15.47   3      20.99     683.0681     49.93071
       136    716.1390    826.8852     3038.583     231.3164  16.2933   0.0827     5.83    0.387  -6.15   2       20.3     720.2573     49.61055
       137    399.0452    826.1840     1917.717     223.4938  16.7930   0.1266     6.41    0.747  -0.09   0      13.19     340.1399     48.34459
       138    644.3656    814.3161      9594.17     293.8716  15.0450   0.0333    11.12    0.568   2.81   0      52.25     1339.068     52.48502
       139    973.4726    809.6171     2970.414     238.3892  16.3180   0.0872     5.07    0.525   1.41   0      19.57     577.2785     49.32338
       140    251.4018    806.2823     7509.076     224.4041  15.3110   0.0325    10.91    0.553   1.68   0      45.98     1210.865     52.16119
       141     92.6187    807.7230     4789.577     115.9993  15.7993   0.0263     5.84    0.485  35.41   0      81.43     4016.882     63.21592
       142    648.7880    805.9245     5414.146     326.6698  15.6662   0.0655     8.43    0.509   6.22   0      20.25     553.9343      49.2157
       143    480.8725    806.6650     3245.021     236.7272  16.2220   0.0792     5.44    0.373  12.69   2      17.88     692.0544     49.60424
       144    890.6186    801.9036     2338.613     199.4406  16.5776   0.0926     4.02    0.363   5.93   2      16.15     667.4515      49.2444
       145    845.5259    800.7872     6789.405     208.8746  15.4204   0.0334     3.83    0.121   3.22   3       54.4     2357.657     56.93908
       146    840.9884    800.4930     4852.552     195.3862  15.7851   0.0437     4.67    0.239   5.62   3      42.18     1659.364     53.96721
       147    734.6652    801.0635      2926.17     231.8642  16.3343   0.0861     4.93    0.307   4.73   2      17.64     649.0833     49.40697
       148    730.1884    800.6143     1607.753     189.1728  16.9845   0.1278     5.39    0.226 -22.21   3      14.07     493.3309      48.8103
       149    714.8571    799.6952     1720.301     186.0597  16.9110   0.1175     5.18    0.191  -3.13   2      13.54     466.7288     48.30914
       150    356.3144    795.9962     3317.331     265.3294  16.1980   0.0869     9.26    0.613   7.33   0      20.17     505.6103     49.11632
       151      4.0355    795.5615     3155.893     132.6293  16.2522   0.0456     6.16    0.381   5.71  24      30.04     1136.993     51.72058
       152    972.2515    794.5226     5445.859      253.685  15.6598   0.0506     5.81    0.389   0.33   2      30.22     1101.557     51.44626
       153    884.9867    792.9954     1290.603     83.59479  17.2230   0.0703     4.16    0.011  35.07   2      45.76     1370.946     52.73861
       154    442.3740    795.1335     1980.233     183.0766  16.7582   0.1004     3.99    0.286   5.98   2      18.68     730.7257     49.90342
       155    438.0051    794.7546     1442.179     155.3304  17.1025   0.1170     5.14    0.183  -6.18   3      14.39      518.875     49.05354
       156    574.2534    792.0600     2459.025     135.9894  16.5231   0.0601     7.13    0.151  47.24   3      26.08     1023.398     51.33788
       157    569.7957    791.3768     1792.298     141.4886  16.8665   0.0857     3.86    0.363 -11.20   3      18.96     754.9767     50.01375
       158    476.5956    792.0681     4262.101     292.8581  15.9259   0.0746    10.00    0.478  -6.12   0      23.22     520.6376     48.93728
       159    644.2833    787.4435     2652.311     183.0784  16.4409   0.0750     4.95    0.376 -14.87   3      24.47     854.5402     50.22195
       160    841.6517    787.9368      3429.82     224.3479  16.1618   0.0710     4.89    0.417   1.06   2      20.05     762.8515     50.04952
       161     43.6490    786.3800     3220.512     144.8208  16.2302   0.0488     1.41    0.263 -45.48   0      46.52     2256.171     56.64029
       162    560.3433    785.9924     2813.334     191.4137  16.3769   0.0739     8.15    0.683   2.09   0      19.59     577.2458     49.32323
       163    649.3738    787.8969     2874.345     145.3291  16.3537   0.0549     3.34    0.218 -13.81   3      31.36     1308.384     52.00145
       164    238.1448    779.8918     3920.669     177.0614  16.0166   0.0490     4.24    0.214  25.51   3      36.31     1532.418     53.20123
       165    233.7695    779.6029     3907.544     172.6864  16.0202   0.0480     4.42    0.322   4.53   3      31.62     1168.464     52.09328
       166   1012.6782    765.4406     3190.087     141.5794  16.2405   0.0482     0.00    0.414 -50.73   2      52.13     2268.735     56.47519
       167   1006.7704    775.9521      13136.8     230.6948  14.7038   0.0191    10.59    0.568   4.03  19      73.63     1867.666     55.05932
       168   1002.5093    771.0187     11745.93     278.5391  14.8253   0.0258    10.89    0.560   2.52   3      63.06     1765.607     54.07562
       169    985.0388    777.9680       3181.3     219.2834  16.2435   0.0749     3.15    0.169 -10.14   2      22.08     894.9694     50.76614
       170    800.8215    775.9869     2355.008     133.5521  16.5700   0.0616     3.18    0.179  31.94   3       26.8     1138.499     51.84493
       171    796.0118    775.5140     2031.042     165.6608  16.7307   0.0886     4.61    0.264  11.24   3      21.85     813.7885     50.15889
       172    529.1938    774.8945     5650.329     258.6265  15.6198   0.0497    10.14    0.590   6.45   0      32.93     817.0621     50.29509
       173    545.0008    773.9417     7748.295     99.61628  15.2770   0.0140     0.00    0.041  89.31   0      121.2     7824.459     75.59614
       174    406.4571    766.0156     3886.926     204.9499  16.0260   0.0573     3.85    0.214  15.88   3      33.34     1402.777     52.99078
       175    401.8017    765.6209     3846.947     205.6481  16.0372   0.0581     4.41    0.124  -6.04   3      29.73     1036.793     51.27839
       176    194.9621    766.9133     9411.746     104.8062  15.0658   0.0121     4.53    0.157  63.75   0      134.7     8882.413     78.55748
       177     21.0020    763.9980     2121.453     194.5478  16.6834   0.0996     3.86    0.277  15.13   2      14.96     520.5899     48.93706
       178    466.1303    760.1611     3107.653     199.5527  16.2689   0.0697     4.01    0.320  -8.57   2      22.14     882.6896     50.59077
       179    314.0020    759.5146     5963.812     173.6249  15.5612   0.0316     3.34    0.067  -3.80   3      53.88     2420.666     57.29654
       180    309.9694    759.2231     8261.216     225.1645  15.2074   0.0296     5.75    0.366   4.09   3      54.26     2005.345     55.62473
       181    675.4271    757.6500     11913.84     204.9271  14.8099   0.0187     0.00    0.579   6.33   0      87.41     2823.548     58.87292
       182    731.5793    756.6599     4426.211     185.2674  15.8849   0.0455     4.10    0.195  22.28   3      37.31     1554.689     53.52458
       183    726.9995    756.4841     4130.664      211.078  15.9600   0.0555     5.23    0.314  -5.37   3      31.06     1132.502     51.93615
       184    607.0013    757.4921     2579.392      206.469  16.4712   0.0869     4.41    0.448  30.96   2      16.01     546.7153     49.05824
       185    529.9997    756.3115     3255.971     96.98244  16.2183   0.0323     1.07    0.173 -88.31   0      60.33     2994.668     59.32467
       186    661.7930    752.7595     27030.36     251.3828  13.9204   0.0101    12.01    0.507   2.33   1      137.5     4115.133       63.664
       187    937.7151    750.1581     4932.103     201.6199  15.7674   0.0444     3.95    0.223  17.53   3      41.89     1685.647     53.85184
       188    932.8406    750.1642     3826.495     175.2092  16.0430   0.0497     3.90    0.190 -30.90   3      33.16     1256.277     52.24212
       189    530.8249    745.5433     167481.1     380.4139  11.9401   0.0025    12.14    0.420   2.35   0      472.8     24266.38     114.8407
       190    338.8130    750.4697     5816.761     236.6208  15.5883   0.0442    10.63    0.558   6.02   0       33.7      828.779       50.348
       191    703.9788    743.7684     3728.923     228.6852  16.0710   0.0666     5.68    0.480  -2.26   2      21.71     623.9274     49.66079
       192    799.8485    743.6008     3009.353     231.9457  16.3038   0.0837     3.56    0.220  11.04   2      19.17     702.5161     49.77478
       193     80.8625    741.0085       1816.5     165.3662  16.8519   0.0989     4.50    0.437  13.78   3      17.46     694.3417     49.85987
       194     76.0256    740.7733     1171.074     149.9338  17.3285   0.1390     4.82    0.230   5.03   3      12.95     485.5157     49.02325
       195    755.2885    738.3053     2004.757     123.4436  16.7448   0.0669     0.00    0.223  39.54   0      34.39      1317.34     52.39085
       196    690.2271    736.9940     12365.24     393.6848  14.7695   0.0346    12.97    0.591 -14.51   2      50.77      2044.18     55.67378
       197    685.4883    736.6821     5817.594     230.0901  15.5881   0.0430     4.76    0.233  -4.55   3      38.62     1427.524     52.86667
       198    171.0016    734.2821     1913.021     203.4996  16.7957   0.1155     5.17    0.251  32.30   2      14.69     515.3439     49.03717
       199     53.5624    731.2463     40257.11     273.2991  13.4879   0.0074    12.36    0.479   0.96   0      183.5     5679.639     68.84663
       200    376.0541    732.8077     2065.477     171.1378  16.7125   0.0900     3.46    0.064 -72.89   3       19.6     775.9937     50.23068
       201    371.4665    732.5118     1989.449      192.027  16.7532   0.1048     4.69    0.418  -0.16   3      17.03     656.8384     49.31916
       202    528.5850    729.7905     12390.21     211.3061  14.7673   0.0185     3.23    0.089 -63.93   3      93.22     4687.992     65.49129
       203    524.9815    728.2707     18911.02     190.6188  14.3082   0.0109    -1.55    0.439 -32.15   3      125.5     7338.244     74.20217
       204     98.8453    728.6332      4400.47     327.8288  15.8913   0.0809     8.51    0.619  -6.77   0      16.84      480.144     48.87376
       205    563.2311    724.3369     3065.926     233.9637  16.2836   0.0829     8.31    0.651   3.79   0      18.37     452.8237     48.62132
       206     22.6084    723.6679     4940.799     179.2185  15.7655   0.0394     3.60    0.162 -23.67   3      43.18     1756.542     54.37492
       207     18.1965    723.5866     4125.563     188.9749  15.9613   0.0497     4.55    0.305 -17.97   3      34.61     1297.261     52.42011
       208    233.3463    719.9044     20460.22     205.4796  14.2227   0.0109     4.06    0.134  33.25   3      136.2     7698.027     74.97151
       209    228.7887    719.6109     18886.88     200.7171  14.3096   0.0115     4.31    0.178  -1.20   3      123.1     5708.406     68.94152
       210    417.9169    720.9693     1983.091     187.1964  16.7566   0.1025     6.75    0.636   3.91   0      14.17     436.9677      48.4214
       211    287.6891    714.1303        58668     271.8751  13.0790   0.0050     3.95    0.085 -11.84   3        264     19895.29      105.722
       212    283.0052    713.7717      40558.4     208.4029  13.4798   0.0056     3.98    0.274 -12.32   3        221     15042.04     94.97305
       213    556.4902    712.6336     3058.599     216.3564  16.2862   0.0768     4.37    0.213  -7.27   2      22.05     833.7006     50.00579
       214    713.9006    705.8533     2587.357     92.15213  16.4679   0.0387     4.64    0.229  52.75   0      62.19     2273.306      56.1689
       215    722.4199    704.6779     2313.668     128.8334  16.5892   0.0605     5.53    0.422 -35.50   0      32.15     1292.399     52.51525
       216    167.7862    703.7358     3561.617     229.8489  16.1209   0.0701     4.18    0.246   9.35   2       23.8     931.3492      50.8089
       217    113.2015    703.8082      3050.79     218.4514  16.2890   0.0778     3.39    0.335   1.90   2      18.92     658.5919     49.57382
       218    464.0328    698.9367     3009.411     267.9251  16.3038   0.0967     7.78    0.713   0.26   0      14.95     399.4905     48.37138
       219    352.1453    696.8740     2824.633     196.1461  16.3726   0.0754     3.29    0.102 -23.07   3      24.32     980.5554     50.90891
       220    347.9956    696.4949     2681.898     208.0522  16.4289   0.0842     4.50    0.254  -4.48   3      21.04     751.8027     49.99932
       221    535.1664    692.8821     13693.71     214.8424  14.6587   0.0170     3.13    0.046  85.64   3      95.91     4747.992     65.60632
       222    530.9716    692.4980     12272.29     221.0527  14.7777   0.0196     4.91    0.190  -6.21   3      84.89      3470.63     60.72059
       223    154.4859    689.3176     3680.982     191.6474  16.0851   0.0565     4.32    0.276 -13.20   3      32.87     1284.284     52.24726
       224    221.4398    688.6295     3611.521     250.2155  16.1058   0.0752     5.93    0.336  -1.06   2      19.12     706.6835     50.03809
       225    406.3869    684.4658     30160.15     332.1755  13.8014   0.0120    16.33    0.692   1.76   0      118.9     3640.448     61.74911
       226    932.7852    685.0176      2297.41     162.3122  16.5969   0.0767     2.71    0.125 -14.31   3      24.18     1054.544       51.357
       227    927.9454    684.6880     2604.398     185.5004  16.4607   0.0774     4.23    0.224   1.11   3      21.79     803.7159     49.99142
       228    159.0650    689.4969     4186.973     164.9368  15.9452   0.0428     3.22    0.056  33.23   3      39.53     1688.986     53.86592
       229    800.2130    681.0281     2327.197      194.004  16.5829   0.0905     6.53    0.588   0.58   0      14.45     448.2825     48.72537
       230   1021.1479    674.1094     46121.83     225.4726  13.3402   0.0053     5.44    0.074   4.26  26      234.1     15014.11     94.64888
       231    368.4505    675.9049     8508.644     265.7547  15.1753   0.0339    11.42    0.495   3.12   0      51.31     1222.489     51.74264
       232    832.9321    670.6781     6624.457     298.7947  15.4471   0.0490     3.20    0.119   0.87   2       40.3      748.203     49.73841
       233    854.6547    670.3834     7311.123      363.685  15.3400   0.0540    10.64    0.369 -67.83   2      30.24      695.866     49.86682
       234    860.9662    667.7803     3842.014     242.3835  16.0386   0.0685     4.63    0.302  15.22   3      19.92     783.8281     50.38726
       235    722.5551    671.9924     3437.195     196.0788  16.1595   0.0620     7.29    0.323  -8.89   3      31.37     1327.234     52.78142
       236    717.8895    671.1588     3944.125     172.7346  16.0101   0.0476     0.00    0.329 -21.76   3      38.07     1664.806     53.76381
       237    218.0082    672.5115     1952.331     188.7807  16.7736   0.1050     4.71    0.723  10.89   2      13.55     437.5781     48.42427
       238    502.0074    671.4951     3935.996     240.5784  16.0124   0.0664     6.39    0.409  -9.16   2      27.91     1154.658     51.79815
       239    497.0090    671.0000     2710.429     192.8784  16.4174   0.0773     4.57    0.303 -21.95   3      23.19     904.8063     50.69003
       240    472.9720    672.1163     1783.896     156.8046  16.8716   0.0955    -0.12    0.545  10.21   0       16.8     815.5366     50.16681
       241    422.0366    665.3239     3011.826     227.3018  16.3029   0.0820     5.19    0.439   9.44   2      18.25     608.1848     49.34219
       242    793.2340    664.1159     2860.822     97.62587  16.3588   0.0371     0.00    0.297  25.31   0       63.9     2479.475     57.21053
       243    706.2028    660.0414     2123.806     178.1945  16.6822   0.0911     6.91    0.458 -38.83   2      18.96     617.9746     49.63353
       244    712.1537    659.3357     1683.513     186.0147  16.9345   0.1200     5.55    0.388  -6.61   3       17.1     673.1702     49.64061
       245    472.7135    659.7480     1360.493     97.25484  17.1658   0.0776     2.52    0.505 -58.98   0       24.1     1058.268     51.13559
       246    854.0216    643.3593      28726.7     278.1671  13.8543   0.0105    14.02    0.421  14.01   0      136.2     3843.108     62.68538
       247    706.0256    642.2922     1916.851     187.1159  16.7935   0.1060     4.06    0.305 -23.57   0       14.7     556.1869     48.72819
       248    281.3182    642.0836     4563.557     277.6018  15.8517   0.0661     8.95    0.678   2.58   0      24.03     599.6252     49.05481
       249    152.5321    643.3271     2594.752      203.512  16.4648   0.0852     3.49    0.326  28.25   2      17.71     550.2567     48.95025
       250    623.4667    642.2545     1204.508     114.2172  17.2980   0.1030     3.08    0.287  -3.52   1      14.03     536.2974     49.00995
       251    365.4882    640.0029     1691.236     182.7174  16.9295   0.1173     5.85    0.546   5.31   0      12.62     402.2641     48.38441
       252    559.8853    636.4796     2622.148     228.2513  16.4534   0.0945     5.47    0.051 -15.39   2      14.62     433.4166     48.27861
       253    312.4681    631.7393     3717.599     250.3118  16.0743   0.0731     4.54    0.196  16.36   2      17.39     560.2488     49.12089
       254    582.9832    630.9349     3688.833     263.9205  16.0828   0.0777     8.21    0.698   0.52   0      20.19     494.6456     48.81642
       255    203.8201    628.8099     4186.346     100.6644  15.9454   0.0261     0.00    0.343  44.67   0      81.74     3658.943     61.81715
       256    827.7241    623.8709     14258.93     223.7681  14.6148   0.0170     4.40    0.159 -19.32   3      93.58     4434.346     64.41606
       257    823.0126    623.5058     10277.69     202.3526  14.9703   0.0214     4.10    0.199 -18.99   3      77.14     3387.195     60.70951
       258    796.2983    622.5734      8614.99     278.7203  15.1619   0.0351    10.68    0.607   0.80   2      43.87     800.1634     49.73069
       259    567.2567    622.0712     1532.871     118.7827  17.0362   0.0842     2.35    0.249  10.80   1      30.57     927.8652     50.67314
       260    145.2417    619.4489     8730.597     180.6172  15.1474   0.0225     9.05    0.536  -5.82   0      82.37     4537.367     65.06025
       261    624.8243    618.8180     9502.539     200.7222  15.0554   0.0229     3.28    0.049 -81.76   3      76.38     3657.263     62.00792
       262    620.5055    618.4752     9567.156     193.0556  15.0480   0.0219     3.54    0.242   1.50   3      73.12     3174.063     59.80445
       263    600.5631    617.3840     3966.106     178.8324  16.0041   0.0490     4.70    0.262  11.45   3      35.48     1451.437     53.42778
       264    595.9432    617.4702     3323.101     143.9266  16.1961   0.0470     4.15    0.295  12.42   3      31.21     1135.083     51.59416
       265    650.1210    614.6256     9608.563     242.1311  15.0434   0.0274     0.00    0.666  -6.15   0      58.48     1307.852     52.46601
       266    309.1527    610.8717     21383.04      221.456  14.1748   0.0112     3.07    0.089  80.13   3        137     7626.852     74.99969
       267    304.9614    610.5044     19217.49     223.3549  14.2908   0.0126     4.81    0.256 -10.13   3      121.9     5603.473     68.23829
       268    844.1022    609.8193     11560.71     236.3405  14.8425   0.0222    11.52    0.536   0.36   0      65.96     1610.994     53.42185
       269     22.6947    610.6139     2001.669     181.4307  16.7465   0.0984     2.88    0.098  35.08   0      16.75      662.435     49.46835
       270    712.2308    609.0825     4478.468      234.033  15.8722   0.0568    10.91    0.554  -3.26   0      27.81     638.3001     49.35734
       271    569.7868    607.6047      2684.34     160.9704  16.4279   0.0651     4.33    0.237  21.56   3      28.12     1142.301      51.7439
       272    564.9810    607.4994     2753.696      194.503  16.4002   0.0767     4.57    0.238  -4.69   3      23.26     889.3611     50.37928
       273    408.0064    607.9984     3122.655     88.43551  16.2637   0.0308     4.18    0.002  61.29   2      75.33     3117.732     59.79427
       274    274.5169    606.8272         5388     212.4275  15.6714   0.0428     3.85    0.091  -8.66   3      47.36     2010.928     55.31789
       275    269.9798    606.5081     5394.527     212.4344  15.6701   0.0428     4.08    0.190 -17.14   3      38.79     1469.332     52.81574
       276    127.4534    606.7641     5065.647     173.3268  15.7384   0.0372     3.25    0.156  25.18   3      47.96     2115.444     55.85489
       277    122.9467    606.4927     4696.688     193.6369  15.8205   0.0448     4.46    0.208 -12.69   3      40.25     1495.305     53.04245
       278    199.7385    600.7111     1353.881     109.0603  17.1710   0.0875     1.70    0.284  44.19   0      24.25     962.0828     50.70629
       279    661.1472    597.3640     1655.766     108.2891  16.9525   0.0710     4.30    0.431 -27.40   0      24.42     1234.958     52.14929
       280    628.0355    596.5084     2955.137     221.8146  16.3236   0.0815     4.01    0.231  18.67   2      18.23     611.2197     48.85957
       281    351.3424    595.1718      21823.8     269.6574  14.1527   0.0134    11.09    0.525   0.91   0      111.2     3077.445     59.74308
       282    311.8037    594.0001     24112.43      279.326  14.0444   0.0126    11.37    0.509   1.12   0      121.1     3439.138     61.00367
       283    756.4726    589.0336     2762.084     186.5125  16.3969   0.0733     3.66    0.185  10.37   3      25.66     1053.373     51.35182
       284    751.4843    589.0000     3355.746     230.9688  16.1855   0.0747     4.88    0.310   9.07   3      20.77     760.9065     50.28376
       285    595.3750    587.9139     3495.776     228.4534  16.1411   0.0710     4.47    0.316  23.69   3      25.49     955.2987     50.67587
       286    590.8149    587.6218     2696.717     183.1335  16.4229   0.0738     4.51    0.273  16.53   3      21.47     738.9881     50.06297
       287    827.6533    592.1285     2492.022     216.4657  16.5086   0.0943     3.45    0.279  18.84   2      16.88     653.3127     49.42642
       288    161.1451    579.8348     33225.48     233.2931  13.6963   0.0076     3.35    0.133  85.55   3      186.4     12086.82     87.40722
       289    156.5023    579.4960     26447.28     200.1648  13.9440   0.0082     3.89    0.097 -11.40   3      162.5     8992.528     78.79807
       290    477.6325    583.9543     1832.738     211.4917  16.8422   0.1253     6.86    0.668   5.55   0      12.66     342.9743     48.23167
       291    299.2657    575.9377     3196.268     243.0348  16.2384   0.0826     6.86    0.682   1.85   2       17.3     467.6405     48.69053
       292    401.3135    574.1482     3209.593     185.4202  16.2339   0.0627     6.80    0.287 -14.05   3      30.56     1236.987     51.92383
       293    396.0388    574.0000     1979.733     161.8668  16.7585   0.0888     3.90    0.339   0.22   3      21.55     888.3964     50.85673
       294    455.0970    570.9730     2108.937     211.0674  16.6898   0.1087     6.95    0.271  65.53   0      16.54     539.9749     48.52704
       295     70.5642    570.1408     15750.55     201.7195  14.5068   0.0139     9.91    0.291 -39.91   3        108     4825.175     65.96564
       296     66.2127    569.5934     11061.57     203.2311  14.8905   0.0200     3.85    0.180 -21.49   3      84.92     3966.189     62.93661
       297    993.9829    567.4789     2006.948     193.6284  16.7437   0.1048     3.71    0.088  55.88   2      15.39      540.959     49.15575
       298     57.8456    562.9777     4441.235     225.3701  15.8812   0.0551     3.34    0.138  -6.83   3       34.9     1471.392     53.39854
       299     53.2182    562.6030     3216.521     201.9536  16.2315   0.0682     5.00    0.324  -8.59   3      26.12     985.9088     51.05236
       300    185.8643    561.9944     2386.017      86.5217  16.5558   0.0394     0.93    0.080  -0.63   0      58.62     2476.379     57.41101
       301    868.1476    560.8940     5058.918     314.0479  15.7399   0.0674     9.05    0.717  -1.11   2      23.64       593.27     48.90084
       302    477.9672    558.2324       2543.7     225.4854  16.4863   0.0963     6.66    0.672  10.10   0      15.58     398.8532     48.61982
       303     56.2297    553.8085     4205.849     268.3708  15.9404   0.0693    10.28    0.598  -1.50   0      26.97     640.4179      49.7362
       304    788.7546    549.8591     3420.207      235.605  16.1649   0.0748     8.81    0.601   1.78   0       21.5     514.7733     48.91003
       305     25.0257    549.0163     3676.477      198.671  16.0864   0.0587     4.55    0.094 -10.10   3      31.99     1328.107     52.78518
       306     20.4918    548.6721     3169.384     185.3709  16.2476   0.0635     3.93    0.159  -6.37   3      26.52     1008.049      50.9119
       307    698.6304    547.8109     3565.854     239.5932  16.1196   0.0730     9.54    0.610  -0.46   0      22.21     589.8881     49.50476
       308    475.0318    548.8058     4576.249     93.73577  15.8487   0.0222     0.81    0.118 -89.12   0      80.91     4506.454     65.04597
       309    676.9728    545.0089     26437.72     254.4659  13.9444   0.0105    11.38    0.498   0.35   0        134     3927.877     62.89511
       310    151.0432    543.8727     7363.931     107.5996  15.3322   0.0159     0.00    0.258 -71.30   0      116.8     6898.578     72.75934
       311    257.8708    540.0876     1972.357     183.0668  16.7625   0.1008     4.61    0.183 -26.51   0      14.71     616.6816     49.13377
       312    534.2172    538.9791     1985.445     152.1681  16.7554   0.0832     7.48    0.658  -0.47   0      15.13     419.8916     48.71807
       313    316.3037    535.0059     13900.83     187.8231  14.6424   0.0147     3.20    0.181  49.48   3      104.5     5532.529     68.35927
       314    312.1934    535.0007     13304.81     203.4896  14.6900   0.0166     4.52    0.228  24.32   3      94.96     4394.772     64.46571
       315    851.2156    534.9957     3653.377     225.9275  16.0933   0.0672     3.80    0.225 -11.10   3      25.94     1089.019     51.50935
       316    846.5190    534.5213     3285.549     226.2319  16.2085   0.0748     4.46    0.397 -18.59   3      22.02     848.4067     50.07258
       317    651.6901    526.1420     3233.889     236.0717  16.2257   0.0793     4.53    0.420   2.34   2      19.08     682.2971     49.43634
       318    293.8054    523.0255     8352.671     212.0114  15.1954   0.0276    10.46    0.552   1.99   0      51.38     1332.406      52.6881
       319    953.0077    509.3281     2954.076     242.1797  16.3239   0.0890     7.00    0.465  15.22   2      17.73     526.8839     48.96628
       320    947.9432    508.9487     2553.282      95.3215  16.4823   0.0405     0.00    0.136  26.69   3      48.04      1795.13     54.64764
       321    727.1187    509.1110     1565.062     103.7825  17.0137   0.0720     3.64    0.266  45.26   0      37.18     1112.266     51.49355
       322     39.7017    508.1334     7765.194     198.7453  15.2746   0.0278     3.60    0.205  39.23   3       60.9     2689.858     57.93513
       323     35.0091    507.7635     5727.102     175.9333  15.6052   0.0334     4.06    0.152   6.58   3      48.75     2050.222     55.80779
       324    792.9413    502.1122       129504     397.7944  12.2193   0.0033    12.19    0.220   7.69   0      391.1     15188.44     95.06657
       325    441.6890    506.6866     5999.752     278.2279  15.5547   0.0504     9.83    0.591   2.20   0      32.31     782.8181     50.01836
       326   1000.6606    501.9424     2505.328     200.3925  16.5028   0.0869     3.02    0.259  17.59   2      16.23     642.3087     49.62213
       327    127.6832    498.8627     4167.395     185.7719  15.9503   0.0484     4.08    0.213  12.31   3      38.75     1603.122     53.50242
       328    123.0155    498.4908     3376.883      188.881  16.1787   0.0607     3.87    0.126  -7.86   3       30.6     1201.248     51.76716
       329    628.2421    498.3467      3609.06     168.7175  16.1065   0.0508     9.19    0.609   2.98   0      25.76     710.4839      49.9334
       330    387.0304    497.6916     5428.049     202.9306  15.6634   0.0406     3.30    0.061 -10.28   3      49.26     2138.953      55.5129
       331    382.4948    497.4874     4848.978      196.936  15.7859   0.0441     4.07    0.058   0.22   3      41.16     1582.717     53.52968
       332    484.2576    495.0000     5248.135     212.9946  15.7000   0.0441     4.36    0.266 -41.48   3      41.91     1826.431     54.66626
       333    479.2400    495.0060     5088.376     249.7291  15.7336   0.0533     8.45    0.359 -28.66   3      33.49      1197.08     52.21798
       334    705.2360    493.1434     4086.863     203.6804  15.9715   0.0541     9.54    0.651   3.90   0      26.43     617.1075     49.38327
       335    214.8929    493.6664      11571.6     123.7709  14.8415   0.0116     0.00    0.414  71.52   0      143.5     10196.84     82.34644
       336     91.3372    492.1492     1850.093     198.8831  16.8320   0.1167     5.49    0.458   0.77   0      13.36     454.0133     48.62688
       337    901.1979    484.9579     8780.497     148.2436  15.1412   0.0183     0.00    0.627   3.73   0      109.6     6998.972     73.23893
       338    236.6883    476.1438       231269     408.2868  11.5897   0.0019     4.15    0.056  42.09   3      576.5     76587.57     192.2143
       339    232.0086    475.7785     161774.4     322.9888  11.9777   0.0022     3.63    0.294 -10.90   3      491.3     59115.15     170.3782
       340    325.9733    481.0393     3305.602     88.90443  16.2019   0.0292     4.33    0.073 -63.96   0       73.6      3081.25     59.85949
       341    775.1211    476.3319     44728.18     304.2629  13.3735   0.0074    11.26    0.381  -4.68   0      192.1     5856.829     69.25325
       342    481.8069    478.0652     2178.214     170.3953  16.6547   0.0850     3.92    0.270  -5.74   3      23.81     1009.106     51.15553
       343    477.0379    477.5200     1956.018     166.4759  16.7716   0.0924     3.35    0.211 -12.33   3      19.97     787.8288     50.16281
       344    683.3656    475.5278     3983.127     254.7755  15.9994   0.0695     7.96    0.501 -13.63   2      23.12     777.1158     50.11425
       345    309.7784    473.0404     3231.697     209.3811  16.2264   0.0704     4.65    0.165 -41.36   3      22.59     887.8482     50.85428
       346    304.7409    472.5899     3714.248     259.2816  16.0753   0.0758     4.68    0.387 -11.94   3      20.06     621.2537      49.5256
       347    322.6275    472.8948     3287.635     238.0521  16.2078   0.0786     7.94    0.533  -1.56   2      20.47     776.7807     49.62371
       348    119.7972    470.7363     2549.753     207.9078  16.4838   0.0886     6.92    0.626   8.83   0      17.08     503.8393     48.98382
       349    352.2865    469.0278     3204.371     214.3872  16.2356   0.0727     8.46    0.579   2.78   0       21.3     545.7087     48.80437
       350    177.7926    464.9670     2363.193     203.2532  16.5663   0.0934     3.06    0.036 -25.32   2      16.47     651.9111     49.78869
       351     69.9945    462.0080     4235.354     200.0726  15.9328   0.0513     3.50    0.232 -22.44   3      35.13     1575.891     53.61453
       352     65.2198    461.6038      4156.69     224.4048  15.9531   0.0586     3.76    0.110 -35.89   3      31.46     1275.499     52.32567
       353    248.0024    461.8470     20046.89     124.5539  14.2449   0.0067     4.44    0.107  89.58   0      191.4      20110.3     106.2979
       354    521.4976    458.0002     10759.95     128.3529  14.9205   0.0130     5.77    0.465  -0.02   0        130     8932.375     78.85667
       355    944.5900    456.7558     2290.301     193.9607  16.6003   0.0920     5.04    0.402  14.36   2      15.83      596.418     49.53473
       356    865.7155    454.9934     4343.067     119.0267  15.9055   0.0298     3.22    0.513  -0.41   0      63.79     3432.497     61.07883
       357    742.5118    449.0152     2646.271     216.6276  16.4434   0.0889     3.80    0.352   0.21   2      17.22     640.9805     49.36968
       358    854.6786    434.3597     6399.195      198.717  15.4847   0.0337     2.77    0.485   3.91   0      43.43     1408.009     52.89809
       359    136.1284    434.7017     6276.838     288.1383  15.5056   0.0499     9.41    0.596   2.63   0      36.31     863.9064     49.89912
       360     87.0039    434.5261     2186.671     148.4159  16.6505   0.0737     3.87    0.244  -2.18   3      22.87     919.2047     50.75455
       361    777.5427    434.5281     1503.691     89.43959  17.0571   0.0646     1.29    0.008  19.54   0      35.32     1576.746     53.50433
       362    341.3380    434.4919     3516.484     256.7445  16.1347   0.0793     9.38    0.612   1.48   0      22.07      523.062      48.6988
       363      8.2599    434.9674     4461.536     262.8513  15.8763   0.0640     8.38    0.694   2.31  16      19.91     426.2711     48.49704
       364    255.4963    429.4984     36461.65     216.9253  13.5954   0.0065     4.02    0.118  -2.84   3      199.5     12028.71     87.11611
       365    260.1159    429.8472     47576.26     259.5192  13.3065   0.0059    10.36    0.183  58.13   3      231.8     16224.48     97.51196
       366    416.9828    430.2787     2392.061     89.99119  16.5531   0.0409     0.91    0.161 -75.22   0      55.03     2436.015       57.251
       367     91.6833    434.8694     3205.413     167.2642  16.2353   0.0567     3.63    0.161   9.99   3      31.26      1256.57     52.00947
       368    218.4888    425.0541     2607.697     187.9532  16.4594   0.0783     3.69    0.127  -4.58   2       22.9     877.9937     50.32798
       369    214.0214    424.7776     2168.661     174.7981  16.6595   0.0875     4.45    0.362 -13.43   3       19.2     735.7693     50.17002
       370    121.4346    420.3396     2290.347     230.5801  16.6002   0.1093     4.60    0.310   4.85   2      15.95     468.8213     48.69604
       371    660.0456    418.2642     3369.323     243.1966  16.1811   0.0784     6.64    0.525  23.94   2      19.02       628.04     49.43356
       372     28.3582    415.0927     2634.963     215.2039  16.4481   0.0887     4.79    0.541   8.46   2      19.14     592.9985     48.89958
       373    418.0690    405.9890     37581.09     269.9377  13.5626   0.0078    11.28    0.483   1.25   0      174.8     5461.766      68.1236
       374    794.7106    401.1681     2499.979     221.3477  16.5052   0.0962     7.87    0.675   9.79   0      15.98     457.9546     48.26785
       375     21.2672    400.2469     1814.124      111.392  16.8533   0.0667     4.02    0.559 -18.85   0      30.15     1301.912     52.44027
       376    805.0872    396.7406     2496.426     110.0393  16.5067   0.0479     0.00    0.302 -77.22   0      53.71     2081.361     55.49676
       377    721.3934    396.6016     2110.036     220.2561  16.6893   0.1134     6.62    0.719   4.50   0      13.77     402.3399     48.38476
       378    176.6133    393.3518     3599.555      244.037  16.1094   0.0736     3.52    0.232  11.28   2      23.35     787.4855     50.40375
       379    237.4901    392.7868     2154.245     163.9812  16.6668   0.0827     3.40    0.162  10.99   3      21.97     898.8466     50.42206
       380    232.6963    392.1356     2238.998     187.5068  16.6249   0.0909     3.94    0.316  -6.65   3      17.97     679.2713     49.42243
       381    481.6375    391.7801     2897.781     264.9698  16.3448   0.0993     7.47    0.712   2.72   0      15.32     453.6448     48.99985
       382    176.0802    388.3194     1807.618     90.20858  16.8572   0.0542     0.99    0.162  80.47   1      39.98     1736.028     53.95116
       383    445.9086    386.8473     3137.731     187.7831  16.2585   0.0650     3.58    0.110   0.04   3      29.85     1233.166      51.9071
       384    441.0468    386.4929     3020.822     162.3861  16.2997   0.0584     7.29    0.425   5.54   3      26.36      944.869     50.50851
       385    938.6956    384.0579     1543.214     87.82126  17.0289   0.0618     3.05    0.155   8.72   0      35.23     1455.869     52.75777
       386    878.7405    379.8833     3776.126     235.9481  16.0574   0.0679     9.38    0.631   6.17   0      24.75     657.8859     49.32399
       387    553.5117    378.7108     3547.874     212.6111  16.1251   0.0651     8.87    0.633   4.26   0      21.48     512.8656     48.77634
       388    225.6771    377.1102     4450.885     292.4839  15.8789   0.0714     9.15    0.752  -3.80   0       20.4     425.2907     48.24035
       389   1021.1611    367.5443      44541.4     227.9222  13.3781   0.0056     7.88    0.091 -48.62  24      225.7     14008.84     92.40158
       390    157.2106    368.0316     2705.595     212.4276  16.4193   0.0853     2.78    0.183  -0.66   2      17.27     576.8655     49.44494
       391    127.5424    361.2302     5955.085     193.5396  15.5628   0.0353     4.14    0.192  -5.39   3       51.4      2190.46      56.1593
       392    122.9689    360.7765     5059.209     186.8597  15.7398   0.0401     4.35    0.291 -15.39   3       41.1     1562.912     53.78666
       393    487.0540    356.5121     4914.431     246.4982  15.7713   0.0545     3.66    0.077 -14.58   3      30.73     1250.729     51.98394
       394    482.9940    356.2372     3615.573      214.112  16.1046   0.0643     4.44    0.203 -20.19   3      26.67     1013.967     51.41483
       395    172.5168    353.0199     2456.149     175.1714  16.5244   0.0775     3.38    0.206 -14.29   3      23.58     978.5208     51.01947
       396    167.9945    352.5433     2240.308     173.1394  16.6242   0.0839     3.95    0.262  -5.87   3       21.2     806.5724     50.36885
       397    110.2586    353.5764     2137.404     186.5685  16.6753   0.0948     7.57    0.715   2.99   0      16.65     441.5926     48.56879
       398      9.8655    352.3221     6473.544     209.9874  15.4721   0.0352     0.00    0.653  24.83  16      61.02     2524.857      57.2842
       399    146.5547    349.8404     3483.577     186.5744  16.1449   0.0582     4.93    0.058  -7.84   3      29.85     1154.858      51.6812
       400    141.8102    349.8141     4743.668     269.9574  15.8097   0.0618     7.91    0.395  -9.06   3      23.33     852.9301     50.45691
       401    332.0985    349.1803     1703.556     186.0392  16.9216   0.1186     5.08    0.220  62.83   0      13.34      489.106     48.41431
       402    964.3316    346.9143      11159.2     178.5987  14.8809   0.0174     3.60    0.086  25.87   3      89.15     4370.421     64.19012
       403    958.4139    344.7522     14964.77     182.5444  14.5623   0.0132     0.00    0.405  71.12   3      111.2     7782.413     75.63101
       404    755.0635    348.9904     4545.607     92.01976  15.8560   0.0220     4.38    0.084 -14.06   0      87.15     4201.355     63.78017
       405     34.9595    346.1245     2512.277     192.6448  16.4998   0.0833     8.26    0.672   3.04   0      17.45      462.684     48.66739
       406    662.4908    342.0568     6319.022      189.997  15.4984   0.0327     3.70    0.023  21.47   3      53.85     2352.049     56.59444
       407    657.9706    341.7734     6948.118     224.5151  15.3953   0.0351     4.62    0.365 -10.91   3      46.81     1851.204     54.99133
       408    405.6457    343.8937     2263.565     211.2338  16.6130   0.1013     4.19    0.346  11.00   2      15.78     528.7297     48.59996
       409    495.1389    330.8836     42807.41     239.9204  13.4212   0.0061     3.32    0.119  83.69   3        221     15369.09     95.49747
       410    490.7740    330.6042     40483.18     224.5188  13.4818   0.0060     4.51    0.197   4.12   3      209.2     11680.79     86.48611
       411    376.6625    332.8982      13481.4     187.3148  14.6757   0.0151     3.54    0.085 -35.79   3      100.9     5130.898     66.82846
       412    372.0072    332.5167     11001.62     187.5607  14.8964   0.0185     4.21    0.207 -19.80   3      84.68     3848.564     62.60786
       413    346.6256    334.3602     3917.752     204.2392  16.0174   0.0566     4.74    0.300  -8.51   3      32.25     1264.525      52.5107
       414    342.0052    334.2293     2759.727     172.0573  16.3978   0.0677     3.86    0.251  -0.56   3      24.61     1001.354     51.35904
       415    747.4874    328.5013     3957.082     264.1514  16.0066   0.0725     5.36    0.374  -9.92   2      18.62     612.6595     48.99087
       416    184.9761    326.2998     13831.54      230.057  14.6478   0.0181     3.22    0.138  -1.11   3      97.49     4837.594     65.54498
       417    180.0153    326.0000     11598.84     196.9863  14.8390   0.0184     8.24    0.374  -6.17   3      86.94     3976.462      62.9737
       418    267.0484    323.9706     13137.45     339.7144  14.7037   0.0281    11.63    0.482  -0.59   0      60.59     1448.365     53.30045
       419    652.5996    323.6562     4091.078     225.6931  15.9704   0.0599     4.09    0.200  -9.16   3      33.51     1338.129       52.597
       420    647.9860    323.2427     3659.047     208.3868  16.0916   0.0618     4.46    0.367  -9.78   3      26.89     983.9258     51.28186
       421     97.0285    320.3440     3858.733     242.3992  16.0339   0.0682     9.12    0.644   4.09   0       23.7     618.7783     49.39096
       422    432.4424    319.7464     1810.793     140.4372  16.8553   0.0842     3.62    0.178  14.77   3      20.45     827.2808      50.4622
       423    428.0070    319.2571     2131.438     179.9067  16.6783   0.0917     3.91    0.362  -6.56   3      18.85     739.2261     50.06404
       424    154.1595    318.7734     1865.714     189.4825  16.8229   0.1103     3.96    0.253 -10.72   0      15.06     541.6193     49.28266
       425    609.2364    316.3293     3969.983     363.2731  16.0030   0.0994     8.75    0.320 -18.84   2      19.32     428.1334     48.50577
       426    601.6714    314.2540     2798.676     213.2431  16.3826   0.0827     0.00    0.574  24.21   3      24.84     1260.302     52.14283
       427    869.7531    315.4369     2700.986     226.3184  16.4212   0.0910     5.07    0.406 -13.72   2      16.19     469.7964     48.70059
       428     15.8705    309.0040     3724.383     267.3933  16.0724   0.0780     6.61    0.398  19.34   2      19.46     690.7941     49.72123
       429     34.6776    306.8498     3957.995     198.2254  16.0063   0.0544     9.93    0.593   3.87   0      28.42     720.1326     49.73272
       430    573.8141    306.0264     3990.787     214.5099  15.9974   0.0584     4.68    0.269   1.92   2      26.11     1013.101       51.411
       431    824.0381    303.4928     1902.375     190.3289  16.8018   0.1087     3.75    0.307 -14.73   2      15.29     557.6266     48.60964
       432      4.1388    303.3941      1689.48     127.7275  16.9306   0.0821     4.51    0.620 -24.12  24      19.17     833.9897      50.4924
       433    265.4904    301.0318     15728.36     315.9397  14.5083   0.0218     9.87    0.489   2.59   0      79.21     1955.809     54.86919
       434    709.9202    300.9187     11819.51     109.9035  14.8185   0.0101     0.00    0.120  45.17   0      148.8     11435.03     85.55329
       435    385.9152    290.6739     4430.698     249.7408  15.8838   0.0612     8.35    0.617   2.89   0      27.19     699.6389     49.39273
       436    158.1986    289.9841     1196.865     85.14876  17.3049   0.0773     2.43    0.183  -1.62   0      36.15     1040.924      51.2967
       437    980.2770    283.0522      2585.91     204.2497  16.4685   0.0858     3.57    0.119 -22.81   3      21.23      879.384     50.45523
       438    975.4214    282.8567     3504.208     242.0666  16.1385   0.0750     4.83    0.396 -11.89   3      20.95      748.728     49.98534
       439    984.8902    275.0064     13043.01     288.1855  14.7116   0.0240    10.87    0.518   2.26   2      62.55     1528.004     53.41115
       440    885.8879    271.7020     49944.64      301.636  13.2538   0.0066    12.39    0.406  -0.49   0      210.6     6577.639     71.49448
       441    701.4706    266.5298     1769.966     162.5126  16.8801   0.0997     8.08    0.596  10.50   3      14.85     489.2497     48.66617
       442    708.8627    268.8396      1653.72     101.0022  16.9538   0.0663     4.85    0.276  45.17   3       35.5      1055.12     51.35955
       443    706.0132    265.3047      1774.62     112.6723  16.8772   0.0690     5.20    0.233  59.80   3      26.92     1067.356     51.29495
       444    177.2987    267.1633     3616.455       250.22  16.1043   0.0751     4.53    0.217  -2.99   2      20.96     607.3569      48.8416
       445     77.7966    262.7204      3821.31     173.4539  16.0445   0.0493     4.31    0.129  -4.83   3      35.34     1487.069     53.35107
       446     73.5036    262.4885     3295.107     190.3904  16.2053   0.0627     4.30    0.257  -8.99   3      28.65     1064.208     51.16198
       447    435.7124    260.9584     5648.912     175.8322  15.6201   0.0338     8.67    0.357 -74.17   2      46.84     1511.864     53.11335
       448    430.9912    259.7126     5954.488     226.2183  15.5629   0.0413     4.16    0.261   5.13   3      40.97     1660.196     53.97072
       449    842.1977    260.3264     4598.454     240.5707  15.8435   0.0568     5.65    0.404   9.11   2      27.57     989.0139     51.06618
       450    918.2101    258.0081     2233.649     166.8545  16.6275   0.0811     4.18    0.177   2.25   3      21.62     876.0291     50.56084
       451    913.4805    257.5087     2232.019     178.3325  16.6283   0.0868     4.55    0.377 -11.64   3      19.91     732.1052      49.7874
       452    160.6508    254.1436     5637.786     187.5621  15.6222   0.0361     3.68    0.194   6.49   3      49.25     2165.524     56.16695
       453    155.9976    253.7665     4518.788     169.0393  15.8624   0.0406     3.79    0.269  -6.91   3      40.08     1642.651     54.12254
       454    981.5760    252.7784     3089.684     216.3891  16.2752   0.0761     3.74    0.138  11.31   3      24.19     968.2826     51.21249
       455    976.7006    252.5855     2360.531     203.2502  16.5675   0.0935     4.13    0.203 -17.38   3       18.2     665.7436     49.36018
       456    270.5204    253.1086     961.0118     89.76413  17.5432   0.1014     1.73    0.531  62.65   0      18.54     936.6869     50.71269
       457     22.4751    241.9879     123019.7       324.97  12.2751   0.0029     3.45    0.108 -82.80   3      412.2     45978.66     151.8874
       458     17.7821    241.6061     114362.4     291.3841  12.3543   0.0028     4.25    0.195   6.46   3      399.4     34859.86     134.1775
       459    531.4822    245.8960     2610.549     228.9066  16.4582   0.0952     5.59    0.394   5.09   0      15.13     482.6832     48.50998
       460    480.3896    242.0906     44742.98     283.5303  13.3732   0.0069    13.12    0.458   3.73   0      196.9     6384.146     71.04854
       461    704.8205    244.0480     5707.367     235.8704  15.6089   0.0449    10.35    0.570   3.26   0      33.28     869.7017     50.77311
       462    751.0535    240.7783      2197.49     201.5611  16.6452   0.0996     6.30    0.558  52.68   2      17.88     490.2244     48.92061
       463    755.0305    240.2909     1971.057     189.6088  16.7633   0.1045     4.03    0.350  -7.66   3      15.93     610.7518      48.8574
       464    404.5339    237.3607      3192.22     250.4437  16.2398   0.0852     8.39    0.659   2.14   0      18.66     446.9397     48.59381
       465    680.8025    230.7390     3613.207     208.3368  16.1053   0.0626     8.01    0.193  26.70   3      30.59     1200.652     52.11667
       466    675.9922    230.4804     2977.251     168.7698  16.3155   0.0616     5.12    0.208 -19.43   3      26.74     1000.732     51.11831
       467    184.9059    229.8411     26497.36     267.9387  13.9420   0.0110    10.46    0.488   1.57   0      131.3     3523.476     60.91806
       468    234.6163    222.3607     35955.23     265.1384  13.6106   0.0080    11.16    0.475   1.84   0      169.8     5373.834     68.09872
       469     16.9988    223.9264     1601.364     84.43544  16.9888   0.0573     0.00    0.114 -89.90   0      46.18     1409.214     52.90327
       470    409.9485    221.0985     7698.576     214.8853  15.2840   0.0303    10.34    0.553   4.04   0      46.92     1158.612      51.4613
       471    702.4839    220.2272     3789.591     168.9606  16.0535   0.0484     3.71    0.182  16.85   3       36.1     1491.386      53.1405
       472    697.5217    219.9936     3506.531     190.6426  16.1378   0.0590     4.32    0.100   6.71   3      29.89     1144.605     51.75402
       473    620.5993    218.1824     2496.564     182.8849  16.5066   0.0796     5.85    0.468  19.29   0      19.35     843.5872      50.4148
       474    204.1164    216.4458     4840.475     270.6027  15.7878   0.0607     5.24    0.336 -17.83   2      22.19     654.9125     49.31029
       475    659.2904    214.1161     5223.006     159.8163  15.7052   0.0332     1.23    0.324  -6.15   3       51.6     2430.328     57.01495
       476    654.9791    213.7763     3462.027     174.7358  16.1517   0.0548     4.22    0.305  -6.85   3      31.99      1255.06     52.46972
       477    363.6090    196.6646     4418.891     233.9751  15.8867   0.0575     4.13    0.331  -7.12   2      23.98     845.9909     50.42564
       478    973.5046    196.4942     1868.528     183.7691  16.8213   0.1068     3.08    0.043  -5.87   0      14.73     546.6129     48.93333
       479    435.8436    196.4091     3762.287     212.8402  16.0614   0.0614     9.75    0.592   4.86   3      22.72     549.9768     49.32119
       480    430.7136    189.1950     31025.64     266.0848  13.7707   0.0093    10.52    0.479   3.41   2      149.6     4349.233     64.30496
       481    480.7193    195.0104     2390.488     181.0774  16.5538   0.0823     4.01    0.073  28.53   3      21.03     826.3892     50.33722
       482    476.0440    194.5025     2142.306     182.4441  16.6728   0.0925     3.90    0.218   1.56   3      19.54     740.1761     49.45578
       483    747.5056    191.7802     38076.38     237.9719  13.5484   0.0068     3.71    0.062  70.90   3      204.4     13430.45     90.69935
       484    742.9709    191.4868     32982.26     218.1945  13.7043   0.0072     4.40    0.225   8.67   3      185.9     10454.67     82.98158
       485    257.3672    192.8786     5427.634     184.0236  15.6635   0.0368     3.47    0.085   9.28   3      49.39     2158.987     56.03179
       486    252.9719    192.5069     5374.438     195.9923  15.6742   0.0396     4.51    0.136  -3.77   3       43.8     1661.959     53.52445
       487    564.7620    190.7420     4830.837     219.6026  15.7899   0.0494     3.71    0.087   5.68   3      38.57     1614.741     53.77896
       488    560.0119    190.5052     4441.134     214.2764  15.8813   0.0524     4.50    0.243  -1.82   3      33.89     1300.364     52.43356
       489    955.1400    189.9798     3632.101     244.0673  16.0996   0.0730     3.96    0.377  -1.84   2       21.2     817.9966     50.29931
       490    962.1301    182.1257     2413.465     189.3351  16.5434   0.0852     5.06    0.275 -20.06   2      17.67     600.0657     49.18097
       491    315.0362    179.9990     7085.877     204.0332  15.3740   0.0313     3.36    0.046  49.98   3      58.57     2663.987      58.2537
       492    310.7716    179.6075     7044.466     215.6108  15.3804   0.0332     4.31    0.212  -3.19   3      52.23     1981.794     55.41852
       493    511.0333    176.0002     4569.383     92.07846  15.8504   0.0219     4.26    0.044   5.81   0      91.25     4362.115     64.53967
       494    256.0390    174.0489     2188.576     128.6125  16.6496   0.0638     3.74    0.559  87.86   0      32.92     1338.015     52.59651
       495     78.2386    174.3849     4260.743     259.1728  15.9263   0.0661     3.82    0.235   5.78   2      24.33     581.5067     49.58936
       496    529.8378    172.0523     2977.566     228.6049  16.3153   0.0834     5.52    0.400  -9.65   0      15.09      469.456     48.82403
       497     15.7202    170.6908     2542.055     198.9075  16.4870   0.0850     4.06    0.184 -65.54   3      19.79     724.8466     49.75426
       498     10.6765    170.1371     3044.698     265.0958  16.2911   0.0946     5.77    0.206  25.66   2      18.32     606.7728     49.33568
       499    318.3371    169.8458     2883.783     180.8546  16.3501   0.0681     3.74    0.149  18.69   3      29.04     1200.182     51.99751
       500    313.9754    169.4835     3049.003     196.4059  16.2896   0.0700     4.33    0.314   2.48   3      25.24     957.9883     50.80807
       501    788.2270    168.8747     3054.524     241.0124  16.2876   0.0857     5.95    0.524 -87.81   0      17.05     440.1685     48.56213
       502   1022.6761    164.9092     3197.663     178.7081  16.2379   0.0607     3.18    0.158   0.74  26      21.52     890.5353     50.38458
       503    679.0494    164.7000      3211.62      104.449  16.2332   0.0353     5.20    0.364 -83.58   0      64.03     2599.734     57.26198
       504    226.5812    163.6541     2187.794     201.5502  16.6500   0.1000     4.90    0.364  18.16   3      17.51      630.626     49.56859
       505    221.4516    159.5766     4191.769     246.4503  15.9440   0.0639     6.05    0.552  81.66   3      26.03     674.4565     49.89149
       506    216.7413    157.7292     2240.497     196.2463  16.6241   0.0951     4.34    0.208   3.43   3      19.32     727.0773     49.88681
       507    628.1763    160.5057     4293.789     258.6131  15.9179   0.0654    10.06    0.579   1.58   0      25.41     527.9319     48.59622
       508     29.2313    160.1983     2042.956     104.8238  16.7244   0.0557     5.36    0.427  41.45   0      48.69     1680.202        54.28
       509    785.5168    160.1897     2052.618     173.7722  16.7192   0.0919     2.71    0.232  -0.59   0      15.75     622.5417     49.40827
       510    959.9000    159.0333     2756.701     89.21507  16.3990   0.0351     0.00    0.139 -17.41   0      57.79     2287.298      56.0082
       511    311.2209    157.4406     1249.217     112.9649  17.2584   0.0982     2.71    0.369  86.16   0      18.56       780.41     50.37184
       512    801.0145    149.9986     4447.054     91.77602  15.8798   0.0224     0.00    0.009  37.69   2      91.89     4405.253     64.50265
       513    778.6456    148.4166     2474.273      216.447  16.5164   0.0950     3.18    0.144 -40.95   2      16.72     604.6926     49.57268
       514    988.2606    147.5962      1974.46     215.2145  16.7614   0.1184     5.69    0.293  14.96   0      13.43     448.5792     48.72675
       515    249.7424    145.8315     5608.006     230.5451  15.6280   0.0446     4.09    0.235 -13.33   3      40.04     1645.224     53.79442
       516    245.5001    145.4785     3761.756     184.4505  16.0615   0.0532     4.59    0.113  -7.84   3      32.31     1182.668     51.56743
       517    192.2098    144.9281     2760.348     107.7913  16.3976   0.0424     5.22    0.330  -3.95   0      49.78      1841.55     54.72908
       518    127.5586    142.8687     11303.37     208.6782  14.8670   0.0200     0.00    0.499   2.73   0      94.52     5641.685     68.72122
       519    377.7088    141.9005     5161.336     234.0448  15.7181   0.0492     9.28    0.585   2.56   0      32.45     886.4024     50.24474
       520    115.5375    133.8103     4374.454     255.1243  15.8977   0.0633     4.37    0.278  -8.96   2      25.35     874.7039     50.55489
       521    999.0364    132.0009     3174.679     195.7743  16.2458   0.0670     4.04    0.172 -14.65   3       26.9     1108.012     51.82887
       522    994.7659    131.6218     2701.539     170.1987  16.4210   0.0684     4.37    0.242 -12.90   3      24.09     820.5795     50.55275
       523     38.9319    129.9135     6606.137      258.877  15.4501   0.0426     0.00    0.539  12.84   0      41.61     770.9969     49.84246
       524    717.6825    126.1264      15444.5     359.0997  14.5281   0.0253    10.42    0.503  -1.86   2      59.81     1447.539     52.72187
       525    698.6509    126.9070     7637.744      272.942  15.2926   0.0388     4.48    0.214  12.54   2      32.38     917.4247     50.38487
       526    873.6879    118.1105     6330.645     230.5964  15.4964   0.0396     6.62    0.214   9.71   3      47.61     1997.118     55.26112
       527    868.9943    117.7676     4838.115     187.4057  15.7883   0.0421     4.84    0.219  -6.39   3      39.86     1555.914     53.75708
       528     56.1620    110.8863     3139.099     235.9805  16.2580   0.0816     4.08    0.277  36.12   2      18.65     605.1995     49.08063
       529     39.5111    105.2251     20240.39     208.1856  14.2345   0.0112     3.70    0.056  86.86   3      133.7     7217.277     73.58259
       530     34.9833    104.9953     18581.21     211.4732  14.3273   0.0124     4.02    0.150 -12.68   3        120     5866.031     69.45921
       531    682.0660    101.3350     5719.117      206.234  15.6067   0.0392     3.44    0.036  27.09   3      48.94     2076.154     55.58522
       532    677.4833    101.3163     5062.081     192.4881  15.7392   0.0413     4.88    0.208  -1.06   3      42.09     1579.762     53.51714
       533    379.8080    102.0335     2564.834     203.4786  16.4774   0.0862     3.35    0.033   6.13   2      16.85     628.4351     49.68141
       534    268.7690     94.3005     4458.188     248.5424  15.8771   0.0605     3.70    0.338  -3.76   2      19.29     713.1346     49.33136
       535    808.9783     93.6784     3409.312     110.5386  16.1683   0.0352     5.73    0.228  71.08   3      55.55     2385.701     57.05091
       536    813.5988     92.6700     2523.339     186.2213  16.4951   0.0801     6.13    0.331  19.04   3      24.98     957.5984     50.92618
       537    745.2081     88.8256     11197.16     282.9806  14.8772   0.0274    10.76    0.587   5.00   3      65.87     1537.453     53.56528
       538    755.7828     87.2612     18780.14     328.4986  14.3158   0.0190    11.41    0.558   3.76   3      89.74     2291.217     56.56559
       539    159.4970     84.5308     1545.991      162.199  17.0270   0.1139     3.93    0.046  -3.88   0      15.11     575.5391     48.81836
       540    949.9446     79.4053     2771.647     216.7591  16.3932   0.0849     3.17    0.209  24.48   2      18.76     672.6723       49.761
       541    974.3104     78.0720     3823.869     254.0341  16.0437   0.0721     4.92    0.198  17.87   2       20.3     572.1917     48.92754
       542    594.8831     78.9587     2283.125     204.6586  16.6037   0.0973     5.61    0.444  -1.19   2      14.68     533.0985     48.74561
       543     34.9706     75.5619     2047.055     192.8869  16.7222   0.1023     6.04    0.473 -25.39   2      15.38     460.8158     48.78379
       544     58.3292     71.1749     2999.243     187.6154  16.3075   0.0679     3.59    0.163   9.85   3      26.13     1047.084     51.32398
       545     53.6055     70.8191     1950.251     168.2892  16.7748   0.0937     4.30    0.265 -14.29   3      20.14     787.8876     50.16308
       546    856.2581     69.3285     2855.937     186.6268  16.3606   0.0710     4.02    0.275  -0.51   3      26.83     1068.117     51.29833
       547    850.8781     68.8712     2779.985     179.0295  16.3899   0.0699     3.89    0.234 -28.38   3      23.23      885.881     50.36358
       548    969.3263     64.8613     15004.72     256.2278  14.5594   0.0185     4.20    0.107  33.10   3      98.78     4756.347     65.72807
       549    964.4996     64.4981     11736.75     219.1146  14.8261   0.0203     4.03    0.096  15.91   3      81.67     3470.895     60.62109
       550    336.0450     62.6869     14305.77     216.1951  14.6112   0.0164     3.46    0.076 -79.79   3      101.2     4923.135     66.11812
       551    331.7817     62.3850     14280.33     225.8238  14.6132   0.0172     4.33    0.180  -5.72   3      92.39     3845.684     62.49994
       552    821.2109     60.0321     73778.58     283.6894  12.8302   0.0042     3.24    0.034 -77.21   3      305.2     26368.61     119.0308
       553    816.4949     59.6865     55257.09     232.5421  13.1440   0.0046     4.03    0.225  -7.77   3      266.5     18818.91     103.4411
       554    548.7193     59.8457     75585.43      313.156  12.8039   0.0045    11.72    0.442   1.46   0      285.1     10432.28     82.92023
       555     25.0578     62.3299     7973.598     214.4665  15.2459   0.0292     3.43    0.108  20.05   3      61.72     2704.249      58.0966
       556     20.9642     62.2244     7409.467     235.5717  15.3255   0.0345     4.85    0.297   5.21   3      51.91     1989.498     55.55994
       557    434.9495     59.8982     4712.627     95.67244  15.8168   0.0220     4.60    0.194  60.68   0      91.27      4364.79      64.0751
       558    910.0034     49.9966     2262.585      93.0012  16.6135   0.0446  -108.71    0.011 -32.47   2      56.39     1991.888     55.34986
       559    160.0322     47.6827     4854.997     193.8226  15.7845   0.0434     3.46    0.164  32.96   3      43.68     1840.941     54.61503
       560    155.2214     47.3839     4043.066      199.854  15.9832   0.0537     4.06    0.178   2.12   3      37.32     1421.625     53.18631
       561    781.6089     45.2024     21810.47     253.3254  14.1533   0.0126    11.80    0.513   2.17   0      112.4     3039.581     59.49648
       562    124.4381     38.5342     25570.38     264.8593  13.9807   0.0112    10.55    0.457   6.59   0      126.9     3401.231     60.86229
       563    850.3220     36.9108     3191.349     247.9966  16.2401   0.0844     3.84    0.274  16.38   2      18.86     624.3853     49.16939
       564   1011.1557     30.5545     3497.998     263.7562  16.1405   0.0819     8.22    0.708   1.47  16      17.55     397.7657     48.48917
       565    854.0502     18.9827     2471.986     206.3508  16.5174   0.0907     4.63    0.463   3.92   2      17.61     665.2781     49.84967
       566    270.5697     17.5163      3577.71     255.0119  16.1160   0.0774     4.62    0.234   9.99   2      21.04     717.2673     49.71962
       567     49.5725     15.5927     2980.346     223.8921  16.3143   0.0816     2.77    0.165  43.00   0      16.57      631.913     49.57449
       568    415.9356   1017.9684     6527.526     229.4657  15.4631   0.0382    10.55    0.603   3.14  16      39.52     996.2518     51.09839
       569    215.1631   1014.8907     45689.95     240.7437  13.3504   0.0057     5.51    0.056   8.68  19      228.2     16430.31     97.99052
       570    210.4963   1014.5168     34573.36      209.188  13.6531   0.0066     3.83    0.145 -17.06  19      195.8     12167.52     87.54717
       571     42.2934   1009.0340     2668.246     172.8206  16.4344   0.0703     3.46    0.076  40.46   2      27.83     1134.599     51.23629
       572     37.4830   1009.0000     2566.216     181.2978  16.4768   0.0767     5.75    0.487  -1.63   3      22.66      909.363     50.95034
       573    555.1374   1007.9996     2274.781     97.82259  16.6077   0.0467     2.29    0.290   5.96   3      41.49     1976.531     55.50688
       574    550.9651   1006.9225      3488.22     118.6745  16.1435   0.0369     4.73    0.464 -32.86   2      57.96     2906.983     58.98779
       575    136.1790   1008.1879     2260.923     203.1388  16.6143   0.0976     3.14    0.076  34.86   2      16.67     652.6276     49.66936
       576    659.0063   1004.5032     9974.279      232.199  15.0028   0.0253     3.92    0.141  50.46   3      70.14     3209.343     60.14146
