#   1 NUMBER                 Running object number                                     
#   2 X_IMAGE                Object position along x                                    [pixel]
#   3 Y_IMAGE                Object position along y                                    [pixel]
#   4 FLUX_AUTO              Flux within a Kron-like elliptical aperture                [count]
#   5 FLUXERR_AUTO           RMS error for AUTO flux                                    [count]
#   6 MAG_AUTO               Kron-like elliptical aperture magnitude                    [mag]
#   7 MAGERR_AUTO            RMS error for AUTO magnitude                               [mag]
#   8 FWHM_IMAGE             FWHM assuming a gaussian core                              [pixel]
#   9 ELLIPTICITY            1 - B_IMAGE/A_IMAGE                                       
#  10 THETA_IMAGE            Position angle (CCW/x)                                     [deg]
#  11 FLAGS                  Extraction flags                                          
#  12 SNR_WIN                Gaussian-weighted SNR                                     
#  13 FLUX_APER              Flux vector within fixed circular aperture(s)              [count]
#  14 FLUXERR_APER           RMS error vector for aperture flux(es)                     [count]
         1    270.9793     17.1401     3355.687     192.9677  16.1855   0.0625     4.30    0.265 -13.63   0      27.35     1086.451     52.45285
         2    604.2442     13.6950     5496.848     229.9498  15.6497   0.0454     9.10    0.383  10.92   0      41.21     1679.414      54.6129
         3     38.6345     13.5937     2777.748     224.4227  16.3908   0.0877     5.06    0.188  -8.67   0      18.79     667.6941     50.85731
         4   1004.5413      9.2730     3081.125     249.6015  16.2782   0.0880     8.03    0.392  81.48  16      19.07     493.3154     49.68843
         5    528.0610      9.7323     4523.514     265.1228  15.8613   0.0637     4.38    0.130 -22.48  16      24.23     926.2482     51.75406
         6     56.1812      7.9360     3692.337     223.9276  16.0817   0.0659     3.62    0.158   3.04  16      26.56     1140.059     52.68462
         7    375.7389      6.2841     5676.472     160.7989  15.6148   0.0308     3.89    0.210  -3.36  16      50.73     2194.719     56.82915
         8    176.2805      5.8515     3227.916     171.8315  16.2277   0.0578     3.88    0.188   5.87  16      30.98     1266.359     52.98651
         9    338.9976      3.2918     1814.354     143.5041  16.8532   0.0859     4.16    0.228   8.84  16      18.66     742.6617     50.94147
        10    166.1076   1010.8271     3787.814     272.2145  16.0540   0.0780     4.13    0.258  34.04   2      18.36     622.6511     50.02221
        11    760.8462   1020.4001     13714.42     186.0417  14.6571   0.0147     3.47    0.191  -7.54  24      102.6      5360.37     68.51271
        12     42.6495   1008.4749     4664.669     169.0706  15.8279   0.0394     3.75    0.200  -9.69   0      41.74     1712.652     54.98349
        13    136.5592   1007.7048     2695.272     213.4135  16.4235   0.0860     3.75    0.152 -28.17   0      23.06     864.9235     50.98619
        14    659.5745   1004.0126      14045.3     234.1996  14.6312   0.0181     3.64    0.168  26.16   0      95.99     4713.863      66.4295
        15    736.5256   1005.5616     2555.852     204.0974  16.4812   0.0867     4.01    0.303  -0.09   0      21.57     811.2751     51.24667
        16    790.4957   1002.8727     6482.364      233.667  15.4707   0.0391     4.62    0.143  34.39   0      48.47      2012.55     55.98208
        17    679.2465   1003.3330     2752.549      173.054  16.4007   0.0683     3.58    0.261   2.51   0      24.04     972.4068     51.95636
        18    883.7208   1002.2815     3759.194     164.0058  16.0623   0.0474     3.62    0.191  -4.56   0       36.3     1529.803     53.98669
        19    109.8635   1006.0871      1992.29     149.2265  16.7516   0.0813     3.20    0.090 -59.79   0       20.1     830.5012     51.08281
        20    226.0762   1002.3423     1991.471     139.2786  16.7521   0.0760     4.16    0.255   9.58   0      18.37     717.7059      50.7044
        21    495.4814   1002.0018       1483.3     110.2399  17.0719   0.0807     3.61    0.274   1.34   0      17.26     687.1222     50.81873
        22    525.8430   1002.3560     9586.546     223.5019  15.0458   0.0253     4.58    0.269  32.10   0       66.4     2695.944      58.7995
        23    195.4262    991.7762     1198.302     151.2091  17.3036   0.1370     3.79    0.272   1.72   0      13.53     535.2216     50.26183
        24   1001.0139    988.0795     3763.528     91.68725  16.0610   0.0265     4.40    0.088  76.64   0      77.03      3445.92     61.83678
        25    186.2612    986.7065     3218.569     188.6265  16.2308   0.0636     3.45    0.157 -11.64   0      30.39     1274.791     53.02266
        26    644.9926    985.7296     1564.959     139.7266  17.0137   0.0970     5.21    0.171 -24.97   0      15.78      622.278     50.40153
        27    475.9236    982.9883     3796.485     199.9693  16.0515   0.0572     8.23    0.203  66.49   0      33.35     1392.207     53.76134
        28    393.7617    981.4441     20344.16     231.4466  14.2289   0.0124     4.33    0.422  -0.71   0      128.3     6804.346     73.14605
        29    168.9771    982.5217     1649.496     153.9707  16.9566   0.1014     6.20    0.167  -0.73   0      18.14      697.556     50.73984
        30    139.2198    979.4889     1694.446      131.721  16.9274   0.0844     3.87    0.171  11.41   0      18.72     751.4042     50.72967
        31    971.0037    972.3408     3948.691     100.4239  16.0089   0.0276     0.96    0.168  86.52   0      70.27     3905.776     63.60477
        32    411.9055    970.6906      2118.18     176.7868  16.6851   0.0906     3.65    0.211 -14.34   0      20.52     818.9587     51.15623
        33    379.3016    970.8462     2949.214     101.3329  16.3257   0.0373     2.42    0.346 -25.59   0      63.59     2486.494     57.76391
        34    906.2360    968.4896     2201.504     179.5773  16.6432   0.0886     4.28    0.195   0.30   0      22.52       882.71     51.31456
        35    690.9730    966.9896     2712.652     89.04426  16.4165   0.0356     4.21    0.024  46.81   3      67.03      2617.84     58.82297
        36    686.6294    965.4194     2478.994     152.0772  16.5143   0.0666     4.02    0.295  -2.53   2      24.63     984.3738     52.25333
        37    714.7374    960.8245     10645.02     184.8591  14.9321   0.0189     5.23    0.214 -17.29   0      83.29     4130.259      64.4019
        38    797.0796    962.4598     1929.862     136.8679  16.7862   0.0770     3.64    0.197  -0.33   0       22.3     910.5916      51.4379
        39    263.0592    960.0812     11971.82     114.4296  14.8046   0.0104     0.00    0.233  56.75   0      155.5     11712.08     86.92311
        40    331.5186    959.3839     3912.181     208.6808  16.0190   0.0579     7.39    0.224  29.60   0      31.93     1281.486     53.29122
        41    850.6804    959.8574     1314.462     158.5842  17.2031   0.1310     5.19    0.276  13.86   0      13.52     515.3611     49.66092
        42    428.7326    958.1734     3733.972     157.0175  16.0696   0.0457     3.79    0.194  -6.20   0      35.73     1530.533     54.34296
        43    755.7703    957.1877     2516.571     193.6307  16.4980   0.0836     3.92    0.249   6.18   0      20.25     776.0579     51.21492
        44    207.4912    955.5165     10173.22     213.1596  14.9814   0.0228     3.31    0.216  -7.97   2      69.23     3181.838     60.75357
        45    749.7845    950.7665     24083.59     218.2083  14.0457   0.0098     3.53    0.144  12.98   3      151.5     8998.516     79.91218
        46    482.4144    956.1766     3693.602     169.6502  16.0814   0.0499     3.37    0.193   6.55   0      32.05     1352.258     53.71105
        47    282.7323    956.1185     6313.324     108.6163  15.4994   0.0187     0.00    0.306 -24.48   0      100.9     5404.041     68.47141
        48    912.5306    954.1608     10271.79     207.9661  14.9709   0.0220     3.44    0.207  -7.42   0      77.68     3670.457      62.6566
        49    518.1279    953.9425     11465.06     217.4848  14.8516   0.0206     3.35    0.231  -7.55   3      85.11     4146.894     64.26241
        50    517.3282    948.8901     10153.59     185.9763  14.9835   0.0199     3.50    0.170  -2.32   3      76.74     3475.411     61.73884
        51   1015.2227    954.6702     2233.353     173.2932  16.6276   0.0843     3.57    0.268   9.39   0      21.57     860.3336     51.46378
        52    768.4926    954.5436     1157.358     90.43494  17.3413   0.0849     0.98    0.008  76.74   0      26.11     1133.896     52.41526
        53    555.0012    953.0315      2558.85     180.9124  16.4799   0.0768     3.66    0.058 -15.13   0      23.52     965.7203     52.17214
        54    140.9997    954.0026     10541.98     107.1805  14.9427   0.0110     0.00    0.003  35.32   2        148     10638.75     84.22147
        55    126.6753    952.1370     1344.685     102.4479  17.1784   0.0827     3.17    0.267 -16.17   0      15.97     645.8264      50.5076
        56    487.2312    950.1590     2454.994     100.2183  16.5249   0.0443     1.71    0.169 -30.03   0      44.91     2225.982     57.40016
        57    982.8450    947.5998     16229.68     218.0648  14.4742   0.0146     4.03    0.056  82.44   0      106.4     4747.667     66.64082
        58    620.2176    949.0491     3937.991     143.5345  16.0118   0.0396     3.22    0.230  -8.48   0       39.3     1741.151     55.44728
        59    223.6958    947.4913     1851.719     127.0689  16.8311   0.0745     6.67    0.340  -0.37   0      17.53      646.639     50.38485
        60    835.5485    940.1642     11203.17     206.6802  14.8766   0.0200     3.45    0.118 -30.66   3      85.64     4165.072     64.42574
        61    841.3345    931.5897     40742.59     234.2398  13.4749   0.0062     3.50    0.142  -4.70   3      216.7     15258.02     95.87974
        62    742.6785    953.3044     57226.23      256.648  13.1060   0.0049     3.43    0.134  -2.06   3      265.7     21080.62     108.6925
        63    160.1697    940.4797     4027.932     188.7565  15.9873   0.0509     3.57    0.193 -10.90   0      37.09     1550.723     54.42733
        64     65.6046    936.9711      2039.03     171.1856  16.7264   0.0912     3.49    0.336   3.20   0      19.15     819.5786     51.53159
        65    421.2706    931.2217     4814.663     159.5762  15.7936   0.0360     3.82    0.207  21.54   0      42.67     1796.136     55.44263
        66    124.5617    930.4713     1388.416      104.088  17.1437   0.0814     3.57    0.077   6.91   0      18.19     775.3739     51.08721
        67     57.2615    928.9138     3922.317     174.5835  16.0161   0.0483     3.68    0.234   5.94   0      35.54     1491.418     53.94321
        68    121.0027    925.9974     5181.591      95.1374  15.7138   0.0199     0.00    0.003  67.20   2      101.2     5276.942      68.2354
        69    302.6807    924.3709     1286.468     105.3889  17.2265   0.0890     3.34    0.131 -38.33   0         17     708.4512     50.78862
        70    908.1505    922.0739     2919.927     187.4176  16.3366   0.0697     4.06    0.136  -5.28   0      27.59      1112.34     52.44345
        71    667.1564    922.7748     1868.923     176.4661  16.8210   0.1025     3.55    0.248  -9.69   0      16.36     651.6538     50.78558
        72    839.3517    916.0762     1736.326      200.815  16.9009   0.1256     5.29    0.303  14.25   0      13.43     446.9368     49.47585
        73    559.5057    913.2676     1383.874      148.297  17.1473   0.1164     3.36    0.272  -0.86   0       14.1     558.7845     49.85926
        74    293.2251    910.8657     18020.58       192.89  14.3606   0.0116     3.30    0.143  -4.91   0      127.1     7252.908     74.52675
        75    706.6564    911.2140     3519.914     160.7252  16.1337   0.0496     3.66    0.200  -6.25   0      34.63     1458.067     54.15692
        76    819.0925    909.2132     2733.599      173.948  16.4082   0.0691     4.33    0.294   0.52   0      23.24     852.0774     51.17871
        77    583.2179    906.3025     87735.71     278.9678  12.6421   0.0035     0.00    0.136  56.07   0      347.5     22698.44     111.9673
        78    674.1708    907.6746     3473.866     171.2279  16.1480   0.0535     4.34    0.262  -2.28   0       33.8     1466.165     54.07309
        79    626.5146    907.0901     3638.519     178.7307  16.0977   0.0533     3.57    0.178  -5.77   0       34.9     1466.563      53.9567
        80    648.5269    906.3682     2254.529     167.7112  16.6174   0.0808     3.68    0.036  -4.59   0      21.58     831.4359     51.33601
        81    138.4575    905.3021      3508.43     225.1615  16.1372   0.0697     3.72    0.161   7.27   0      25.16     973.2208     51.71388
        82    896.2576    904.6976     1878.313     163.3421  16.8156   0.0944     3.63    0.248   5.04   0      17.85      697.367       50.487
        83    972.1830    901.8727     4477.197     130.4648  15.8725   0.0316     0.00    0.285   5.77   0      54.46     2843.428     59.68821
        84    753.6303    902.5047      2681.57      201.882  16.4290   0.0818     5.30    0.441  10.81   0      21.22     789.9359     50.65083
        85    122.0799    900.4961     2722.664     211.9435  16.4125   0.0845     4.16    0.198  -2.30   0      17.91     672.2742     50.37392
        86     22.2326    898.6449     3027.705      175.244  16.2972   0.0629     3.35    0.189  -8.33   0      29.46     1225.137     53.17043
        87    772.1743    898.0428     1506.349     175.0904  17.0552   0.1262     5.02    0.218  -3.79   0      14.15     513.2401     50.16233
        88    352.5541    896.9270     4851.201     119.6721  15.7854   0.0268     2.51    0.461 -63.75   0      61.98     4353.335     65.08647
        89    885.0396    894.5477     1701.387     151.9634  16.9230   0.0970     4.06    0.199   3.52   0      19.38     874.6647     51.65065
        90    323.5972    892.7724     11677.48     180.0284  14.8316   0.0167     3.40    0.175 -11.88   0      92.23     4721.174     66.55041
        91    309.4378    884.6932     2358.684     132.8621  16.5683   0.0612     3.51    0.289  -6.13   0      24.84     986.8115     51.52664
        92    225.0972    884.4000     2416.675     215.3491  16.5420   0.0968     4.85    0.204 -11.04   0      18.89     706.4618     50.77972
        93    279.9419    880.2063     5025.983     158.8766  15.7469   0.0343     3.72    0.201  -4.14   0      45.51     1997.143     56.37381
        94    174.1315    878.8278     9378.768     190.1266  15.0696   0.0220     3.52    0.114  -1.04   0      75.13     3572.281     62.29948
        95    161.9951    880.7549     4016.811     95.70465  15.9903   0.0259     0.85    0.155  88.06   0      72.35     3878.778     63.50823
        96    461.9548    879.0681     1614.599     180.6071  16.9798   0.1215     5.39    0.476 -23.13   0      13.13     471.4927     49.71695
        97     73.0915    876.3569     5650.805     153.6641  15.6197   0.0295     3.45    0.163  -7.00   0      52.64       2341.4     57.41276
        98     21.4955    873.7709     29815.32     245.8117  13.8139   0.0090     4.33    0.260  -7.90   3      167.1     9726.667     81.41042
        99     26.9900    871.5345     11804.74     181.9499  14.8199   0.0167     3.52    0.214  11.52   3      91.96     4647.804     66.10672
       100     10.3128    877.0328     3394.614     236.7835  16.1730   0.0758     7.03    0.606  -0.63  17       17.7     557.4815     49.98107
       101    249.6123    872.4235     32271.08     220.1518  13.7280   0.0074     3.36    0.121 -15.16   0      187.3     12460.14     89.07253
       102    111.9454    875.2291      5515.46     256.8234  15.6460   0.0506     3.90    0.240   6.33   0      33.66     1390.769     53.75526
       103    567.3571    867.4583     11145.81     211.9494  14.8822   0.0207     3.63    0.148 -12.41   0      79.14     3603.178     62.41209
       104     92.8317    866.1243     4436.358     241.7706  15.8824   0.0592     7.42    0.159 -44.84   0      29.59     1085.306      52.4479
       105    859.2339    860.1592     14623.92     196.2964  14.5873   0.0146     3.38    0.107   1.63   0      106.8     5681.824     69.66248
       106    409.1163    861.0881     6453.876     175.1387  15.4754   0.0295     3.48    0.191  -6.64   0      55.85     2540.908     58.30664
       107    510.1065    861.0377     4369.799     250.7722  15.8988   0.0623     4.56    0.322 -20.30   0      26.54     989.0353     51.53645
       108    900.9567    858.4622     5205.296     196.7612  15.7089   0.0411     7.26    0.519 -23.78   0      39.38     1542.489     54.39294
       109    623.6545    857.8321     27580.38     224.6769  13.8985   0.0088     3.48    0.116  -4.80   2      158.6     9484.907     81.04802
       110    112.6119    857.4185     3375.864     215.6209  16.1790   0.0694     4.09    0.207 -21.76   0      25.07     947.6621     51.84801
       111     81.6957    857.6746     2579.218     205.6795  16.4713   0.0866     7.09    0.445 -30.44   0      21.07     643.6572     50.11756
       112    841.3994    853.4290     2855.048     146.2372  16.3610   0.0556     3.64    0.253 -12.14   0      27.57      1128.27      52.8755
       113    777.5533    850.8998     5475.944     174.7796  15.6539   0.0347     3.54    0.153   3.16   0      50.08     2133.825     56.24599
       114    388.4767    850.7651     1395.829     121.0945  17.1379   0.0942     4.02    0.291  -0.37   0      16.01     634.8036     50.45798
       115     56.4555    849.2855      5576.09     177.6231  15.6342   0.0346     4.33    0.327  -0.91   0      46.92     1960.937     55.88638
       116    319.6880    850.1638     1271.897     120.8617  17.2389   0.1032     3.44    0.263 -11.36   0      14.69     580.0204     49.95596
       117    667.7634    849.0052     1186.739     112.4977  17.3141   0.1029     4.10    0.216   0.73   0       14.6     616.8156     50.62943
       118    622.3610    846.9538     4056.031     203.4234  15.9797   0.0545     3.52    0.187   7.53   0      35.11     1485.661     54.03709
       119    515.3547    841.8742     2701.269     200.3187  16.4211   0.0805     4.18    0.308  -9.78   0      22.67     861.5042     51.46895
       120    599.9957    836.2232      2655.63     158.4957  16.4396   0.0648     4.36    0.040  66.67   2      22.68     980.7111     51.99268
       121    176.6022    837.9979     14815.26     209.0953  14.5732   0.0153     3.60    0.213 -11.47   0      105.1     5489.631     68.94017
       122    234.5943    833.1955     70313.26     269.1739  12.8824   0.0042     3.39    0.080  -0.60   0      302.5     26317.46     119.2474
       123    637.3328    834.6718     7861.686     189.1491  15.2612   0.0261     3.37    0.168  -1.57   0      65.27     2991.828     60.03856
       124    254.9563    831.8512     14433.77     188.6165  14.6016   0.0142     3.46    0.163  -1.19   0      106.6     5696.858     69.71152
       125    166.4464    830.1655     6888.913     205.7909  15.4046   0.0324     3.55    0.054   7.60   0      56.34     2445.359     58.15274
       126     96.6657    831.5065     2591.545     219.2008  16.4661   0.0919     3.78    0.243   3.06   0      20.07      779.815     50.98203
       127     36.7031    830.1721     3421.063     135.8459  16.1646   0.0431     3.55    0.193 -15.07   0       34.8     1430.159     53.44639
       128    912.3256    827.0099      1647.27      135.224  16.9581   0.0891     3.47    0.339  -3.43   0       19.1     799.1346     51.31722
       129    879.7126    824.0521     2911.747     174.1806  16.3396   0.0650     4.41    0.075 -83.80   2      24.92      971.749     51.70741
       130    716.7281    826.1396     3183.052     179.0432  16.2429   0.0611     3.98    0.203 -15.07   0      27.23     1078.892     52.42009
       131    870.2743    824.9856     2766.123      179.404  16.3953   0.0704     3.58    0.181  -6.56   0      26.35     1071.705     52.51051
       132    401.1535    825.7595     1895.808     186.1716  16.8055   0.1066     3.27    0.260 -10.92   0      16.26     673.0222     50.50372
       133    970.6504    833.0509     6619.977     273.4052  15.4479   0.0449     7.16    0.392  25.87   0      41.32     1263.335     53.45289
       134    646.9755    813.7308     7368.477     198.4424  15.3316   0.0292     3.48    0.166  -3.21   0      60.91     2807.881      59.5527
       135    975.4927    809.2682     2623.307     206.5017  16.4529   0.0855     7.62    0.511 -29.17   0      22.44     824.0906     51.05428
       136    253.8648    805.8038     6864.337     170.1383  15.4085   0.0269     3.64    0.217 -11.69   0       57.8     2583.984     58.69202
       137     92.6897    807.7744     4691.269     116.6662  15.8218   0.0270     0.00    0.463  36.18   0      83.71     3976.867       63.558
       138    486.4591    806.5383     1912.516     164.3626  16.7960   0.0933     3.13    0.211 -40.51   0      20.61     842.7117     51.50985
       139    749.3305    805.3641     2107.345     214.2797  16.6907   0.1104     5.48    0.412 -44.87   0      15.34     552.8895     50.08766
       140    650.7589    805.4698     3687.637     265.0076  16.0831   0.0780     7.59    0.517 -20.76   0      19.03     681.2521     50.66676
       141    103.3096    802.4901     4525.084     134.1617  15.8609   0.0322     6.94    0.587  35.70   0      66.07     3304.912     61.21225
       142    890.8931    801.4103     2103.492     154.6394  16.6926   0.0798     3.73    0.264  20.86   0       20.8     816.2751     51.26884
       143    845.9816    800.0774     9099.109     181.1974  15.1025   0.0216     3.31    0.122 -11.98   0      73.27     3534.573     62.26427
       144    735.1219    800.4433     3061.166     205.4368  16.2853   0.0729     3.86    0.139 -11.11   0      25.41     994.7014     51.93114
       145    715.8659    799.4222     1549.715      114.628  17.0244   0.0803     4.59    0.257  -9.89   0      17.76     709.8823     50.92041
       146    970.4807    801.3823     1662.033     156.0461  16.9484   0.1020     5.38    0.548  62.98   0      18.51      842.835     51.38645
       147    358.7697    795.5430     2809.738     166.5585  16.3783   0.0644     4.59    0.141  49.80   0      27.15     1100.009     52.51156
       148    885.0186    793.0057     1269.486     85.28127  17.2409   0.0730     4.15    0.021  44.89   2      45.53     1383.102     53.72284
       149      5.1583    795.0443     4094.417     140.4162  15.9695   0.0372     3.77    0.207 -13.95  16      40.89     1743.912     55.11256
       150    973.0586    794.1884     5668.607     260.0425  15.6163   0.0498     7.85    0.337  -7.91   0      32.73     1174.062     52.95167
       151    442.8812    794.5632      2166.48     155.7589  16.6606   0.0781     3.66    0.175  -1.36   0      22.48     905.6006      51.6633
       152    574.7819    791.1732     3561.482     145.1507  16.1209   0.0443     6.08    0.140  37.57   0      35.24       1508.3     54.48449
       153    478.7307    791.9241     2746.229     151.4269  16.4032   0.0599     4.46    0.290 -38.57   0      25.77     994.2252     51.80611
       154    333.0420    790.6836     2620.673     222.8373  16.4540   0.0923     5.72    0.365 -88.56   0      15.71     512.0081     49.64558
       155    649.6650    787.1521      4959.21     172.2652  15.7615   0.0377     7.73    0.209  21.12   0      44.75     1952.155     56.07855
       156    131.7095    788.8651     1437.784     160.7567  17.1058   0.1214     3.64    0.288  13.15   0      14.73     572.7566      49.9229
       157    841.9622    787.2793     2666.686     168.2688  16.4351   0.0685     3.72    0.168 -12.54   0       26.2     1116.731     52.58389
       158     43.6586    786.3454     2691.374     126.0574  16.4251   0.0509     1.51    0.277 -44.05   0      46.63      2268.31     57.56751
       159    562.7803    785.5396     2597.353     151.2033  16.4637   0.0632     4.46    0.292   0.75   0       26.4     1044.417      52.2704
       160    238.6604    779.3372     6049.917     182.6461  15.5456   0.0328     3.50    0.221 -12.02   0      52.79     2339.059     57.62524
       161   1009.2606    775.5513     12110.29     210.7236  14.7921   0.0189     3.45    0.218   3.25   3      90.13     4455.031     65.44062
       162   1004.4742    770.5226     9955.254     213.6745  15.0049   0.0233     3.79    0.152  11.58   3      76.12     3478.332     61.64623
       163    985.3696    777.0621     3300.935     143.6365  16.2034   0.0473     3.78    0.229  -6.77   0      30.59     1260.815     53.20299
       164    801.3169    775.2227     4304.315     173.2493  15.9152   0.0437     3.35    0.153  -6.14   0      39.76      1729.67     55.05379
       165    531.9072    774.4912     4763.406       189.64  15.8052   0.0432     3.56    0.170  -7.82   0      41.89     1812.403     55.39428
       166    544.9990    773.9422     7931.462     101.4942  15.2516   0.0139     4.26    0.046 -87.54   0      121.3     7927.891     76.55747
       167   1013.0196    765.5525     3487.106     142.8188  16.1438   0.0445     0.00    0.303  86.87   0      54.83      2305.56     57.71439
       168    406.7285    765.4104     5209.122     175.3438  15.7081   0.0366     3.34    0.181   0.78   0      46.13     2025.608     56.37545
       169    194.9484    766.9106     9655.442     106.7874  15.0381   0.0120     0.00    0.164  60.28   0      134.9     8953.852     79.38441
       170     21.0418    763.6254     1826.911     161.3059  16.8457   0.0959     3.90    0.278   9.91   0      16.86     650.9314     50.78234
       171    466.6359    759.7971     3140.507     153.0627  16.2575   0.0529     3.29    0.167   9.18   0      31.36      1352.95     53.83257
       172    313.9018    758.6975      14265.8     313.0407  14.6143   0.0238     4.74    0.344  10.84   2      74.19     3187.777     60.35462
       173    677.1002    757.3748     11169.06     159.6348  14.8800   0.0155     0.00    0.104 -35.25   0      101.1      6491.55     71.81329
       174    732.0172    756.1506     5973.719     173.5985  15.5594   0.0316     3.52    0.184  -4.02   0      51.84     2344.024     57.86565
       175    102.8477    757.8296      1389.45     143.9414  17.1429   0.1125     2.94    0.042 -28.52   0      15.94     647.1941     50.76561
       176    607.9916    756.5715     2379.982     163.0639  16.5586   0.0744     3.24    0.183  -2.10   0      21.28     891.8848     51.72636
       177    529.9915    756.3470      3352.47     99.06542  16.1866   0.0321     0.97    0.176  89.07   0      61.64     3073.637     60.55842
       178    664.3841    752.3349     32488.74     281.3812  13.7207   0.0094     3.37    0.140 -15.37   2      161.9     9729.624     81.73137
       179    160.8498    752.8541     1824.038     181.7498  16.8474   0.1082     6.07    0.537 -49.91   0      15.14      509.192     50.01665
       180    871.1810    752.9629     1754.439     178.1178  16.8897   0.1103     4.57    0.211   0.34   0      15.13     610.7531     50.72808
       181    938.1587    749.7464     7006.163     191.4782  15.3863   0.0297     3.47    0.152  21.89   0      57.73     2593.992     58.73075
       182    533.4738    745.0516     150473.5     339.0416  12.0563   0.0024     3.42    0.092 -15.60   0      462.9     56121.93     166.5973
       183    341.4959    749.9825     4762.016     172.0049  15.8055   0.0392     3.47    0.165  -0.94   0      43.03     1864.084     55.37607
       184     63.0949    749.2661     2017.755     167.3901  16.7378   0.0901     3.26    0.280 -18.96   0      18.06     718.5113      50.5821
       185    708.1561    743.7080      3330.13     211.8427  16.1938   0.0691     3.56    0.216  -9.64   0      26.24     1065.312     51.99453
       186    800.5225    742.8699      2856.48     172.2675  16.3604   0.0655     3.87    0.200  -6.77   0      26.07     1035.095      51.9851
       187    214.0899    743.7247     1219.615     134.5033  17.2844   0.1198     4.83    0.445   4.72   0      13.72     512.1072     49.64603
       188    827.4708    742.2252     2697.481     211.9165  16.4226   0.0853     4.00    0.257  -0.15   0      19.42     770.1998     51.06419
       189    498.4830    741.4920     1572.682     171.4975  17.0084   0.1184     2.70    0.055  -2.11   0      14.78      618.961     50.25985
       190    320.0081    741.6417     1772.059     164.1682  16.8788   0.1006     4.38    0.317 -17.93   0      17.72     711.1313     51.17582
       191     81.5026    740.5374      2423.34     168.8865  16.5390   0.0757     4.29    0.292  -2.12   0      23.56     931.3116     51.52937
       192    690.7944    736.4658     9209.669     243.6131  15.0894   0.0287     4.58    0.253 -17.55   2      62.43     2789.476     59.37511
       193    698.9520    734.9147     3365.439     232.6801  16.1824   0.0751     4.70    0.337  -0.45   3      23.82     953.3436     51.62645
       194    755.6928    738.1078     2390.993     126.7785  16.5536   0.0576     0.00    0.448  10.31   0      34.95     1553.104        54.32
       195    887.5794    735.6368     1708.287     166.9694  16.9186   0.1061     3.56    0.131  34.89   0       16.1     621.4463     50.77596
       196    171.5230    733.9813     1933.824     168.2264  16.7840   0.0945     3.69    0.093  87.17   0       20.4     806.1353     51.34822
       197     56.1747    730.7399     35948.93     229.5416  13.6108   0.0069     3.49    0.130 -10.38   0      199.4     13511.09     91.71488
       198    376.5370    732.1351     3304.603     198.6084  16.2022   0.0653     3.60    0.181  -8.45   0       29.4     1182.989     52.74873
       199    528.9908    729.2892     24667.06     249.4561  14.0197   0.0110     3.29    0.107 -21.95   2        138      7243.33     74.41189
       200    317.2734    729.7841     1205.288      118.066  17.2973   0.1064     4.36    0.371 -18.41   0      13.15     496.5479     49.95916
       201    100.9351    727.9338     1933.148     181.0076  16.7843   0.1017     3.82    0.108 -23.79   0      21.75     890.9272     51.47498
       202    899.1198    726.9266     2266.444     196.6076  16.6116   0.0942     3.58    0.353  -8.10   0      15.69     604.7634      50.0684
       203    411.0376    726.7603     1810.807     168.0602  16.8553   0.1008     3.38    0.295 -26.67   0      19.07     775.8384     51.08928
       204    565.4805    723.7842     2679.108     192.1692  16.4300   0.0779     4.37    0.159  -1.04   0      23.57     880.4707     51.55264
       205     42.7663    724.6035     2985.443     113.2944  16.3125   0.0412     0.00    0.479  55.73   0      60.81     2564.376     58.72473
       206     23.2977    723.0179     6866.375     187.9494  15.4082   0.0297     3.95    0.280  -3.10   0      57.91      2511.72     57.97318
       207    233.8132    719.3141     30114.62     218.6446  13.8031   0.0079     3.50    0.149 -12.03   0      178.6     11544.93     86.55866
       208    419.7143    720.5870     2104.142     169.4001  16.6923   0.0874     3.51    0.187 -25.03   0      19.64     769.6268      50.9366
       209    288.1619    713.4800     80055.24     279.5678  12.7415   0.0038     3.48    0.116 -19.74   0        326     29725.95     125.5757
       210    713.8819    705.7938     2681.964     97.51504  16.4289   0.0395     4.85    0.289  60.30   0      62.08     2345.358     57.76059
       211    722.9376    704.0326      2338.87     140.9798  16.5775   0.0655     6.84    0.523 -39.61   0       26.7     1149.945     52.72725
       212    556.5574    711.9342     2995.371     173.3726  16.3089   0.0629     4.04    0.231  -9.41   0      29.34     1183.949     52.87362
       213    168.1176    702.9162     3434.262     158.6063  16.1604   0.0502     3.34    0.096 -28.37   0      32.93     1430.281     53.80367
       214    114.1112    703.0496     2951.809     179.6391  16.3248   0.0661     3.69    0.192 -27.09   0      27.89     1155.051     52.50691
       215    676.3517    702.9031     1530.757     141.9354  17.0377   0.1007     5.20    0.288 -12.51   0       15.2     581.1097     49.83311
       216    466.1306    698.6539     1865.877     147.9603  16.8228   0.0861     3.81    0.228   8.83   0      19.49     785.7955     51.00869
       217    352.6673    696.1959     3650.829     157.9099  16.0940   0.0470     3.73    0.205 -19.18   0      34.68     1455.828     54.02962
       218    535.6824    692.2297     19532.71     207.3535  14.2731   0.0115     3.45    0.145   1.30   0        130     7169.551      74.1862
       219    849.7650    691.9907     3007.767     109.0377  16.3044   0.0394     4.89    0.231   0.95   0      56.71     2279.357     57.61111
       220    159.6894    688.8893     6511.769     197.4588  15.4658   0.0329     3.58    0.220   1.87   0      56.12      2528.88     58.25974
       221    376.4269    688.3607      1789.59     136.6348  16.8681   0.0829     3.34    0.109 -34.72   0       17.8     698.5904     50.99519
       222    226.8488    688.2969     2802.183     182.9689  16.3813   0.0709     4.27    0.285   0.62   0      24.52     949.0388     51.48378
       223    411.4509    684.1384     19280.53     210.1339  14.2872   0.0118     3.44    0.111  -4.30   3      130.4     7309.883      74.7003
       224    402.2847    683.8411     8658.327     252.1123  15.1564   0.0316     6.74    0.221   1.76   3      56.77     2424.081     57.73913
       225    265.5408    685.7899     1549.769     116.0106  17.0243   0.0813     3.49    0.422  -2.01   2      17.07       701.97     50.88508
       226    933.0922    684.4177     3732.293     146.5101  16.0701   0.0426     4.00    0.255  -2.90   0      35.33     1425.338     53.54511
       227    600.5325    684.2959     1771.576     141.1959  16.8791   0.0866     0.00    0.465 -30.88   0      28.39      1063.29     52.10822
       228    562.1530    682.5932     2060.697     182.0455  16.7150   0.0959     3.12    0.258  -9.87   0      18.34     795.4539     51.42508
       229    803.3528    680.7228     2107.012     140.6055  16.6908   0.0725     7.44    0.612  13.66   0      17.59     550.1382     49.94767
       230    370.9628    675.5334      8143.05     207.9395  15.2230   0.0277     9.24    0.285 -34.14   0      63.27     2828.433     59.52404
       231   1023.0945    673.7902     12730.06     157.8525  14.7379   0.0135     3.36    0.454  88.49  24      108.8      6479.46     72.12953
       232    829.9995    673.9956     3126.766     90.09502  16.2623   0.0313     4.18    0.011  44.16   2      75.27      3177.66     60.84284
       233    833.2917    669.8925     2735.244     152.4597  16.4075   0.0605     6.44    0.248 -24.72   2      26.67     1062.865      52.2286
       234    855.3065    670.9025     4624.709     271.7415  15.8373   0.0638     8.28    0.372  29.55   0       28.2     770.2408     50.68834
       235    722.7615    671.6356     5640.582     201.2637  15.6217   0.0387     8.49    0.361  11.11   2      43.72     1923.984     55.96426
       236    480.1969    672.3297     2216.122     194.9204  16.6360   0.0955     3.81    0.230 -16.85   0      19.14     774.4354     51.20772
       237    223.8417    672.6360     1880.124     172.8293  16.8145   0.0998     4.02    0.250 -10.11   0      18.93     763.5591     51.15942
       238    502.4923    670.9479     4785.681     175.7038  15.8001   0.0399     3.56    0.216 -15.73   0      42.31     1828.992      55.3472
       239    861.2641    666.8300     3440.768     212.7122  16.1584   0.0671     3.70    0.231  -5.97   1      25.95     1057.395     52.32681
       240    209.5127    667.4792     1489.645      149.529  17.0673   0.1090     2.97    0.025  -9.19   0      15.59     627.0281     50.16936
       241    422.5632    665.1416     2536.334     191.1682  16.4895   0.0819     4.41    0.291  -3.98   0      21.68     859.1768     51.45868
       242    793.1725    664.0742      2756.55     96.04288  16.3991   0.0378     4.73    0.266  20.38   0      64.23     2441.684     58.02859
       243    472.6586    659.5527     1073.145     98.66333  17.4234   0.0998     2.78    0.420 -62.28   0      26.49     957.3132     51.89029
       244    712.4702    658.7253     2832.802      184.741  16.3695   0.0708     3.56    0.178   2.12   0      25.74     1009.013     51.99374
       245     27.1512    654.8560     4997.767     110.2546  15.7531   0.0240     5.23    0.369 -42.48   0      93.24      4687.42     66.33898
       246    343.3791    653.9330      1985.61     190.5123  16.7553   0.1042     3.17    0.266 -14.50   0      15.56     641.6023     50.61474
       247    265.7411    653.1708     3435.304     100.8487  16.1601   0.0319     0.00    0.310 -31.68   0      66.86     2761.982     59.26978
       248    349.1360    649.0248     1403.167     85.63679  17.1322   0.0663     0.00    0.133  -5.45   0      35.64     1131.277     52.76771
       249    856.2825    642.5159     25842.96     226.4602  13.9691   0.0095     3.43    0.134  -7.90   2      150.2     8708.224     78.75906
       250    252.4971    644.5058     1777.172     166.1061  16.8757   0.1015     3.57    0.053  -1.20   0      15.96     602.2984     49.92965
       251    153.0085    642.6260     2961.039     209.1722  16.3214   0.0767     3.86    0.221 -28.43   0      22.46     903.4216     51.77703
       252    283.6065    641.6262     3625.132     190.7943  16.1017   0.0572     3.96    0.265 -14.72   0      33.98     1406.065     53.93825
       253    623.7039    641.9644     1950.829     114.0309  16.7745   0.0635     3.96    0.432  -6.34   0      22.04     891.0191     51.10238
       254    367.3817    639.3968     1593.791     159.9837  16.9939   0.1090     4.13    0.122  31.86   0      16.69     635.6582     50.46183
       255    565.0126    636.5256     2792.599     220.1345  16.3850   0.0856     3.70    0.167  -1.30   0      18.48     740.6265     51.05745
       256    706.4482    641.9614     1755.722     167.0339  16.8889   0.1033     3.27    0.255  -3.55   0      17.29     695.7194     50.60575
       257    585.1770    630.4562     2614.444     161.4271  16.4566   0.0671     4.34    0.320 -16.15   0       23.2     878.9795     51.54606
       258    312.6360    630.6653     2679.212      212.648  16.4300   0.0862     3.73    0.290 -13.09   0      20.69     812.7377     51.25316
       259    738.4516    628.9068     1911.286      165.328  16.7967   0.0939     4.19    0.476   5.30   0      17.19     623.8533     50.02767
       260    203.9071    628.8992     4037.004     95.75259  15.9849   0.0258     4.65    0.207  45.13   0      81.84     3644.913     62.25735
       261    401.5238    627.9877     1350.395     165.5211  17.1738   0.1331     3.07    0.366 -26.84   0      13.09     533.1137     50.12523
       262    951.0798    625.9332       1915.5     97.36344  16.7943   0.0552     0.00    0.186 -45.09   0      45.93     1541.135     54.15227
       263    828.2411    623.2511     17989.58     202.5307  14.3624   0.0122     3.68    0.156  -5.71   0      124.2     6859.899     73.40538
       264    798.1913    622.1699     7951.298     225.3976  15.2489   0.0308     3.36    0.079 -42.61   2      57.36      1812.15     55.73754
       265    348.0247    623.1712     2625.667      94.0526  16.4519   0.0389     0.00    0.149 -87.54   0      53.34     2126.838     57.00626
       266    567.1358    622.0408     1197.603     86.94292  17.3042   0.0788     2.40    0.164   0.55   0      31.93     908.8824     51.67774
       267    625.0234    618.1383     15145.69     219.8521  14.5493   0.0158     7.70    0.236  -3.24   0      104.9     5443.148     68.87941
       268    146.5394    619.1276     8071.019     141.1737  15.2327   0.0190     6.80    0.232   2.84   0      90.47     5421.021     68.71362
       269    638.1861    619.3995     1458.829     159.7918  17.0900   0.1190     1.91    0.273  86.03   0      14.16     579.7371     50.20934
       270    810.5596    617.6614      1989.77     189.6786  16.7530   0.1035     5.86    0.418 -30.56   0      16.78     636.5946     50.46605
       271    600.9399    616.8851     5168.502     150.8501  15.7166   0.0317     3.51    0.196  -6.91   0      49.37     2210.188     56.89098
       272    651.8320    614.4095      7878.78     154.8796  15.2589   0.0213     7.65    0.390 -17.28   2      76.65     4126.097     64.48618
       273    650.0007    610.0026     11551.52     109.3003  14.8434   0.0103     0.00    0.001 -66.61   3      153.5     11457.18     86.40178
       274    309.7353    610.1812     30068.56     222.9296  13.8047   0.0081     3.53    0.113  -5.97   0      177.3     11244.16     85.83964
       275    846.5377    609.4703      10244.8     201.7097  14.9737   0.0214     3.46    0.217  -9.15   0      80.17     3829.569     63.23111
       276    962.8574    610.8604     1631.045     172.5015  16.9688   0.1149     3.68    0.369   9.05   0      15.15     634.4387     50.70848
       277     23.1346    609.8387     2896.959     208.3388  16.3451   0.0781     3.59    0.170   8.75   0      23.46     970.2513     51.94693
       278    999.1370    609.4191     1607.788     173.3927  16.9844   0.1171     5.29    0.331  74.68   0      13.16      448.714     49.61271
       279    714.8647    608.7120     4167.734     179.4024  15.9502   0.0467     5.99    0.386 -35.04   0      32.73     1183.306     52.62907
       280    210.3374    608.9533     1466.646     134.9201  17.0842   0.0999     3.10    0.270 -13.64   0      15.99     666.9727     50.60266
       281    570.3336    607.0684     4197.109     161.6799  15.9426   0.0418     3.41    0.175  -5.99   0      39.13     1639.664     54.68097
       282    274.9383    606.3236     7672.625     181.1678  15.2876   0.0256     3.56    0.186  -1.41   0      63.93     2939.786      59.9477
       283    127.8911    606.0539     7920.625     184.9592  15.2531   0.0254     3.40    0.135 -16.28   0      65.86     3035.142     60.09628
       284     75.3491    599.1519     1776.299     153.1201  16.8762   0.0936     5.68    0.507 -13.13   0      23.93     977.1242     52.09954
       285    628.6647    595.8895     2307.404     127.8813  16.5922   0.0602     3.11    0.070 -44.75   0      23.64     968.3746     51.69258
       286    440.0483    596.5730      2057.38      200.384  16.7167   0.1058     3.88    0.130 -20.96   0      16.61      625.674     50.66918
       287    354.0703    594.6960     18536.42     207.7988  14.3299   0.0122     3.44    0.143  -8.22   0      127.5     7000.546     73.49329
       288    314.4444    593.5670     20970.46     211.2003  14.1960   0.0109     3.55    0.169 -13.96   0      138.2     7775.214     76.18663
       289    609.5070    591.9908     2237.208      188.289  16.6257   0.0914     4.06    0.121   0.08   0      19.05      711.855     50.80385
       290    827.8681    591.6082     2314.239     150.7771  16.5890   0.0708     3.42    0.209 -13.78   0      22.95     934.3546     51.78964
       291    190.8198    591.1204     1532.254     156.8766  17.0367   0.1112     5.24    0.364  -9.30   0      16.07     622.9143     50.53076
       292    756.7305    588.6967     4161.481     197.9825  15.9519   0.0517     3.51    0.189 -19.43   0      37.27      1559.16     54.11014
       293    596.0107    587.3901     3868.863      173.598  16.0310   0.0487     3.95    0.217  -7.47   0      35.51     1504.216     54.23278
       294    324.8539    588.3827     2416.017     190.1887  16.5422   0.0855     3.65    0.211   9.79   0      21.64     903.3584     51.77675
       295    161.6026    579.1906     48912.39     252.9867  13.2765   0.0056     3.49    0.045 -32.25   0      240.7     17741.24     101.5956
       296    479.6756    583.4056      1456.89     115.8285  17.0914   0.0863     3.62    0.144 -34.54   0      17.79     703.6091     50.64117
       297    301.8434    575.3706      2662.97     214.8682  16.4366   0.0876     6.51    0.287 -25.64   2      20.55      793.071     51.41454
       298    401.6370    573.8791     4865.117      193.917  15.7823   0.0433     3.68    0.174  -0.15   0       41.5     1760.842     55.29777
       299     59.6296    571.5667     14200.62     125.3056  14.6192   0.0096     1.28    0.152  35.78   0      143.3     13066.47     90.67675
       300    455.4662    569.8964     2330.368     194.2345  16.5814   0.0905     3.54    0.115 -48.89   0      21.44     844.4678     51.14491
       301    994.2325    566.8564      2015.66     118.2754  16.7390   0.0637     4.02    0.242 -13.10   0      21.79     872.3898     51.39307
       302     71.2164    569.3344     22073.15     216.1042  14.1403   0.0106    10.27    0.220 -35.13   0      138.1     7557.515     75.44994
       303    112.6266    563.2706     1809.221     125.7312  16.8563   0.0755     3.60    0.173  -8.67   0       18.6      733.749      50.9017
       304     58.3801    562.2999     5430.228     206.5028  15.6630   0.0413     3.63    0.179   6.82   0       47.9     2009.921     55.74308
       305    933.0942    562.7352      1372.08     142.8019  17.1566   0.1130     4.59    0.264  -8.90   0      15.98     643.7343     50.24499
       306    357.9400    562.8585     1656.847     116.2202  16.9518   0.0762     4.59    0.347 -13.72   0      16.33      607.544      50.5878
       307    870.1038    560.5440     3375.884     177.5005  16.1790   0.0571     3.93    0.265  -7.79   0         29     1164.005     52.42415
       308    185.8626    561.9832     2496.752     88.49149  16.5066   0.0385     0.94    0.094  -3.48   0      57.53     2452.156     58.06959
       309    838.4302    559.0699     2274.915       111.86  16.6076   0.0534     0.00    0.347   6.72   0      41.91     1614.962     54.69492
       310    480.4945    558.4387     2403.364      212.353  16.5480   0.0960     5.35    0.303   1.72   0      19.35      680.717     50.15836
       311     58.9235    553.2620     4075.858     197.8842  15.9745   0.0527     3.66    0.260  -3.65   0      35.24      1495.97     54.19822
       312    462.7080    553.2361     1271.797     116.8373  17.2390   0.0998     5.09    0.396 -15.38   0      13.39     497.2257     49.31993
       313    791.4454    549.4491     2931.122     193.2936  16.3324   0.0716     3.99    0.293   0.78   0      23.75     929.6581     51.89206
       314     25.4484    548.5048     5046.544     186.5921  15.7425   0.0402     4.03    0.142  -8.07   0      44.24     1866.328     55.38528
       315    701.3929    547.7368     3192.604      186.042  16.2396   0.0633     3.86    0.176  -0.22   0      29.64     1222.197     53.15786
       316    679.5558    544.6225     23801.31     211.9806  14.0585   0.0097     3.48    0.181 -15.73   2      152.3     9089.136     80.08991
       317    844.5356    544.0975     1890.594     120.7059  16.8085   0.0693     3.89    0.199  -5.64   0       20.3     795.4354     50.92656
       318    151.0475    543.8886     7224.906     107.5833  15.3529   0.0162     0.00    0.250 -68.81   0      116.9     6910.979     73.30284
       319    258.0011    539.8087     1611.269     133.9788  16.9821   0.0903     2.94    0.285 -18.98   0      18.67     789.2306     51.14882
       320    536.2977    538.6699     1703.603      150.914  16.9216   0.0962     3.28    0.191 -19.67   0      18.47      745.635     50.57789
       321    316.6917    534.4836      22125.7     210.1764  14.1378   0.0103     6.13    0.188 -13.03   0      141.8     8003.887     76.69965
       322    851.6023    534.4456     4293.239     181.3283  15.9180   0.0459     3.43    0.132  -6.08   0      38.15     1629.221     54.87048
       323    744.9553    531.5897     1515.335     122.6257  17.0487   0.0879     6.41    0.340   1.95   0      15.82     628.0352     50.67977
       324    652.5271    525.6861     2586.228     187.8631  16.4683   0.0789     3.59    0.254  -8.94   0      24.01     967.5807     51.56557
       325     43.7673    526.1771     2160.328     155.7499  16.6637   0.0783     0.00    0.642  -7.41   0       19.3     793.2851     51.41549
       326    146.4329    524.2651     1891.177      90.5162  16.8082   0.0520     1.29    0.096 -23.77   0      42.66     1998.954     56.26789
       327    957.8320    523.9767     1121.672     129.5037  17.3753   0.1254     3.10    0.206  -0.58   0      13.29     562.7835      50.3863
       328    296.3347    522.5756     7337.831     185.9643  15.3361   0.0275     3.47    0.206 -14.23   0      62.15     2846.323     59.69923
       329    457.2545    520.9539     1939.122     176.5565  16.7810   0.0989     4.71    0.351  -1.38   0      16.84     628.7962     50.55721
       330   1014.9720    519.4507     1581.965     158.9671  17.0020   0.1091     4.40    0.188  -4.12   0      17.44     701.1502      51.0066
       331    871.8991    512.3357     1234.016     116.7638  17.2717   0.1028     5.05    0.530 -10.13   0       13.8     516.6863     49.53843
       332    132.9592    511.0187     1805.705     121.8614  16.8584   0.0733     4.39    0.383   1.12   0      19.86     838.1604     51.61347
       333    953.5211    508.8156     2501.426     184.3328  16.5045   0.0800     5.96    0.351  39.25   0      20.35     685.9191     50.56172
       334    795.5586    501.6971     115741.6     347.6259  12.3413   0.0033     4.07    0.175  82.03   0      391.6      33667.7     132.3251
       335    727.2094    509.1553     1729.978     101.7441  16.9049   0.0639     5.18    0.390  39.50   0      41.46     1307.983     53.64239
       336    229.1538    509.2759     2043.294     147.1531  16.7242   0.0782     3.47    0.134 -16.19   0      20.28     804.4027     51.09153
       337     40.2715    507.4203     10895.94      203.228  14.9068   0.0203     3.60    0.188  -6.82   0      83.27     3999.665     63.93938
       338    444.1448    506.3521     5351.541     231.1895  15.6788   0.0469     3.56    0.185  -0.50   0      39.57     1701.482     55.16897
       339    273.3855    507.4746     2001.248     181.9713  16.7467   0.0987     5.19    0.231 -21.97   0      17.69     662.3515     50.70782
       340   1001.2964    501.5013     2312.658     178.8287  16.5897   0.0840     3.79    0.262  -5.02   0      22.83     910.7396     51.31443
       341    650.1890    500.9722     1681.528     175.3176  16.9357   0.1132     3.05    0.202  -3.00   0      14.32     536.1068      50.1388
       342    128.1977    498.0010     6301.462     162.6629  15.5014   0.0280     3.46    0.178  -8.80   0      54.83     2474.891      58.1585
       343    630.8718    497.9543     3759.441     211.5505  16.0622   0.0611     5.24    0.314 -11.24   0      33.11     1389.078     53.74811
       344    387.5470    497.1470      8675.33     196.7181  15.1543   0.0246     3.41    0.179 -14.83   0      69.25       3269.6     61.39341
       345    578.6859    495.4739     2849.529     214.3228  16.3631   0.0817     4.71    0.295 -85.62   0      20.37     703.8123     50.38961
       346    484.9300    494.1624      7431.72     185.2202  15.3223   0.0271     3.71    0.185 -58.21   0      59.26     2639.124     58.79679
       347    707.2371    493.0116     4017.398     149.1057  15.9901   0.0403     2.03    0.236  -7.08   0      39.92     1868.832     56.08201
       348    214.0199    490.7908     13344.99     284.0367  14.6867   0.0231     5.24    0.280 -33.16   2      101.1     1333.799     53.51385
       349     91.6646    491.8130     1976.918     154.4533  16.7600   0.0848     6.64    0.462   1.50   0      19.07       687.89     50.69653
       350    901.6513    484.8371     8696.008     125.4998  15.1517   0.0157     0.00    0.337  27.76   0      114.7     7235.656     74.47412
       351    237.1388    475.5822     316460.2     445.7441  11.2492   0.0015     3.46    0.090 -15.81   0      688.7     114575.4     233.1034
       352    507.6560    482.0911     1103.731     100.3355  17.3928   0.0987     3.05    0.288 -15.94   0      13.78     572.7563      49.9229
       353    325.9663    481.0299     3417.073      90.8244  16.1659   0.0289     4.34    0.082 -62.26   0      73.69       3148.2     60.94234
       354    777.7188    475.9317     38883.22     252.1679  13.5256   0.0070     3.68    0.173 -43.65   0      206.2     13800.07       92.221
       355    482.3204    477.5441      3575.65      160.804  16.1166   0.0488     3.49    0.148 -21.61   0       35.2     1482.182     53.90428
       356    955.9852    477.8970     1215.896     85.13834  17.2878   0.0760     0.98    0.021  73.31   2      36.74     1219.496     52.90579
       357    683.4105    475.1037     3484.576     161.6644  16.1446   0.0504     7.46    0.235  -7.32   0      32.55     1280.334      53.2863
       358    309.8982    472.7113     3581.019     163.7587  16.1150   0.0497     4.11    0.144   0.15   0      32.28     1266.988     52.86872
       359    323.0452    472.2785     2997.177     150.7492  16.3082   0.0546     4.06    0.181   0.74   0      27.57     1092.649     52.35804
       360    121.0670    470.2474     2885.424     235.6186  16.3495   0.0887     4.07    0.287 -16.13   0      18.35      707.546     50.78457
       361    354.2698    468.7451     2562.546     175.5502  16.4783   0.0744     3.99    0.085 -56.14   0      24.42     955.1912     51.75794
       362    178.2013    464.2978     2363.436     172.5422  16.5661   0.0793     3.86    0.221 -33.79   0      23.44      964.873      51.9234
       363     70.3353    461.5320     6341.825     194.8235  15.4945   0.0334     3.59    0.172 -15.13   0      50.57     2167.865     56.83397
       364    483.5364    462.2306     1868.039     170.0233  16.8215   0.0988     3.42    0.061   5.60   0         17     634.7734     50.45784
       365    295.0137    462.8050     1582.839     164.8759  17.0014   0.1131     3.07    0.165  89.99   0      14.93     571.6143     50.17255
       366    247.9995    461.8458     20232.27     126.0648  14.2349   0.0068     4.45    0.110  89.76   0      191.6     20207.52     106.9705
       367    964.0101    460.0062     35337.48     150.8587  13.6294   0.0046     0.00    0.020  37.22   0      274.5     35137.72     135.0154
       368    704.5497    461.1068     1567.718     91.46041  17.0118   0.0634     1.42    0.201 -16.97   0       35.9     1541.201     54.03466
       369    521.5024    457.9966     10969.86      130.777  14.8995   0.0129     3.14    0.465   0.43   0      131.3     8856.276     79.26563
       370    945.3428    455.8409      2069.26     140.5444  16.7105   0.0738     3.36    0.188  -2.84   0      21.75     897.2908     51.62674
       371    865.7154    454.9933      4711.31     122.0472  15.8171   0.0281     3.22    0.513  -0.06   0      69.36     3576.035     62.41542
       372    454.0043    454.2576     1692.143     142.1936  16.9289   0.0913     3.95    0.311  -0.28   0      18.49     767.6184     51.17746
       373    742.9061    448.3760      2763.27     164.5688  16.3964   0.0647     3.83    0.225  -8.96   0      24.39     936.4167     51.42803
       374    138.6907    434.1817     5467.873     215.6078  15.6555   0.0428     3.70    0.214  -5.20   0      43.71     1816.455     55.18025
       375     92.2286    434.2174     4515.716     179.8427  15.8632   0.0433     3.70    0.180 -12.02   0       40.9     1744.343     55.46036
       376    856.5480    433.9778     5384.285     153.2694  15.6722   0.0309     7.99    0.349  18.41   0      49.26     1901.699     55.98771
       377    343.8177    433.8556     3229.296     161.3051  16.2272   0.0542     3.78    0.177 -10.61   0      30.72     1277.755     53.39487
       378     10.7052    434.5833     3657.243     245.6234  16.0921   0.0729     6.12    0.389  12.20   0       23.3     817.9413     50.90177
       379    260.4503    429.0604      65937.3      275.474  12.9522   0.0045     7.12    0.063  22.41   0      288.8     23888.59     114.5247
       380     27.9534    433.5280     2311.564     195.8474  16.5902   0.0920     4.11    0.189  -0.73   0      17.87     686.2506     50.68917
       381    417.0006    430.1931     2359.572     88.13847  16.5679   0.0406     1.07    0.107 -88.17   0      56.06     2509.132     58.29216
       382    987.0122    427.9919     1837.356      167.145  16.8395   0.0988     4.31    0.409 -14.00   0      16.82     696.0844     50.73325
       383    218.8947    424.6465     3045.489     137.5539  16.2909   0.0491     3.49    0.169 -15.05   0      31.06     1286.852     52.95405
       384    137.6195    425.8381     3351.643     236.7422  16.1869   0.0767     4.68    0.338  -8.89   0      21.73      827.695     51.69088
       385    126.6785    420.4422     1861.309     163.3185  16.8255   0.0953     4.36    0.336  -1.26   0      19.77     786.1585     51.13517
       386     28.8688    414.6096     3291.942     241.3539  16.2064   0.0796     5.73    0.448 -32.69   2      20.54     803.1246     51.21052
       387    611.5175    414.5045     1889.046     211.8018  16.8094   0.1218     4.70    0.227  20.97   2      12.99     370.6709     48.99427
       388    995.3326    408.5175     2076.683     212.7537  16.7066   0.1113     5.95    0.677 -34.59   0      13.64     380.3188     49.03901
       389    420.6549    405.5157     33221.21     223.2829  13.6965   0.0073     3.50    0.118  -9.47   0      190.1     12296.96     88.43912
       390    660.0291    417.2642     3254.164     214.0078  16.2189   0.0714     4.32    0.123  31.33   0      23.03     856.4016     51.44642
       391    797.1694    401.0052     2577.462     195.3413  16.4720   0.0823     5.77    0.413  24.93   0       19.4     685.2757     50.93582
       392     21.3347    400.2180     1940.392     112.6031  16.7803   0.0630     4.02    0.527 -18.90   0      36.04     1387.533     53.74158
       393    723.4457    396.0114     1751.845     152.0389  16.8913   0.0943     3.84    0.253  -1.69   0      18.85      767.054     51.29941
       394    177.2800    392.9401     3427.755     183.7443  16.1625   0.0582     3.89    0.233  -4.48   0       31.2      1267.82     52.99277
       395    237.6865    392.1533     3476.945     157.6595  16.1470   0.0492     3.86    0.192  -8.56   0       31.6     1213.208     52.75804
       396    482.9995    391.5591      2276.03     155.9187  16.6071   0.0744     4.68    0.273 -18.57   0      21.59     838.4589     51.61479
       397    131.9393    389.0747     1695.118     144.4233  16.9270   0.0925     3.33    0.403  -7.97   0      15.25     648.1609     50.51811
       398    446.4990    386.1270     4471.261     166.9109  15.8739   0.0405     3.58    0.198 -13.03   0      42.02     1769.992     54.87245
       399    336.4152    384.6600     1545.222     156.8953  17.0275   0.1103     4.88    0.268  21.04   0      15.39     576.3615     50.19405
       400    881.1561    379.6126     3013.209     158.0018  16.3024   0.0569     3.60    0.191  -4.71   0      29.02     1211.946     53.23394
       401    555.9366    378.2435     2895.649     176.8845  16.3456   0.0663     3.83    0.142  -7.20   0      27.75     1153.763      52.7437
       402    229.0327    376.4052     2625.318     187.9104  16.4520   0.0777     3.73    0.195  -1.91   0      23.04     935.3367     52.03962
       403    626.4634    374.7331      2562.47     212.5232  16.4784   0.0901     3.77    0.056   8.46   0      17.15     658.0206     50.43616
       404   1023.2631    366.9983     11878.67     169.3383  14.8131   0.0155     3.74    0.490 -87.09  26      94.22     5167.912     67.30518
       405    157.9285    367.5264     2601.754     187.0314  16.4618   0.0781     3.53    0.189  -1.83   0      21.69       867.98     51.37356
       406    228.1828    365.6136     1751.115     113.6322  16.8917   0.0705     3.25    0.236 -10.63   0      20.12     843.0101     51.38722
       407    486.5868    363.5118     1666.614     192.6304  16.9454   0.1255     5.79    0.603 -35.31   0      12.29     391.3355     49.21977
       408    127.7917    360.6266     8235.854     183.6178  15.2107   0.0242     3.95    0.096 -13.20   0      67.35      2981.17      60.2104
       409    649.6111    361.6290     1684.053     157.0963  16.9341   0.1013     3.56    0.170 -17.73   0      15.66     618.6736     50.51168
       410    487.8401    355.9754     5600.679     204.3633  15.6294   0.0396     3.55    0.232 -11.13   0      43.77      1909.82     56.13438
       411    112.5439    353.1511     2180.431     138.4398  16.6536   0.0690     3.74    0.292 -21.05   0      22.78      932.264     51.90348
       412    173.1597    352.3581     3407.722     140.4401  16.1688   0.0448     3.35    0.203  -6.64   0         34     1467.377     54.07818
       413     11.0018    352.9949     3711.286     91.55766  16.0762   0.0268     0.00    0.010  36.30   3      79.82     3540.775     62.18443
       414      7.9930    350.2348      2620.09     209.5636  16.4542   0.0869     4.13    0.241  -8.11  18       19.6     749.0914     51.21977
       415    471.2377    351.0308     2004.065     172.9922  16.7452   0.0937     3.83    0.336  -0.80   0      17.79     709.7731     50.91993
       416    147.0544    349.3636     4895.993     212.7681  15.7754   0.0472     3.59    0.138 -19.82   0      40.93     1753.783     55.38401
       417    964.6932    346.3829     16957.87      196.562  14.4266   0.0126     3.53    0.145  -9.99   0      120.2     6370.314      71.5178
       418    332.6225    348.8736     1509.099     150.6208  17.0532   0.1084     3.99    0.276  13.67   0      15.74     610.2424     50.47373
       419    872.4104    346.6490     1881.064     192.8833  16.8140   0.1114     4.99    0.149 -49.39   0      14.58     489.2827      49.9261
       420     37.0303    345.5278     2472.981      153.113  16.5169   0.0672     3.56    0.250  17.89   0      23.21     923.7277     51.74298
       421    405.9838    343.2583     2532.123     180.8788  16.4913   0.0776     3.88    0.238  -4.62   0      22.18     881.2051     51.67942
       422    662.9091    341.4901     9605.131     196.9817  15.0437   0.0223     3.45    0.155 -12.47   0      75.23     3543.715     62.09256
       423    983.4578    337.7309     1460.609     142.9428  17.0887   0.1063     3.57    0.273 -29.31   0      15.51     611.3316     50.35214
       424    495.5635    330.2850     61862.01      261.941  13.0214   0.0046     3.47    0.111 -20.00   0      279.2     22700.42     112.0282
       425    377.0581    332.2805     19816.56     206.8953  14.2574   0.0113     3.49    0.157 -10.61   0      131.7     7330.847     74.59327
       426    347.3066    333.9243     5030.586     183.9913  15.7460   0.0397     3.71    0.218 -10.91   0      43.83     1849.942     55.43316
       427    185.1576    325.7278     20229.06     227.8617  14.2351   0.0122     3.52    0.107 -52.41   0        131     7265.459     74.56502
       428    680.5154    329.7385     1496.722     162.8103  17.0621   0.1181     2.90    0.258  -2.25   0      14.25     568.9824     49.90572
       429     12.5412    329.5097     1551.651     146.3918  17.0230   0.1025     3.75    0.035   6.94   0       15.8     599.4414     50.04424
       430    753.0170    327.7035     2472.063     171.7596  16.5174   0.0755     3.49    0.204  -0.76   0      23.86      958.286     51.52459
       431    269.6451    323.3966     9664.944     227.8198  15.0370   0.0256     3.67    0.212  -5.45   0      71.08     3257.875     61.24595
       432    653.0522    323.0463     5133.578     195.8661  15.7239   0.0414     3.58    0.239  -0.80   0      45.63     2018.167     56.45851
       433     99.1662    319.8883     3707.807      173.387  16.0772   0.0508     3.48    0.133  -5.89   0      32.22     1322.261     53.22575
       434    433.0179    319.0060      3172.44     163.1907  16.2465   0.0559     3.15    0.059  -4.29   0      30.62     1321.698     53.46244
       435    981.2498    319.3228     1309.225     100.7999  17.2075   0.0836     4.43    0.391  -8.55   0      15.27     616.4365     50.24843
       436    605.7228    317.9973     1575.577     162.9204  17.0064   0.1123     3.16    0.184  -3.79   3      14.28      575.416     50.18977
       437    609.4058    315.3600     3034.843     213.7748  16.2947   0.0765     8.35    0.450  84.64   2       22.2     701.0206     51.00602
       438    154.7731    318.2098     2370.271     184.1711  16.5630   0.0844     3.66    0.118  31.50   0      20.89     835.9795     51.48014
       439    247.3604    313.6236      1729.55     180.7517  16.9052   0.1135     3.34    0.163 -40.03   0      15.14     596.4229      50.5378
       440     37.0960    306.4695     3740.677     147.6072  16.0676   0.0429     3.50    0.187  -7.95   0      36.29     1530.375     53.98911
       441     15.8465    307.6556     2545.886     213.2543  16.4854   0.0910     4.19    0.216 -11.06   0      18.59     716.1428     50.94835
       442    574.6089    305.6810     3533.104     146.2008  16.1296   0.0449     3.88    0.232  -7.84   0      33.91     1375.663     53.69136
       443    874.9778    315.2708     2015.906     132.2745  16.7388   0.0713     3.54    0.212  -3.47   0      22.26     920.2661     51.72778
       444      3.5424    303.2310     2232.418     123.9476  16.6281   0.0603     0.85    0.448  -7.58  24       22.9     875.0858     51.40499
       445    824.8659    302.7556     2359.453     168.8005  16.5680   0.0777     3.66    0.289 -17.54   0      20.65     838.9967     51.36947
       446    268.0537    300.5710     12828.51     226.0705  14.7296   0.0191     3.33    0.147  -9.03   0      93.03      4682.17     66.22477
       447    955.5046    301.2155     1339.344     149.3004  17.1828   0.1211     5.01    0.299   0.84   0      12.84     482.1871     49.50887
       448    709.9114    300.9140     11971.13      111.607  14.8047   0.0101     0.00    0.132  44.16   0      149.4     11615.39     86.74347
       449    833.6718    292.9282     1648.872     140.9982  16.9570   0.0929     4.47    0.353   0.33   0      17.37     694.5253     50.60039
       450    388.2563    290.1673      3903.36     179.9552  16.0214   0.0501     5.76    0.290 -11.99   0      34.59     1376.345     53.57534
       451    158.1864    289.9814       1243.2     87.06203  17.2636   0.0761     2.38    0.165   0.53   0      35.25     1021.861     52.17224
       452    461.1982    285.4493     1610.825     150.7742  16.9824   0.1017     4.19    0.138   6.57   0       16.4     650.6586     50.52934
       453    980.5755    282.7141     4097.223      196.291  15.9688   0.0520     4.20    0.302 -12.35   0      30.98     1239.805     52.87249
       454    194.7257    281.1636     1712.579     166.0177  16.9159   0.1053     4.62    0.272   2.49   0      17.15     656.0959     50.55379
       455    614.6790    280.3481       1729.1     166.0403  16.9054   0.1043     3.63    0.140 -42.68   0       16.5     620.3203     50.13897
       456    987.4069    274.5474     11731.41     249.8133  14.8266   0.0231     3.46    0.153 -15.41   2      72.94     3424.379     61.86073
       457    201.6754    275.7372     1429.457     126.3114  17.1121   0.0960     4.70    0.169   8.86   0      16.12     627.1075      50.4233
       458    888.5079    271.2124     43070.27     237.1607  13.4146   0.0060     3.44    0.131  -9.39   0        224     15972.79      97.4285
       459    365.2238    273.7319     1672.412     170.6982  16.9416   0.1108     4.58    0.318 -18.85   0      15.46      622.179     50.40108
       460    706.5048    265.6375     4285.955     211.3625  15.9199   0.0536     2.01    0.106  39.97   2      33.11       1475.9     53.64054
       461    177.9097    266.5068     3284.813     211.7941  16.2087   0.0700     4.80    0.095  26.33   0      25.26     1009.902     51.99762
       462     78.2755    262.0638     5922.854     198.3935  15.5687   0.0364     3.67    0.123 -12.56   0      49.27     2139.099     56.83114
       463    780.5837    262.1370     2228.145     197.3727  16.6301   0.0962     4.04    0.271 -11.44   0      17.58     659.0449     50.56705
       464    435.6766    259.9237     9453.585     247.0879  15.0610   0.0284    11.20    0.148 -21.01   0      62.98      2468.94     57.80523
       465    374.4032    261.3954     1231.126     124.6819  17.2742   0.1100     5.24    0.176 -12.69   0      14.52     571.4861     50.17197
       466    842.5696    259.9082     4160.483     188.0702  15.9521   0.0491     3.86    0.193   2.96   0      37.47     1512.528     53.79551
       467    918.6643    257.3094     3239.608     148.9893  16.2238   0.0499     3.59    0.207   2.97   0      31.12     1284.984     53.06633
       468    270.5663    253.1439     1180.212     105.1595  17.3201   0.0968     2.58    0.521  64.67   2      19.54     959.6855     51.77767
       469    161.0794    253.5216     8360.165     200.3722  15.1945   0.0260     3.77    0.174 -11.84   0      67.88     3064.523     60.10128
       470    981.8763    252.1009     3290.048     154.3211  16.2070   0.0509     3.54    0.142 -13.90   0      32.27     1353.521     53.23942
       471    620.1479    249.8799     1852.748     152.1896  16.8305   0.0892     3.50    0.357  -9.31   0      18.71     800.3491     50.94848
       472     22.7086    241.1906     186707.5     365.5833  11.8221   0.0021     3.59    0.091 -13.47   0      520.3     65340.04     178.7666
       473    707.1761    243.6768     5409.116     208.0181  15.6672   0.0418     4.03    0.112   9.32   0      43.71     1840.866     55.62569
       474     90.1981    245.9620     1434.747      132.481  17.1081   0.1003     2.97    0.194   4.85   0      14.24     559.0607     50.36951
       475    533.5636    244.8007     1993.513     172.9784  16.7510   0.0942     6.23    0.300   7.07   0      16.79     592.7665     50.52136
       476    482.9785    241.6451     40014.29     238.9311  13.4945   0.0065     3.43    0.087  -6.83   0      212.4      15023.4     95.45567
       477    755.2161    239.8937     2570.223     192.8688  16.4751   0.0815     6.67    0.350 -28.81   0      20.31      811.272     50.99718
       478    407.1656    236.8512     2352.157     169.7326  16.5713   0.0784     3.91    0.282 -16.53   0      20.98     818.5768     51.27905
       479    187.5085    229.3638     23747.35     227.1719  14.0610   0.0104     3.56    0.130  -9.13   0      147.4      8202.26     77.03729
       480    123.9959    232.2716     1388.284     87.43995  17.1438   0.0684     1.24    0.118 -87.34   0      31.32     1251.414     53.04273
       481    681.4155    230.1159     5032.532     175.1148  15.7455   0.0378     3.88    0.138  -0.00   0      44.26     1875.457     55.76685
       482    237.1912    221.8488     31957.92      223.425  13.7386   0.0076     3.37    0.109 -14.00   0      184.8     12058.39     88.04147
       483    105.4858    224.8096      1711.06     90.06282  16.9168   0.0572     1.01    0.172  -2.13   0      38.13     1669.236     54.80374
       484    412.3893    220.5800     7054.287     181.2721  15.3789   0.0279     3.58    0.230  -5.67   0       58.7     2633.548     58.77523
       485    702.8146    219.5849      6160.99     179.2615  15.5259   0.0316     3.71    0.206  -7.69   0      52.24      2247.64     57.26356
       486    621.3640    218.0350     3301.707     227.7699  16.2032   0.0749     4.12    0.532  -0.82   0      19.39     785.8558     51.25838
       487    207.6910    216.1535     4124.759      261.753  15.9615   0.0689     8.76    0.673 -13.77   0      21.75     651.5281     50.28023
       488    659.8439    213.6670     7276.898     167.8631  15.3451   0.0251     2.43    0.171  -2.96   0      64.87     3271.277     61.19154
       489    136.8151    203.9192     1791.511     170.8567  16.8670   0.1036     4.28    0.349   9.29   0       16.6     652.6752     50.53841
       490    486.3499    202.6871     1354.819     89.15932  17.1703   0.0715     1.41    0.182 -50.98   0      31.41     1249.867     52.91573
       491    849.5106    197.5189     1100.186     130.6916  17.3963   0.1290     5.52    0.016 -48.14   0      12.41     443.1146     49.45829
       492    438.1593    196.0336     3444.514     195.5338  16.1572   0.0616     3.84    0.191 -16.42   3      28.31     1127.099     52.87046
       493    433.2772    188.7831     28147.21     225.9562  13.8764   0.0087     3.39    0.113 -11.99   2      167.2     10341.22     83.41473
       494    364.2084    196.1423      3593.09     176.8793  16.1113   0.0535     3.69    0.174 -15.70   0      33.25      1389.19      53.8671
       495    973.6806    195.8840     2122.835     174.0665  16.6827   0.0890     5.50    0.444 -11.88   0      19.25     724.3024     50.60811
       496    747.9429    191.0430     56303.27       254.58  13.1237   0.0049     3.43    0.125 -13.85   2      263.3     21046.75      108.739
       497    481.3030    194.2983     3688.897     194.1825  16.0828   0.0572     3.47    0.230  12.06   0      32.08     1307.433     52.80131
       498    257.8437    192.1470      8034.19     170.7628  15.2376   0.0231     3.43    0.140  -3.28   0      68.14     3190.025     60.99366
       499    565.2632    190.2480     6751.496     205.6391  15.4265   0.0331     3.48    0.183 -17.58   0       55.5     2507.852     58.28716
       500    955.4329    189.5328     3034.749     147.6003  16.2947   0.0528     3.87    0.205 -15.35   0      28.61     1130.589     52.64375
       501    962.4894    181.3722     2069.888       154.59  16.7101   0.0811     3.89    0.322  -7.42   0      21.21     818.4238     51.02904
       502    875.7191    181.6129     1391.573     138.2962  17.1412   0.1079     4.43    0.145  33.55   0      15.67     605.6132     50.32633
       503    315.5648    179.3498     10233.07     192.8059  14.9750   0.0205     3.61    0.178  -7.72   0      80.53     3780.792     63.05555
       504     75.5107    177.9950     2119.878     172.2211  16.6842   0.0882     3.82    0.181 -12.46   3      21.22     859.5718     51.46042
       505     78.9543    173.7647     3003.511     221.7944  16.3059   0.0802     4.94    0.247 -33.89   3      21.76     790.7029     51.27987
       506    511.0347    175.9987     4580.033     93.68932  15.8478   0.0222     4.26    0.046  -1.96   0      91.33     4448.157     65.61142
       507    255.9632    174.1115     2333.431     126.6752  16.5800   0.0590     3.52    0.565 -89.40   0      31.77     1187.275     52.64621
       508     15.9961    170.3978      3801.91     210.0839  16.0500   0.0600     4.44    0.220 -73.38   0      29.93     1113.711     52.57084
       509    530.1547    171.4689     2280.254     212.9711  16.6050   0.1014     5.98    0.276  -2.90   0      16.01     575.0947     50.18832
       510    788.6724    168.3590     3285.583     247.2215  16.2085   0.0817     7.65    0.267 -83.75   0      20.87     593.8592     50.27322
       511    318.6802    169.0417     5008.664     198.9526  15.7507   0.0431     3.61    0.155  -4.40   0      41.44      1731.81     55.06263
       512   1022.5485    164.3871     2433.724     145.5809  16.5343   0.0650     2.94    0.183  22.19  24       24.9     1071.106     52.50791
       513    679.1633    164.2385     3680.256     127.8278  16.0853   0.0377     0.00    0.474 -77.12   0      55.77      2588.01     58.59888
       514    397.5216    163.9719     1267.204     161.5055  17.2429   0.1384     3.19    0.366  24.85   0      13.03     521.6216     49.94558
       515    227.1706    163.0148      2388.33     185.0569  16.5548   0.0841     3.72    0.144  -7.40   0      23.07     941.1757     52.06511
       516     36.5523    161.8782     1993.877     185.4335  16.7508   0.1010     4.30    0.389  -7.59   0      15.86     579.9145     50.08297
       517    630.4324    160.0988     3510.837      165.598  16.1365   0.0512     3.89    0.108 -19.59   0      32.89     1386.499     53.26041
       518    221.6244    157.6193     4795.476     264.1515  15.7979   0.0598     9.38    0.171  86.07   0      29.98     1089.477     52.70849
       519    785.9726    159.5960     2321.512     170.6284  16.5856   0.0798     3.42    0.205 -14.65   0      20.43      842.616     51.63309
       520    965.2259    158.9684     1915.616      157.431  16.7942   0.0893     3.22    0.332   0.93   0      18.05     763.2784     51.28268
       521    311.4744    155.1887     1498.197     155.8073  17.0611   0.1129     2.77    0.223  -0.14   0      14.54     568.6953      50.2863
       522    800.9926    150.0040     4540.091     93.59238  15.8573   0.0224     0.00    0.016  45.60   2      90.49     4374.586     65.16064
       523    779.0751    147.9248     2422.234     179.8565  16.5395   0.0806     3.37    0.182 -22.56   0      22.41     927.0983     51.38683
       524    988.7760    147.0593     1678.783     149.8162  16.9375   0.0969     6.00    0.138 -17.80   0      17.15      668.088     50.60768
       525    294.9048    147.4885       1651.6     173.4501  16.9552   0.1141     5.25    0.339  47.50   0      14.84     580.9319     50.08759
       526    182.1435    147.4466     1959.772     164.4279  16.7695   0.0911     2.84    0.192 -13.34   0      20.87     867.1614     51.61762
       527    250.2871    144.9668     6475.539     188.3246  15.4718   0.0316     3.64    0.124  -1.78   0       54.6     2367.591     57.62711
       528    193.6943    144.4345     1545.962     169.5923  17.0270   0.1191     6.14    0.609 -16.23   0      15.49     483.9054     49.25851
       529    128.7869    142.6495     10033.66     162.9768  14.9964   0.0176     7.46    0.306 -21.18   0      98.82     6476.433     72.20836
       530    380.1177    141.1896     4327.804     165.7565  15.9093   0.0416     4.17    0.261  -9.76   0      40.16     1720.568     55.13199
       531    594.6909    137.5193     1890.182     185.3064  16.8087   0.1065     4.06    0.217   9.79   0      15.69     593.0744     50.14265
       532    795.0463    133.0224     1269.982     139.2459  17.2405   0.1191     2.32    0.198  47.51   2      13.79     556.6224      50.3585
       533    116.3268    133.0967     3847.278     202.4039  16.0371   0.0571     3.88    0.179 -14.29   0       30.8     1193.503     52.55188
       534    999.3550    131.2484     4403.261     182.3426  15.8906   0.0450     4.06    0.249 -13.90   0      38.88     1614.076     54.80771
       535     40.3945    129.8122     5779.122     171.4943  15.5953   0.0322     0.00    0.112  75.50   0      49.32     2099.214     56.67141
       536    413.5135    129.6045     1377.392     128.7191  17.1524   0.1015     5.27    0.176 -13.29   0      14.85     579.9107     50.33697
       537    720.2737    125.6278     9880.538     224.5119  15.0130   0.0247     4.75    0.176 -29.34   0       69.7     2749.714     59.22272
       538    698.9131    126.2183      3593.71     195.7072  16.1111   0.0591     3.73    0.210 -16.23   0         31     1303.233      53.2643
       539    651.1600    126.9427     1703.364     191.8446  16.9217   0.1223     4.24    0.202  -0.46   0       14.2     539.7303     50.02792
       540    707.4202    124.6009     3987.839     122.0062  15.9982   0.0332     6.12    0.469 -39.51   0      66.46     3051.397     60.36935
       541    874.2011    117.4012     8434.955     207.4913  15.1848   0.0267     5.27    0.268 -15.67   0      65.13     2936.826     59.93648
       542    257.0277    113.2144     2251.321     194.9614  16.6189   0.0940     4.53    0.408   0.45   0      17.68     654.2789     50.79733
       543     57.2484    110.4983     2534.281     181.7608  16.4904   0.0779     4.15    0.291 -11.45   0      24.42     939.2849     51.31659
       544     39.8549    104.6476     30590.36     229.0974  13.7860   0.0081     3.70    0.116 -16.77   0      176.1     10661.53     84.35854
       545    682.6534    100.7693     8281.915     202.6573  15.2047   0.0266     3.56    0.164  -9.93   0      66.52     2980.636     60.10237
       546    380.2038    101.3511     1864.312     156.3405  16.8237   0.0911     3.85    0.239   0.82   0      19.82     808.0762     51.23249
       547    544.4797     97.3706     1522.444     156.8623  17.0436   0.1119     3.04    0.153 -13.67   0      15.36      593.395     50.27112
       548    999.5508     95.4698     1354.934     143.8869  17.1702   0.1153     2.90    0.022   7.74   0      15.69     631.4897     50.44305
       549    267.7669     93.4565     4649.628     180.8953  15.8315   0.0423     3.01    0.388   7.47   0      43.14      1774.73     55.23949
       550    813.9677     92.0065     6001.472     257.2531  15.5544   0.0466     3.81    0.190  -1.53   2      35.48     1403.756     54.04664
       551    758.2407     86.7623     15369.08     226.5086  14.5334   0.0160     3.79    0.140 -15.98   0      103.6     5134.099     67.75797
       552    747.5807     88.3252     9618.813     214.8059  15.0422   0.0243     3.65    0.168  -3.39   0      73.78     3370.474     61.55886
       553    160.2468     84.2040     2128.635     172.2327  16.6797   0.0879     3.11    0.203 -14.99   0      19.83     811.0682     51.24576
       554    950.5010     78.9557     2363.811     127.9815  16.5660   0.0588     3.72    0.230 -21.43   0      24.82     998.8586     51.57975
       555    595.7687     78.5483     2261.276     151.7515  16.6141   0.0729     3.43    0.260 -10.92   0      22.43     934.9592     51.79229
       556    975.1957     77.5910     2342.794     195.8836  16.5757   0.0908     3.43    0.119 -12.93   0       19.7     798.7643     51.19116
       557    631.7620     77.0196       1750.2     160.2057  16.8923   0.0994     3.94    0.363   1.07   0      15.83     599.5707     50.67795
       558     39.9972     74.8559     2345.901     203.8634  16.5742   0.0944     3.89    0.138   5.99   0      20.58     797.3961     51.30952
       559     58.6928     70.6723      4275.15      198.916  15.9226   0.0505     3.90    0.208 -16.71   0       34.1     1344.132     53.31905
       560    957.6186     69.5193     2697.656     174.8154  16.4225   0.0704     2.98    0.202   1.02   0      24.57     962.6266     51.91356
       561    856.4697     68.7548     4490.813     177.1313  15.8692   0.0428     3.77    0.079  -3.81   0      40.44     1670.117     54.92363
       562    969.7542     64.1576     20269.86     236.8218  14.2329   0.0127     3.52    0.119  -1.35   0      129.5     6988.931     73.71735
       563    821.6248     59.4592     104136.5     301.6907  12.4560   0.0031     3.52    0.090 -18.46   0      377.5     37476.18      138.896
       564    336.5496     61.9084      20697.1     210.9059  14.2102   0.0111     3.53    0.147  -8.74   0      134.5     7375.667      74.7297
       565    551.2814     59.3750     68273.99     270.4106  12.9144   0.0043     3.52    0.102 -16.29   0        295     24586.73     115.9019
       566     25.6795     61.7081     10988.03     201.7568  14.8977   0.0199     3.65    0.139 -13.44   0      81.11     3745.156     62.82555
       567    434.9607     59.9194     4747.926     95.77502  15.8087   0.0219     0.00    0.150  53.91   0      91.21     4370.695     65.14706
       568    909.9877     49.9860     1924.332     87.00893  16.7893   0.0491     4.18    0.008 -75.08   3      55.52     1849.661     55.66161
       569    907.6782     45.9594     2469.971     203.2187  16.5183   0.0894     4.10    0.202  26.10   2      18.65      672.849     50.62905
       570    160.4206     46.9274     7038.831     175.8961  15.3812   0.0271     3.64    0.181  -4.56   0      59.91     2690.628     58.99554
       571    784.2787     44.7761     19262.19     201.5951  14.2882   0.0114     3.49    0.164 -16.51   0      129.2     7085.375     74.01409
       572    979.5176     46.0122     1689.785     145.5146  16.9304   0.0935     4.03    0.246  -1.57   0      17.15     687.8223     50.69622
       573    296.9119     45.6546     1718.798     132.9674  16.9119   0.0840     3.52    0.190 -19.09   0      17.79     712.6647     50.55582
       574    487.7895     41.2678     1678.589     171.6378  16.9376   0.1110     2.97    0.254 -42.55   0      14.88     547.9188      50.0651
       575    127.1132     37.9904     23584.37     226.3055  14.0684   0.0104     4.13    0.039  25.16   0      142.1     7035.908     73.77565
       576    850.6415     36.3976       2832.9     174.0777  16.3694   0.0667     3.51    0.272  -9.38   0      26.27     1064.697     52.60154
       577    505.6170     36.4736     1839.733     161.3239  16.8381   0.0952     5.46    0.144 -44.73   0      15.72     556.0446      50.2291
       578   1013.2845     30.3059     3181.939     221.2578  16.2433   0.0755     5.30    0.261  17.84   0      24.14     935.3123     51.67057
       579    604.4886     28.0066     1902.448     188.7311  16.8017   0.1077     3.51    0.264   0.33   0      15.11     579.1609     50.20673
       580    739.8846     19.2178     1587.426     87.95603  16.9983   0.0602     1.74    0.181 -55.48   0      38.17     1450.205     53.88776
       581    854.4197     18.4261     2474.714     167.0578  16.5162   0.0733     3.87    0.238  -9.14   0      23.23     892.6925     51.85304
       582    882.3933   1020.0377     5659.871     218.7451  15.6180   0.0420     8.41    0.224 -26.21  16      43.54     1912.735     56.14618
       583     49.5725     15.1230      2987.71      211.475  16.3117   0.0769     2.19    0.133  10.52   0      18.93     766.3485     51.04704
       584    608.4388   1021.2480     3562.489     172.2735  16.1206   0.0525     3.65    0.219 -12.40  16      34.65     1421.779     53.76774
       585    341.4183   1021.1506     1585.223     137.4592  16.9998   0.0942     5.56    0.175 -15.33  16      15.96        627.1     50.67558
       586    548.4494   1019.9933     1609.756     165.8769  16.9831   0.1119     4.44    0.374 -25.06  16      13.78     514.5789     50.04112
       587    418.7025   1017.4904     5420.468      183.606  15.6649   0.0368     3.28    0.154 -16.59  16      49.82     2204.524      56.7561
       588    215.7523   1014.2640     64533.59      258.762  12.9755   0.0044     3.44    0.139  -8.05  16      287.3     24523.92     115.7786
       589    579.3801   1014.1302     1274.534     116.8426  17.2366   0.0996     3.65    0.268  12.55   0      15.17     623.0687     50.53145
       590    381.7152   1010.9277     1496.799      141.881  17.0621   0.1029     3.51    0.247  10.91   0      17.71     758.3876     50.76095
