#   1 NUMBER                 Running object number                                     
#   2 X_IMAGE                Object position along x                                    [pixel]
#   3 Y_IMAGE                Object position along y                                    [pixel]
#   4 FLUX_AUTO              Flux within a Kron-like elliptical aperture                [count]
#   5 FLUXERR_AUTO           RMS error for AUTO flux                                    [count]
#   6 MAG_AUTO               Kron-like elliptical aperture magnitude                    [mag]
#   7 MAGERR_AUTO            RMS error for AUTO magnitude                               [mag]
#   8 FWHM_IMAGE             FWHM assuming a gaussian core                              [pixel]
#   9 ELLIPTICITY            1 - B_IMAGE/A_IMAGE                                       
#  10 THETA_IMAGE            Position angle (CCW/x)                                     [deg]
#  11 FLAGS                  Extraction flags                                          
#  12 SNR_WIN                Gaussian-weighted SNR                                     
#  13 FLUX_APER              Flux vector within fixed circular aperture(s)              [count]
#  14 FLUXERR_APER           RMS error vector for aperture flux(es)                     [count]
         1     32.7658     17.1434     4496.213      282.036  15.8679   0.0681     7.84    0.440  -4.34  16      18.81     420.9521     45.57327
         2    587.1917     15.4005     5708.814     234.6507  15.6086   0.0446     7.44    0.451   0.19   0      38.56      1072.47     48.71414
         3    510.1998     11.8883     5417.581     276.5879  15.6655   0.0554    10.18    0.556 -19.25  18      25.81     717.2203     47.02755
         4    987.2575     11.3090     3361.944     255.8244  16.1835   0.0826     7.01    0.379  66.46  16      18.48     484.8999     45.65834
         5     39.1297      9.9073     6101.371     317.0404  15.5364   0.0564     8.25    0.502   6.67  16      24.55     689.2643     46.77852
         6    359.1953      8.2130     7066.094     221.4041  15.3771   0.0340     7.73    0.432   0.74  16      48.87     1351.112     49.99723
         7    159.6347      8.1103     4636.924     231.3188  15.8344   0.0542    10.01    0.339   7.83  16      32.32     832.1458     47.35529
         8    201.0015      6.0095      2149.04     81.05344  16.6694   0.0410     4.26    0.014 -45.51   2      53.64     1870.794     52.30623
         9    321.6763      5.1812     3372.775     236.3543  16.1800   0.0761     8.33    0.472  -3.57  26      21.17     511.7482     46.13943
        10     94.4527   1005.6251     5659.042      140.061  15.6181   0.0269     0.00    0.495 -42.17   0      75.86     3913.177     60.53344
        11    865.8900   1021.7960     6618.577     228.6451  15.4481   0.0375     7.60    0.424   0.44  24      43.88     1096.276     48.82508
        12    744.1315   1022.0524     16076.01     198.1572  14.4846   0.0134     7.80    0.476   1.65  24      101.8     3160.085     57.63665
        13    591.4929   1022.8122     4024.469     190.9229  15.9882   0.0515     8.83    0.612   3.25  24      30.15     900.1656     47.68061
        14    773.7530   1004.8303     9003.227     298.4125  15.1140   0.0360     7.52    0.354   4.50   0      49.08     1362.344     50.26066
        15    508.9955   1004.4165        12056     250.4793  14.7970   0.0226     7.44    0.401  13.74   0      69.68     2120.757     53.38128
        16    866.4050   1004.3959     5209.583     247.4385  15.7080   0.0516     7.23    0.439   4.87   0      34.62     1052.225     48.61959
        17    661.6765   1005.4357     3336.938     206.8747  16.1916   0.0673     7.90    0.417  -2.77   0      23.55     744.5242     47.15931
        18    642.4261   1005.9708     18488.76     252.5858  14.3327   0.0148     8.69    0.392  10.73  16      100.2     3204.282     57.99464
        19    478.0085   1003.9792     1747.598     149.5549  16.8939   0.0929     7.27    0.424  -2.68   0      16.18     495.3595     45.94284
        20    323.3261   1022.9169     1285.469     121.2416  17.2273   0.1024     3.43    0.253 -13.51  24      15.13     560.5628     45.91757
        21    168.9375    988.5908     4437.447     278.6634  15.8822   0.0682    10.25    0.525   9.38   0      25.18      766.863     47.37941
        22    458.9348    984.7875     5221.438     226.0771  15.7055   0.0470     8.44    0.461   1.81   0       34.3     875.3453     47.78562
        23    376.8440    983.3164     26753.69     266.9923  13.9315   0.0108     9.17    0.442   2.48   0      133.5     3644.737     59.33779
        24    626.6521    987.9036     2215.352     186.6286  16.6364   0.0915     3.97    0.271  17.64   0      14.77     490.4442     45.56919
        25    122.5805    981.5195      2328.15     149.5468  16.5825   0.0698     8.65    0.593   0.81   0      18.19     483.0163     45.99768
        26    394.0536    972.8384     3796.771     250.9592  16.0515   0.0718     4.20    0.245  -6.17   2      18.34     586.2701     46.50506
        27    971.0037    972.3508     4004.412     93.51276  15.9937   0.0254     0.95    0.170  89.75   0      71.62      3906.75     60.50931
        28    888.2546    970.3898      3267.01     228.8079  16.2146   0.0761     5.85    0.382  -0.84   2      20.99      696.156     47.03901
        29    379.2727    970.8771      3052.24     92.61833  16.2885   0.0330     2.44    0.318 -25.69   0      66.56     2571.499     55.07393
        30    820.4183    969.7650      2319.62     194.4408  16.5865   0.0910     5.12    0.304   3.88   0      15.35     390.7788     45.77299
        31    669.7959    967.4137     3922.117     249.4765  16.0162   0.0691     9.18    0.469   8.83   0      25.03     653.5078     46.71862
        32    780.1694    964.5049     3222.219     227.0104  16.2296   0.0765     8.13    0.483  -0.08   0      22.94     616.4821     46.07806
        33    698.0407    962.7032     12939.71     233.7074  14.7202   0.0196     8.04    0.421   3.26   0      80.75     2272.141     53.62612
        34    263.0683    960.1210     10345.51     110.2706  14.9631   0.0116     4.99    0.289  59.35   0      142.2     9809.639     79.51856
        35    832.5694    961.6934     1944.753     183.4174  16.7778   0.1024     4.88    0.350 -22.31   0      15.09     483.0936     45.41538
        36    411.6819    960.2327     4846.359     220.3257  15.7865   0.0494     7.90    0.481  -2.15   0      33.84     940.2664     47.98251
        37    314.7576    961.1309     4866.822     271.7602  15.7819   0.0606     9.66    0.539  -0.02   0      28.29     705.5498     46.97111
        38    190.6953    957.6122     11662.47     261.0628  14.8330   0.0243     8.21    0.353   5.47   0      68.89     1837.941     52.16329
        39    500.0505    955.7061     18628.16     302.1497  14.3246   0.0176    10.80    0.419  -0.83   3      95.64     3258.703     57.74816
        40    499.0119    950.9687     13905.05     263.5137  14.6421   0.0206     9.50    0.452  -8.84   3       81.1     2945.846     56.97287
        41    997.2930    956.9153     3131.911     209.8466  16.2605   0.0728     5.93    0.374  -0.25   2      22.66     792.3298     47.27661
        42    896.3748    955.8360     12524.15     226.9376  14.7556   0.0197    12.53    0.481  -7.16   0       75.1     1948.547     52.84496
        43    574.5931    956.8762     1938.859     156.7936  16.7811   0.0878     0.00    0.705 -56.54   0      14.69     652.0802     46.71168
        44    282.7353    956.1118     6384.179     101.7792  15.4872   0.0173     0.00    0.308 -24.05   0      101.6     5347.692     65.53658
        45    537.8621    954.9752     3146.065     233.2996  16.2556   0.0805     7.84    0.457   0.12   0      23.33     652.5772     46.82798
        46    111.9153    954.1428     2126.816     140.9816  16.6807   0.0720     4.42    0.009   6.95   2      21.24     825.1062     47.32149
        47    141.0563    953.9196     12081.27     109.0105  14.7947   0.0098     4.77    0.233 -56.00   0      160.5     12245.26     86.19921
        48    966.0717    949.3002     22734.96     278.2947  14.1083   0.0133    14.61    0.224  16.42   0      115.1     3029.821     56.65251
        49    603.2859    951.0103     5182.658     203.0744  15.7136   0.0426     7.56    0.443   6.28   0       37.6     1058.245     48.53811
        50    728.2382    954.6063       105067     390.0732  12.4463   0.0040    19.17    0.512  -9.86   0      325.9      8229.25     75.14955
        51    818.8685    942.1591     16549.26     314.4389  14.4531   0.0206    13.43    0.430   8.88   3      87.02     2461.993     54.81486
        52    824.7692    933.4744     54129.36     293.0171  13.1664   0.0059    13.12    0.360  -2.97   3      232.7     8747.903     76.56305
        53    465.4615    958.3265     4418.296      222.293  15.8869   0.0546     8.35    0.446  -0.13   0      30.53     769.3906       47.279
        54     48.5072    939.0561     3213.307     252.0204  16.2326   0.0852     8.31    0.380  -3.44   0      19.34      449.094     45.47976
        55    403.0048    936.9875     9858.415     100.3689  15.0155   0.0111     4.21    0.003 -78.63   3      140.5     9714.851      79.3815
        56    403.3279    933.0761     7852.097     219.7993  15.2625   0.0304     9.26    0.436   0.50   2      49.02     1465.397     50.30273
        57    106.5572    932.2436     1653.998      174.872  16.9537   0.1148     3.80    0.229 -30.83   0      14.76     469.8195     45.58321
        58     40.3838    930.8771     4994.862     236.7869  15.7537   0.0515     7.85    0.442   4.51   0      35.42     1000.829     48.48872
        59    120.9968    925.9988     5123.576     119.6391  15.7261   0.0254     4.18    0.004 -44.06   2      101.8     5212.933     65.23109
        60    891.0632    924.1568     7372.497     339.0299  15.3310   0.0499     9.08    0.521   0.91   0      29.68     741.0781      47.1427
        61    143.3333    942.5114     4399.106      175.393  15.8916   0.0433     7.51    0.436  -0.34   0      33.95     967.0601     47.99841
        62    541.0118    917.7269      3882.03     97.40627  16.0274   0.0272     0.00    0.322 -89.96   0      76.08     3333.001     58.40577
        63    276.4779    912.8796     23126.51     237.3182  14.0897   0.0111     8.10    0.385   0.56   0        128     4115.172     61.02585
        64    689.8624    913.2618     4762.308     247.0273  15.8055   0.0563     7.78    0.494  -0.77   0      33.49     910.7668     47.84258
        65    566.0484    907.5005     82804.72     325.7054  12.7049   0.0043    11.69    0.277   6.29   0      307.8     14366.54     91.44703
        66    801.9586    910.6819     3183.044      229.886  16.2429   0.0784     8.50    0.521   7.30   0      20.99     532.8165     45.89623
        67    657.1527    909.6374     4456.479       202.26  15.8775   0.0493     7.42    0.487   1.69   0      32.86     934.0006     48.06377
        68    630.4601    908.0242     4818.515     286.9739  15.7927   0.0647     8.04    0.645   2.99   2      34.95     556.2026     46.24284
        69    609.3823    908.9496     4437.785     252.0679  15.8821   0.0617     6.73    0.423   1.86   0      32.41     954.7394     48.38243
        70    121.4043    907.2711     3375.525     224.8069  16.1791   0.0723     8.29    0.582  -5.33   0      22.08     620.5766     46.55815
        71    465.1362    906.4191     2028.258     139.8738  16.7322   0.0749     2.35    0.135 -71.66   0      30.15     1223.952     49.41581
        72    954.7946    903.7754     3470.714     158.9985  16.1490   0.0498     8.05    0.536   2.53   0      28.16     837.6566     47.71778
        73    736.5504    904.2493     3318.193     232.8961  16.1977   0.0762     7.71    0.519   3.53   0      22.02     653.8744     46.94787
        74    877.0602    905.1765     4682.065     255.9561  15.8239   0.0594     7.61    0.542  48.77   0      23.26     634.1119     46.62417
        75      5.3602    900.8857     3513.658     187.4942  16.1356   0.0580     8.90    0.525   0.09  16      26.93     769.2377      47.0524
        76    415.9102    899.6374     5433.654     137.7751  15.6623   0.0275     2.92    0.566  18.85   0      59.51      2687.19      55.5493
        77    352.5356    896.9402     4634.458     110.5754  15.8350   0.0259     2.36    0.465 -63.41   0      62.57     4356.096     62.17415
        78    868.4812    896.4663       4461.4     270.9299  15.8763   0.0660     6.78    0.435   4.94   0      22.87     582.6863     46.14252
        79    306.8640    894.7451        14342     219.2391  14.6085   0.0166     8.30    0.389   1.56   0      89.48     2742.042     55.96395
        80    843.7412    892.7252     4200.299     273.6462  15.9418   0.0708     7.21    0.470  12.12   0      18.02     386.5099     45.28371
        81   1018.3785    887.4922     41363.18     264.4539  13.4585   0.0069     7.40    0.274  -0.11  24      194.7     7089.296     71.24626
        82    292.1946    886.6782     2752.258     147.5061  16.4008   0.0582     7.43    0.461  -2.49   0      23.28     743.6376     47.26786
        83    206.6217    886.4047     1634.256     180.8365  16.9667   0.1202     5.17    0.160 -39.98   0      14.99     478.8567     45.86113
        84    161.8547    880.9115     5998.692     104.7986  15.5549   0.0190     1.22    0.135 -64.05   3      80.56     4711.586     63.29222
        85    156.1817    880.6996     10973.82     254.2536  14.8991   0.0252     5.33    0.041 -85.27   2      71.05     2585.393     55.13124
        86    262.8245    882.2301     6286.128     190.1261  15.5040   0.0328     7.90    0.401   2.45   0      44.01     1285.324     49.91117
        87    444.0917    880.6775     2641.119      207.397  16.4455   0.0853     5.30    0.097 -26.76   0      14.98     381.8531     45.14249
        88     56.2612    878.5834     7840.688      196.771  15.2641   0.0273     6.42    0.416   7.34   2      53.11     1621.961     51.21363
        89      3.3461    875.8896     26749.62     199.6415  13.9317   0.0081     5.40    0.296 -86.29  19      159.1     7534.354     72.72538
        90      8.1277    875.1413     34216.06     278.5794  13.6644   0.0088     8.61    0.326 -21.72  19      155.7     5635.308     66.60654
        91    232.9312    874.3674      42491.2     272.3548  13.4293   0.0070     7.86    0.348  -0.16   0      197.4     7156.736     71.68433
        92     95.6412    877.2432     5917.604     302.7249  15.5696   0.0556    10.91    0.554  -2.37   0      30.98     711.0301      46.7704
        93    550.5455    869.4391     15410.53     241.6723  14.5305   0.0170     7.18    0.362  -1.35   0      86.71     2555.584     55.29795
        94     76.2888    867.7905     3492.708     200.5111  16.1421   0.0623     9.50    0.475  -0.89   0      25.13     657.2598     46.62276
        95    842.6212    862.1722     20094.59     274.6795  14.2423   0.0148     7.99    0.388   0.49   0      111.9     3413.757     58.80981
        96    493.2676    862.8488     7491.013     346.8741  15.3136   0.0503     9.32    0.490 -14.79   0      29.72     664.3924     46.77155
        97    390.7239    863.3283     9889.571     219.4825  15.0121   0.0241     9.38    0.513  -3.39   2      61.48     1965.059     52.51175
        98    606.9331    859.6730     32683.45     273.9444  13.7142   0.0091     7.53    0.313  -1.29   0        164     5674.258     66.73931
        99    884.8900    860.2085     6240.258     193.5426  15.5120   0.0337     7.39    0.384   0.13   0       41.8     1229.311     49.44046
       100   1010.8622    857.1446     28532.11     248.4081  13.8617   0.0095     7.66    0.362   3.00  16      150.5     5373.841     65.87024
       101     95.6662    859.4105     6334.496     335.1699  15.4957   0.0575     8.58    0.356  -0.78   2      30.18     731.2761     47.09542
       102     96.3658    853.0394     2546.797     160.1859  16.4850   0.0683     6.45    0.574 -69.20   3      28.32     1027.083     48.61162
       103     64.4561    859.1744     1662.141     177.9023  16.9483   0.1162     5.28    0.324 -40.14   0       14.9     469.9949     45.81719
       104    760.8427    852.9136     7753.005     234.3604  15.2763   0.0328     8.16    0.421   7.65   2      47.24     1277.646     49.44718
       105    824.1032    855.2003     4289.744     249.2776  15.9189   0.0631     9.32    0.493   1.19   0      26.72     852.9443     47.67896
       106    301.6156    852.2286     1870.928     184.0509  16.8199   0.1068     5.47    0.222 -33.03   0      15.16     500.5668     46.19975
       107     39.6507    851.3109     7399.025     245.1335  15.3271   0.0360     9.73    0.471   0.39   0      46.13     1063.099     48.45102
       108    432.3996    851.3003     1342.346     123.5234  17.1803   0.0999     5.33    0.458  36.36   0      25.91     835.4413     47.59545
       109    605.2599    849.0496     5857.496     257.5154  15.5807   0.0477     7.58    0.400  -2.55   0      37.29     1029.996     48.51558
       110    498.4174    843.7728     3111.306     217.9184  16.2676   0.0761     8.10    0.600   7.33   0      21.32     570.0092     46.54011
       111    159.8494    840.0147     19252.53     252.7458  14.2888   0.0143     7.65    0.381  -0.33   0      107.8     3669.735     59.79087
       112    581.2809    840.4834     3167.585     224.0029  16.2482   0.0768     3.67    0.040 -74.41   0      18.22     547.7458     45.85408
       113    217.8597    835.1134     91248.98     324.2352  12.5994   0.0039     7.59    0.296   0.71   0      327.9     15970.63      95.5178
       114    620.6705    836.6754     11238.65     249.7365  14.8732   0.0241     7.70    0.393   5.10   0      66.02     1779.505     51.70242
       115   1014.8766    835.1271     7665.422     201.2547  15.2887   0.0285    11.00    0.405  11.32  16      51.39     1386.459     49.94481
       116    953.8372    834.6398     8824.668     332.8776  15.1358   0.0410     9.06    0.471  15.06   0       44.4     1256.018     49.56307
       117    238.1653    833.8074     18689.69     247.4422  14.3210   0.0144     7.76    0.383   0.73   0      107.6     3444.228     58.92746
       118    149.8385    832.1606      9797.37     261.9879  15.0222   0.0290     7.70    0.428   5.93   0       57.2     1569.778     50.98153
       119     79.4244    833.4383      3908.73     254.2231  16.0199   0.0706     8.51    0.482   5.82   0      23.46     661.3815     47.09743
       120     19.5276    832.2880     4017.198     168.6965  15.9902   0.0456     7.43    0.402   0.21   0      32.53     998.4398     48.03601
       121    894.5076    828.7944     2633.636     202.8444  16.4486   0.0836     4.46    0.130 -13.39   0      19.37     609.1042     46.50211
       122    699.5754    828.1290     2711.416     140.9795  16.4170   0.0565     7.80    0.443   2.06   0      22.33     673.2034     46.81434
       123    852.8210    826.7254     4107.084     273.5688  15.9662   0.0723     8.55    0.511   1.60   2      24.94     792.1227     47.50042
       124    861.3526    825.7353     3212.331      194.799  16.2330   0.0659     8.15    0.480   4.28   3      23.32      848.056     47.65565
       125    382.4885    827.7578     2019.442     189.9285  16.7369   0.1021     4.97    0.271   3.82   0       14.8     503.7246     45.75195
       126    630.2884    815.6572     11790.19     304.9264  14.8212   0.0281     7.83    0.370  -0.43   0      65.16     1775.795     51.68611
       127    134.4888    815.2075     1693.201     186.7063  16.9282   0.1198     5.07    0.258  -1.12   0      12.93     387.0156     45.40371
       128    958.8488    811.0076     3311.322     221.7596  16.2000   0.0727     8.74    0.446   0.98   0      21.52     634.0878     46.73816
       129    237.1281    807.7700     9243.085     240.8299  15.0855   0.0283     7.32    0.427  -2.30   0       58.2     1697.259      51.5467
       130    632.9570    807.6410     10117.96     397.8298  14.9873   0.0427    11.37    0.551  -6.26   2      32.55     642.3008     46.43522
       131    467.9739    808.3370     3786.788     226.4017  16.0543   0.0649     3.97    0.339  -3.92   2      23.55     818.9808     47.62875
       132     93.0018    808.0049     3941.639     85.93298  16.0108   0.0237     0.00    0.002 -19.31   2      87.46     3957.932     60.70124
       133    873.7521    803.0801     2991.022     209.0579  16.3105   0.0759     8.78    0.547   1.19   0      22.04     652.5873     46.48554
       134    829.2809    801.9311     11959.03      221.615  14.8058   0.0201     7.15    0.376   3.76   0      74.58     2035.265     52.81473
       135    717.9930    802.3436     2294.746      151.267  16.5982   0.0716     7.14    0.513   1.81   0      20.59      619.235     46.66588
       136     82.5307    802.4951     3361.693      223.605  16.1836   0.0722     5.26    0.209  89.52   2      18.36     392.7811     45.07947
       137    698.4874    801.2751     2181.571     187.2998  16.6531   0.0932     7.54    0.498   0.47   0         17     474.2737     45.60542
       138    956.0433    796.5114     6693.487     276.6734  15.4359   0.0449     3.17    0.222   3.39   2      35.05     1287.839       49.494
       139    450.1317    798.0911     1262.705     92.54029  17.2467   0.0796     0.00    0.176  25.39   0      27.68     820.3389     47.29859
       140    425.7247    796.2265     3890.589     241.8588  16.0250   0.0675     8.10    0.417  14.14   0      25.43     751.0753     47.19088
       141    341.4936    797.0495     3076.692     166.6273  16.2798   0.0588     8.23    0.401   4.07   0      24.47     736.6194     46.78086
       142    884.5645    793.6711     1733.566     111.8315  16.9026   0.0701     4.63    0.588 -56.20   0         21      1373.41     50.09848
       143    461.7463    793.6606      4470.96     263.4625  15.8740   0.0640     9.05    0.396  -6.72   0      26.96     667.9234      46.9024
       144    558.0076    793.0146     4145.203     195.8844  15.9561   0.0513     8.84    0.507   2.55   0      31.19     892.1512     47.86548
       145    315.0564    792.8402     3450.572     230.7281  16.1553   0.0726     5.05    0.403  83.50   0      18.08     442.6581     45.68139
       146    633.0485    789.0578     5697.962     188.7175  15.6107   0.0360     8.44    0.456   1.15   0       42.3     1165.253     49.25337
       147    113.5487    790.7733     2426.232     201.9536  16.5377   0.0904     5.03    0.259  -3.44   0       14.1      453.714     45.96869
       148    824.8504    789.0294      3581.25     231.4329  16.1149   0.0702     8.33    0.507  -0.51   0      24.38     767.4539     47.38224
       149    545.9751    787.4650     3598.077     193.8797  16.1098   0.0585     8.83    0.454   4.91   0      25.18     674.1837     46.93273
       150     43.6045    786.4048     2912.259     106.9771  16.3394   0.0399     1.20    0.277 -43.80   0      49.43     2389.651     54.51409
       151     29.9115    785.5615     3472.621      144.062  16.1484   0.0451     0.00    0.318  84.38   0      52.39      2095.42     53.07296
       152    221.9261    781.2955     7931.783     236.2309  15.2516   0.0323     7.87    0.418  -0.68   0       51.1      1375.12      49.7863
       153    967.3795    778.9340     5138.147     223.0277  15.7230   0.0471     9.17    0.449  -0.98   2      35.04     1030.649     48.62829
       154    992.1050    777.3279     19810.19     313.8309  14.2578   0.0172     8.72    0.071 -18.00   3      98.21     3020.661      56.8036
       155    986.4714    772.4825     10527.88     232.4984  14.9441   0.0240     7.27    0.328 -15.54   3      74.28     2776.532     55.91364
       156    784.2108    777.1649     4900.059     194.0323  15.7745   0.0430     7.70    0.459   2.63   0      37.12     1125.173     49.28471
       157    515.1475    776.5348     6586.138     278.0258  15.4534   0.0458     8.45    0.431  -0.56   0      40.45     1075.663     48.72903
       158    390.0594    767.3793      8310.56     292.0154  15.2009   0.0382     8.92    0.417   2.24   0      45.51     1154.292     49.09439
       159    194.9670    766.9278     9281.233     100.3887  15.0810   0.0117     4.47    0.131  65.11   0        135      8864.92     76.90962
       160      6.9314    765.9884     41696.17     158.3612  13.4498   0.0041     0.00    0.174   8.81   0        297     40985.21     143.2314
       161    448.4846    761.4733     3126.165     177.5266  16.2625   0.0617     3.75    0.088   1.85   2      26.64     936.3568     47.74137
       162    453.5937    762.0000     1765.603     160.7392  16.8828   0.0989     5.81    0.428   1.80   3       16.8     592.7206     46.42197
       163    297.0534    760.6531     13402.09     241.4364  14.6821   0.0196     7.58    0.434   4.37   0      78.89     2727.021     56.09315
       164    660.3166    759.0730     9739.758      208.112  15.0286   0.0232     7.98    0.408   6.73   1       64.2     1872.161     52.00581
       165    715.2434    757.9759     9314.632     293.2502  15.0771   0.0342    10.02    0.437  -1.16   0      53.96     1567.195     51.17859
       166    589.3825    758.4786     2333.887     192.3921  16.5798   0.0895     4.30    0.233 -77.13   0      19.04     653.2322     46.83116
       167    647.6575    754.2695     31892.78     251.4641  13.7408   0.0086     7.34    0.359   1.53   0      164.6     5762.608     67.03951
       168    529.9982    756.3394     3054.694     91.17535  16.2876   0.0324     0.97    0.168  88.32   0      60.92     3034.686     57.23318
       169    142.6761    755.2192     2821.919     221.2574  16.3736   0.0851     6.03    0.354 -40.08   0      16.24       418.57     45.67815
       170    854.4308    755.1550     2301.244     210.8483  16.5951   0.0995     6.90    0.560   5.53   0      16.33      442.303     45.91224
       171    516.6815    747.0142     193669.7     394.5608  11.7823   0.0022     7.60    0.264   1.92   0      515.2     34484.09     132.5148
       172    921.6264    751.7582     8936.371     228.6193  15.1221   0.0278     8.37    0.407   2.67   0      56.67     1459.332     50.69733
       173    324.8803    751.7065     10256.38      314.972  14.9725   0.0334     8.00    0.330  -1.06   2      52.78     1079.932     48.63955
       174     45.1465    751.0094     2135.444     177.7583  16.6763   0.0904     4.05    0.176  -6.53   0      15.71      527.065     46.21481
       175    690.3380    745.4587     6823.867     301.6438  15.4149   0.0480     5.04    0.229 -40.72   2      29.43     894.7325     47.98886
       176    694.5302    745.4793     2635.485      196.172  16.4478   0.0808     3.95    0.175  88.98   3       15.9     552.1033     45.99164
       177    783.2617    744.9023      3212.76     185.7004  16.2328   0.0628     6.59    0.492   3.68   0      25.11     786.4995      47.1357
       178    810.4933    744.6517     3916.284     272.9228  16.0178   0.0757     7.82    0.544  12.02   0      20.46     450.6591     45.37033
       179    190.6056    744.1860     1294.781     121.2591  17.2195   0.1017     4.00    0.600 -55.50   0      16.24     737.3145     47.12456
       180    302.0355    743.6295     1853.837     185.4713  16.8298   0.1087     4.13    0.169   1.23   0       15.7     536.1448     46.37444
       181     64.4380    742.2727     3360.191     238.0265  16.1841   0.0769     9.02    0.509   4.39   0      23.37     662.1098     46.76045
       182    738.4120    740.2756     1427.585     156.0507  17.1135   0.1187     3.32    0.230  29.63   0      15.31     580.4882     46.47679
       183    675.8727    737.9674     16702.28     395.8964  14.4431   0.0257    15.42    0.616  -8.76   0      66.35     1180.184      49.2141
       184    869.4844    737.7690     2729.203     205.5592  16.4099   0.0818     5.07    0.269  -0.08   0       15.8     399.9473      45.3511
       185    170.9948    736.0830     1705.845      83.0714  16.9202   0.0529     1.72    0.211 -89.52   0      35.81     1548.217     50.98989
       186     39.5221    732.7103     46779.35      286.331  13.3249   0.0066     8.09    0.334   0.22   0      211.3      7823.39      73.6231
       187    359.5431    734.2913      4841.56     254.5331  15.7875   0.0571     8.03    0.483  -2.05   0      32.73     909.4425     47.72481
       188    153.9916    735.8089     2414.003     222.0407  16.5432   0.0999     4.81    0.331   4.91   0      18.42     577.3135     46.34648
       189    512.1654    731.1489     24816.54     289.3452  14.0131   0.0127     7.39    0.347   1.59   0      129.7     4106.465     61.25484
       190     83.0386    729.8502     3528.854     237.0667  16.1309   0.0730     4.34    0.188 -13.63   0       19.6     631.7893     46.61285
       191    880.9767    728.6599     1649.999     178.6338  16.9563   0.1176     5.94    0.537 -11.28   0      13.53     412.1408      45.5293
       192    393.5294    728.6384     2692.138     230.5582  16.4248   0.0930     6.96    0.430   1.32   0      17.25     469.5947      45.8152
       193    548.3864    725.7667     3741.326     255.6409  16.0674   0.0742     8.47    0.453   3.67   0      23.14     639.8223     46.99328
       194    217.0764    721.2711     61919.93     378.4149  13.0204   0.0066     7.75    0.341   1.95   2      249.3     6822.367     70.46525
       195      6.5713    724.9434     9010.399     242.8139  15.1131   0.0293     7.90    0.396  -0.01  16      57.37     1593.915     51.08902
       196    355.4962    725.4125     1919.527     175.9751  16.7920   0.0996     5.98    0.688 -18.79   0       15.1      458.476     45.76001
       197    401.8766    722.5012     3331.976     226.5332  16.1932   0.0738     5.00    0.258 -22.36   0      18.73     567.5075     45.95193
       198    271.4656    715.4441     101603.6     328.1837  12.4827   0.0035     7.57    0.306   0.42   0      352.1     17693.26      99.6392
       199    539.6337    713.9713     3639.874     221.4957  16.0973   0.0661     8.66    0.499  -1.85   0      27.45     799.6502     47.64834
       200    713.9138    705.8778     2660.812     85.64423  16.4375   0.0350     0.00    0.221  53.23   0      63.46     2370.371     54.23759
       201    658.9719    705.2067     2972.009     243.1942  16.3174   0.0889     7.26    0.367   9.91   0      17.62     505.2462     46.10739
       202    151.3116    704.7113     4231.123     219.0832  15.9339   0.0562     8.88    0.445   3.41   0      30.54     861.0543     47.60584
       203     97.0892    705.0931     4024.302     257.4488  15.9883   0.0695     9.49    0.472  -1.64   0      24.88     632.3713     46.50129
       204    706.6141    704.8843      1570.96     161.2915  17.0096   0.1115     6.83    0.604   3.08   0      13.44     378.6561     45.36185
       205    448.4962    700.7573     3405.917     243.5994  16.1694   0.0777     6.85    0.400  -3.23   2      21.05     572.0778     45.85852
       206    335.5926    698.0410     4944.813     224.6162  15.7646   0.0493     6.55    0.483  -0.87   0      35.81     1214.444     49.58736
       207    519.0482    694.1898     24735.28     257.1114  14.0167   0.0113     7.43    0.326   0.58   0      132.6     4397.137     62.49468
       208    142.7932    690.7541     8518.664     218.6681  15.1741   0.0279     9.68    0.425   3.12   0      54.06     1527.023     50.99989
       209    359.1939    690.3362     2599.506     218.6057  16.4628   0.0913     7.54    0.445  -6.16   0      17.95     505.2633     46.10747
       210    209.3900    690.2712     3841.407     222.9004  16.0388   0.0630     7.34    0.449   2.75   0      24.97     786.4448     47.36091
       211    386.1614    686.9989     7782.197     213.5807  15.2722   0.0298     2.52    0.636  42.60   3      55.78      2188.59     53.86744
       212    394.3498    686.0648     29936.46     310.9676  13.8095   0.0113     9.24    0.534   1.62   2      139.5     4883.179     64.07189
       213    916.0756    686.3687     4159.939     169.6753  15.9523   0.0443     8.21    0.487   2.51   0      32.83     926.4767     48.02819
       214    247.4998    687.7694     1756.785     197.1877  16.8882   0.1219     4.00    0.380  17.45   2      14.36      458.506     45.17441
       215    544.5455    684.4713     2730.368     234.6033  16.4094   0.0933     7.31    0.459   0.57   0      18.18     522.5483      45.9614
       216   1009.6408    675.6699     102960.6     333.1435  12.4683   0.0035     8.65    0.263  -3.33  16      355.2     17790.05     99.85975
       217    788.2368    682.9888     2203.879     210.7433  16.6420   0.1038     5.67    0.408   8.03   2      16.33     446.6598     46.04961
       218    354.5701    677.2096     9952.188     232.5084  15.0052   0.0254     8.09    0.404   2.31   0      63.82     1735.555     51.92086
       219    923.3763    674.8832     1299.896     83.56232  17.2152   0.0698     1.81    0.277 -18.90   0      30.87     1116.831     48.81166
       220    842.8179    669.3152     8414.505     366.5024  15.1874   0.0473     9.54    0.199 -18.52   2      34.38      945.677     48.00814
       221    836.1180    672.3117     4951.432     287.0792  15.7632   0.0630     8.59    0.112 -83.86   3       30.1     750.8604     47.07683
       222    704.8696    673.4378     7777.302     283.7306  15.2729   0.0396     7.42    0.450   0.72   2      48.62     1117.887     48.92557
       223    485.4160    672.9414     6055.397     247.6771  15.5446   0.0444     7.62    0.428  -1.04   0      40.37     1146.625     49.16734
       224    462.3252    674.2842     2449.091      205.897  16.5275   0.0913     5.75    0.305   7.70   0      18.73     584.7239       46.037
       225    206.3619    674.5209     2371.583     194.5015  16.5624   0.0891     7.35    0.384  -5.83   0      18.86     560.7923     46.26539
       226    816.0985    671.8713      3857.69     216.2462  16.0342   0.0609     9.05    0.518  -0.51   0      26.03     646.2038     46.10905
       227    405.5703    666.7175     3377.214     231.8076  16.1786   0.0745     8.97    0.581   5.06   0       21.7     601.5689     46.35049
       228    793.2383    664.1107     2893.468     90.77258  16.3465   0.0341     4.90    0.296  25.31   0      65.61     2515.643     54.84295
       229    695.2983    660.7568     3403.227      197.734  16.1703   0.0631     6.91    0.454   2.44   0      25.32     754.3785     46.75327
       230    472.7155    659.6668     1489.073     106.4418  17.0677   0.0776     2.82    0.445 -69.81   0      25.86     1047.519     48.37788
       231     40.8563    660.9603     1803.295     80.07811  16.8598   0.0482     0.97    0.083  -9.69   0      43.88     1769.518     51.86432
       232   1018.2443    653.1630     40014.71     251.9201  13.4945   0.0068     7.68    0.342   1.83  24      193.4     7735.874     73.56997
       233    325.3062    656.0217     2457.851     199.3347  16.5236   0.0881     4.96    0.189 -32.05   0      16.51     533.6721     45.78428
       234    839.6272    644.4350     29547.54     250.9325  13.8237   0.0092     7.60    0.358   2.02   0      154.4     5314.267     65.74544
       235    135.6006    644.1663     3841.353      247.796  16.0388   0.0701     9.08    0.401   2.25   0      24.02     691.6451     47.13036
       236    266.9143    643.3743     7824.911     337.3652  15.2663   0.0468     8.50    0.460   5.88   0      34.54     922.0517     47.78482
       237    689.0804    643.7496     2258.886     190.9136  16.6153   0.0918     7.35    0.509   6.37   0      16.96     564.9337       46.055
       238    606.3242    643.7327     2143.528     162.0963  16.6722   0.0821     7.62    0.455   3.12   0      18.55     567.1838     46.18158
       239    351.3258    642.3068     2819.594     183.7751  16.3745   0.0708     7.22    0.491  29.92   0      28.74     1262.472     49.37738
       240    546.6002    638.2214     2466.427     206.5618  16.5198   0.0910     4.40    0.144 -77.13   0      17.02     526.9086     46.09864
       241    568.0589    632.5033     6358.981     328.3633  15.4915   0.0561     9.93    0.466   2.82   0         26     667.3934     46.55787
       242    295.1989    632.9720     4302.566     280.9335  15.9157   0.0709     5.54    0.328  -1.37   0      22.12     664.3287     46.99845
       243    720.2709    629.9410     2922.712     225.5326  16.3355   0.0838     7.00    0.559  32.91   0      18.47     514.8749     46.03928
       244    472.5910    629.7918     6484.679     109.5565  15.4703   0.0183     2.25    0.296  31.58   0      87.81     5430.804     65.98582
       245    383.8533    630.0604     1575.488     174.0063  17.0065   0.1199     5.19    0.398   8.42   0      12.39     376.9916      45.4708
       246    811.6073    625.1531     24301.05     280.0467  14.0359   0.0125     7.56    0.380   1.17   0      127.9     4050.822      61.2223
       247    203.8282    628.8327     3924.532     94.73464  16.0155   0.0262     0.00    0.340  45.60   0      82.55     3604.422     59.54209
       248    781.3483    624.0588     6199.987     246.7327  15.5190   0.0432     8.55    0.386  -1.64   0      41.43     1096.281     48.93407
       249    546.8074    623.8788      6423.02     118.7653  15.4807   0.0201     2.62    0.484 -74.97   0      81.02     4824.994     63.86517
       250    608.6155    620.1572     19729.81     277.2742  14.2622   0.0153    10.08    0.360   3.58   0      106.5     3078.833     57.50093
       251    130.1595    621.2021      6020.27     225.7018  15.5510   0.0407     7.54    0.453   1.70   0      42.18      1177.55     49.41798
       252    567.2498    622.0832     1212.832     83.32518  17.2905   0.0746     2.25    0.225  13.26   0      33.68     995.9979     48.13524
       253    584.0668    618.7817     7093.605     190.3908  15.3728   0.0291     7.55    0.446   3.04   0      48.47     1379.749     50.23338
       254    632.9028    616.6313     5894.505     224.3914  15.5739   0.0413     4.47    0.155   9.29   3      43.87     1561.841      50.5262
       255    293.0975    612.1631     40253.18     285.3347  13.4880   0.0077     9.12    0.339   3.83   0        189     6522.109      69.3366
       256    829.9123    611.3936     12963.71     223.2402  14.7182   0.0187     7.70    0.406  -1.15   0      80.21     2154.412     53.42477
       257    945.3157    612.5080     1819.288     193.1669  16.8502   0.1153     5.40    0.112  66.67   0      13.77     413.6948     45.41994
       258    697.4828    610.7222     6811.558     257.8401  15.4169   0.0411     9.30    0.421  -6.17   2      38.75     790.0814     47.03988
       259      6.1622    611.5125     3586.383     220.2348  16.1134   0.0667     7.80    0.440   8.78  16      23.38     617.0586     46.31151
       260    553.1299    609.0078     6744.711     255.7065  15.4276   0.0412     7.57    0.367   1.35   0      41.83     1173.831     49.18476
       261    258.2430    608.2396     10908.09     279.1617  14.9056   0.0278     7.57    0.415   1.39   0      62.97     1850.118     52.21632
       262    111.0524    608.0424      9883.19     224.2772  15.0128   0.0246     8.77    0.432   3.80   0      62.15     1784.455      52.0322
       263    407.9969    607.9956     3085.346     83.63763  16.2767   0.0294     4.17    0.003  87.75   2      76.98     3184.499     57.73284
       264    337.3112    596.7519     25619.22      289.975  13.9786   0.0123     9.51    0.354   0.83   0      130.9     4162.386      61.2884
       265    298.3305    595.2496     30679.21     324.4912  13.7829   0.0115     8.98    0.471 -17.86   0      145.4     3966.953     60.73501
       266    611.6268    597.8315     2799.181     153.7649  16.3824   0.0597     8.88    0.532  -0.45   0      21.97     566.3638      46.5223
       267    421.7158    598.4532     2161.521     214.4561  16.6631   0.1077     4.88    0.188  -9.64   0      14.91     476.5873     45.61694
       268    811.0043    593.6279     2989.425     183.2598  16.3110   0.0666     6.98    0.535   3.35   0       21.4     640.1992     46.88162
       269    591.7551    593.8250     2183.211     174.7983  16.6523   0.0870     3.79    0.231  15.24   0      19.05     654.3584     46.95021
       270    173.0744    593.4257     2122.475     198.2815  16.6829   0.1015     4.24    0.110  19.23   0      16.48     501.3109     45.97227
       271    578.2960    589.1464     8852.835     252.8777  15.1323   0.0310     4.77    0.356   8.40   2      57.67      1115.87     48.58843
       272    637.6105    617.8262     2768.447     174.7974  16.3944   0.0686     4.46    0.437  79.18   3      26.49     1018.867     48.57319
       273    739.9967    590.4843     5176.287     247.9456  15.7150   0.0520     7.86    0.470  -1.04   0      34.71     944.1121     48.22215
       274    144.9187    581.0629     69614.87     332.7787  12.8932   0.0052     7.76    0.272   1.57   2      260.7     10634.05      81.8409
       275    949.0744    586.9452     4213.969     86.65025  15.9383   0.0223     0.00    0.016  23.81   0       73.7     4122.721      61.2282
       276    461.9976    585.2110     2602.373     228.7297  16.4616   0.0955     7.10    0.238 -63.87   0      18.24     518.8774     46.05903
       277    284.7250    577.5311      2799.43     223.0328  16.3823   0.0865     7.90    0.539  -0.79   0      19.17     561.9857     46.15599
       278    384.8020    575.5684     5787.195     200.4554  15.5938   0.0376    11.35    0.414   7.89   0      39.05     1014.674     48.66315
       279     54.5805    571.1179     27233.14     267.8977  13.9123   0.0107     7.92    0.353   1.71   0      141.2     4785.134     63.72317
       280    438.5562    571.7257     2787.902      223.021  16.3868   0.0869     7.80    0.533  -0.27   0      19.23     539.8821     46.16256
       281    977.6285    568.8079     3343.998     208.8046  16.1893   0.0678     7.86    0.477   4.30   0      23.96     634.1451     46.73844
       282     95.2067    565.1723     2188.876      201.025  16.6494   0.0997     7.39    0.525   4.21   0      15.79     447.9431     45.82406
       283     44.9920    564.9610     2380.311     89.47854  16.5584   0.0408     4.59    0.098  -0.75   3      45.16     1937.782     52.79865
       284     40.4298    564.1606     7509.735     292.7592  15.3109   0.0423     7.74    0.316  -9.22   3       44.9     1604.324     51.34321
       285    915.9955    564.8024     2145.756      208.137  16.6710   0.1053     6.46    0.720   8.90   0      14.36     380.2974     45.37007
       286    340.3679    564.6158      1700.05     174.1689  16.9238   0.1113     5.66    0.171 -44.02   0      15.01      511.507     46.25354
       287    853.2529    562.6351      5148.39     283.0319  15.7208   0.0597     8.41    0.494   6.01   2      31.24     659.6114     46.74831
       288    185.8631    562.0046     2485.257     81.99077  16.5116   0.0358     0.90    0.094   2.74   0      58.81     2424.323     54.75581
       289    462.3878    560.1215     2555.409     206.0144  16.4813   0.0876     4.79    0.201 -68.62   0      16.27     469.9718     45.81707
       290   1019.1395    557.3963     2739.649     198.9877  16.4058   0.0789     7.46    0.573  -0.60  16       18.8     567.5679     46.41357
       291     41.7758    555.4177     5495.306       254.07  15.6500   0.0502     8.59    0.452   2.43   0      35.93     994.2172     48.56752
       292    882.9393    552.1540     3945.431     87.47872  16.0098   0.0241     0.92    0.063 -73.38   0      72.43     3923.672     60.57283
       293    774.9400    551.4077      3917.44     250.0055  16.0175   0.0693     9.64    0.598   1.87   0      23.21     498.1938     46.07261
       294      8.6463    550.5403     6878.851     268.5236  15.4062   0.0424     8.12    0.472   1.13  16      42.38     1179.281     49.20993
       295    684.5122    549.2997     3765.496     181.3053  16.0604   0.0523     8.31    0.488   4.39   0      28.34     767.4525     46.93042
       296    662.8665    546.5060     30438.42     250.6779  13.7914   0.0089     7.35    0.362   1.06   0      158.2     5487.779     66.10123
       297    828.0206    545.7541     3011.712      223.249  16.3030   0.0805     8.19    0.512  -2.64   0      20.05      498.135     46.18779
       298    151.0446    543.8671     7235.665     102.3705  15.3513   0.0154     0.00    0.267 -71.48   0      117.2     6844.554     70.68764
       299    240.5337    541.6593     2815.384     216.3823  16.3762   0.0835     6.44    0.174  24.41   0       16.9     476.0373     45.84715
       300    834.6224    536.4254     6450.449     267.1657  15.4760   0.0450     8.19    0.375   2.78   2      39.18     1118.834     49.14721
       301    518.6245    540.3265     2193.967     186.6026  16.6469   0.0924     3.56    0.161  -7.31   0      17.89     616.5538     46.53851
       302    300.3811    536.5020      28578.3     278.2818  13.8599   0.0106    14.04    0.389   8.14   0      144.7     4433.644      62.2006
       303    803.9812    538.8443     3003.249     89.57253  16.3060   0.0324     0.00    0.236  82.09   0       68.6      2737.32     56.13486
       304    334.9933    536.6475     1071.607     112.8629  17.4249   0.1144     6.44    0.582  33.78   0         18     639.1702     46.76287
       305    727.5327    533.8979     1822.271     186.1493  16.8485   0.1109     5.55    0.380  -5.60   0      14.96     485.2832     45.66025
       306    635.5056    527.4094     3324.003     221.1713  16.1958   0.0723     8.67    0.504   0.53   0      22.49     595.4589     46.43538
       307     24.9568    528.4904     1869.793     196.6419  16.8205   0.1142     5.96    0.750   0.08   0      14.36      320.953     44.83484
       308    279.7230    524.5372     9690.634     214.3631  15.0341   0.0240     8.84    0.392   1.15   0      61.57     1653.243     51.24843
       309    439.5797    523.0849     2404.747     179.5914  16.5473   0.0811     8.54    0.458  27.15   0      19.41     476.8092     45.61805
       310    997.8264    521.1972     2374.566     193.1309  16.5610   0.0883     6.71    0.577   3.06   0      18.19     567.6824     46.41413
       311    909.1119    518.7288     7102.352     103.3704  15.3715   0.0158     1.01    0.042  34.64   0      97.01     6862.224     70.59368
       312    114.6886    513.2580     2064.414     192.0735  16.7130   0.1010     5.19    0.151 -21.07   0      17.81     590.4875     46.18093
       313    936.8292    510.6288     3119.406     201.4142  16.2648   0.0701     9.15    0.434  -2.19   0      21.81     526.8418     46.32883
       314    210.7632    511.3040     1601.903     147.5392  16.9884   0.1000     3.69    0.129 -68.25   1       15.7     534.9928     45.67436
       315     23.5748    509.4154     13177.65     239.5633  14.7004   0.0197     7.74    0.404   2.65   0      79.63     2312.838     54.38912
       316    778.8247    503.5795     150635.7     400.7733  12.0552   0.0029     7.74    0.134  17.45   0      433.6     22470.48     110.0942
       317   1022.3359    510.1147     1278.471     126.6016  17.2333   0.1075     4.63    0.266  13.51  24      14.07     466.3973     45.56615
       318    727.0991    509.1214     1405.624     85.42274  17.1303   0.0660     3.74    0.307  44.83   0      38.76     1087.601     48.45602
       319    427.1848    508.1349     7412.942     307.7645  15.3250   0.0451    10.13    0.437   3.74   0      38.96     992.6648     48.34038
       320    255.9664    508.7910     2153.531     181.4879  16.6671   0.0915     2.62    0.176  88.22   0      15.48     556.8445     46.47578
       321    743.4807    506.9711     1612.004     166.2274  16.9816   0.1120     4.91    0.361 -27.28   0      13.84     492.9317     45.93082
       322    983.9854    503.3586     2666.761     195.5283  16.4350   0.0796     7.92    0.529  -2.45   0      20.04     616.0427     46.87813
       323    110.1957    499.3340     11098.84     206.3898  14.8868   0.0202     0.00    0.497  18.13   0      76.91     1753.161     51.89533
       324    614.1576    499.7351     5651.853     287.6331  15.6195   0.0553     8.59    0.516   2.14   0      31.53     855.5654     47.69145
       325    370.8683    499.0024     11103.99     262.6124  14.8863   0.0257     7.75    0.401   3.66   0      68.79      1993.25     52.93634
       326    561.3137    497.2292     4046.506     267.1145  15.9823   0.0717     6.74    0.224   6.02   0      22.37     563.1634     46.16179
       327    468.1140    496.0998     10532.73     275.9759  14.9436   0.0285     7.37    0.328  -4.66   0      60.47     1600.427     50.80441
       328    690.3547    494.7862     4718.731     216.5351  15.8154   0.0498     8.44    0.448   5.17   0      32.51     938.6725      48.3069
       329     73.4018    494.0157     2654.993     202.2109  16.4398   0.0827     4.64    0.173 -12.35   0      18.63     571.4196     46.31757
       330    214.9060    493.7176     11242.15     114.4544  14.8729   0.0111     0.00    0.389  71.15   2      144.1     10067.58     80.31875
       331    220.4289    477.5205     407939.1     511.9848  10.9735   0.0014     7.59    0.279   1.33   2      772.2     70313.32     183.9733
       332    883.5854    486.3199     3512.849     203.1727  16.1359   0.0628     8.14    0.431  15.72   0      24.42     623.9865     46.57479
       333    760.9575    477.8167     50077.04     292.6004  13.2509   0.0063     7.84    0.264  -5.76   0      219.5     8295.324     75.34911
       334    465.6819    479.5669     4594.399     206.9688  15.8444   0.0489     8.86    0.428   2.19   0      32.15     789.5535     47.26326
       335    796.0271    477.9984     5427.759     89.77744  15.6634   0.0180     0.00    0.030   0.24   0       98.8     5208.586      65.3791
       336    666.0508    476.7817     3673.521     169.0225  16.0873   0.0500     9.84    0.303   5.94   0      27.86     835.4394     47.70722
       337    303.6589    474.9905     6038.306     271.7599  15.5477   0.0489     5.84    0.638 -11.93   3      32.05     708.4188     47.09822
       338    292.8407    474.5674     5124.073      235.784  15.7260   0.0500    10.58    0.566   2.82   3      30.29     908.0391     48.16256
       339    102.9716    471.9785     2493.812     212.3138  16.5078   0.0925     6.44    0.248  60.48   2      17.35     546.8288     46.42678
       340    337.7466    470.4489     2983.542     210.9521  16.3132   0.0768     8.74    0.506   4.38   0      23.03     608.1608     46.61192
       341    161.2100    466.3340     4244.354     267.7805  15.9305   0.0685     9.22    0.503   8.92   0      25.22     680.1057     46.84784
       342    466.4500    464.1107      1901.27     157.5863  16.8024   0.0900     6.35    0.365   4.20   0      15.71     413.6807     45.30244
       343    276.7626    464.6623     2205.707     205.6282  16.6411   0.1012     5.33    0.235  22.14   0      15.71     447.6529     45.70623
       344     53.6185    463.4724     8952.339     304.9947  15.1202   0.0370     8.05    0.447   3.03   0      50.52     1326.643     49.99253
       345    248.0041    461.8540     20148.55     121.4548  14.2394   0.0065     4.43    0.105 -89.29   0      192.7     20242.92      105.345
       346    927.7474    457.7717     2525.076     193.3079  16.4943   0.0831     7.19    0.452   1.98   0      18.69     573.9931     46.44502
       347    521.5146    458.0034     10835.65     122.6607  14.9129   0.0123     0.00    0.462  -0.22   0      134.6     9129.953     77.82587
       348    435.6004    456.3523     1565.564     175.5173  17.0133   0.1218     4.84    0.137 -44.41   0      14.01     447.7414     45.70667
       349    379.5520    455.9767     3114.002     246.5886  16.2667   0.0860     6.72    0.601  -2.48   0      15.81     376.3599     45.58464
       350    865.6635    454.9940     4747.461     113.1854  15.8088   0.0259     3.22    0.503  -0.61   0       76.1     3675.138     59.72228
       351    725.7567    450.1180     2878.691     174.1778  16.3520   0.0657     8.71    0.447   9.44   0      21.29     587.3434     46.16545
       352    839.1224    436.1923     6789.975      244.023  15.4203   0.0390    10.32    0.466   2.23   2      44.33      1384.11       50.147
       353     75.4291    436.3357     5818.266     221.9269  15.5880   0.0414     8.58    0.435  -0.89   0      39.87     975.6974     48.26054
       354    326.8815    435.8201     5321.087     268.6928  15.6850   0.0548     8.99    0.472  -0.85   0      31.71     877.7012     47.79682
       355    243.7936    431.0989     85064.95     315.6807  12.6756   0.0040     7.75    0.323  -0.05   0      314.1     14789.96     92.78088
       356      9.9356    435.6508     3452.101     236.9931  16.1548   0.0746     4.44    0.286 -20.53  16      17.92      560.475     46.26383
       357    417.0079    430.2774     2421.492     85.00677  16.5398   0.0381     0.86    0.155 -89.96   0      57.06     2506.406     54.99869
       358    969.1003    429.9835     1632.369      177.114  16.9680   0.1178     5.04    0.199  -0.78   0      13.76     448.1444     45.47501
       359    201.0048    426.4824     4809.868     238.2917  15.7947   0.0538     7.97    0.451  -0.30   2      31.13     1023.066     48.59284
       360    119.3297    427.5946     4194.616     249.1909  15.9433   0.0645     4.33    0.254  -6.50   0      21.91     645.1718     46.67805
       361    121.7762    436.1857     6715.556     250.9495  15.4323   0.0406     8.34    0.488   6.47   0       42.7     1228.677     49.54517
       362    109.3409    422.3682     2866.835     218.8835  16.3565   0.0829     7.95    0.529  -1.72   0      19.19     576.8187     46.22897
       363    642.8785    419.3118     2993.277     220.8312  16.3096   0.0801     6.92    0.484  -0.68   0      21.14     569.8036     46.07903
       364     11.0254    417.6037     4814.821     254.5092  15.7935   0.0574    11.61    0.579 -22.87  16      25.41     610.3066     46.62238
       365    930.9666    411.4818     1377.599      163.481  17.1522   0.1289     4.90    0.634   0.72   0      13.02     389.5911     45.29917
       366    403.9511    407.3730     43059.61     270.3773  13.4148   0.0068     7.70    0.337   1.72   0      201.3     7547.042     73.05724
       367    780.2783    402.6407     3148.035      220.387  16.2549   0.0760     7.90    0.550  18.02   0      19.95     527.0743     46.09946
       368     21.3140    400.2059     1952.636     102.3487  16.7734   0.0569     4.01    0.545 -18.31   0      37.79     1343.312     49.96176
       369     80.9865    398.1906     1598.578     152.8537  16.9907   0.1038     5.24    0.324  67.03   0      15.63     498.8761     45.96023
       370    705.1466    397.8233     1823.782     172.0235  16.8476   0.1024     5.35    0.308  12.04   2      17.38     590.4924     46.52569
       371    160.3154    394.7119     4423.245     243.4552  15.8856   0.0598     8.29    0.462   3.05   0      28.97     796.1109     47.29478
       372    220.8423    393.9952     5053.417     243.4965  15.7410   0.0523     8.43    0.539  -0.53   0      30.75     811.9056     47.70676
       373    466.1907    393.3661     3359.449      273.921  16.1843   0.0885     8.41    0.630   0.51   0      19.02     492.9347     46.16219
       374    113.9343    390.8747     2616.381     215.5563  16.4557   0.0895     5.88    0.522  -6.41   0      15.86     446.2432     45.58252
       375    429.6393    388.0096     6097.606     254.6082  15.5371   0.0453     7.72    0.492   0.85   0      41.79     1240.742     49.81479
       376    319.1581    385.8864      2498.01     198.0402  16.5060   0.0861     5.15    0.228 -26.00   0      15.88     415.6723     45.31244
       377    864.7195    381.5594     4309.195     241.1499  15.9140   0.0608     8.77    0.487  -0.13   0      28.33     696.2318     46.81236
       378    539.2318    380.2299     3675.198     227.4635  16.0868   0.0672     8.52    0.495  -1.40   0      25.53     718.5659        47.26
       379    211.4178    378.2307     5541.502     311.9785  15.6409   0.0611     8.51    0.381  -1.66   0      26.87      760.409      47.4608
       380    608.2166    376.4478     2949.744     235.9472  16.3255   0.0869     4.50    0.110   6.21   0      18.47     532.3608      46.3559
       381   1009.8113    369.0215     99021.88     326.3909  12.5107   0.0036     7.87    0.290   2.34  18        348     17200.53     98.56296
       382    140.6541    369.2310     3524.901     257.5251  16.1321   0.0793     7.64    0.583  -1.35   0         20     550.1194     46.09753
       383    210.2333    367.3108     2221.916     189.4691  16.6332   0.0926     6.69    0.256 -25.70   0       18.4     608.8377     46.27115
       384    111.0037    362.5272     9983.293     239.8677  15.0018   0.0261     8.20    0.411   2.20   0      62.89     1808.844     52.03636
       385    631.3133    363.3177     1777.895     181.7511  16.8752   0.1110     5.07    0.200 -42.28   0      13.72     459.2802     45.64747
       386    470.6398    358.0025     6935.773     268.5717  15.3973   0.0421     8.61    0.363   5.29   0      42.57     1329.611     50.11243
       387    156.1885    354.3919     4933.467     241.1861  15.7671   0.0531     7.99    0.480   2.27   0      33.34     917.8146     47.98718
       388     94.7419    354.6451     3786.077     242.8596  16.0545   0.0697     7.25    0.388   1.59   2      23.64     749.8119     47.18479
       389    948.0016    348.2451     25082.81     282.5717  14.0016   0.0122     7.74    0.382   0.46   2      126.6     4059.074     61.25292
       390    129.6827    351.5191     7073.911     273.5998  15.3759   0.0420     8.50    0.466  -3.36   0      39.47     1172.099     48.85073
       391    314.8495    350.4457     3240.244     242.8972  16.2236   0.0814     7.62    0.421  -3.87   0       19.2     509.9558      46.1306
       392     20.1264    347.4801     3561.792     209.6775  16.1208   0.0639     8.67    0.423  -1.35   0       24.4     673.9061     46.58965
       393    646.0836    343.4305     12609.65     258.3023  14.7482   0.0222     7.14    0.407   0.08   0      74.84     2161.674     53.45565
       394    534.6231    344.8775     5231.808     168.7541  15.7034   0.0350     5.79    0.073  59.84   2      48.22     2348.666     54.34295
       395    388.3414    345.2768      3099.29     218.5162  16.2718   0.0766     7.57    0.456  -3.81   0      20.66     654.0732     46.60723
       396    454.0958    352.5846      2785.46     203.6693  16.3878   0.0794     7.83    0.394  -8.94   0      19.25     534.9415     45.90675
       397    478.9090    332.1503     79671.91     310.4898  12.7467   0.0042     7.67    0.312   1.32   0      302.5     13405.09     89.20481
       398    330.3594    335.8769     6445.298     208.9914  15.4769   0.0352    10.75    0.452  -1.18   0      44.34     1294.503     49.73923
       399    360.4117    334.1645     25657.84     247.3845  13.9769   0.0105     7.48    0.356   2.32   0      137.5     4680.562     63.60085
       400    168.6649    327.6467     26949.21     271.6076  13.9236   0.0109    14.45    0.409  -4.55   0      137.3     4183.903     61.54149
       401    664.4642    331.8479     2222.602     144.8608  16.6328   0.0708     5.67    0.480  10.27   0      27.06     1107.372      48.8767
       402    735.8630    329.9035     4261.131     258.6893  15.9262   0.0659     8.77    0.549   4.71   0      23.29     625.7758     46.35427
       403    253.0953    325.4521     14571.43     285.8794  14.5912   0.0213    12.52    0.326   4.29   0      80.49     2114.941     53.05619
       404    636.2922    324.8929     7903.456     271.3594  15.2555   0.0373     7.57    0.473   1.41   0      46.59     1283.673     49.58241
       405     82.1937    321.7133     5266.479     289.1764  15.6962   0.0596     7.64    0.431  -0.55   0      29.47     785.0845     47.35438
       406    416.1371    321.0039     4360.235      224.024  15.9012   0.0558     7.66    0.493   1.65   0      30.19     897.2605     48.00083
       407    591.7838    316.5967     4616.825     270.0759  15.8391   0.0635     7.99    0.391  18.02   2      30.31     556.5145     46.24437
       408    137.5455    320.0309     2258.452     179.4062  16.6155   0.0863     7.77    0.628   6.95   0      18.13     501.0185     45.85481
       409    610.2003    318.3831     1383.111     159.3641  17.1479   0.1251     3.88    0.178 -36.33   0      13.33     475.5254     45.84462
       410    857.9098    317.0627     3130.102     234.4229  16.2611   0.0813     9.26    0.535  -2.07   0      21.24       543.57     45.94945
       411    229.4579    315.6716      2015.25     190.6233  16.7392   0.1027     4.35    0.285 -56.09   0       16.4     517.4816     45.93633
       412      4.6548    311.2018     2296.378     181.6667  16.5974   0.0859     7.74    0.494  24.94  16      17.94     481.8048     45.87574
       413     20.4297    308.2978     6102.058     278.5875  15.5363   0.0496    10.88    0.496  -3.88   0      36.47     934.1141     47.61897
       414    223.2111    308.0530     1768.197     182.4702  16.8812   0.1121     5.28    0.475 -69.06   0      13.28     352.8116     45.34978
       415    328.1677    305.1546     1568.301     91.84927  17.0114   0.0636     5.06    0.345  37.85   0      41.69     1257.246     49.78315
       416    251.3772    302.4121     20798.68      344.452  14.2049   0.0180     8.51    0.371   0.60   0      97.95      2778.39     56.20621
       417    806.3275    304.4180      2269.96     166.3259  16.6100   0.0796     3.73    0.201 -27.30   2       20.1     722.8117     47.16762
       418    557.5783    307.3127     4414.434     212.4881  15.8878   0.0523     8.00    0.462   2.31   0       30.7      863.198     47.50408
       419    709.9215    300.9203     11966.29     106.2938  14.8051   0.0096     4.48    0.124  44.32   0      151.1     11641.33     84.52889
       420    816.2578    294.5620     1851.133      185.468  16.8314   0.1088     6.83    0.498   5.59   0      15.16     455.9582     45.74751
       421    371.6002    292.0453      5035.93     241.8339  15.7448   0.0522     7.83    0.484  -1.60   0      31.67     888.0172     48.06798
       422    158.1952    289.9987     1202.304     80.03531  17.3000   0.0723     2.37    0.174  -4.95   0      36.25     1014.457     48.44273
       423    443.4759    287.4459     1850.839     203.2798  16.8316   0.1193     5.49    0.016 -16.56   0      14.69     454.9162     45.62574
       424    963.7661    284.5180     5260.257     255.4285  15.6975   0.0527     8.04    0.470   0.11   0      31.86     828.3776     47.44958
       425    596.1509    281.9392     2052.562     188.5609  16.7193   0.0998     5.90    0.402   6.82   0      16.53     546.2779     46.19404
       426   1014.1208    278.2181     1893.013     178.9427  16.8071   0.1027     3.87    0.069 -31.46   0      14.72     529.1318     46.22498
       427    970.6775    276.3877     11593.69     236.9344  14.8394   0.0222     7.35    0.406   2.11   0      72.91     2157.708     53.53837
       428    871.7864    273.1075     56826.02     292.3813  13.1136   0.0056     7.86    0.341   0.47   0      241.7     9792.248     79.46884
       429    183.4918    277.7591     2433.927     181.8387  16.5342   0.0811     2.77    0.275  -0.52   0      16.36     546.5329     45.84807
       430    346.7151    275.1738     1962.688     192.6456  16.7679   0.1066     6.10    0.310 -53.77   0      15.85     459.6707     45.64941
       431    754.6091    270.1838      5747.75     116.3269  15.6013   0.0220     6.19    0.444 -69.53   0      71.63     3847.596     60.28672
       432    161.0107    268.7681      3343.48     215.0869  16.1895   0.0699     8.61    0.504  -0.70   0      23.82     644.6265     46.90308
       433    708.2942    266.7683     3170.374      152.577  16.2472   0.0523     8.67    0.463  57.55   0      32.53     1334.521     49.49312
       434    689.8201    268.0634     3939.614     242.4547  16.0114   0.0668     8.30    0.452   2.19   0      25.09     723.9082     47.05986
       435     61.6430    263.9586     7409.286     256.2965  15.3256   0.0376     7.85    0.433  -0.60   0      48.23     1390.535     49.96335
       436    763.5555    263.9745     3242.427     251.5178  16.2228   0.0842     8.28    0.501  -2.34   0      18.62     474.1754     46.06974
       437    825.7391    261.6753     5682.589     243.5369  15.6136   0.0465     8.48    0.495   1.53   0      36.65     975.7035     48.26057
       438    419.4027    261.1735     10453.89     236.4025  14.9518   0.0246     7.07    0.394  -0.45   0      63.65     1868.463     52.49941
       439    749.6189    259.0353     21442.25      177.722  14.1718   0.0090     0.00    0.240  27.34   0      154.6     12407.25     86.93214
       440    901.7548    259.1882     4344.749     214.9066  15.9051   0.0537     8.16    0.539   3.18   0      30.46     837.4362     47.82823
       441    144.3262    255.4096     10302.74     226.4728  14.9676   0.0239     7.24    0.415  -3.52   0      66.25     1990.537     52.92469
       442    270.6557    253.1760     1054.046     94.87629  17.4429   0.0978     2.54    0.456  64.73   2       22.7     1010.192     48.42271
       443    964.7151    254.0135     4560.591     219.4247  15.8524   0.0523     8.33    0.511   1.28   0      31.66     890.5887     47.74663
       444    601.9486    251.9666       1890.4     169.7745  16.8086   0.0975     3.75    0.303   0.96   0      15.96     562.7809     46.27516
       445      6.1832    243.1674     235447.3     401.3546  11.5703   0.0019     8.15    0.251  -1.24  24      580.3     40499.68     142.5336
       446    690.3090    245.5947     6514.864     265.7213  15.4652   0.0443     8.23    0.476   2.08   0       39.8     1031.428     48.52228
       447    516.2609    247.0031     2247.699     203.0683  16.6207   0.0981     7.09    0.579   0.76   0      15.28     381.6762     45.49421
       448    737.2601    241.5683       2557.1     200.7787  16.4806   0.0853     4.53    0.243   1.27   0      19.99     688.7772     46.88988
       449    389.4855    239.0464     2889.067     199.1582  16.3481   0.0749     5.39    0.265  -5.35   0      21.54     683.7842     46.63782
       450    170.7600    231.3967      30854.5     271.4435  13.7767   0.0096     7.63    0.343  -2.44   0      155.5     5486.967     66.33975
       451    664.6670    232.0377     6313.031     232.9598  15.4994   0.0401     9.04    0.510   0.04   0      41.56     1128.455     48.97464
       452   1019.5343    225.9924     11008.21     215.7555  14.8957   0.0213     7.33    0.318  -1.42  24      73.21     2436.712     54.70993
       453    220.4433    223.8180     42630.12     277.7946  13.4257   0.0071     8.01    0.311   1.50   0      198.3     7870.877     74.05781
       454    395.7736    222.4339     9089.209     225.2517  15.1037   0.0269     7.96    0.432   0.20   0      57.59     1570.221     51.19203
       455    466.2863    243.5768     51979.66     282.9983  13.2104   0.0059     7.55    0.334   1.05   0      227.8     9049.049     77.31416
       456    685.9552    221.5847     7542.688     229.5618  15.3062   0.0331     6.99    0.445   3.36   0      50.08     1445.745     50.63638
       457    604.3489    219.9189     1881.619     177.4335  16.8137   0.1024     3.12    0.274 -14.52   0      13.97     464.8463     45.55841
       458    190.9529    218.3729     9547.018     393.8013  15.0503   0.0448    12.07    0.614 -11.06   0      32.89     891.9844     48.08674
       459    643.2247    215.5724     8179.443     214.6243  15.2182   0.0285     7.97    0.476   2.48   0       54.1     1538.795     51.05231
       460    118.5304    206.0230     1465.558     154.3905  17.0850   0.1144     3.23    0.332 -27.57   0      14.05     499.4641     45.96314
       461    486.3043    202.7240      1221.88     83.34986  17.2824   0.0741     2.01    0.272 -45.30   0      30.58     1222.902     49.19492
       462    419.9940    197.5804     5467.408     258.2044  15.6555   0.0513    10.87    0.513  10.37   3      32.13     987.0774      48.3141
       463    416.5989    190.7144     36471.22     273.1971  13.5951   0.0081     7.85    0.341   0.95   2      176.6     6503.454     69.73523
       464    347.2220    198.1032     4548.634     215.7402  15.8553   0.0515     7.83    0.443  -2.10   0       31.7     838.2574     47.27206
       465    955.5839    197.5508     2961.521     226.1613  16.3212   0.0829     4.58    0.241  -0.04   2      18.86     619.2891     46.78014
       466    731.2588    192.9285     72441.05     303.8391  12.8500   0.0046     7.85    0.313  -0.02   0      283.7     12627.89     87.32428
       467    464.3394    196.2965     4219.086     192.5426  15.9370   0.0496     8.57    0.513   3.01   0      29.91     837.2936     47.37998
       468    241.2055    194.0331     10671.35     208.4892  14.9295   0.0212     7.94    0.420  -0.24   0      69.48     2078.646     53.40156
       469    937.2221    191.2103     3755.547     213.0361  16.0633   0.0616     3.84    0.171   4.87   2      26.75     944.5255      48.2241
       470    945.4037    183.2320     4165.524     277.0031  15.9508   0.0722     9.28    0.433   2.81   0      23.76     622.2291     46.79443
       471    298.9000    181.2580     13471.32     258.5448  14.6765   0.0208     7.67    0.360   0.98   0      80.48     2270.751     53.71947
       472    857.6414    183.1002     1563.763     177.7765  17.0146   0.1235     2.82    0.274 -17.58   0      13.78     513.6418     45.45095
       473     60.7251    176.4705     6326.913     306.9615  15.4970   0.0527    11.06    0.171 -28.07   2      31.85     649.4908     46.58488
       474    511.2878    175.7250      5343.55     114.3761  15.6804   0.0232     0.00    0.300 -42.37   0      91.56         4592     62.86134
       475    548.4608    192.0888     9030.891     258.7617  15.1107   0.0311     8.03    0.432   1.84   0      55.67      1529.67     50.59229
       476      2.5624    172.2574     2059.512      158.656  16.7156   0.0837     3.70    0.016   7.61  24      17.22     551.1129     46.21782
       477    770.4830    169.9817     3477.377     246.3834  16.1469   0.0769     7.07    0.258  81.46   1      21.61     565.8295     46.29013
       478    301.8897    170.9590     6338.211     257.9393  15.4951   0.0442     8.43    0.455   1.96   0      40.56     1175.856     48.97709
       479   1006.3484    165.8474     4176.844     201.9456  15.9479   0.0525     9.92    0.476  -4.97   0      27.26     658.9114     46.85872
       480    209.9188    164.9444      3595.58     225.6202  16.1106   0.0681     7.57    0.394   8.57   3      23.01     658.1671     46.51281
       481    204.7618    159.3719      3850.38     231.6971  16.0362   0.0654     8.06    0.493   4.97   2      28.02     802.3938     47.66142
       482    661.7841    164.0071      1502.56     157.0103  17.0579   0.1135     3.51    0.214   0.20   0      13.92       500.47     45.96811
       483    613.4647    162.2401     3552.321     193.1379  16.1237   0.0590     9.21    0.471   7.86   0      26.86     725.8967     47.06946
       484     19.1953    163.2661     2237.464     177.1386  16.6256   0.0860     2.83    0.291 -16.65   0      20.48     830.0704      47.5698
       485    768.9394    161.7011     2487.045     205.9389  16.5108   0.0899     7.34    0.515  -1.18   0      17.89     523.8934     45.73571
       486    948.1732    160.4330     2344.833     191.0158  16.5747   0.0885     8.08    0.583  -1.43   0      18.71     489.5716     46.14563
       487    295.7596    155.2209     5487.618     108.7003  15.6515   0.0215     0.00    0.409 -40.56   0      96.08      4875.38     64.21035
       488    761.3095    149.6487     3241.778     228.2001  16.2230   0.0764     5.04    0.364  15.34   0      21.11     638.2946     46.41561
       489    801.0041    150.0001     4481.518     87.34917  15.8714   0.0212     0.00    0.010  36.94   2      92.69      4438.68      62.4753
       490    164.1080    149.5307     2091.346     172.3766  16.6989   0.0895     3.71    0.095 -22.27   0      18.64     645.2817     46.56434
       491    970.6370    148.8995     1828.561     177.3655  16.8447   0.1053     3.01    0.242  12.36   0       15.4     526.3962     45.63157
       492    233.7116    146.9391     9190.312      263.995  15.0917   0.0312    11.54    0.448  -2.24   0      54.24     1458.728     50.27259
       493    112.6110    144.6744     7708.574     304.9411  15.2826   0.0430    12.41    0.406 -19.89   0      44.42     1165.838     49.25607
       494    363.2178    143.2030      5914.17     226.7724  15.5703   0.0416     8.51    0.478   1.55   0      38.53     1066.015     48.68401
       495    576.4263    139.3865     1851.127      175.128  16.8314   0.1027     5.72    0.322 -40.95   0      16.04     527.4985     46.21694
       496     99.1577    135.1409     4046.173     212.7208  15.9824   0.0571     8.98    0.521  -0.80   0      28.37     781.0573     47.33505
       497    982.7349    133.2126     5481.685     223.9729  15.6527   0.0444     7.83    0.487   3.58   0      39.31     1117.558     48.92404
       498     23.2378    130.9779     5095.667     210.0696  15.7320   0.0448     8.54    0.395  -9.19   0      33.55     905.6179     48.26162
       499    395.2501    131.5575     2117.981      194.205  16.6852   0.0996     5.31    0.507   3.52   2      14.78     454.9152     45.85862
       500    702.3403    127.6286     15879.47     289.2286  14.4979   0.0198     9.91    0.393   2.81   2      84.97     2301.788     54.14655
       501    681.6260    128.1171     5371.387     284.1497  15.6748   0.0575     9.03    0.447   0.58   2      31.24     903.3712     47.80744
       502    632.7704    128.6492     2059.004     198.2087  16.7159   0.1045     3.91    0.203  22.28   0         15     523.2986     46.31144
       503    857.3037    119.3094     10528.22     235.9102  14.9441   0.0243     8.09    0.416   0.72   0      65.43     1826.828     51.91003
       504    238.8064    115.4892     2910.402     237.5967  16.3401   0.0887     6.28    0.307 -28.25   2      17.55     496.5486     45.94872
       505     39.2187    112.2620     5032.599     278.1927  15.7455   0.0600     8.59    0.520   3.68   2      23.45     695.3386     46.92168
       506     23.0804    106.5979     41380.82     284.3645  13.4580   0.0075     8.12    0.340   0.62   0      191.5     7332.714      72.3138
       507    362.4245    103.3580     2965.828     212.1919  16.3196   0.0777     4.31    0.129 -38.37   2      19.87     582.2475     46.59984
       508    665.6995    102.6940     10923.14     273.3902  14.9041   0.0272    11.75    0.476   4.08   0      66.87     2076.219     52.89005
       509    526.3740     99.2923     3244.874     243.4491  16.2220   0.0815     4.90    0.355 -25.02   2      18.57     519.3787     45.71327
       510    252.3041     95.4122     4694.534     277.4368  15.8210   0.0642     9.09    0.580  -4.77   0      25.07     698.2805     46.93592
       511    796.8810     94.0186     4757.721     187.5817  15.8065   0.0428     2.63    0.508  -0.58   0      39.05      1420.41     50.31125
       512    730.5054     90.2596     11772.28      243.205  14.8228   0.0224     8.30    0.375   1.74   3      72.49       2257.5     53.66338
       513    741.3477     88.5767     20134.05     298.8572  14.2402   0.0161     8.56    0.438   0.04   3      106.7     3432.017     58.78981
       514    143.0148     85.7034     2347.113      186.789  16.5737   0.0864     7.83    0.580   2.72   0      17.57     487.0711     45.78563
       515    933.7594     80.5446      3444.99     239.2234  16.1570   0.0754     8.59    0.508  -9.09   0      22.51     564.9146     46.40057
       516    613.3940     78.8288      2124.31     208.1136  16.6820   0.1064     5.38    0.202 -34.42   2      17.83     484.6389     46.12133
       517    577.9274     80.3020     3095.053     217.2895  16.2733   0.0762     3.65    0.226 -13.24   2      23.32     597.7338     46.10118
       518   1019.2916     80.1472     1540.931      141.923  17.0305   0.1000     6.81    0.595   3.04  16      13.82     369.8811     45.08218
       519    957.9313     79.3180     4128.208     275.5264  15.9606   0.0725     8.53    0.523  -0.27   0      22.17     590.4452     46.18072
       520     21.9854     76.7405     2377.307     188.2459  16.5598   0.0860     4.26    0.209   1.61   0      19.35     679.4022     46.95799
       521     41.7268     72.7263     4394.702     180.6238  15.8927   0.0446     8.09    0.485   1.34   0      33.02     1007.467     48.29976
       522    940.6010     71.2171     3215.104     225.2366  16.2320   0.0761     7.96    0.489  -4.62   0      21.95     573.4546     46.32755
       523    839.4890     70.6745     5635.748     184.3585  15.6226   0.0355     7.33    0.456   4.44   0      39.67     1103.068     48.63815
       524    952.9091     66.0247     26855.62     278.7885  13.9274   0.0113    13.50    0.391   4.01   0      135.9     4543.466     62.60059
       525    534.5796     61.2532     88621.91     320.3166  12.6311   0.0039     7.64    0.289   1.69   0      322.1     15567.01     94.72142
       526    319.8621     63.7304     26822.73     255.3249  13.9287   0.0103     7.60    0.346   1.14   0      140.6     4910.385     64.16833
       527      8.9504     63.6999      13269.8     234.5965  14.6928   0.0192     7.65    0.430  -1.13  16      82.42     2344.309     53.83224
       528    434.9479     59.8684     4835.383     94.10646  15.7889   0.0211     0.00    0.204  64.45   0      93.88     4510.463     62.73589
       529    804.9304     61.3076     134720.1     356.0229  12.1764   0.0029     7.95    0.300   1.88   0      417.4     22836.59     110.7032
       530    143.6691     48.8420     9263.451     225.4274  15.0831   0.0264    11.52    0.453  -3.19   0      59.42     1728.826     51.68569
       531    910.5515     49.4377     2685.312      108.966  16.4275   0.0441     2.80    0.514 -44.36   0      46.36     1933.129     52.47497
       532    767.5228     46.6330     25189.99      251.231  13.9969   0.0108     7.59    0.384  -1.58   2        133     4377.801     62.25343
       533    890.4246     47.1570     2393.163     218.3911  16.5526   0.0991     6.85    0.350 -58.17   0      18.23     505.0303     46.22171
       534    961.4695     47.9660     2197.974     185.8925  16.6449   0.0918     3.90    0.250   0.44   0      16.43      553.126     46.22771
       535    279.1347     47.6513     2251.074     196.4053  16.6190   0.0948     3.55    0.227 -25.16   0      16.31     548.6331     46.20562
       536    469.7559     42.8415     1697.675     174.1658  16.9254   0.1114     5.57    0.492 -58.27   0      14.91     400.6259      45.2369
       537    110.4149     40.0244        29296     261.6212  13.8330   0.0097     7.51    0.323   4.56   0      149.6     4829.854       64.049
       538    833.5608     38.3356     3309.407     171.6636  16.2006   0.0563     9.84    0.540 -10.78   0      24.43     709.0162     46.98788
       539    487.6910     38.8621     1640.595     170.2239  16.9625   0.1127     3.55    0.273  14.63   0       14.2     442.7472     45.44803
       540    996.0843     31.5061     4159.772     275.0688  15.9523   0.0718     7.36    0.484  -0.74   0      21.94     603.8999     46.36192
       541    591.0101     30.0058     12882.13     106.9969  14.7250   0.0090     4.23    0.018  26.21   0      160.4     12485.56     86.95307
       542    836.9053     20.0392     3508.986     249.6339  16.1370   0.0773     7.46    0.370  -1.31   0      21.05     663.8868     46.31129
       543    254.2373     19.1841     4088.547     220.1483  15.9711   0.0585     8.33    0.491  -2.77   0      27.72     803.6906     47.77922
       544    401.8297   1019.3802     7883.292     229.8987  15.2582   0.0317     8.50    0.373   1.53  16      50.61     1426.061     50.54796
       545    198.9479   1016.2469     82063.05     307.0748  12.7146   0.0041     7.74    0.315   0.93  16      310.3     14756.69     92.75677
       546     20.3566     15.4523     1654.072     167.0838  16.9536   0.1097     4.18    0.131  43.62   0      15.48       538.75     46.27224
       547    560.8967   1015.8482     3143.686     210.4929  16.2564   0.0727     5.35    0.303 -13.35  18      20.87     466.5988     45.45011
       548    364.2588   1012.7975      2117.38     182.9046  16.6855   0.0938     7.08    0.383 -10.78   0      17.41     537.7964     46.26756
       549    147.9951   1012.6348     3826.422     248.3191  16.0430   0.0705     4.71    0.222  25.39  16      18.79     510.9574     46.25084
       550     25.8323   1010.4592     6931.443     280.6901  15.3979   0.0440     7.37    0.435  -2.30  16      41.63      1101.55     48.84962
       551    118.6099   1009.6135     3129.995     223.9647  16.2611   0.0777     5.81    0.134 -13.87   2      21.26     637.0753     46.63861
       552    719.1595   1007.5387     2992.443     205.2021  16.3099   0.0745     8.19    0.522  -7.68   0      22.19     631.2274     46.61011
