#   1 NUMBER                 Running object number                                     
#   2 X_IMAGE                Object position along x                                    [pixel]
#   3 Y_IMAGE                Object position along y                                    [pixel]
#   4 FLUX_AUTO              Flux within a Kron-like elliptical aperture                [count]
#   5 FLUXERR_AUTO           RMS error for AUTO flux                                    [count]
#   6 MAG_AUTO               Kron-like elliptical aperture magnitude                    [mag]
#   7 MAGERR_AUTO            RMS error for AUTO magnitude                               [mag]
#   8 FWHM_IMAGE             FWHM assuming a gaussian core                              [pixel]
#   9 ELLIPTICITY            1 - B_IMAGE/A_IMAGE                                       
#  10 THETA_IMAGE            Position angle (CCW/x)                                     [deg]
#  11 FLAGS                  Extraction flags                                          
#  12 SNR_WIN                Gaussian-weighted SNR                                     
#  13 FLUX_APER              Flux vector within fixed circular aperture(s)              [count]
#  14 FLUXERR_APER           RMS error vector for aperture flux(es)                     [count]
         1    848.1017     19.0670     3129.391     189.6835  16.2614   0.0658     4.27    0.106 -13.94   0      26.68     991.2034     50.71973
         2    597.8628     14.0615     4803.483     183.6013  15.7961   0.0415     4.11    0.180  -9.67   0      43.24     1768.575     54.31476
         3     32.1507     14.4893     2218.223     191.7764  16.6350   0.0939     3.20    0.118  12.35   0      18.36     730.0249     49.53558
         4    514.1186     12.7653     2028.624     185.1133  16.7320   0.0991     4.88    0.307 -26.51   0      17.47     665.1586     49.48272
         5    998.8348      9.9963     2982.983     223.2879  16.3134   0.0813     5.76    0.399 -79.49  16      19.72      619.106     49.51624
         6    521.6500     10.3707      3264.57      216.689  16.2154   0.0721     3.81    0.269 -13.12   0      25.38     1013.617      51.1767
         7    213.6382      9.7126     3906.015     115.3022  16.0207   0.0321     0.00    0.427  36.34   0      70.14     3077.473     59.33629
         8     50.0431      8.7077     3672.325     229.9979  16.0876   0.0680     3.88    0.146 -29.07   0      25.24     953.3715     50.42985
         9    369.4816      7.0376     6416.807     190.4247  15.4817   0.0322     5.06    0.188 -14.89  16      53.13     2205.368     56.00455
        10    170.3633      6.6572     3690.081     181.3841  16.0824   0.0534     3.52    0.167  18.15  16      32.59     1305.574     52.34155
        11    333.4579      3.1245     2537.934     152.5859  16.4888   0.0653     7.47    0.506 -41.59  24      21.62     643.4092      49.2598
        12    652.7368   1004.5294     15690.94     236.5099  14.5109   0.0164     3.91    0.401  12.95   0      101.5      4782.32     65.72653
        13    876.4408   1020.8364     6277.231     212.1062  15.5056   0.0367     5.68    0.183  16.83  24      48.36     1894.382     54.83865
        14    754.7117   1021.0481     14489.23      184.033  14.5974   0.0138     3.47    0.149 -18.47  24      107.6     5487.586     67.94337
        15    717.9383   1023.0298     4150.357     85.69103  15.9548   0.0224     0.00    0.053   0.04  24      71.98      4050.29     63.14457
        16    602.2094   1021.8904     4049.545     168.8685  15.9815   0.0453     3.18    0.247  -9.91  24      38.28     1651.736     53.71088
        17    335.0281   1022.2640     2309.502     174.5103  16.5912   0.0821     5.03    0.281  -0.78  24      16.22     584.0044     49.10857
        18    730.4769   1006.2361     2585.052     192.2107  16.4688   0.0807     3.74    0.318  -0.59   0      23.94     966.5964     50.84837
        19    103.8988   1006.5458     2257.241     204.0737  16.6161   0.0982     3.31    0.188  -0.91   0      17.85     682.3005     49.31613
        20    784.2693   1003.5514     6228.362     212.0538  15.5141   0.0370     4.23    0.120 -12.73   0      50.62     2086.643     55.62975
        21    672.9880   1003.9462     2775.817     190.8543  16.3915   0.0747     4.54    0.192   6.32   0      24.27     961.3196     50.94393
        22    519.5051   1002.8950     10446.72     237.2371  14.9525   0.0247     4.96    0.224  28.23   0       69.2       2560.5     57.42763
        23    877.3728   1003.0590     3989.505     161.4441  15.9977   0.0439     3.53    0.173 -15.02   0      37.55     1584.237     53.65099
        24     54.4621   1004.0072     1459.045     160.6966  17.0898   0.1196     3.60    0.367 -26.32   0      13.13     528.3022     48.97405
        25    489.1050   1002.7253     1701.689     112.2308  16.9228   0.0716     3.85    0.292 -27.04   0      19.74     778.0988     49.63366
        26    219.8201   1002.7919     1960.951     130.2209  16.7688   0.0721     3.62    0.302  24.76   0      20.67      840.586       50.282
        27    310.5588    993.7670     1718.559     168.4234  16.9121   0.1064     3.33    0.235  28.90   0      15.55     604.3139      49.4483
        28    187.1318    993.1833     1829.794     128.8206  16.8440   0.0765     6.68    0.540 -32.44   0      20.91     766.4444       50.067
        29    906.6682   1009.1072      1456.19     147.9234  17.0920   0.1103     3.85    0.276 -10.01   0      14.24     544.5736     48.80167
        30    180.0084    987.5821     2915.079       133.02  16.3384   0.0496     3.27    0.118 -15.96   0      30.58     1266.409     52.17122
        31    638.5144    986.9601     1471.658     143.7909  17.0805   0.1061     3.35    0.258   0.02   0      16.35     642.1536     49.13077
        32    469.6367    983.3560     3603.555     183.7669  16.1082   0.0554     3.47    0.116 -29.51   0       34.1     1374.787     52.75626
        33    387.5554    982.0624     21978.67     251.6784  14.1450   0.0124     4.36    0.399  -2.72   0      132.4     6716.396      72.1048
        34    163.0464    983.6473     1772.961     140.0009  16.8783   0.0858     6.25    0.248  25.33   0      18.51     718.5079     49.84892
        35    133.0248    980.3217     1882.693     115.2575  16.8131   0.0665     3.85    0.102   1.55   0      20.91     822.5624     50.20047
        36    971.0004    972.3567     3776.931     97.97088  16.0572   0.0282     0.95    0.170  89.58   0      69.09     3845.185     62.59598
        37    406.0371    971.5342     2646.851     189.9043  16.4432   0.0779     3.73    0.200  11.90   0      20.64     806.2164     50.12641
        38    379.2804    970.8328      3091.73     97.92841  16.2745   0.0344     2.40    0.307 -30.44   0      65.72     2632.111      57.8153
        39    900.2985    968.9109     1962.635     124.2682  16.7679   0.0688     3.20    0.196 -24.68   0      23.56     983.6033     50.56591
        40    680.5296    966.2385     2733.615      140.477  16.4082   0.0558     3.53    0.144   0.62   0       27.7     1084.642     51.37328
        41    791.0441    963.1687     2379.975     162.9268  16.5586   0.0743     3.45    0.153  -1.18   0      23.04     937.8828     50.95838
        42    708.5424    961.5179     11055.25     190.3891  14.8911   0.0187     4.85    0.117  10.59   0      86.67     4085.151     63.07797
        43    263.0930    960.1426     9136.221     112.4304  15.0981   0.0134     0.00    0.342  55.97   0        131     8513.761     77.40694
        44    325.3974    960.0252     3976.759     210.3485  16.0012   0.0574     3.64    0.106 -13.36   0      33.17     1327.358     52.55154
        45    844.2913    960.4829     1337.868     101.5305  17.1840   0.0824     3.39    0.233 -34.39   0      15.76     596.9929     49.04519
        46    422.4190    958.7789     4306.681     181.3211  15.9146   0.0457     4.00    0.141 -18.99   0      39.23     1593.321     53.80225
        47    736.5491    953.9543      63366.8     277.4915  12.9953   0.0048     3.50    0.173   3.79   3      277.9     21633.11     109.5059
        48    743.5991    951.4068     28307.86     259.0914  13.8702   0.0099     3.64    0.304  45.03   3      160.1     8930.932     78.77632
        49    511.8642    954.5825      13240.2     230.2264  14.6953   0.0189    10.55    0.295 -28.02   3      90.86     4196.923     63.67014
        50    510.9948    949.4930     10937.04     202.5942  14.9028   0.0201     3.76    0.208 -15.96   3      79.47     3542.988     61.29147
        51    476.0011    956.8818     3446.852     166.2418  16.1564   0.0524     4.02    0.257  -3.74   0      32.87     1309.112     52.47258
        52    201.4952    956.3105     10851.69     202.4985  14.9113   0.0203     8.88    0.204   4.02   0      85.36     3790.395     62.10456
        53    906.4941    954.7811     11531.95     197.2049  14.8452   0.0186     3.61    0.252   0.52   2       81.1     3627.934      61.3097
        54    282.7701    956.0750     6195.716     103.4299  15.5198   0.0181     4.91    0.276 -19.74   0      101.7     5410.702     67.86461
        55   1008.9290    955.6219     2230.861     180.3886  16.6288   0.0878     3.64    0.211  -2.39   0      21.51     834.3674     50.25388
        56    548.7692    953.7718     2485.177     150.5065  16.5116   0.0658     3.55    0.095  10.28   0       25.1     1002.846     51.24729
        57    141.0672    953.9050     10384.04     110.8981  14.9591   0.0116     0.00    0.260 -55.69   0      148.1     10563.74     83.20844
        58    588.7758    952.3234     1685.934     172.8215  16.9329   0.1113     3.63    0.106 -74.68   0      15.19     573.4238     49.05958
        59    120.6381    952.8992     1648.764     131.9919  16.9571   0.0869     3.74    0.251  -7.91   0      18.78     732.1097      49.2998
        60    976.7072    948.3989     17725.09     227.3945  14.3785   0.0139     3.90    0.058  56.19   0      112.4     4987.008     66.43054
        61    613.8732    949.6198     4480.155      164.914  15.8718   0.0400     3.76    0.168 -13.97   0      40.02     1613.887     53.66358
        62    218.0884    947.9927     1794.885      123.961  16.8649   0.0750     6.18    0.456   0.56   0      18.13     704.5455     49.54107
        63    829.3921    940.8907     13004.96     207.8387  14.7147   0.0174     9.91    0.236 -45.85   3      89.22     4196.391     63.66824
        64    835.1303    932.2680     44954.59     245.2439  13.3681   0.0059     3.74    0.101 -21.98   2      228.6     15736.94     96.37024
        65    232.4987    941.6201     1289.577     168.7441  17.2239   0.1421     4.83    0.201 -89.46   0      12.43     446.0132       48.089
        66    154.0402    941.1578     4359.012     149.3031  15.9015   0.0372     3.53    0.170  -3.30   0       40.9     1742.118     54.20394
        67     59.3739    937.6885     2051.871     189.9903  16.7196   0.1006     4.52    0.327  17.13   0      18.96     674.7792     49.28146
        68    415.0240    931.7653      5564.91     187.7979  15.6364   0.0366     4.11    0.198  20.96   0       45.3     1863.708     54.93256
        69    118.0150    929.1877     4196.525     111.8804  15.9428   0.0290     0.00    0.318  74.04   2      73.14     3234.617     60.13714
        70    120.9987    926.0062     5152.669     93.31642  15.7199   0.0197     4.18    0.013  47.91   2      100.5     5195.578     67.14031
        71     51.0425    929.5677     4329.423     167.4441  15.9089   0.0420     4.18    0.206  -3.16   0      37.28     1514.659     53.46894
        72    901.7455    922.8611     3887.208     222.1691  16.0259   0.0621     3.86    0.150  -5.03   0       29.7     1147.896      51.7696
        73    660.7143    923.4899      1950.29     174.9106  16.7748   0.0974     6.19    0.229 -26.65   0      19.58     719.9483     49.61168
        74    516.5800    923.5342     1957.381     204.4821  16.7708   0.1135     5.94    0.369 -61.82   0      14.97     509.3292     48.88593
        75    990.1259    919.5752     1286.761     140.2939  17.2263   0.1184     5.74    0.472 -26.83   0      16.33     660.4583     49.46113
        76    832.9160    916.5909     1798.118     164.8941  16.8630   0.0996     5.19    0.154  49.26   0      15.99     530.1237     48.85857
        77    553.3041    914.1103     1345.416     125.5719  17.1779   0.1014     3.71    0.261  12.57   0      15.57     633.8196     49.21554
        78    287.0290    911.5491     19250.77      196.106  14.2889   0.0111     3.36    0.145 -14.91   0        132     7319.499     74.06326
        79    700.5457    911.9172     4212.452      178.676  15.9387   0.0461     3.74    0.161  -7.14   0      37.65     1592.397     53.34568
        80    443.1510    912.9894     1519.247     84.00237  17.0459   0.0600     0.00    0.131   3.53   0       38.1     1271.288     52.30849
        81    576.6913    906.2612     96243.25      362.008  12.5416   0.0041     3.50    0.149 -32.49   2      308.8     23618.45     113.3914
        82    812.8248    909.4932     3181.719     212.3621  16.2433   0.0725     4.87    0.361   3.25   0      23.15      820.415     49.82705
        83    667.7914    908.2529     3904.665     169.5696  16.0210   0.0472     3.87    0.150 -19.81   0      36.44     1466.626     53.15044
        84    619.9296    907.8952     3696.271      179.713  16.0806   0.0528     3.67    0.195 -15.26   0      34.98     1420.456     52.49267
        85    132.2948    906.6029     4125.446     215.4902  15.9613   0.0567     7.72    0.244 -61.04   0       32.4     1250.031     52.09982
        86    642.5623    906.5751     2192.261     159.8449  16.6478   0.0792     3.55    0.134 -10.65   0      20.53      789.321     50.41184
        87    890.2745    905.2684     1938.513     182.5283  16.7813   0.1023     4.21    0.365  -9.94   0      16.15     636.6949     49.22882
        88    746.9786    903.1071     2556.071     186.5739  16.4811   0.0793     6.40    0.363  13.35   0      21.84     723.8744     49.38474
        89    965.5898    902.3052     3415.894     140.5018  16.1662   0.0447     3.38    0.179 -11.88   0      35.71     1505.183     53.20121
        90     16.4413    899.5590     3791.346     204.2967  16.0530   0.0585     3.67    0.178 -14.93   0       30.9      1228.77     52.00698
        91    116.5070    901.0555     3073.367     244.7489  16.2810   0.0865     5.19    0.314  -7.92   2      17.78     606.2468     48.96439
        92    352.4847    897.0420     5295.336     120.5503  15.6903   0.0247     5.86    0.489 -62.67   0      62.68     4326.783     63.94266
        93    879.0299    895.4578     2355.752     189.5555  16.5697   0.0874     3.18    0.149  -2.10   0      20.03     818.7632     50.18327
        94    317.4753    893.4326     12143.81     182.7794  14.7891   0.0163     3.47    0.160 -11.54   0      94.31     4591.509     65.06339
        95    854.4540    891.1819     2664.764     218.1534  16.4359   0.0889     4.41    0.153  -7.94   0      15.93     524.2656     48.95531
        96    303.1446    885.5479     2530.823     139.0628  16.4918   0.0597     3.66    0.216 -11.80   0       26.6     1072.391     51.55479
        97    218.7063    885.0161     1901.747     151.6353  16.8021   0.0866     3.99    0.334  -1.79   0      18.61     730.2422     49.53658
        98    273.5646    880.8643     5349.321     172.3765  15.6793   0.0350     3.37    0.119 -16.15   0      48.38     2074.653     55.58074
        99    167.9989    879.5051     14004.13      256.476  14.6344   0.0199     3.50    0.195 -16.20   2      77.87     3599.795     61.50175
       100     66.8169    877.1351     5997.336     159.5656  15.5551   0.0289     3.57    0.121 -21.67   0      54.12     2334.643     56.63388
       101     15.3216    874.4955     32665.96     252.2952  13.7148   0.0084     3.71    0.245 -15.01   3      175.1     9986.788     81.61736
       102     20.7681    872.4164     11900.54     166.8572  14.8111   0.0152     3.38    0.264 -16.19   3         97     4909.639     66.34832
       103      3.9439    877.5174     2853.387     186.9357  16.3616   0.0711     7.77    0.416   1.32  25      20.08     559.1521      48.7453
       104    243.3925    873.0808      35587.1     229.2425  13.6218   0.0070     3.43    0.133 -22.41   0      196.5      12769.5     89.16564
       105    105.7010    876.0107     5570.361     252.5178  15.6353   0.0492     5.50    0.377 -15.26   0       34.7     1376.971     52.65065
       106    561.0033    868.1144     11507.46     206.1947  14.8476   0.0195     3.80    0.179 -11.65   0      82.12     3641.426     61.85176
       107     86.8626    866.2766         3738     190.4113  16.0684   0.0553     3.68    0.176 -15.52   0      30.63     1230.854     52.01609
       108    853.0797    860.8916     16067.07     200.1044  14.4852   0.0135     3.60    0.152 -12.79   0      113.9     5839.479     69.19811
       109    503.8259    861.8314     4788.683      270.949  15.7995   0.0614     5.09    0.276 -19.86   0      26.14     919.1635     50.87482
       110    402.8517    861.7823     6658.523     164.2384  15.4416   0.0268     3.67    0.245 -16.79   0      57.32     2496.493     57.38545
       111    617.4958    858.3418      29865.8      235.389  13.8121   0.0086     3.46    0.088 -19.89   2      165.9     9393.983     79.87372
       112    895.2228    858.9537     6194.929     208.4129  15.5199   0.0365     4.63    0.438 -26.81   0      44.16      1799.67     54.66697
       113   1021.2931    855.9013     22332.78     186.2933  14.1276   0.0091     3.59    0.050 -22.71  24      149.2     8500.368     77.28922
       114    106.6115    858.1153     3370.787      219.579  16.1807   0.0707     3.96    0.198 -24.29   0      25.38     929.4114     50.56213
       115     77.2139    858.0479     2487.614     198.3071  16.5105   0.0866     7.68    0.532  15.60   0      19.48     623.1326     49.53471
       116    835.4099    853.9894      3525.04     182.8427  16.1321   0.0563     2.60    0.138   1.43   0      34.06     1480.151     53.09417
       117    771.3603    851.5927     5491.731      177.756  15.6507   0.0352     3.59    0.127  -6.03   0      49.31     2072.103     55.78809
       118    661.6403    850.2697     2144.771     168.9975  16.6715   0.0856     1.43    0.228  69.85   0      21.92     929.9823     50.68446
       119    313.5849    850.9452     1508.301     124.6563  17.0538   0.0898     5.14    0.225 -32.04   0      16.76     640.4265     49.49165
       120     50.2341    849.7723      6194.63     182.8452  15.5200   0.0321     4.59    0.327  -6.23   0      50.18     2136.215     56.04866
       121    616.3914    846.5277     10483.68     315.6684  14.9487   0.0327     8.67    0.260 -72.90   0      55.44     2073.036     55.57413
       122    509.1266    842.5954     2650.042     176.6774  16.4419   0.0724     3.41    0.097  -2.94   0      24.51     964.6033     50.72007
       123    170.4897    838.6290     16895.52     216.9961  14.4306   0.0139     3.61    0.204 -12.37   0      111.8     5386.835     67.60551
       124    593.4280    839.4229     1992.252     173.2239  16.7516   0.0944     3.22    0.124  40.67   0      18.16      728.477     50.01571
       125    228.4185    833.8117     76462.85     280.5537  12.7914   0.0040     3.40    0.084 -27.53   0      313.2     26793.15     119.6867
       126   1023.3394    833.9594     1737.241     102.4206  16.9004   0.0640     3.67    0.384 -88.81  24      25.88     1127.258     50.25142
       127    964.6722    833.5763     6767.625       254.19  15.4239   0.0408     8.76    0.462  13.39   0      42.15     1263.937     52.27655
       128    248.7336    832.5031     15338.98     192.3086  14.5355   0.0136     3.42    0.171 -24.34   0      109.8     5557.582     68.17711
       129    160.4565    830.9316     7249.956     193.7774  15.3492   0.0290     3.53    0.122  -6.12   0      59.63     2560.146     57.42624
       130     90.3318    832.2247     1717.465     126.2435  16.9128   0.0798     3.61    0.161   3.30   0      19.13     750.6746     49.99536
       131     30.5069    830.9894     3353.672     138.2253  16.1862   0.0448     3.85    0.200  -3.82   0      34.72     1441.132     52.92688
       132    906.3433    827.5499     2100.273     130.4639  16.6943   0.0675     3.23    0.099  -9.78   0      23.15     930.1688     50.80477
       133    710.5453    826.6439     2730.246     167.9882  16.4095   0.0668     4.36    0.253  21.76   0      25.94     963.4764     50.95355
       134    394.9446    826.5453      2134.47     184.4232  16.6768   0.0938     5.07    0.254 -15.39   0      18.36     686.6688     49.82537
       135    864.0598    825.5912     2975.373      174.509  16.3161   0.0637     3.51    0.204 -11.79   0      27.02     1080.993     51.47505
       136    873.5052    824.6619      2461.75      151.475  16.5219   0.0668     4.19    0.352 -11.53   0      22.88     891.7958     50.27232
       137    631.1541    835.3080     8879.775     206.2387  15.1290   0.0252     3.53    0.090 -19.91   0       69.4     3051.776     59.23779
       138    551.7200    817.5107     1558.732     169.1062  17.0181   0.1178     5.09    0.235  30.31   0      15.02     533.5196     48.75016
       139    640.7501    814.4363     9370.512      225.031  15.0706   0.0261     3.66    0.139  -7.83   0      68.17     2953.676     58.96312
       140    146.4374    814.0107     1163.569     139.0081  17.3355   0.1297     3.98    0.358 -27.72   0      13.58     546.6541     49.30568
       141    687.7734    812.9557     1566.028       176.14  17.0130   0.1221     3.70    0.183   0.15   0      14.25      543.698     49.16891
       142    970.3905    809.7418     2703.625     158.6713  16.4201   0.0637     7.88    0.455  18.04   0      23.13      805.751     50.24511
       143    644.7412    806.0801     5322.064      286.607  15.6848   0.0585     6.53    0.478 -33.63   0      22.99     704.5603     49.41861
       144    480.1271    807.4255     2555.371      177.412  16.4814   0.0754     3.66    0.245 -14.92   0      22.15     850.4457     50.32655
       145    247.6130    806.4307     7404.968     172.4489  15.3262   0.0253     3.69    0.225 -18.91   0      60.24     2568.095     57.77337
       146     92.4767    807.6638     5071.583     121.3828  15.7371   0.0260     0.00    0.527  32.76   0      79.72     4041.647     63.01731
       147    839.9081    800.6923     10114.65     203.1671  14.9876   0.0218     3.44    0.116 -27.09   0      77.76     3580.539     61.33178
       148    185.3860    802.6111     1439.944     132.7783  17.1041   0.1001     3.37    0.136 -43.80   0      15.63     596.3796     49.16581
       149    884.3985    801.8683     2384.899     160.1186  16.5563   0.0729     3.79    0.344   2.66   0      23.38     918.5785     50.75289
       150    728.9549    801.0332      2898.57     181.2279  16.3445   0.0679     3.37    0.052   6.42   0      24.24     973.9788     51.00037
       151     84.7274    800.5033     1785.091     188.8701  16.8708   0.1149     6.10    0.356  48.57   0      14.79      506.601      48.3745
       152    709.5569    800.0267     1560.266     135.2444  17.0170   0.0941     4.04    0.258   3.24   0       18.9     740.4317     50.07001
       153    436.4792    795.2454     2838.442     176.9196  16.3673   0.0677     5.20    0.305 -35.97   0      26.82     1009.164     50.91935
       154    352.3044    796.0512     2786.677     154.9251  16.3873   0.0604     3.67    0.074 -36.52   0      27.24     1048.521     50.85685
       155    968.7473    794.3857     5378.334      243.791  15.6734   0.0492    10.56    0.538  -4.16   0      33.58      809.802     50.26343
       156    885.0074    792.9827      1458.87     97.23186  17.0900   0.0724   -27.17    0.007 -32.67   2      44.74     1396.535     52.73503
       157    543.5502    795.2274     1135.946     118.9849  17.3616   0.1138     2.95    0.274   0.05   0      13.98     544.6879     49.17348
       158    472.4910    792.3546      3224.51     182.4688  16.2288   0.0615     5.08    0.310 -45.32   0      27.51     966.5696     50.60923
       159    568.5486    791.7385      5153.11     210.1783  15.7198   0.0443     3.79    0.167 -22.17   2      36.77     1450.636     52.96768
       160    327.0687    791.4997     2410.586     233.3398  16.5447   0.1051     6.66    0.480 -75.89   0      15.55     456.8482     48.14018
       161    125.3936    789.2152     1811.694     177.3136  16.8548   0.1063     4.12    0.302 -15.74   0      15.87     595.0912     49.15985
       162    835.6855    787.8629     3008.767     188.7375  16.3040   0.0681     3.95    0.304 -29.16   0       27.1     1048.157      50.9743
       163    643.6543    787.9713     4923.884      148.128  15.7692   0.0327     3.57    0.262 -13.04   0       46.2     2003.743     55.29003
       164    556.6570    786.2012     2995.188     150.2694  16.3089   0.0545     5.50    0.301 -22.06   0      28.44     1149.248      51.6583
       165     43.6082    786.3353     2260.111      100.605  16.6147   0.0483     1.48    0.312 -41.58   0      45.56     2177.008     55.99771
       166    232.4397    780.0206     6070.469     167.0913  15.5419   0.0299     3.56    0.116 -24.29   0      53.45     2303.742     56.83068
       167    979.4604    777.9080     3350.501       167.02  16.1872   0.0541     4.13    0.202  -2.11   0      32.51     1301.671     52.09235
       168   1003.1619    776.1192     13051.77     222.6747  14.7108   0.0185     3.60    0.200  -7.50   3      92.12     4349.818     64.21359
       169    998.3500    771.1969     10378.93     212.2136  14.9596   0.0222     3.53    0.130   5.44   3      79.06     3611.176     61.54379
       170    545.0022    773.9117     7767.552     99.48134  15.2743   0.0139     0.00    0.073  89.37   0        120      7770.11     75.35292
       171    794.9512    775.9197     4234.059     148.0928  15.9331   0.0380     3.95    0.244  -8.80   0      39.77     1656.731     53.61906
       172    525.5827    775.1056     5240.931     195.3258  15.7015   0.0405     3.49    0.200  -7.10   0       42.3     1734.599     53.83561
       173    400.5587    766.0240     5797.621     207.9792  15.5919   0.0390     3.75    0.130 -17.28   0      49.26     2036.102     55.64123
       174    600.9699    767.0129     1393.451     142.6084  17.1398   0.1111     3.60    0.303   0.90   0      14.67     553.7412     49.21531
       175    194.9659    766.9200     9359.923     104.5154  15.0718   0.0121     0.00    0.148  64.94   0      134.9     8905.119     78.70182
       176     14.9213    764.1603     1907.307     160.3871  16.7989   0.0913     3.64    0.336  12.57   0      18.51      737.611     49.81438
       177    307.7274    759.4059     11894.59     248.5754  14.8116   0.0227     4.91    0.278   8.13   0      78.68     3267.176     60.15937
       178    460.4496    760.0424     3422.428     145.8061  16.1642   0.0463     3.56    0.157  -1.48   0       31.1     1246.681     52.20147
       179    670.9184    757.6738     8275.152      178.754  15.2056   0.0235     3.59    0.156 -14.12   0      68.77      3041.21     59.09473
       180     96.6939    758.4739     1531.806     132.9354  17.0370   0.0942     3.59    0.017 -12.83   0      17.55     686.1211     49.33374
       181    725.9604    756.6482     6223.105     190.9886  15.5150   0.0333     3.50    0.160 -15.36   0      54.14     2369.933     56.77532
       182    601.4485    757.2573     2482.406     143.2794  16.5128   0.0627     4.87    0.349  -7.10   0      23.83     881.3373     50.58585
       183    658.2319    752.9506     26431.53     212.2641  13.9447   0.0087     3.43    0.110 -12.32   0      163.2     9737.021     81.06857
       184    529.9910    756.3479     3335.887     96.94234  16.1920   0.0316     0.91    0.185  86.50   1      61.96     3080.874     59.65499
       185    154.6660    754.0692     2132.425     201.6927  16.6778   0.1027     3.91    0.328 -43.35   0      16.06      565.787     48.90036
       186    865.4921    753.9628     2017.343     188.3463  16.7381   0.1014     4.86    0.426   1.53   0      16.95     595.0061     48.66365
       187    932.1866    750.5170     7635.569     198.8561  15.2929   0.0283     3.75    0.170  17.63   0       60.4     2536.327     57.43754
       188    527.2347    745.7151     161631.6     348.8085  11.9787   0.0023     3.44    0.090 -16.19   0      479.9     56489.93     166.7672
       189    335.2572    750.5391     5362.429      209.683  15.6766   0.0425     3.61    0.116 -21.96   0      44.02     1817.522     54.63028
       190      7.8283    750.6445     1555.213     121.0418  17.0205   0.0845     0.00    0.176  58.58   0      22.41     881.4265     50.70596
       191     56.9215    749.6841     2296.161     180.4709  16.5975   0.0854     4.71    0.224  -0.25   0      19.52     674.2147     49.15567
       192    794.2114    743.5741     2927.764     169.1536  16.3337   0.0627     3.50    0.152 -32.16   0      27.46     1088.362     51.50758
       193    702.1556    744.3413     3723.739     225.3896  16.0726   0.0657     4.52    0.201 -10.55   0      27.41     1041.031     51.17999
       194    207.6682    744.0642     1513.534     143.8571  17.0500   0.1032     5.25    0.300 -15.64   0      14.82     549.0831     48.82267
       195    821.1924    742.8222     2661.531     205.2632  16.4372   0.0838     4.46    0.308   2.12   0      17.79     649.5425     49.53349
       196    492.5453    741.7259     1459.872     150.9716  17.0892   0.1123     3.89    0.044   6.34   0       16.3     612.1097     49.11518
       197    313.8456    742.0735     2036.918     168.8524  16.7276   0.0900     3.68    0.378   4.14   0      18.87     738.0658     49.81646
       198     75.3285    740.9777     2670.969     161.4656  16.4333   0.0657     3.55    0.269 -28.31   0      25.32     1033.736     51.26598
       199    750.5121    738.7394     1390.667     106.0275  17.1419   0.0828     4.74    0.047   6.56   0      17.54     692.1935      49.3617
       200    684.6097    737.1553     9789.707     253.3129  15.0231   0.0281     3.81    0.269 -26.84   2      67.06     2888.915     59.02194
       201    692.1702    735.7207     4034.897     261.7704  15.9854   0.0705     5.79    0.426  -8.78   3      23.91      862.368     50.38036
       202    881.1916    736.3928     2480.176     213.7479  16.5138   0.0936     4.99    0.220 -12.90   0      18.33     625.7469     49.30137
       203    165.7036    734.6304     2468.824     188.0862  16.5188   0.0827     3.77    0.147 -10.43   0      20.15     767.1928     49.46127
       204     49.9853    731.4166     38689.64     234.2473  13.5310   0.0066     3.54    0.148 -17.50   0      207.9     13710.98     91.53392
       205    370.1718    732.7631     3353.892     171.5019  16.1861   0.0555     3.64    0.274 -12.75   0      31.28     1298.683      52.5429
       206    523.1899    729.4465      25812.2     230.7863  13.9704   0.0097    10.55    0.231 -28.80   0      154.9     6683.196     72.16829
       207     94.7096    728.5613     2723.292     209.7138  16.4123   0.0836     6.82    0.087  -2.79   0      20.22     686.7862      49.3368
       208     71.9844    730.0067     1677.816     166.5582  16.9381   0.1078     3.58    0.298   0.25   0       15.8     590.1889     49.13718
       209    892.5461    727.4406     1706.407     159.1526  16.9198   0.1013     3.69    0.253 -41.81   0      16.27     611.2838     49.35764
       210    404.7583    727.4422     1646.459     167.4232  16.9586   0.1104     4.01    0.292 -31.87   0      17.08     660.4483     49.21532
       211     17.1887    723.8591     7897.265      215.248  15.2563   0.0296     4.62    0.220  -5.45   0      60.31     2585.024     57.73501
       212    559.3488    724.4196     2801.226     186.0594  16.3816   0.0721     3.67    0.295   8.27   0      25.76     1001.647     51.12352
       213    227.6328    719.9393     32423.66     227.4214  13.7228   0.0076     3.43    0.150 -14.57   0      184.3        11602     86.13844
       214    413.4931    721.1891     2140.273     171.6611  16.6738   0.0871     3.85    0.259  -0.73   0      20.75     794.1253     50.07156
       215    281.9569    714.1252     85847.45     293.7867  12.6657   0.0037     3.31    0.133 -23.22   0      334.7     30497.54     126.5255
       216    550.3936    712.5911     3434.447     204.6413  16.1604   0.0647     3.64    0.124 -15.02   0      30.77     1244.488     52.07563
       217    331.2410    710.8912     10209.96     115.8957  14.9774   0.0123     1.41    0.092  -0.42   0      115.7     9489.468     80.22057
       218    713.9731    705.9010       2662.7     88.76534  16.4367   0.0362     0.00    0.126  62.86   3      62.42     2329.228     56.18214
       219    717.9508    703.4979     1644.792     121.2099  16.9597   0.0800     4.20    0.327 -15.54   3      17.84     682.8792     49.19572
       220    161.8472    703.7341     3347.418     159.5907  16.1882   0.0518     3.62    0.165 -15.03   0      32.98     1358.464      52.5707
       221    107.6677    703.8621     3034.196     153.3233  16.2949   0.0549     7.38    0.243  -4.94   0       28.8     1110.272     51.48654
       222    670.1392    703.7614     1929.651     191.4341  16.7863   0.1077     3.95    0.236 -11.30   0      16.03     592.9243     49.14983
       223      4.5595    702.9849     5208.223     101.2368  15.7083   0.0211     1.27    0.175  -2.78  16      85.13      5251.11     67.59763
       224    459.8554    699.4056     2257.707      187.831  16.6158   0.0904     4.17    0.290 -12.77   0      22.59     828.4081     50.34749
       225    986.5756    698.1502     1543.137     173.5094  17.0290   0.1221     3.15    0.292 -15.60   0      14.62     613.8721     49.49221
       226    346.4626    696.8920     3978.603     169.6687  16.0007   0.0463     3.91    0.217 -12.68   0      35.68     1391.374     52.48225
       227    601.9332    696.7075     6198.136     109.1393  15.5193   0.0191     0.00    0.283  75.82   0      98.38     5253.396     67.24564
       228    529.4311    692.6365     21724.28       236.54  14.1576   0.0118    10.00    0.077  40.44   0      135.9     7058.364     73.34026
       229    842.6667    692.0957     1950.227     190.6653  16.7748   0.1062     4.46    0.256 -14.38   0      14.49      569.205     48.79215
       230    153.3910    689.4431     6637.972     183.3954  15.4449   0.0300     3.58    0.180 -14.28   0      57.93     2543.856     57.78295
       231    220.5847    688.8491      2770.24     198.6308  16.3937   0.0779     4.18    0.271 -15.10   0      22.54     873.7775     50.67166
       232    370.0659    688.8954     2749.028     213.3243  16.4021   0.0843     3.98    0.312  -1.11   0       19.6     737.4923     49.56983
       233    405.1909    684.7552     21084.91     217.8897  14.1901   0.0112     3.52    0.137 -16.67   3        136     7358.785     74.26539
       234    396.2408    684.2099      8455.28     239.7878  15.1822   0.0308     4.13    0.189 -19.48   3      58.45     2496.509     57.59642
       235    259.6150    686.4384     2187.979     206.9472  16.6499   0.1027     4.19    0.346 -37.17   0       15.9      556.811     49.35248
       236    926.9166    685.0898     3887.713     146.5295  16.0258   0.0409     3.51    0.227  -3.86   0      37.58      1557.32     53.30987
       237    555.7486    682.8934     2241.825      175.289  16.6235   0.0849     6.97    0.307   2.57   0      20.24     754.5438     49.52568
       238   1019.9136    674.4271     86154.26     282.9916  12.6618   0.0036     7.34    0.084  32.83  24      337.6     29704.13     124.9953
       239    286.7318    683.1913     1452.039     186.0406  17.0951   0.1391     5.10    0.392 -18.04   0      11.91     440.5476     48.44011
       240    797.3466    681.2991     2611.184     181.7032  16.4579   0.0756     7.68    0.548  17.52   0      19.39     527.2109     48.47123
       241    111.0308    679.8138     1445.633     175.9846  17.0999   0.1322     5.29    0.447 -13.58   0      13.61     491.2064     48.92567
       242    365.1896    676.0933     8454.898     209.4205  15.1822   0.0269     8.82    0.088  37.14   0      65.92      2849.41     58.66329
       243    735.5747    677.0225     1500.844     124.6427  17.0592   0.0902     0.04    0.232  -0.76   0      19.07     782.1016      50.2588
       244    829.9956    674.0030     3451.112     89.07592  16.1551   0.0280     4.21    0.006  54.25   3      76.66     3269.298     60.26807
       245    826.7321    670.8478     3045.337     161.0533  16.2909   0.0574     5.93    0.243  -6.70   2      28.99     1133.313     51.58815
       246    217.3366    672.8398     2270.835      173.589  16.6095   0.0830     4.31    0.120  48.27   0      20.14     765.6385     49.94209
       247    849.1955    671.5240     4488.737     281.1345  15.8697   0.0680    10.48    0.480  14.84   2       28.1     830.9327     50.23835
       248    854.9199    666.8692     4541.585     263.3634  15.8570   0.0630     8.01    0.375 -88.87   2      26.27     840.6512     50.04057
       249    716.2618    671.8126     5491.667     165.3882  15.6507   0.0327     8.05    0.326 -16.23   0      47.98     1798.684      54.4406
       250    496.0788    671.5009     4791.799     194.8025  15.7988   0.0441     3.60    0.195 -17.15   0      42.78     1790.337      54.0704
       251    473.2201    672.3870     2267.376     159.9517  16.6112   0.0766     6.72    0.391  11.10   0      24.32     1010.028     51.16077
       252    110.1763    672.8586     1276.852     152.6941  17.2346   0.1299     3.64    0.222 -26.17   0      13.93     564.7697     49.01947
       253    203.2464    668.1548     1490.254      159.795  17.0668   0.1164     3.45    0.276  19.60   0      16.31     643.6188     49.50631
       254    416.2589    665.5145     2956.418     217.7621  16.3231   0.0800     3.62    0.180  -0.03   0      21.16     791.4527     49.81662
       255    793.1672    664.0972     2954.074     94.45174  16.3239   0.0347     0.00    0.229  30.41   0      63.65     2408.182     56.50063
       256    705.9258    659.7740     3237.713     155.5854  16.2244   0.0522     7.23    0.276 -50.44   0      32.09     1232.708      52.0242
       257    472.7428    659.6108      1320.74     118.0604  17.1980   0.0971     2.86    0.443 -62.88   0      25.28     978.7077     51.02144
       258    337.1233    654.3674     2253.683     200.3217  16.6178   0.0965     6.32    0.059 -69.77   0      17.92     645.0236     49.39016
       259     26.9360    654.9490      4625.51     95.26073  15.8371   0.0224     0.00    0.183  37.76   0      92.27     4476.051     64.65883
       260    850.0979    643.1241     24575.48     215.9571  14.0237   0.0095     3.36    0.108  -7.63   0      153.8     8848.791     78.38445
       261    246.4473    645.1694     1461.122       161.64  17.0883   0.1201     4.02    0.251  -3.45   0       14.2     561.7282     49.25217
       262    147.0700    643.2480     2916.887     199.5595  16.3377   0.0743     3.40    0.116 -11.16   0      24.21     1015.643     51.06712
       263    700.2164    642.5075     2135.145     182.7729  16.6764   0.0930     3.86    0.289 -20.53   0      19.23     773.6139     49.73517
       264    617.3580    642.6730     2007.095     116.8074  16.7436   0.0632     3.27    0.279 -26.00   0      24.25      1036.31     51.15902
       265    277.5544    642.0536     3691.554      187.952  16.0820   0.0553     3.51    0.213  -4.68   0      35.15     1448.975      53.0749
       266    360.6253    640.5120     2356.258     195.8484  16.5694   0.0903     6.57    0.319 -14.01   0       20.3     703.7061     49.41468
       267    558.7975    636.8207     2852.867     214.8504  16.3618   0.0818     5.31    0.250 -19.38   0      20.17     695.3716      49.6213
       268    266.1396    635.2046     1700.832     165.6773  16.9233   0.1058     2.99    0.040 -37.81   0      15.95     605.2833        49.33
       269    578.6448    630.9599     3400.087     236.2343  16.1713   0.0755     8.01    0.305  12.26   0      24.37     875.9335     50.32118
       270    732.5712    629.4235      2300.04     212.8454  16.5957   0.1005     5.14    0.260  23.09   0      15.54     546.7729     49.18312
       271    395.4780    628.7734      1267.25     132.4824  17.2428   0.1135     3.83    0.282  -1.21   0      14.09     546.2487     48.93353
       272    203.8661    628.8787     3825.155     96.52501  16.0434   0.0274     4.93    0.298  43.16   0      81.93      3551.12     61.12356
       273    822.0152    623.8434     19272.38     211.0215  14.2877   0.0119     3.38    0.137 -23.23   0      129.3     7104.798     73.48401
       274    950.2117    625.8260     2912.276     158.9699  16.3394   0.0593     6.56    0.597  14.66   0      36.32     1577.903     53.62415
       275    791.9138    622.6348     4961.092     178.7799  15.7611   0.0391     4.12    0.163  -7.23   0      44.49     1731.623     53.93557
       276    619.0085    618.8113     15932.14     206.6607  14.4943   0.0141     7.94    0.174  -1.11   0      111.1     5519.817     68.22905
       277    306.2626    631.5736     3030.703     205.6716  16.2961   0.0737     4.05    0.265  -8.16   0      23.29      877.533     50.56876
       278    140.8319    620.0665     8157.284     251.2415  15.2211   0.0334     6.79    0.143 -37.41   2      53.32      1901.86     54.86964
       279    594.6384    617.5505     5889.946     165.0187  15.5747   0.0304     4.03    0.202 -17.45   0      52.76     2237.751     56.24371
       280    804.0549    618.0473     1825.473     178.1839  16.8466   0.1060     3.95    0.409 -14.98   0      16.15     618.5139     49.39092
       281    644.6954    615.1607     6035.378      206.778  15.5482   0.0372     4.23    0.114  26.74   0      49.16     2014.424      54.8939
       282    303.3546    610.8759     33243.81      235.431  13.6957   0.0077     8.59    0.221 -19.78   0      185.6     11285.29     85.22763
       283    956.8295    611.3719     1643.393     141.9423  16.9606   0.0938     6.18    0.350 -21.98   0      16.53     594.7745     49.40443
       284    840.4755    610.0917     11071.09     182.2741  14.8895   0.0179     3.50    0.176 -15.03   0      84.67     3963.111     62.63671
       285    708.6395    609.2448     4886.352     206.2474  15.7775   0.0458     5.82    0.405 -38.54   0      34.79     1149.033     51.53986
       286     17.2108    610.4716     2588.629     177.4546  16.4673   0.0744     4.47    0.246 -22.44   0      24.66     962.5248     50.83017
       287    563.9726    607.6719     4404.445     168.4481  15.8903   0.0415     3.69    0.193 -18.08   0      40.86     1708.296     54.06194
       288    268.7000    606.8995     8453.959      179.826  15.1823   0.0231     3.43    0.154  -8.37   0      67.33     2901.392     58.34709
       289    121.6641    606.7075     8351.799     179.6968  15.1955   0.0234     3.57    0.178 -16.48   0      69.76     3118.039     59.49147
       290    408.0074    607.9960     3322.428     88.74698  16.1964   0.0290     4.20    0.004  42.21   2      76.42     3274.256     60.28676
       291    199.2639    600.5696     1603.972     103.5979  16.9870   0.0701     5.27    0.422  37.03   0      23.92     1077.407     51.34126
       292     66.4354    600.1927     1186.187     132.3432  17.3146   0.1212     4.98    0.275  -2.45   0      14.03      553.438     49.21391
       293    347.8143    595.3874     19998.91     210.3665  14.2475   0.0114     3.55    0.118 -18.46   0      132.5     7113.084      73.3445
       294    179.5518    598.4199     1430.874     90.71256  17.1110   0.0688     0.74    0.034   3.62   0      31.32     1350.619     52.76707
       295    622.3817    596.3581     2435.421     144.2594  16.5336   0.0643     3.17    0.162 -15.06   0      25.71     1036.144     51.39475
       296    433.7646    597.1703     1746.562     162.9735  16.8945   0.1013     4.62    0.401  -9.45   0      15.83     558.3045     49.23637
       297    308.3012    594.2103     22968.19      212.126  14.0972   0.0100     3.51    0.116 -10.43   0      145.1     8009.354     76.07109
       298    688.8043    596.0092     1494.226     156.9294  17.0640   0.1141     4.96    0.201  -0.38   0      14.78     591.2148     49.14193
       299    185.0184    592.1498     1696.607     126.2059  16.9260   0.0808     6.72    0.168  16.02   0      17.63     654.0002     49.67614
       300    821.8199    592.3130     2760.678     179.3728  16.3975   0.0706     3.89    0.227 -17.65   0      25.05     970.1349     50.62524
       301    603.4961    592.6104      2063.35     156.7878  16.7136   0.0825     4.40    0.173 -22.13   0      19.67     709.0134     49.68374
       302    750.5746    589.2722     4425.682     198.2354  15.8850   0.0486     3.76    0.140  -7.33   0      37.53     1487.632     53.12618
       303    318.4592    589.1271     2408.413     195.1338  16.5457   0.0880     3.86    0.234 -11.42   0      21.21     797.5238     49.96579
       304    589.6319    588.0635     5559.621     259.0267  15.6374   0.0506     3.64    0.200  16.41   0       35.3     1509.923     53.22146
       305    924.4998    587.2431     1554.685     173.5245  17.0209   0.1212     5.03    0.283  -2.17   0      13.85      486.934     48.03022
       306    155.4715    579.8221     52817.92     262.4349  13.1930   0.0054     3.44    0.049 -46.95   0      249.1     18127.36     101.9707
       307    473.4904    584.2216     1793.226     138.9472  16.8659   0.0841     2.79    0.043 -19.44   0       18.6     731.0648     49.41782
       308    295.4468    576.1256      2437.88     164.8567  16.5325   0.0734     5.23    0.181 -38.47   0      22.48     853.0729     50.21783
       309    395.1672    574.3033     4706.808     198.5574  15.8182   0.0458     3.65    0.208 -16.27   0       40.2      1649.06     53.35978
       310     65.4617    569.9393     23645.06      223.276  14.0656   0.0103    10.89    0.181  17.10   0      143.9     7841.429     75.56773
       311    600.0115    570.1492     2019.471     194.6802  16.7369   0.1047     3.68    0.315 -19.22   0      15.96     628.3542     49.43618
       312    448.9869    570.4683     2121.869     153.9467  16.6832   0.0788     5.65    0.272   4.26   0      20.97     824.6197     50.20978
       313    988.2316    567.5300     2591.213     175.7414  16.4662   0.0737     3.43    0.182  -1.32   0       24.6     994.1397     50.97133
       314    963.0321    568.0270     1736.969     177.2178  16.9005   0.1108     4.78    0.302  -0.84   0      15.86     621.8007      49.5286
       315     52.2616    562.8679      6468.47     220.7115  15.4730   0.0371     3.52    0.142 -11.83   0       49.1     2038.518     55.43279
       316    926.6323    563.3333     1600.077     158.0446  16.9896   0.1073     2.98    0.159 -36.05   0      17.32      676.729     49.53584
       317    351.7256    563.5450     1873.286     180.7779  16.8185   0.1048     3.05    0.029  14.43   0       16.3     622.2623     49.16214
       318    106.4956    563.7974     1721.813     142.0678  16.9100   0.0896     3.21    0.077 -12.74   0      18.53     725.0138     49.75688
       319    863.8841    561.1177     4599.189     208.1271  15.8433   0.0491     3.54    0.150  23.38   2       31.6      1198.74     51.75859
       320    185.8839    562.0067     2486.609     86.58007  16.5110   0.0378     0.00    0.083  -1.76   0      58.37     2465.084     57.26092
       321    833.5928    560.1398     1277.721     114.0584  17.2339   0.0969     3.69    0.295 -15.02   1      15.31     609.8959     49.35125
       322    474.2522    558.7876     2299.479     191.8727  16.5959   0.0906     4.19    0.157 -42.21   0      18.96     734.1224     49.92006
       323    610.0147    556.7018     4031.704     103.0704  15.9863   0.0278     5.15    0.300 -88.81   0      72.97     3218.744     59.97612
       324     52.7238    553.8945     4588.328     169.5921  15.8459   0.0401     3.65    0.161 -23.18   0      40.09     1619.084     53.45925
       325    784.9797    550.0231     3432.128     222.3856  16.1611   0.0704     4.65    0.126  13.39   0      25.22     997.6727     51.22435
       326     19.3843    549.1373     5877.796      198.371  15.5770   0.0367     4.37    0.220   7.88   0      46.78     1938.018      55.0192
       327    930.1586    548.7403     1464.195     169.8737  17.0860   0.1260     5.52    0.534 -55.21   0      13.14     438.3423     48.42976
       328    694.9755    548.0450     3442.698     187.6508  16.1578   0.0592     4.67    0.290 -18.99   0      32.31      1314.33     52.61054
       329    673.4096    545.1813     25400.29     214.0089  13.9879   0.0092     3.54    0.149 -16.17   0      156.7     9019.462     79.03133
       330    838.3123    544.7100     3337.442     217.4635  16.1915   0.0708     3.11    0.209  38.03   2      23.77     877.9881     50.33046
       331    395.4227    543.4138     1813.738     119.0057  16.8536   0.0713     0.00    0.471 -33.49   0      23.84     995.2874     51.09524
       332    151.0406    543.8792     7309.329      107.271  15.3403   0.0159     0.00    0.259 -71.68   0      117.6     6984.064      72.9436
       333    251.6379    540.8505     2364.477     201.2021  16.5657   0.0924     6.52    0.361 -35.19   0      18.76      715.167     49.71188
       334    530.2485    539.3602      2006.06     119.3724  16.7441   0.0646     3.51    0.179  -2.83   0      21.31     807.8844     50.13397
       335    310.5633    535.2123     24538.76     228.8675  14.0254   0.0101    10.38    0.198 -34.45   0      149.4     8263.054     77.06169
       336    845.5192    535.1656     4738.777     189.2141  15.8108   0.0434     3.87    0.084 -21.59   0      40.51     1630.172     53.73251
       337    739.1170    532.1585     1708.093     149.3284  16.9187   0.0949     3.37    0.318 -10.96   0      17.56     676.1696     49.28787
       338    646.2034    526.5920      3066.65     161.0834  16.2833   0.0570     7.78    0.238 -79.13   0      27.57     969.9865     50.86352
       339    290.1451    523.1807     7982.594     189.1051  15.2446   0.0257     3.35    0.108 -23.24   0      64.28     2889.525     58.92148
       340    951.5718    524.2630     1281.992     154.6742  17.2303   0.1310     3.57    0.275   0.59   0      13.83      518.959     48.68224
       341    887.2089    521.6100     1531.756     181.1865  17.0370   0.1285     5.03    0.392 -40.27   0      13.35     498.0154     48.70899
       342    450.4257    521.2519     2256.553      198.806  16.6164   0.0957     3.64    0.203 -30.75   0      17.52     657.0793     49.69022
       343   1008.9129    520.2106     2010.505     179.2673  16.7417   0.0968     3.38    0.136  18.61   0      20.53      797.022     49.96351
       344     36.6798    526.9883     2040.384     202.3394  16.7257   0.1077     6.60    0.589  -6.53   0      14.96     462.0817     48.54103
       345    865.2124    512.9441       1269.6     129.0087  17.2408   0.1104     3.23    0.217   3.81   0      13.91     546.1938     49.05701
       346    223.1040    510.1302     3178.962     217.2978  16.2443   0.0742     4.38    0.398  -8.88   2      20.71     615.8914     48.88527
       347    126.7183    511.9558     1871.224     159.3878  16.8197   0.0925     3.33    0.339  -1.43   0       17.3     660.3303     49.21478
       348    947.5181    509.0730     4458.675     162.1032  15.8770   0.0395     6.77    0.202  46.90   0      47.59     2219.868     55.95512
       349    727.1628    509.2226     1365.765     93.83733  17.1616   0.0746     3.41    0.340  49.40   0      39.08     1127.456     51.91388
       350     34.1211    508.0778     11231.11     185.7663  14.8739   0.0180     3.39    0.153  -6.37   0      84.86     3990.223      62.6383
       351    789.3221    502.3026     124624.5     356.3352  12.2610   0.0031     4.23    0.148  81.22   0      406.2     34615.27     133.6269
       352    437.7934    506.9086      5652.06     239.6592  15.6195   0.0460     4.24    0.198 -22.65   0      40.09     1644.055      53.7912
       353    267.4061    508.1746     2173.409     197.1795  16.6571   0.0985     3.17    0.143 -10.96   0      16.84     637.4328      49.4779
       354    755.6262    505.4050     1702.594      166.592  16.9222   0.1063     3.31    0.135 -32.80   0      15.86     567.8893     49.15742
       355    995.0419    502.2153     2713.948     197.0338  16.4160   0.0788     4.36    0.230 -38.17   0      22.92      923.971     50.89629
       356    643.9943    501.7524     2054.718     194.7214  16.7181   0.1029     2.57    0.158 -87.05   0      15.26      557.505     49.10939
       357    624.7966    498.5140     4530.701      219.399  15.8596   0.0526     4.61    0.184  -3.43   0      36.03     1369.286      52.8474
       358    381.2963    497.7401     9155.099     185.6742  15.0958   0.0220     3.46    0.097 -10.41   0      72.38     3217.631     59.87073
       359    122.0572    498.7188     6504.234     160.2859  15.4670   0.0268     3.27    0.142 -13.40   0      57.44     2536.012      57.2248
       360    572.3940    496.1106     2862.617     186.9469  16.3581   0.0709     6.01    0.198 -50.89   0       21.4     681.7518     49.55888
       361    478.5715    494.7793     8126.573     189.2781  15.2252   0.0253     8.31    0.204 -50.41   0      64.71     2609.259     57.93507
       362    700.9172    493.4970     3689.182     171.0619  16.0827   0.0504     4.34    0.174 -29.13   0      34.04     1314.477     52.14819
       363    214.9036    493.7276     11069.22     118.8508  14.8897   0.0117     0.00    0.387  70.55   0      143.5      10076.5     81.79271
       364     85.1644    492.2948     2009.206     173.2461  16.7424   0.0936     4.86    0.354 -39.70   0      18.17     637.2432     48.86051
       365    893.8199    484.9569     2860.285      168.164  16.3590   0.0638     7.13    0.401  35.23   0      22.76     775.7573      50.2301
       366    859.6838    485.9170     1368.327     141.5012  17.1595   0.1123     5.14    0.291  15.24   0      14.95     594.1736     49.03212
       367    230.9546    476.2207     341125.4     459.8261  11.1677   0.0015     3.35    0.102 -18.85   0      713.4     120263.8     238.4026
       368    476.0755    478.1469     3536.032     147.0176  16.1287   0.0452     3.79    0.215  -3.92   0      34.96     1456.787     52.87954
       369    701.5105    478.2154     1688.153     172.8244  16.9315   0.1112     4.32    0.265  -1.66   0      14.36     531.7498     48.61737
       370    677.0496    475.8433     2857.618     137.4072  16.3600   0.0522     3.05    0.081 -29.43   0      31.04     1367.526     52.72498
       371    303.2351    474.0621     4599.229     199.1966  15.8433   0.0470     8.92    0.411 -46.44   0      36.14     1173.062     51.76297
       372    316.9579    472.9826      3218.51     196.8465  16.2309   0.0664     4.08    0.292 -15.56   0       28.4     1148.844     51.89073
       373    771.4585    476.6145     42342.45      257.945  13.4331   0.0066     3.60    0.132 -48.97   0      215.3      14061.8     92.46646
       374    114.9393    470.7159     2298.728     198.8542  16.5963   0.0939     4.47    0.308 -16.50   0       18.3     653.1707     49.18171
       375    348.2845    469.0313     2850.624     186.1198  16.3626   0.0709     3.64    0.216 -41.70   0      25.51     1012.815     50.93565
       376    171.9827    465.0548      2778.43     176.8425  16.3905   0.0691     3.50    0.057  -0.54   0      25.11     1021.105     51.20995
       377    288.6051    463.4392     2022.673     189.9554  16.7352   0.1020     3.04    0.128 -41.30   0      16.73     639.7112     49.61072
       378     64.1463    461.9998      6768.11     203.1537  15.4238   0.0326     3.31    0.113  -3.81   0      55.42     2443.351     57.06846
       379    477.4057    462.5930     1627.887     135.3579  16.9709   0.0903     2.77    0.141 -38.62   0      17.78     696.0763     49.62452
       380    248.0027    461.8444      20080.6     124.4724  14.2431   0.0067     4.44    0.110 -89.63   0      191.7     20142.89     106.4251
       381    522.0023    458.0004     8929.695     102.1018  15.1229   0.0124     4.19    0.002 -37.76   2      134.9     8957.751     78.85366
       382    939.0480    456.5822     2249.863     131.8785  16.6196   0.0637     3.55    0.230 -12.30   0      22.41     901.4187     50.79549
       383    865.7094    454.9908      4454.98     118.9554  15.8779   0.0290     3.24    0.510  -1.13   0      67.86     3430.806     60.87407
       384    447.5129    455.0067     1804.763     141.1306  16.8589   0.0849     5.57    0.422  -1.63   0      17.81     679.5185     49.54863
       385    390.8264    454.5106     3199.843      252.785  16.2372   0.0858     6.39    0.537 -26.84   0      16.11     403.1019     48.01221
       386    736.6647    449.0685     2646.712     152.7478  16.4432   0.0627     4.79    0.186 -16.51   0      24.54     915.0621     50.49759
       387    132.4000    434.9010     5491.578     206.1795  15.6508   0.0408     3.44    0.156 -20.30   0      46.02     1947.546     55.05854
       388    850.8300    434.9837     6367.637     188.7669  15.4901   0.0322     3.84    0.209 -14.31   2      46.88     1922.737     55.17624
       389    337.5613    434.6499     3866.591     186.5455  16.0317   0.0524     4.42    0.158 -19.76   0       35.2     1396.001     52.73273
       390     86.0922    434.8981     4593.626      165.986  15.8446   0.0392     3.75    0.264 -24.45   0      41.17     1729.651     53.81472
       391      4.4508    435.2736     3276.148     189.8592  16.2116   0.0629     3.85    0.211   5.53  16      25.74     947.7725      50.6446
       392    377.9172    434.6336     2390.541      212.229  16.5538   0.0964     5.35    0.289  75.30   0      13.91     377.8266     48.01884
       393    254.3716    429.6947      72493.5     284.3359  12.8493   0.0043     7.42    0.144 -45.38   0      301.5     24046.06      114.139
       394     21.8351    434.0609      3306.71     236.1444  16.2015   0.0776     4.40    0.304  -6.95   0      18.68     716.4133     49.71758
       395    417.0084    430.1563      2454.41     86.49551  16.5251   0.0383     1.13    0.090 -88.56   0      55.02     2454.448     57.32455
       396    980.5974    428.7659     2028.969     197.7808  16.7318   0.1059     4.46    0.276  -3.81   0      14.82     571.9439     49.29929
       397    131.2401    426.5180     2847.976     207.6708  16.3637   0.0792     3.64    0.162   0.50   0      21.84     827.0533     49.97877
       398    212.7529    424.9547     3558.443     157.9837  16.1218   0.0482     3.51    0.173 -17.91   0      33.38     1429.008     52.98933
       399    120.2764    421.1401     2247.499     174.4296  16.6208   0.0843     3.51    0.144 -38.93   0      22.77     876.2608     50.32266
       400    415.4677    420.4724     1433.052     128.1187  17.1093   0.0971     2.88    0.035  -5.81   0       15.7     592.9237     49.02632
       401     19.0115    418.7469     3375.348     248.7129  16.1792   0.0800     7.50    0.364 -40.70   2      20.52      623.227     49.41261
       402     22.9666    415.1319     2681.787     202.3108  16.4289   0.0819     4.61    0.328 -16.23   3      20.39     762.8223     49.92928
       403    653.7852    417.7126     2761.679     202.4005  16.3971   0.0796     3.70    0.298 -10.44   0      22.34     860.4912     50.25139
       404    942.7814    410.0011     1643.782      165.599  16.9604   0.1094     2.49    0.187  -4.47   0      14.49     585.3917     49.11499
       405    414.4253    406.1391     35656.44     227.3197  13.6197   0.0069     3.45    0.110 -17.71   0      197.5      12859.6     89.46281
       406    116.1543    408.8440     2002.231     185.0809  16.7462   0.1004     3.66    0.218 -11.87   0      17.27     646.1283     49.51783
       407    997.1452    405.9187      1661.52     126.1427  16.9487   0.0824     4.08    0.147  79.45   0      17.99     712.4811     49.45502
       408    790.9532    401.3893     2711.615     189.9817  16.4169   0.0761     6.18    0.377  16.94   0      20.96     733.6962     50.03942
       409     22.0420    399.9943     1368.773     83.59427  17.1592   0.0663     4.20    0.020 -58.24   2      43.76     1373.807     52.86685
       410    804.8951    396.0276     3339.058     129.1298  16.1909   0.0420     6.88    0.478  81.81   0      44.03     2139.234     55.40823
       411    717.1174    396.6644     1879.889     150.5995  16.8147   0.0870     3.61    0.227 -10.56   0      19.18     726.8661     49.64336
       412     93.4005    397.2338     1543.785     159.8711  17.0285   0.1125     5.01    0.275  -1.81   0      15.28     552.7698     49.21082
       413    170.8748    393.4881     3309.068     144.5848  16.2007   0.0475     3.71    0.134 -23.09   0      32.57     1286.711     52.02704
       414    231.5372    392.8203     3627.483     154.2002  16.1010   0.0462     4.98    0.182 -19.98   0       34.3     1372.666     52.63206
       415    477.0227    391.9275     2786.935     215.4852  16.3872   0.0840     3.64    0.205 -13.26   0      21.41     857.6049     50.47911
       416    125.2844    389.9545     1765.522     179.8014  16.8828   0.1106     4.85    0.353  -0.77   0      15.37     546.7181     48.68729
       417    440.1064    386.7693       5174.5     183.2346  15.7153   0.0385     5.10    0.188  -2.55   2      46.25     1872.317     54.30236
       418    438.0022    382.0005     54610.58     176.6036  13.1568   0.0035     0.00    0.001  32.66   3      343.3     54466.18      164.023
       419    330.5051    385.2728     2462.624     210.1536  16.5215   0.0927     3.45    0.042   7.22   0      17.22     621.2586     48.91021
       420    875.0845    380.1767      3683.27     163.8121  16.0844   0.0483     3.71    0.211  -7.13   0      33.07      1322.46     52.18297
       421    549.7644    378.8405     3003.889     140.9136  16.3058   0.0509     3.52    0.202  -5.25   0      29.57      1201.18     51.88628
       422    222.8987    377.0793     2855.233     196.4266  16.3609   0.0747     3.70    0.075 -46.99   0      25.83       966.63     50.48957
       423    619.9766    375.4473     2050.415     181.8359  16.7204   0.0963     3.97    0.151   1.62   0      17.29     627.6657     49.55551
       424   1020.1420    367.8268     80580.99      272.427  12.7344   0.0037     4.48    0.073 -59.22  24      324.8     27940.73     121.8463
       425    151.5412    367.9955     3058.805     212.2305  16.2861   0.0754     3.99    0.240 -28.02   0      24.38      944.501     50.86884
       426    222.1658    366.4001     1802.462     122.7462  16.8603   0.0740     3.38    0.197 -13.51   0      20.43     826.3416     50.45845
       427    121.6356    361.3016     8094.489     180.2141  15.2295   0.0242     3.63    0.214 -19.71   0      66.41     2844.661      58.2299
       428    481.5128    356.6124     5135.376     184.0116  15.7236   0.0389     3.73    0.138 -11.41   0      44.51     1803.998     54.35134
       429    166.8079    353.0448     3767.286     170.2778  16.0599   0.0491     3.74    0.196 -11.13   0      35.48     1435.797     53.13268
       430    106.3239    353.5153     2488.012     180.7123  16.5104   0.0789     3.31    0.177  -5.65   0       22.2     856.7509     49.99251
       431    464.9884    351.9522      2303.72     165.5895  16.5939   0.0781     3.70    0.037  -5.71   0      20.84     792.3678      50.3052
       432    797.9871    352.0008     1537.738      166.367  17.0328   0.1175     5.23    0.342  -1.53   0      14.08     534.7296     48.87999
       433    140.8030    350.0869     4845.558     193.3033  15.7866   0.0433     3.72    0.156 -17.06   0      42.23      1738.12     54.29894
       434      2.4792    350.7056      2178.37     162.6453  16.6547   0.0811     2.85    0.034  12.67  24      18.28     714.0956     49.58486
       435    958.3560    346.2503      25361.3     223.6649  13.9896   0.0096     0.00    0.204  84.13   0      154.2     5715.986     68.96735
       436    326.0843    349.2538     2444.586     197.4919  16.5295   0.0877     3.92    0.118 -21.24   0      19.94     733.3757     49.55095
       437    755.0208    348.9944     5043.547     93.05028  15.7432   0.0200     4.32    0.042  -2.15   0      87.97     4506.293     64.76504
       438    866.1805    347.3979     1832.485     194.4618  16.8424   0.1152     5.83    0.447 -36.45   0      14.46      423.788     48.36141
       439    627.5212    347.9993     1579.556     135.2768  17.0037   0.0930     3.50    0.245   2.06   0      16.01     637.9495     49.35759
       440     30.9553    346.3668      2468.79     147.4291  16.5188   0.0649     3.73    0.207 -11.27   0      24.96     982.1464     51.03676
       441    656.6624    342.1161     10166.43     206.1867  14.9821   0.0220     3.70    0.188 -12.00   0      78.55     3534.348     61.06116
       442    399.8712    343.6426     2512.328     184.0667  16.4998   0.0796     3.46    0.227 -12.95   0      22.35     901.1992     50.55523
       443    977.0780    338.2217      2019.12     151.8112  16.7371   0.0817     5.00    0.361 -12.05   0      18.84     751.6177     49.99965
       444    489.3893    330.8930     67377.87     271.9827  12.9287   0.0044     3.49    0.099 -23.06   0      291.6     23560.24     113.3816
       445    370.9264    332.8880     21376.34     207.5123  14.1752   0.0105     3.61    0.149 -10.80   0      139.7      7687.17     74.94073
       446    341.0810    334.5052     5296.252     163.2733  15.6901   0.0335     3.73    0.151  -8.37   0      46.06     1915.141     54.81412
       447    178.9177    326.4871     22420.36     222.0258  14.1234   0.0108     4.19    0.130 -47.36   0      140.4     7302.565     73.84726
       448    879.1918    330.7537     2286.513     225.2852  16.6021   0.1070     6.02    0.532  16.05   0      15.14      480.839     48.87749
       449      6.4880    330.5053     1892.519     159.4182  16.8074   0.0915     3.71    0.215 -41.08  16       18.5     715.3875     49.59078
       450    746.9351    328.6832     4929.997     265.4171  15.7679   0.0585     3.88    0.267 -25.19   0      24.38     921.8512     50.52814
       451    674.3264    329.9511     1227.398     130.1045  17.2775   0.1151     4.50    0.293 -16.20   0      14.31     520.1168     48.68764
       452    254.7323    327.3333     2344.515     133.1845  16.5749   0.0617     0.00    0.560  22.04   2      37.52     1563.829     53.33761
       453    263.4637    324.0310     10748.18     241.9512  14.9217   0.0244     3.47    0.134 -25.51   2      74.07     3317.177     60.44835
       454    646.9410    323.6907     5927.294     209.5723  15.5679   0.0384     3.73    0.160  -9.71   0      47.92     2063.751     55.31738
       455     92.8092    320.7400         3751     167.5641  16.0646   0.0485     3.72    0.133 -26.06   0      33.94     1325.113     52.54184
       456    974.8975    319.5971     1919.836     196.8871  16.7918   0.1114     3.63    0.125 -75.44   0      15.47     570.7731      49.0473
       457    426.9688    319.4565     3784.458     173.8243  16.0550   0.0499     4.17    0.297 -10.71   0      33.95     1350.493     52.53623
       458    148.4018    318.8715     1886.656     156.5314  16.8108   0.0901     3.69    0.081   5.42   0      19.18     722.2485     49.74424
       459    601.5034    315.7260     5079.399      264.401  15.7355   0.0565    10.38    0.290 -55.50   0      33.23     704.3535     49.29482
       460    868.8321    316.0261     2386.203     149.3455  16.5557   0.0680     4.18    0.143 -18.93   0      23.47     894.6307     50.76511
       461    687.8098    315.9352     1520.707     167.2524  17.0449   0.1194     4.04    0.193  -3.13   0      14.28     534.1736     48.87741
       462    241.4943    314.3171      1831.09     184.0489  16.8432   0.1092     2.81    0.140   8.72   0      15.72      625.201     49.17572
       463    456.2317    312.3148      1466.49     157.8524  17.0843   0.1169     5.04    0.219 -37.80   0      14.02     524.1401     48.70642
       464      9.5700    308.4658     2776.472     198.6379  16.3913   0.0777     4.03    0.296  -1.23   0      21.54     795.1946     50.07641
       465    568.3030    306.2264     4080.034     188.4212  15.9733   0.0502     3.44    0.138 -17.79   0      36.04     1437.429     52.45065
       466     30.8775    307.1057     4405.699     173.7646  15.8900   0.0428     3.96    0.246 -13.01   0      38.34     1532.164     53.20251
       467    818.4303    303.5312     2624.913      156.635  16.4522   0.0648     3.16    0.131 -18.65   0      23.64     937.9519     50.72018
       468    261.9237    301.2230     15208.04     236.0455  14.5448   0.0169     3.51    0.133  -5.75   0      99.03     4774.822      65.7006
       469    948.6699    302.1124     1286.951     129.0392  17.2261   0.1089     4.40    0.275 -14.76   0      13.66     529.1003     48.60498
       470    709.9222    300.9211     11589.26     109.2557  14.8399   0.0102     4.46    0.120  45.23   0      148.8     11371.11     85.31416
       471    827.7293    293.2689     1686.061     163.8169  16.9328   0.1055     3.27    0.143 -17.26   0      16.22      653.448      49.3061
       472    517.0062    293.5730     1518.021     155.9953  17.0468   0.1116     3.34    0.673  27.01   0      15.42     663.4754     49.59738
       473    382.5612    290.8601     4066.522     182.6867  15.9769   0.0488     6.86    0.184   3.63   0      35.65     1421.628     52.84306
       474    158.1057    290.0163     1178.147     83.07439  17.3220   0.0766     4.46    0.157  -1.08   0      35.88     948.4743     50.40777
       475    455.1529    286.0315      1451.35     131.6515  17.0956   0.0985     2.83    0.156  -2.45   0      16.75      671.305     49.75525
       476    974.3856    283.2401     4328.475      212.875  15.9092   0.0534     4.09    0.292 -15.04   0      34.22     1349.666     52.87774
       477    188.6167    282.0866     1730.916     177.2101  16.9043   0.1112     3.89    0.273 -15.59   0      14.86     542.5187      48.7921
       478    608.5991    280.8725     1987.277     172.3401  16.7544   0.0942     3.31    0.134  -9.59   0      17.14     656.8849     49.44471
       479    981.1597    275.2256     10083.15     184.3565  14.9910   0.0199     3.85    0.140   1.87   0      77.46     3518.249     61.39747
       480    882.3542    271.9754     48078.18     255.9397  13.2951   0.0058     3.58    0.029 -12.92   0      235.2     16528.51     98.40428
       481    195.5541    276.2240     1528.412     149.0547  17.0394   0.1059     3.54    0.236 -27.01   0      17.26     673.9955     49.76753
       482    152.4726    276.9530     1251.767     151.6607  17.2562   0.1316     4.99    0.389  26.58   0       12.7     427.4905     48.37881
       483     70.4896    275.1239     1749.769     156.3326  16.8925   0.0970     4.15    0.178 -14.81   0      17.15     603.8814      48.9534
       484    358.5651    274.2419     1924.456     173.1349  16.7892   0.0977     3.69    0.219 -25.61   0      16.83     636.4985     49.47361
       485    700.4534    267.0172     3120.554     196.7334  16.2644   0.0685     7.25    0.305 -19.87   0      24.94     931.4545     50.81052
       486    172.0457    267.1142     3441.151     208.3189  16.1582   0.0657     4.12    0.110 -52.82   0      25.96     1041.976     50.94673
       487     72.2454    262.7122     6068.303     194.7356  15.5423   0.0349     3.49    0.143 -14.45   0      50.57     2106.923     55.49448
       488    430.1151    260.1016     10199.22     229.1971  14.9786   0.0244     3.37    0.394   6.94   2      64.19     2830.833     58.28002
       489    836.3564    260.4348      4261.19     177.8879  15.9262   0.0453     3.78    0.222  -8.02   0      39.02     1618.991     53.79801
       490    912.4400    258.0419     3599.207     168.2613  16.1095   0.0508     3.78    0.198  -5.88   0      32.74     1302.194     52.32687
       491    498.4606    258.7694     1734.666     178.0681  16.9020   0.1115     5.39    0.269 -30.06   0      15.57     568.3222     48.91214
       492    975.6336    253.3318     4188.934     162.6591  15.9447   0.0422     8.74    0.208  67.49   0      35.27      1298.39     52.31034
       493    154.9279    254.2376     8997.791     195.8166  15.1147   0.0236     3.62    0.159 -12.03   0      71.43     3240.021     60.15756
       494    270.7327    253.2799     1131.883     93.26914  17.3655   0.0895     3.13    0.498  60.38   0       21.8     930.8959     50.44877
       495    613.5398    250.2622     2281.607     177.0609  16.6044   0.0843     6.67    0.359  10.24   0       19.5     721.1843     49.73938
       496     16.5904    241.9153     202653.6     381.4014  11.7331   0.0020     3.46    0.076 -23.77   0      539.6     69538.36     183.7241
       497    773.2963    262.7051     3082.502     231.3878  16.2777   0.0815     7.38    0.530 -11.71   0      20.91     564.5271     48.77036
       498    700.9916    244.4278     5702.052     204.1966  15.6099   0.0389     3.74    0.133   2.85   0      43.78     1795.804     54.53985
       499    527.1551    245.6819     2123.834     192.4537  16.6822   0.0984     5.79    0.382  13.64   0      16.67     542.0822     48.66565
       500    476.7822    242.3503     42878.43     243.3123  13.4194   0.0062     3.53    0.109  -7.59   0      220.6      15177.5     95.23292
       501    749.7290    240.5922     2712.954     171.5363  16.4164   0.0687     8.06    0.327  33.54   0       24.4     804.2744      50.1176
       502    400.6038    237.7352     2370.208     145.2042  16.5630   0.0665     4.32    0.336 -16.01   0      22.06     852.6959       50.457
       503    181.3585    230.0873     25397.16     229.0576  13.9880   0.0098     3.42    0.142 -27.77   0      155.2     8807.739     78.26533
       504    675.1380    230.7169     5260.466     162.2923  15.6974   0.0335     3.72    0.195  -7.90   0         46     1884.886     54.57756
       505    231.0445    222.5462     34547.83     229.5343  13.6539   0.0072     3.47    0.112 -22.27   0      193.4      12335.7     88.12183
       506     17.0160    223.9025     1794.258     84.74316  16.8653   0.0513     4.40    0.119 -86.46   0      46.87     1458.918     52.77394
       507    696.6487    220.3798     6555.411     192.9611  15.4585   0.0320     3.95    0.205 -27.92   0      54.34     2350.934     56.91267
       508    406.1811    221.2921     7299.702     184.2136  15.3417   0.0274     3.45    0.071 -20.74   0      60.34     2608.681     57.40717
       509    616.1449    219.1432     2304.106     195.7879  16.5937   0.0923     5.21    0.252  10.78   2      16.46     596.1218     49.41063
       510    201.5342    216.8351     5932.355     317.1894  15.5669   0.0581     9.82    0.532 -13.80   0       27.9     776.4269     49.99116
       511    653.6385    214.3122     7979.803     213.9227  15.2450   0.0291     3.63    0.321  -1.50   2      56.74     2382.337     56.61117
       512    130.3450    206.1799     3419.328     166.2042  16.1651   0.0528     6.47    0.466 -63.12   0       40.8     1948.782     55.17364
       513    358.0081    196.7388     4569.153     166.8633  15.8504   0.0397     3.62    0.206  -6.69   2      37.32     1393.706      52.8377
       514    431.9828    196.6129     3799.242     213.0219  16.0508   0.0609     3.84    0.204  19.43   3      29.14     1151.811     51.66958
       515    427.0837    189.4501     30090.95     230.4023  13.8039   0.0083     3.52    0.097  -9.80   2      173.7     10296.28     82.47467
       516    967.5208    196.4907     1927.803     133.6107  16.7873   0.0753     3.45    0.060 -27.30   0      21.09     820.8825     50.07193
       517    741.7073    191.7211     60700.74     262.3311  13.0420   0.0047     3.59    0.114 -16.17   0      273.7     20726.28     107.4947
       518    475.0891    195.0244      3903.63     191.4024  16.0213   0.0532     3.51    0.196  -4.21   0      34.14     1387.712     52.46639
       519    251.6734    192.8984       8734.9     170.6769  15.1469   0.0212     3.37    0.147  -9.25   0      72.84     3297.205     59.97018
       520    949.2073    190.0728     3326.293     203.0335  16.1951   0.0663     3.99    0.099 -10.04   0       27.9     1069.842     51.30777
       521    176.7625    187.0111     2590.229     107.1632  16.4667   0.0449     0.00    0.244   0.29   0      51.12     1933.522     55.33033
       522    956.1769    182.0569      3004.02     208.5694  16.3057   0.0754     3.97    0.219  -9.66   0       23.7     918.5311     50.63308
       523    309.3208    180.0558     11781.62     225.4451  14.8220   0.0208     3.57    0.164 -17.43   0      84.87       3873.9     62.31218
       524    869.6409    182.0576      1400.02     137.2023  17.1347   0.1064     3.44    0.269 -16.36   0      15.32     578.0562     49.08103
       525     69.1935    178.6532     2931.315     201.8414  16.3323   0.0748     3.83    0.258 -16.92   3      21.25      836.749     50.38512
       526     72.6686    174.3801     2988.424     213.5792  16.3114   0.0776     4.56    0.343 -36.81   3      21.63     781.3896     50.13479
       527    558.8896    190.9125      7554.64     209.8904  15.3045   0.0302     3.60    0.142 -16.92   0      60.57     2661.634     57.82649
       528      9.6583    170.9575     4549.243     208.7997  15.8552   0.0498     4.58    0.110 -63.95  16      32.77     1174.367      51.7687
       529    312.5362    169.6481     6053.876     239.4077  15.5449   0.0429     3.70    0.140 -15.67   0      42.81     1697.616     54.01702
       530    782.2992    168.5953     3510.507     240.1575  16.1366   0.0743     8.11    0.341  83.09   1      23.57     668.4348     49.49777
       531   1016.4224    164.9468     3690.399     226.0275  16.0823   0.0665     7.91    0.298 -30.53  16      26.77     1005.515     51.14071
       532    391.6396    164.5152     1493.089     157.8907  17.0648   0.1148     4.41    0.320 -51.52   0      15.28     559.7399     48.74804
       533    673.5825    163.1005     1558.782     132.9815  17.0180   0.0926     4.54    0.219 -44.66   0      16.42     598.0908     48.92651
       534    221.2451    163.0588     2987.009     183.8292  16.3119   0.0668     7.61    0.280 -64.70   0      26.81     942.6302     50.74114
       535     29.6614    160.8697     3311.518     146.6702  16.1999   0.0481     0.00    0.509  49.90   0      38.99     1758.832     54.27398
       536    624.0529    160.8747      3719.33     204.9574  16.0738   0.0598     4.30    0.300 -18.02   0      31.01     1223.051     51.86523
       537    779.8961    160.2223     2127.184     185.2343  16.6805   0.0946     4.00    0.287 -27.40   0      19.99     728.7326     49.40709
       538    959.5314    159.1885     3674.552     113.5176  16.0870   0.0335     5.83    0.261 -18.43   0       57.7     2596.798     57.67632
       539    215.5394    158.0666     3531.208      186.949  16.1302   0.0575     3.66    0.170 -11.79   0      31.46     1240.792      52.0595
       540    305.4766    156.0022     1527.527      131.783  17.0400   0.0937     5.37    0.256  -5.10   0      16.33     638.7897     49.36146
       541    801.0788    149.7700      5201.77     105.6189  15.7096   0.0221     5.21    0.356 -72.17   0       92.3     4561.828     64.95963
       542    772.9607    148.2852     2726.219     207.5375  16.4111   0.0827     3.58    0.276 -17.82   0      19.97     761.2333     49.67856
       543    176.0381    148.4381      1860.65     162.2007  16.8258   0.0947     3.70    0.206  -3.69   0      19.57     768.2703     49.95407
       544    982.5445    147.6950     1820.198     172.1196  16.8497   0.1027     4.32    0.058   8.61   0      17.02     627.3511     48.93851
       545    244.2390    145.7505     7295.911     201.4992  15.3423   0.0300     3.64    0.116  -1.75   0      57.47      2403.07     56.90781
       546    191.9544    144.9817     1839.982      84.8657  16.8380   0.0501     4.24    0.014 -20.73   2      48.99     1672.069     54.13388
       547    123.2912    143.0529     11337.88     272.5222  14.8637   0.0261     3.71    0.287 -30.46   2      67.02     2050.555     55.26314
       548    373.9688    141.9970     4572.847     179.9779  15.8495   0.0427     4.19    0.274  -2.04   0      39.28     1664.775     54.10325
       549    588.8321    138.0979     2012.634     172.3736  16.7406   0.0930     3.88    0.276  -5.49   0      17.98     659.1921      48.9625
       550    110.0042    133.7524     3490.073      186.899  16.1429   0.0582     5.14    0.153  -3.01   0      30.98     1243.273     52.07033
       551    993.1814    132.1222     4748.236     180.1993  15.8087   0.0412     3.72    0.156 -22.48   0      42.34     1739.304      54.3039
       552    936.1063    132.9517     1278.834     145.5832  17.2330   0.1236     5.07    0.607  25.72   0      12.15     394.5717     47.84527
       553    470.1581    132.2792     3460.087     114.4198  16.1523   0.0359     3.83    0.399  28.15   0      48.37     2436.503      56.9348
       554     34.0775    129.6220     4782.742     220.3488  15.8008   0.0500     3.70    0.131 -53.83   0      35.75     1406.572     52.77827
       555    407.2227    130.1984     1894.783     178.2723  16.8061   0.1022     3.58    0.325 -10.92   0      17.14      667.751     49.49463
       556    714.0220    126.2882     10961.81     232.5736  14.9003   0.0230     4.63    0.232 -41.15   0      75.07     2919.357     58.72755
       557    692.5356    127.0167     4227.046     209.8979  15.9349   0.0539     3.79    0.180 -15.82   0      33.16     1307.956     52.35189
       558    644.8693    127.4839     1806.765     168.5424  16.8577   0.1013     3.18    0.123 -16.47   0      16.26     606.5087      48.9656
       559    867.7802    118.1641     8467.562     186.4635  15.1806   0.0239     3.63    0.151  -6.04   0      68.46     3069.156      59.8134
       560    250.8569    114.0508     1497.533      113.164  17.0616   0.0821     5.52    0.400   5.92   0      16.56      598.559     49.29902
       561     50.9577    111.1391     3124.118     205.7748  16.2632   0.0715     4.88    0.221  10.45   0      25.68     965.5729      50.8438
       562     33.7858    105.4811     33685.59     239.6818  13.6814   0.0077     3.48    0.039 -48.58   0      185.7     11323.78     85.33019
       563    676.4673    101.4158     9103.212     212.9886  15.1020   0.0254     3.63    0.157 -10.51   0       70.5     3103.484      59.6395
       564    374.1542    101.7699      3002.44     217.8101  16.3063   0.0788     4.76    0.280   1.51   0       20.9     785.8535     50.27576
       565    538.4653     97.7682     1842.454     139.0277  16.8365   0.0819     6.24    0.199 -59.04   0      17.54     609.6357     49.22705
       566    993.2136     95.3896     1590.621     177.8841  16.9961   0.1215     5.80    0.285  69.59   0      16.22     571.9927     49.05295
       567    262.7664     94.2801     3122.042     190.4721  16.2639   0.0663     3.77    0.168 -21.06   0      27.75     1074.171     51.32694
       568    808.1788     93.2182     5628.472     156.1541  15.6240   0.0301     7.65    0.176  30.95   0      57.79     2967.838     59.32507
       569    274.8137     93.8611     2611.155     95.22812  16.4579   0.0396     4.96    0.273  34.48   0      57.76     2172.949     55.98124
       570    741.3240     88.9396     11259.07     228.9253  14.8712   0.0221     3.64    0.160  -5.70   0       78.8     3482.834     60.96865
       571    752.0834     87.4134     16422.37     246.6099  14.4614   0.0163     4.17    0.164 -15.52   0      105.2      5072.29     66.72167
       572    154.0631     84.5486     1979.675     159.5424  16.7585   0.0875     3.87    0.149  -5.76   0      19.98     777.4943     49.99601
       573    944.1241     79.5317     2864.737     165.4441  16.3573   0.0627     4.23    0.376  -1.84   0      27.14     1002.085     50.76847
       574    589.6240     79.2779     2500.801     169.4757  16.5048   0.0736     3.96    0.323   2.77   0      22.25     851.8623     50.33294
       575     33.9894     75.8679     3894.235     224.8885  16.0239   0.0627     4.66    0.206 -15.16   2      28.46     915.8283     50.62095
       576    968.8608     78.5538      2967.53     195.0082  16.3190   0.0714     4.27    0.176 -23.82   2      24.11      939.197     50.72576
       577    968.1965     73.3951     2390.034      201.231  16.5540   0.0914     5.27    0.198  45.73   3       14.4       451.66     48.49221
       578    418.4985     78.3423     1863.305     145.4544  16.8243   0.0848     6.20    0.534  50.08   0      22.17     955.2643     50.55843
       579    625.3071     77.7421      2024.45     167.9355  16.7342   0.0901     4.30    0.290 -23.66   0      19.72     719.7141     49.48825
       580     52.5877     71.3980     4109.287     190.0581  15.9656   0.0502     3.80    0.133  -9.07   0      35.61     1399.479     52.74772
       581    528.5270     72.2340     1425.702     152.9155  17.1149   0.1165     3.86    0.274  -0.36   0      13.77     493.1038     48.68607
       582    951.3115     70.3036     3112.968     205.7625  16.2671   0.0718     3.58    0.188 -15.19   0      24.41     964.7008     50.60084
       583    850.1699     69.4796      4926.55      180.424  15.7686   0.0398     3.77    0.151 -13.28   0      41.93     1660.883     53.86225
       584    963.5630     64.8726     22146.33     248.1924  14.1367   0.0122     3.63    0.083  16.20   0      135.6     7141.361     73.43207
       585    269.8842     68.4887     1474.474      152.988  17.0784   0.1127     5.63    0.506 -33.29   0       13.3     435.4458     48.29078
       586    815.3644     60.1152     112713.6     313.8829  12.3701   0.0030     3.62    0.071 -23.96   0      391.7     37925.14     139.1861
       587    545.1086     60.0920     73799.86     278.3881  12.8299   0.0041     3.54    0.086 -20.35   0      306.8     25190.36     116.5514
       588    330.3650     62.5706     22543.99      226.878  14.1174   0.0109     3.58    0.191 -11.35   0      139.8     7506.843     74.71711
       589     19.4887     62.4518     11604.36     210.6635  14.8384   0.0197     3.63    0.119  -8.39   0      86.82     3946.435     62.57618
       590    434.9342     59.8663     4912.258     99.05158  15.7718   0.0219     4.71    0.220  62.99   0      90.33     4335.134     64.06704
       591    910.0173     49.9839     2403.374     88.09886  16.5479   0.0398     0.00    0.022 -41.31   2      56.52     1996.895     55.26187
       592    154.2174     47.6657     8031.698     180.9744  15.2380   0.0245     3.46    0.114 -32.98   0      64.78     2820.113     58.54967
       593    777.9299     45.4884     20937.06     209.2154  14.1977   0.0109     3.77    0.139 -12.11   0      135.9     7143.771     73.27423
       594    754.3561     48.3032     2457.586     152.4662  16.5237   0.0674     0.00    0.435 -51.41   0      27.65     1254.093     51.65013
       595    973.3822     46.7981     2333.876     171.9172  16.5798   0.0800     4.57    0.343 -22.94   0      18.52     661.8509     49.46753
       596    901.6790     46.4983     3088.093     233.3501  16.2758   0.0821     4.70    0.118   9.03   0      18.76     657.2779      49.0773
       597    290.9340     46.0205     2004.444     164.2581  16.7450   0.0890     6.37    0.288 -40.00   0      19.14     720.0837     49.85611
       598    481.5148     41.7844     2007.878     180.1075  16.7432   0.0974     4.37    0.017 -43.54   0      16.69     575.1504     48.94386
       599    120.9179     38.7482     24603.27     223.5723  14.0225   0.0099     4.07    0.040  25.15   0      147.9     7157.866     73.31793
       600    844.7226     37.0066     3392.171     212.5872  16.1738   0.0681     3.78    0.236 -11.56   2       24.9      963.657     50.83523
       601    873.6320     37.8856     1471.455     145.8836  17.0806   0.1077     3.78    0.273  12.27   0      14.09     525.7448     48.71391
       602    499.5020     37.5142     1573.198     165.5021  17.0080   0.1142     3.23    0.030  -6.86   0      14.86     522.3748     48.44855
       603    294.2218     37.9562     1061.496      106.749  17.4352   0.1092     4.13    0.126  46.62   2       27.2     792.0936     50.30396
       604   1007.1238     30.6781      3068.76     217.1825  16.2826   0.0769     5.39    0.375  -8.68   0      22.47      811.948     49.78841
       605    598.6526     28.5456     2005.123     191.5237  16.7446   0.1037     5.53    0.229 -32.69   0      15.66     552.5789     49.20994
       606    221.2461     22.9887       1844.3     185.7048  16.8354   0.1094     2.70    0.194  -3.40   0      13.85     540.8324     49.15566
       607    541.9752   1020.9158     1336.645     111.4891  17.1850   0.0906     4.57    0.339  -1.49  16      15.37     608.4484      48.9746
       608    265.2445     17.7444     3284.639     199.2185  16.2088   0.0659     3.68    0.233 -19.28   0      26.52     1038.032     51.28502
       609    243.5674     15.9130     1872.919     119.1187  16.8187   0.0691     5.27    0.386  10.27   0      36.23     1245.065     51.96161
       610     43.6170     15.6250     2887.822     221.8287  16.3486   0.0834     3.67    0.124 -38.52   0      18.77     690.2793     49.84184
       611    412.4688   1018.1678     6509.615     192.1198  15.4661   0.0321     3.48    0.162 -21.57  16      55.58     2441.975     57.06298
       612    209.4951   1014.9465     68511.91     266.1812  12.9106   0.0042     3.38    0.122 -19.02  16      296.5     24634.74     115.3578
       613      6.6134   1016.2465      1544.22     165.4623  17.0282   0.1164     3.44    0.145 -20.98  16      14.31     513.1548     49.02752
       614    573.3486   1014.6338     1512.803     127.0729  17.0505   0.0912     4.00    0.128 -43.01   0      15.97     579.6996     49.08864
       615    347.6658   1013.0948     1074.368     126.2863  17.4221   0.1277     5.22    0.291 -16.74   0       12.8     467.1655     48.31451
       616    375.6511   1011.4288      2185.09      178.642  16.6513   0.0888     4.47    0.390 -27.48   0       19.6     715.9185     49.83711
       617    159.9635   1011.1575     3192.537     225.5264  16.2397   0.0767     4.32    0.372  -0.95   0       17.2     590.8836     49.26362
       618     36.2625   1009.3010     5384.412     193.1527  15.6722   0.0390     4.34    0.280 -24.38   0      43.21     1734.385     53.83471
       619    130.6046   1008.5035     2760.811      191.629  16.3974   0.0754     5.32    0.240   3.44   0      22.69     781.8809     50.01595
