#   1 NUMBER                 Running object number                                     
#   2 X_IMAGE                Object position along x                                    [pixel]
#   3 Y_IMAGE                Object position along y                                    [pixel]
#   4 FLUX_AUTO              Flux within a Kron-like elliptical aperture                [count]
#   5 FLUXERR_AUTO           RMS error for AUTO flux                                    [count]
#   6 MAG_AUTO               Kron-like elliptical aperture magnitude                    [mag]
#   7 MAGERR_AUTO            RMS error for AUTO magnitude                               [mag]
#   8 FWHM_IMAGE             FWHM assuming a gaussian core                              [pixel]
#   9 ELLIPTICITY            1 - B_IMAGE/A_IMAGE                                       
#  10 THETA_IMAGE            Position angle (CCW/x)                                     [deg]
#  11 FLAGS                  Extraction flags                                          
#  12 SNR_WIN                Gaussian-weighted SNR                                     
#  13 FLUX_APER              Flux vector within fixed circular aperture(s)              [count]
#  14 FLUXERR_APER           RMS error vector for aperture flux(es)                     [count]
         1    864.4893     17.0267     3049.992     190.2633  16.2893   0.0677     3.90    0.152 -36.99   2      24.46     882.2985     51.34969
         2    281.2741     15.8570     3110.524     188.6501  16.2679   0.0659     3.91    0.186 -15.74   0      28.08     1087.245     52.37102
         3     60.0742     13.8816     2365.827     206.3889  16.5650   0.0947     4.15    0.149 -80.47   0      17.96     700.2753     50.41108
         4    614.7460     12.4017     5501.212     190.6728  15.6489   0.0376     8.57    0.374   7.68   0      43.56     1481.869     54.17448
         5     48.3142     12.7804     2211.402     184.9918  16.6383   0.0908     6.27    0.262  83.27   0      18.74     685.1326     50.46949
         6    530.1639     11.0532     1828.039     162.4263  16.8450   0.0965     3.94    0.251 -17.05   0      17.48     684.7454     50.72026
         7   1014.6786      8.3215     2529.693     204.2368  16.4923   0.0877     7.04    0.558  86.45  16      17.17     493.3157     49.46923
         8    538.0150      8.3106     3470.252     228.8247  16.1491   0.0716     4.00    0.222 -39.78  16      22.73     850.7964     51.21007
         9     66.0004      6.5635     2324.419     187.7006  16.5842   0.0877     3.03    0.134   1.87  16      20.53     853.5296     51.71863
        10    385.9452      5.0274     5906.601     159.2535  15.5717   0.0293     3.68    0.221   2.99  16      51.14     2264.535     57.36403
        11    227.3057      5.9535     1533.637     162.9966  17.0357   0.1154     3.82    0.280 -15.35  16      14.01     534.4841       49.658
        12    186.3993      4.7805     3315.615     173.0116  16.1986   0.0567     3.30    0.169  -0.02  16      31.94     1366.289      53.6874
        13    348.9519      2.0960      1761.89      137.863  16.8851   0.0850     3.92    0.297 -17.85  24      18.94     792.6226     50.82571
        14    146.5880   1006.5050     2431.491     162.2874  16.5353   0.0725     3.26    0.131 -19.62   0      22.64     915.3242     51.74315
        15    771.4896   1019.5403     17021.14     207.0508  14.4225   0.0132    10.33    0.242  22.55  24      111.2     4885.477      66.7564
        16    669.6835   1002.6609     15679.43     254.8274  14.5117   0.0177     3.58    0.119   3.59   0       99.5     4780.961     66.39962
        17    119.9893   1004.5768     1962.262     152.4775  16.7681   0.0844     3.26    0.172  -1.22   0       19.9     800.7094     51.36177
        18    800.7499   1001.8181     6091.899     212.7163  15.5381   0.0379     3.26    0.154   9.42   0      49.15     2166.324     57.19739
        19    536.0726   1001.2637     10783.84      262.868  14.9181   0.0265     4.55    0.323  30.70   0      67.46     2834.079      59.5778
        20    689.2311   1002.1030     2510.186      184.495  16.5007   0.0798     3.64    0.137 -33.21   0      23.52     950.9211     51.40458
        21    893.3839   1001.1915     3937.598     159.4517  16.0119   0.0440     3.43    0.171 -16.11   0      37.05     1601.293     54.67319
        22    236.4366   1001.0958     2421.654     192.8525  16.5397   0.0865     6.98    0.480  15.00   0      19.27     671.5416     50.15417
        23    746.6497   1004.2993     2743.479     196.5094  16.4042   0.0778     3.57    0.027   9.97   0       23.5     918.7881     51.13755
        24    505.4300   1000.7817     1676.796     153.0981  16.9388   0.0992     3.51    0.036 -16.32   0      17.48     702.1316     51.04899
        25    923.0800   1006.9689     1647.554     139.9751  16.9579   0.0923     4.63    0.343 -11.31   0      16.84     675.3708     50.67824
        26    569.2649    990.2861     1517.861     161.0029  17.0469   0.1152     3.54    0.133  11.26   0      15.54     622.5187     50.18674
        27    361.6337    989.0953     1619.954     118.9572  16.9762   0.0797     0.00    0.324 -16.44   0      31.33     1081.343     51.97802
        28    196.3018    985.7670     4120.656     230.1647  15.9626   0.0607     8.24    0.121  17.22   0      31.65     1266.361      52.7808
        29    654.6220    984.9089     1792.171     191.2761  16.8666   0.1159     4.28    0.267  14.03   0      14.76     547.3441     49.71683
        30    919.7722    982.9678     2333.806     104.6995  16.5798   0.0487     1.72    0.248  63.49   0      41.21     2046.163     56.71792
        31    485.8019    981.6174     4006.432     203.5331  15.9931   0.0552     3.48    0.074 -20.69   0      36.43     1551.414     54.46545
        32    403.7919    980.1638      21647.5      250.079  14.1615   0.0125     4.28    0.379  -3.12   0      130.1     6704.216     73.03574
        33    179.0273    981.9209     1556.111     106.0531  17.0199   0.0740     5.70    0.327  22.93   0      19.02     824.1317     51.34104
        34    149.0931    978.4339      1836.49     118.0248  16.8400   0.0698     3.26    0.196 -12.01   0      19.77     802.2195     50.74288
        35    971.0084    972.3384     4014.368     100.6425  15.9910   0.0272     1.00    0.169  89.47   0      70.87     3982.111     63.90715
        36    422.0156    969.6721     2283.759     193.5169  16.6034   0.0920     2.86    0.046  -3.16   0      21.31     916.1757     51.87019
        37    379.2909    970.8506     2980.793     101.4785  16.3142   0.0370     2.47    0.346 -25.82   0      64.43     2533.026     58.19898
        38    916.3588    967.2598     2055.837     147.2921  16.7175   0.0778     3.39    0.155   3.22   0      21.03     850.6937     51.45849
        39    848.6666    965.9688     2677.835     234.9351  16.4305   0.0953     4.40    0.294  14.09   0      14.47     496.2904     49.86866
        40    696.6620    964.5000     2803.693     146.2741  16.3807   0.0567     3.61    0.258   7.30   0      26.29     1035.454      51.9002
        41    263.0795    960.1151     8580.281     110.4732  15.1662   0.0140     0.00    0.284  55.79   0      131.5     8542.025     78.22074
        42    807.3030    961.1157     2823.953     207.6632  16.3729   0.0799     3.82    0.224 -14.80   0      24.81     991.0285     51.82869
        43    724.7983    959.6513     10617.84     189.2283  14.9349   0.0194     3.21    0.172  -6.68   0      83.84     4114.971      64.2786
        44    860.5543    958.8577      1481.83     131.4608  17.0730   0.0963     3.78    0.304  15.22   0      15.06     585.1163     50.27185
        45    341.6189    958.1951     3338.915      180.274  16.1910   0.0586     3.36    0.146 -19.90   0      32.33     1353.739     53.63425
        46    438.6571    957.0131     3788.085     155.1751  16.0540   0.0445     3.20    0.108   4.05   0      36.59     1618.625     54.86175
        47    752.8337    952.0921     59974.16     268.2832  13.0551   0.0049     3.36    0.168  13.83   3      270.2     21123.87     108.6828
        48    759.7690    949.6330     29608.54     284.9027  13.8215   0.0104     3.77    0.414  33.05   3      160.7     9088.127     80.11127
        49    492.3140    955.1948     3969.709     165.3959  16.0031   0.0452     3.84    0.135 -27.25   0      34.06     1379.101     53.74162
        50    282.7424    956.1032     6289.363      108.636  15.5035   0.0188     0.00    0.315 -23.12   0      100.7     5384.046     68.43273
        51    217.6655    954.1864     8525.253     179.7249  15.1732   0.0229     6.90    0.215  -0.88   0       68.4     3126.296     60.68229
        52    922.4651    952.9541     14600.56     175.8136  14.5891   0.0131     8.11    0.187 -13.17   0      120.5     8304.662     77.69262
        53    528.0115    952.5928     12836.54     214.6584  14.7289   0.0182    10.87    0.401 -24.36   3      87.01     4083.489     64.16719
        54    527.3115    947.6536     10626.47     191.7536  14.9340   0.0196     3.47    0.172 -16.43   3      77.81     3537.293     61.99682
        55    141.0642    953.9024     12099.91     116.1239  14.7930   0.0104     0.00    0.259 -56.66   0      159.6     12270.01     88.39132
        56    564.9930    951.9387     2762.484     156.7524  16.3968   0.0616     3.67    0.116 -36.44   0      24.52     1006.205     52.26317
        57    993.0949    946.4429     17676.13     239.8758  14.3815   0.0147     4.06    0.009  85.60   0      109.2      4734.24     66.14301
        58    630.3748    947.8801     4154.862     157.7492  15.9536   0.0412     3.74    0.134   2.14   0      39.39     1648.285     54.86818
        59    234.0288    945.9165     1783.593     147.9548  16.8718   0.0901     3.16    0.349   0.29   0      19.49     870.6478     51.42247
        60    194.3934    941.2439     1708.123     125.6497  16.9187   0.0799     4.06    0.593  53.13   0      9.445      1140.86     52.84549
        61    845.7427    938.9838     12368.86     238.8396  14.7692   0.0210     3.15    0.106 -18.19   3      86.97     4294.061     65.00706
        62    851.4101    930.4128     43262.61      249.287  13.4097   0.0063     3.42    0.140  -7.87   3      220.3     15411.79     96.26347
        63    170.3893    939.4199     4278.913     204.6191  15.9217   0.0519     3.46    0.173 -18.86   0      39.44     1656.867     54.90372
        64    248.5059    939.7357     1104.157     115.2284  17.3924   0.1133     2.71    0.262  -1.45   0      14.23     601.3779     50.09091
        65     75.7270    936.0374     2494.636     197.8424  16.5075   0.0861     4.01    0.234   9.97   0      19.98     778.8797     51.14033
        66    431.2602    929.8316     4863.798     173.1991  15.7826   0.0387     4.20    0.215  14.92   0      42.54     1740.888     55.25043
        67    134.6870    929.2314     1511.753      110.387  17.0513   0.0793     4.48    0.300 -19.88   0      17.36     694.6254     50.63852
        68    121.0042    926.0033     5196.965     95.23389  15.7106   0.0199     0.00    0.000  45.08   2      100.6     5210.399     68.04161
        69     67.3797    927.7737     4136.194     176.8168  15.9585   0.0464     3.46    0.203  10.83   0      36.68     1583.864     54.83417
        70    797.0255    926.3039      2896.04     162.9367  16.3455   0.0611     6.61    0.570 -17.13   0      33.29     1557.193      54.0186
        71    312.6603    923.0898     1809.017     170.0847  16.8564   0.1021     4.00    0.262 -14.24   0      16.74     689.8693     50.49082
        72    918.1154    920.9747     2806.798     169.5392  16.3795   0.0656     3.69    0.172 -11.06   0      26.81     1102.774     52.31641
        73    676.9888    921.5490     1932.094     164.5247  16.7849   0.0925     3.23    0.166  -4.17   0      18.91     798.6097     51.35248
        74    848.7432    914.9465     1321.808     150.4622  17.1971   0.1236     4.12    0.174  -2.62   0      14.59     602.0366      50.6014
        75    568.8607    912.5975     1966.844      205.949  16.7656   0.1137     5.69    0.460 -37.28   0      15.55     573.8137     50.34776
        76    303.3437    909.6257     19167.88     201.6232  14.2936   0.0114     3.32    0.151 -12.66   0      129.4     7144.894     74.22248
        77    716.6939    910.0230     3859.332     167.1658  16.0337   0.0470     3.44    0.164 -14.59   0      35.29     1472.092     53.77827
        78    592.9784    904.3959      96554.9     396.5764  12.5381   0.0045     3.36    0.143 -24.13   2      303.3     24270.37     115.2965
        79    828.9180    907.7689     2241.064     133.9644  16.6239   0.0649     4.15    0.166  28.01   0      21.82     811.4837     51.28502
        80    684.0321    906.5226     3680.811     158.0782  16.0851   0.0466     3.57    0.182  -3.48   0      34.16     1424.142     53.93176
        81    658.5765    904.9918     2239.918     171.5927  16.6244   0.0832     3.49    0.192 -18.57   0      19.94     831.3668     51.49725
        82    148.3318    904.2061     2992.063     210.1394  16.3101   0.0763     3.80    0.175 -23.99   0      23.75     945.8575     51.87709
        83    981.7128    900.6833     3628.833     152.8664  16.1006   0.0457     3.77    0.209 -13.30   0      34.17     1393.649     53.68425
        84    763.7546    901.2889     2790.481     212.9425  16.3858   0.0829     5.61    0.370  14.93   0      21.02     761.8435     50.81376
        85    132.2739    899.3386     3693.553     235.2377  16.0814   0.0692     3.46    0.136 -13.01   0      20.09     758.9092      51.0515
        86    636.5099    905.9041     3962.493     212.6934  16.0051   0.0583     3.73    0.164 -10.70   0      32.66      1329.78     53.41317
        87     32.3351    897.5639     3253.086     187.1226  16.2193   0.0625     3.65    0.181  15.76   0      29.94     1261.216     53.24075
        88    352.5929    896.8226     4399.615     117.5472  15.8915   0.0290     2.50    0.459 -63.53   0      60.16     3858.608     63.46641
        89    851.6040    894.7969     2701.258     220.2224  16.4211   0.0885     4.41    0.220  30.51   0      15.68     544.5214     50.08799
        90    895.2419    893.4445      1734.35     165.2207  16.9022   0.1035     2.98    0.006  63.39   0      17.87     703.4613     50.67817
        91    333.6924    891.5000     11660.81     180.1352  14.8332   0.0168     3.29    0.168 -18.31   0      92.14      4598.94     65.67646
        92    869.2946    889.9529     3550.007     111.6825  16.1244   0.0342     0.00    0.289  -8.74   0      62.62      2712.36     58.78657
        93    319.4982    883.6251     2475.733     136.7183  16.5157   0.0600     3.41    0.207   2.19   0      25.24     1001.415     51.62735
        94    234.7861    883.2169     1699.293     165.1725  16.9243   0.1056     4.08    0.304 -19.18   0       15.7     617.8678      50.4197
        95    184.2346    877.6414     10808.53     231.9051  14.9156   0.0233     3.29    0.130 -24.99   2      75.21     3566.286     62.41083
        96    289.7631    879.0670     4877.988     156.7633  15.7794   0.0349     3.44    0.164  -8.78   0      45.84     2061.188     56.55264
        97    161.9811    880.8166     3596.527     91.33467  16.1103   0.0276     0.94    0.121  79.89   0      72.75     3636.783     62.66703
        98    472.1331    877.8806     1951.512     188.0995  16.7741   0.1047     3.86    0.361  -9.35   0      15.49     577.8319     49.98396
        99    121.7998    874.3420     4953.728     232.3644  15.7627   0.0509     7.61    0.195 -55.03   0      35.44     1452.327      54.0504
       100     83.0878    875.2526     5897.687     196.0936  15.5733   0.0361     4.37    0.088   7.36   0      51.34     2289.843     57.24145
       101     31.3387    872.6100     30177.63     253.9694  13.8008   0.0091     3.75    0.235 -10.04   3      169.6     10317.72     83.45025
       102     36.5229    870.5250     13907.51      193.964  14.6419   0.0151     3.72    0.229 -10.54   3      100.5     4842.766     66.51486
       103    259.8884    871.0457     35675.29     243.5857  13.6191   0.0074     9.02    0.221 -32.91   0      192.7      12527.8     89.05167
       104    930.0677    871.0207     2935.524     89.67477  16.3308   0.0332     0.00    0.077  28.95   0      67.64      2680.96     59.09899
       105    577.4453    866.4579     12384.08     242.8325  14.7678   0.0213     7.47    0.045  61.60   0      81.96     3626.898     62.52909
       106    102.9851    864.8527      4494.19     260.4565  15.8684   0.0629     4.65    0.198  -1.40   0      27.55     1093.381      52.6409
       107    419.2482    859.8669     7102.805     198.2924  15.3714   0.0303     3.20    0.175  -9.36   0      57.36     2570.536     58.56383
       108    869.4113    858.9661     14575.36     195.5633  14.5910   0.0146     3.43    0.184  -3.34   0      106.8     5738.019     70.05579
       109    520.3488    859.8646     3992.655     197.9488  15.9968   0.0538     1.73    0.237 -16.38   0      32.35      1454.34     54.05886
       110    633.8116    856.5149     26788.58      227.555  13.9301   0.0092     3.25    0.130  -4.34   0      160.9     9686.106     81.55549
       111    911.1422    857.0703     6536.059     227.6795  15.4617   0.0378    10.32    0.476 -20.65   0      40.92     1643.728     54.73272
       112    122.7703    856.2437     2818.715     144.0977  16.3749   0.0555     3.65    0.095 -73.29   0      26.35     1038.628     52.52573
       113    615.9724    856.8504     2243.114     87.90241  16.6229   0.0426     0.94    0.080 -85.20   0      51.46     2304.731     57.74473
       114     92.3139    856.1382     3485.861     243.0536  16.1442   0.0757     4.01    0.303   8.54   0         19     686.0356     50.47356
       115    851.4022    852.1302     2956.004     140.9553  16.3232   0.0518     3.81    0.250 -20.38   0      27.46     1149.923     52.88445
       116    787.6525    849.8403      7186.03     229.0257  15.3588   0.0346     6.17    0.205  -2.14   0      51.88     2261.433       57.463
       117    398.3924    849.4902     1383.149     153.7041  17.1478   0.1207     2.57    0.225  -1.47   0      13.94      570.189     50.20432
       118     66.6069    848.0240     6607.446     233.2928  15.4499   0.0383     5.42    0.397  -4.31   0      49.46     2048.635     56.61511
       119    677.5659    847.8037     1213.966     129.7721  17.2895   0.1161     4.93    0.278   1.82   0      14.01     587.9197     50.53795
       120    632.2210    845.8160     4970.889     226.8169  15.7589   0.0496     3.28    0.119   5.91   0      36.74     1605.259     54.80635
       121    767.0162    841.0312     1354.789     118.4495  17.1703   0.0949     0.00    0.640 -40.08   0      14.23     490.8061     50.09932
       122    525.3827    840.7374     2936.237      198.349  16.3305   0.0734     3.85    0.182 -10.42   0      23.75     891.6367       51.639
       123    186.7498    836.7524     15566.48     208.5339  14.5195   0.0145     3.20    0.210 -15.76   0      107.8     5679.008     69.68098
       124    609.5229    837.9557     1795.575     142.4749  16.8645   0.0862     2.79    0.252  -4.19   0      17.79     720.3768     50.75397
       125    244.7117    831.9213     73872.55     279.2382  12.8288   0.0041     3.25    0.065  -8.74   0      307.5     26928.28     120.3157
       126    647.4507    833.6035     8923.609     221.5637  15.1236   0.0270     3.49    0.178 -12.41   0      67.24     3060.015     60.43354
       127    980.7374    831.8356     6336.878     263.2755  15.4953   0.0451     6.84    0.456  22.58   0      39.75     1196.447     52.96354
       128    265.0037    830.6226      15221.1     207.3885  14.5439   0.0148     3.38    0.130  -9.50   0      107.5      5655.98     69.51401
       129    176.5661    828.9992     6655.201     177.3443  15.4421   0.0289     3.58    0.071 -30.91   0      56.17     2474.452      58.4089
       130    106.1965    830.3909     2432.039     197.7704  16.5351   0.0883     5.18    0.219 -14.84   0      19.89     778.7554     51.13978
       131     46.7292    829.1041     3507.059     139.5711  16.1376   0.0432     3.41    0.132  -9.16   0      34.95     1464.218       53.626
       132    547.0906    827.0150     1367.741     114.3591  17.1600   0.0908     5.67    0.178  65.11   0      14.63     549.1068     49.85318
       133    881.7123    826.7144     1152.901     119.4065  17.3455   0.1125     4.29    0.373 -32.46   3      20.28     651.0115      50.4424
       134    879.9183    823.8657     3099.408     201.7277  16.2718   0.0707     3.94    0.268 -18.65   2      27.12     1104.122     52.44421
       135    922.1951    825.7654     1909.926     153.4438  16.7975   0.0872     3.31    0.213   3.59   0      19.41     790.4716     51.44078
       136    726.8605    824.7465     2989.458     149.7956  16.3110   0.0544     7.88    0.179 -18.80   0      26.59      1036.77     52.39592
       137    411.2279    824.5151     1427.505      118.589  17.1136   0.0902     3.61    0.214 -54.36   0      16.56     661.8855     50.49137
       138    889.8463    822.8314     2845.552     197.4379  16.3646   0.0754     4.07    0.224 -20.54   0      23.55     920.4022     52.01167
       139    250.3536    818.4392     2266.374     201.5808  16.6117   0.0966     4.48    0.159 -43.05   0      16.66     596.4498     50.19596
       140    567.6161    815.6744      1676.28     170.8445  16.9391   0.1107     4.06    0.411 -43.62   0      14.32     531.4283     50.15607
       141    657.1107    812.5049     8491.877     223.2766  15.1775   0.0286     3.68    0.153 -20.31   2      64.18     2887.398      59.6739
       142    661.1285    804.3675     4387.125      280.443  15.8946   0.0694     6.64    0.378 -27.34   3      21.76     682.3935     50.70972
       143    161.7714    812.4948     1551.878     142.0856  17.0229   0.0994     3.73    0.305 -25.51   0      18.37     819.5042     50.82023
       144    703.6044    810.9983     1788.996     182.7326  16.8685   0.1109     5.05    0.243 -57.80   0      14.83     520.6165      49.9794
       145    986.0905    807.6625     2860.302     203.8224  16.3590   0.0774     3.82    0.143  35.68   0      22.97     838.6584     51.15617
       146     92.6621    807.7756     4644.008     118.0187  15.8328   0.0276     0.00    0.486  34.27   0       84.1     4025.042     64.05964
       147    496.1805    805.2309     3418.672     145.0409  16.1654   0.0461     0.00    0.199  -6.89   0      40.05     1843.155     55.89854
       148    263.9442    804.5746     7585.694     193.1414  15.3000   0.0277     3.63    0.216 -17.95   0      59.94     2654.463     58.88863
       149    900.9278    800.0939     2306.206     147.6779  16.5928   0.0695     4.19    0.135 -14.34   0      23.05     920.2335     51.51731
       150    856.1198    798.9357     10015.67     206.3014  14.9983   0.0224     3.45    0.188  -9.34   0      75.28     3557.728     62.17452
       151    201.5594    800.7837     1845.858     188.8194  16.8345   0.1111     4.14    0.253  -1.39   0      14.56     543.5302     50.46467
       152    744.9844    799.2191     3394.498     213.5862  16.1731   0.0683     3.28    0.067  18.05   0      24.52     1013.324     52.29412
       153    110.9102    799.3857     2013.079     179.4867  16.7403   0.0968     2.77    0.250 -75.74   0      15.87     636.2639     50.24895
       154    725.9178    798.4656     2335.695     204.8021  16.5790   0.0952     3.33    0.152   1.93   0      19.47     805.6919     51.13458
       155    884.9969    793.0212     1360.646     92.75388  17.1656   0.0740     0.00    0.008 -21.74   2      45.31      1397.24     53.81827
       156    343.0540    789.5840     2879.556     235.1301  16.3517   0.0887     6.65    0.484 -73.27   2      16.17     545.6224     50.22034
       157    368.5388    794.2149     3138.822     189.5286  16.2581   0.0656     3.24    0.099  10.59   0      26.54     1075.152     52.44047
       158     15.2713    793.8871     4529.572     168.0746  15.8599   0.0403     3.85    0.213 -31.84   0      39.35     1620.664     54.51982
       159    983.4355    792.9987     5504.418     271.5262  15.6482   0.0536     3.48    0.148  -3.54   0       29.1     1253.827     53.44876
       160    453.1870    793.4949     2374.883     165.1353  16.5609   0.0755     3.67    0.190   3.16   0      23.17     924.8173     51.66133
       161    488.6825    790.9461     3250.389     208.1294  16.2202   0.0695     4.45    0.273 -35.28   0      26.51     1016.262     51.93922
       162    584.8170    789.9638     3499.061      139.558  16.1401   0.0433     3.19    0.114  -1.96   0      34.38     1525.577     54.70894
       163    932.9881    786.9230     6648.648     137.8105  15.4432   0.0225     6.83    0.566 -69.25   0      70.08     3874.088     63.42118
       164    139.6193    787.8817     3198.596     128.3174  16.2376   0.0436     5.95    0.474 -11.80   0      45.98     1979.235     56.22232
       165    851.8306    785.8751     3201.814     181.8659  16.2365   0.0617     3.51    0.070  24.23   0      28.02      1168.78     52.84468
       166    659.7765    786.0070     6861.163     207.4674  15.4090   0.0328     3.85    0.240  -8.19   2       46.6     1978.257     56.33188
       167    572.5151    784.4905     4170.108     195.7197  15.9496   0.0510     3.69    0.140  -1.32   2      34.83     1082.591     52.35081
       168     43.6196    786.3663      2183.24     101.2658  16.6522   0.0504     1.47    0.293 -45.36   0         45     2204.365     57.34834
       169    248.6227    778.1435     6058.729     180.1595  15.5440   0.0323     3.22    0.149  -9.01   0      53.19     2415.013     57.95714
       170   1019.3771    774.2272     12352.58     205.7788  14.7706   0.0181     3.44    0.114   3.13  19      90.02     4461.383     65.68675
       171   1014.4626    769.4426     15089.88     256.8007  14.5533   0.0185     4.05    0.154  -5.71  19      81.57     3510.771     62.10557
       172    995.6559    776.0154     3897.331     204.1949  16.0231   0.0569     3.75    0.190 -21.32   0      31.56     1334.346     53.67117
       173    811.2691    774.0500     4503.126     172.7252  15.8662   0.0417     3.65    0.190 -11.46   0      39.64     1731.016      55.2098
       174    544.0135    773.7028     12089.81     163.0192  14.7940   0.0146     0.00    0.466  10.43   0      116.6     8150.232     77.15681
       175    194.9651    766.9152     9300.462     106.0854  15.0787   0.0124     4.50    0.148  64.14   0      134.2     8844.018     79.17404
       176    416.8556    764.1707     5135.693     166.9904  15.7235   0.0353     3.52    0.176  -9.42   0      46.43     2076.722     56.50209
       177     31.3930    762.0729     1879.329     175.7188  16.8150   0.1015     6.05    0.216  79.20   0       16.7     625.7331     50.45514
       178    324.2303    757.7323     15382.26     291.4166  14.5324   0.0206     4.14    0.315   9.03   2      77.77     3527.061     62.16516
       179    476.6021    758.3282     3048.944     167.0193  16.2896   0.0595     3.37    0.180  -8.67   0      28.78     1218.234     53.05695
       180    687.3154    755.7947     9204.967     212.2882  15.0899   0.0250     3.38    0.183  -8.65   0      69.11     3209.329     61.09713
       181    741.4197    755.2576     7914.632     214.6549  15.2539   0.0295     9.42    0.405 -30.52   0      56.67     2208.513     57.14164
       182    529.9839    756.3542     3025.518     98.38411  16.2980   0.0353     0.94    0.179  88.43   0      59.27     2959.554     60.26691
       183    112.9182    756.3987     1494.241     144.2252  17.0639   0.1048     4.43    0.236 -10.02   0      15.08     565.2651     50.30916
       184    617.6745    755.3767      1976.56     142.7633  16.7602   0.0784     3.05    0.122  12.67   0      20.94     880.4232     51.58963
       185    170.9374    754.7733     1314.628     107.0369  17.2030   0.0884     0.00    0.173  27.43   3      34.39     1076.359     52.56736
       186    171.4987    751.5107     2061.819     188.2327  16.7144   0.0991     5.62    0.424 -33.22   3      16.09      577.162     49.85295
       187    674.5709    751.0036     26526.19     217.9676  13.9408   0.0089     3.47    0.126  -7.30   0        161     9749.481     81.96603
       188    881.5222    751.8591     1883.992     181.9752  16.8123   0.1049     3.60    0.146 -17.11   0      16.23     627.0948     50.20746
       189    948.4613    748.5004      7389.87     192.0813  15.3284   0.0282     3.54    0.170   8.70   0      59.32     2576.506     58.25898
       190    543.5894    743.8453     157513.6     347.0793  12.0067   0.0024     3.30    0.096 -14.65   0      472.2     56866.09     167.7351
       191    351.4767    748.7056     5162.061     203.2541  15.7179   0.0428     3.04    0.077 -27.48   0      42.59     1812.435     55.42883
       192    718.1060    742.4796     3515.282     216.6831  16.1351   0.0669     3.35    0.197  12.82   2      26.19     1062.189     52.26217
       193    810.5828    741.7499     2897.914     163.9165  16.3448   0.0614     3.53    0.194  -4.94   0      25.88     1068.659     52.65551
       194    224.3070    742.2652     1341.671     143.9846  17.1809   0.1165     2.79    0.179 -42.87   0      15.17     629.6248     50.34595
       195    837.1639    741.0469     2073.346     185.6842  16.7083   0.0973     3.04    0.185   4.34   0      16.43     692.3455     50.75431
       196    329.7345    740.4907     2065.538     167.5924  16.7124   0.0881     2.87    0.015  59.37   0       17.7     719.2379     50.62284
       197    508.9533    740.0177     1629.357     146.6326  16.9700   0.0977     2.83    0.299  -0.90   0      15.98     695.0398     51.01741
       198     91.3422    739.2964     2574.895     136.8831  16.4731   0.0577     3.45    0.185 -17.10   0      26.42      1111.56     52.23241
       199    591.2349    738.9843     1191.789     86.99627  17.3095   0.0793     1.06    0.132   6.88   0       33.4     1200.951     53.34333
       200    766.6835    737.0073     1443.892      108.789  17.1012   0.0818     3.75    0.348  -2.83   0      16.25     665.8094     50.76134
       201    700.7946    735.1940     8834.804     224.3383  15.1345   0.0276     3.63    0.252 -10.52   2      63.25     2819.208     59.52105
       202    708.3043    733.8015      3783.38     234.6449  16.0553   0.0674     4.90    0.434  14.90   3      25.38     940.0443     51.85162
       203    897.8054    734.4199     2963.468     237.9115  16.3205   0.0872     4.19    0.222  11.99   0      17.83     687.3516     50.73194
       204    181.5802    732.8119     1823.898     167.2644  16.8475   0.0996     2.81    0.039   4.63   0      19.51     834.5474     51.38713
       205     66.2591    729.5101     37737.92     235.5433  13.5581   0.0068     3.31    0.118 -13.52   0      203.7     13876.95     92.43079
       206    386.4216    730.9973     3551.837     168.6518  16.1239   0.0516     3.59    0.149  -4.87   0      30.99     1250.254     53.19393
       207    539.1503    728.0275      20028.6      237.432  14.2459   0.0129     4.81    0.184   2.66   0      128.2     7096.099     74.24519
       208    441.8129    730.4269     1677.872     156.1976  16.9381   0.1011     1.04    0.214  89.33   0      17.85      784.623     51.29054
       209     73.0284    747.6429      1860.92     153.3712  16.8257   0.0895     3.84    0.238  -6.05   0      17.67     734.6055     51.19336
       210    110.9153    726.5312     2583.629     206.6286  16.4694   0.0869     3.34    0.148  -1.95   0      20.03     842.4088     51.17283
       211    908.4944    725.4882      2163.89      199.073  16.6619   0.0999     3.25    0.003  52.65   0      14.38     555.1621     50.00867
       212    421.0248    725.5452     2087.083     164.7387  16.7012   0.0857     3.70    0.169  -2.38   0      18.82     745.2722     50.99076
       213     33.5283    722.4724     8170.982      217.878  15.2193   0.0290     9.47    0.191  80.71   0      62.15     2401.734     57.79462
       214    575.7706    722.7432     2629.294     154.5056  16.4504   0.0638     4.25    0.149 -12.61   0      24.52     928.4673     51.80085
       215    243.9041    718.0233     31650.93     227.4987  13.7490   0.0078     3.19    0.110  -9.15   0      181.8     11787.37     87.06817
       216    429.5266    719.1291     2145.719     174.2395  16.6711   0.0882     6.76    0.238  85.22   0      20.47     808.9187     51.14892
       217    298.2733    712.2633     83472.97     288.0565  12.6961   0.0037     3.27    0.117 -18.21   0      329.8     30613.47     127.1869
       218    566.4617    710.7202     2773.869     130.0426  16.3923   0.0509     3.37    0.159  -2.76   0       28.4     1159.003     52.56011
       219    713.9437    705.9019      2527.91     90.41946  16.4931   0.0388     0.00    0.149  60.53   0      62.27     2291.047     57.24623
       220    178.2165    701.7982     3313.466     163.5179  16.1993   0.0536     3.37    0.149 -16.24   0      32.12     1369.072     53.69918
       221    124.2281    701.9040     3273.109     197.1209  16.2126   0.0654     3.91    0.203  -8.12   0       28.4     1148.079       52.269
       222    733.7811    701.7629     2071.186     187.3937  16.7095   0.0983     4.73    0.109 -12.15   0       16.5     628.1345     50.84427
       223    686.5332    701.7291     1613.084     155.0769  16.9809   0.1044     3.30    0.215  27.17   0      16.52     640.6448     50.39567
       224    476.0889    697.4843     2388.283     196.0981  16.5548   0.0892     3.18    0.170  -1.47   0      20.18     852.2986     51.34131
       225    420.0568    696.0145     14498.44     115.3145  14.5967   0.0086     4.43    0.100  18.88   0      170.2     14071.21     93.11324
       226    362.6689    695.0126     3787.689     161.2312  16.0541   0.0462     3.46    0.160 -13.04   0      36.22     1536.641     54.40377
       227    545.8414    690.9564     20160.39     220.8358  14.2388   0.0119     3.22    0.124 -21.45   0        131     7362.398     74.71473
       228    617.3878    692.9104     2316.106     199.2467  16.5881   0.0934     3.74    0.296 -17.06   0      16.24     582.3025     50.00429
       229    169.5386    687.6785     8266.895      234.223  15.2066   0.0308     3.40    0.171 -14.12   2      58.68     2615.756     58.52116
       230    386.8057    687.6148      3655.54     135.1666  16.0926   0.0402     0.00    0.097  67.52   0      53.13     2368.293     57.77364
       231    236.8883    687.0455     2416.353     178.2133  16.5421   0.0801     3.76    0.102  -5.50   0      22.65      904.046     51.44585
       232    421.4229    682.8893     20816.87     228.6061  14.2040   0.0119     3.37    0.170 -11.95   2      132.1     7225.897     74.29835
       233    412.3240    682.5074     8032.475     247.2685  15.2379   0.0334     3.76    0.220  -6.81   3       57.1     2485.741     58.01403
       234    275.5194    684.5311     2340.434     200.8708  16.5768   0.0932     4.16    0.246 -43.44   0      17.04     654.0553     50.32935
       235    943.1613    682.9929     3766.236     152.0237  16.0602   0.0438     6.04    0.162  18.81   0      35.47     1495.983     54.46872
       236    600.1078    683.1678     2791.146     219.5891  16.3855   0.0854     3.81    0.492  40.38   0      21.41     940.4857     51.35843
       237    572.4443    681.4148     1609.453     130.4629  16.9833   0.0880     3.23    0.239 -42.45   0       17.4     691.4095     51.00123
       238    813.1982    679.2758     2106.505     179.6049  16.6911   0.0926     6.75    0.591  13.98   0      15.74     488.8075     49.83455
       239    381.2446    674.0215     7952.127     201.6534  15.2488   0.0275     3.60    0.145 -16.48   0      63.54     2915.409      60.1002
       240    866.0258    672.7938     1473.188     87.72832  17.0794   0.0647     4.57    0.116 -24.06   3      41.51     1322.114     53.61934
       241    864.1584    669.1636      4156.53     264.4237  15.9532   0.0691     8.91    0.356  15.71   3      27.74     986.3159     52.05404
       242    732.2852    670.2205     4451.185     164.1215  15.8788   0.0400     3.44    0.198  -6.81   0      41.47     1797.677      55.2528
       243    489.8747    670.8762     2217.455     170.6296  16.6354   0.0836     3.56    0.127 -40.94   0      20.34     823.5616     50.96387
       244    233.7310    671.3631      2161.43     179.6744  16.6631   0.0903     3.75    0.136  -8.44   0       18.8     754.1752     51.03042
       245    512.3384    669.5905     5260.034     190.3851  15.6975   0.0393     3.59    0.173  -4.86   0      43.37     1851.759     55.81918
       246    126.5111    670.7891     1773.608     168.1485  16.8779   0.1030     2.85    0.253  -0.04   0      15.58     603.3169     50.09971
       247    842.9977    668.9462     3111.075     156.2382  16.2677   0.0545     3.21    0.106 -34.63   0      30.69      1325.33     53.51374
       248    871.1938    665.8994     3973.186     235.5077  16.0022   0.0644     3.55    0.103 -34.22   1      23.89     991.8051       52.078
       249    219.6668    666.0563     1750.651     113.7218  16.8920   0.0705     0.46    0.226   1.50   0      25.18     1070.204     52.29701
       250    793.1682    664.0811     2697.442     95.97351  16.4226   0.0386    -2.30    0.226  29.94   0      63.77     2379.822     57.81898
       251    432.6130    663.7424      3047.15      211.713  16.2903   0.0755     3.38    0.214 -23.06   0      22.86     893.2685     51.76972
       252    472.5723    659.6816      1177.12     95.70081  17.3229   0.0883     2.60    0.481 -69.96   0      24.03     1074.016     52.43554
       253    722.5358    657.5482      2686.59     153.5534  16.4270   0.0621     3.39    0.256  -1.00   0      25.67     1030.906     52.24836
       254    353.2750    652.8066      1961.97      179.422  16.7683   0.0993     3.12    0.108  -9.90   0      17.46     724.5036     50.77245
       255    416.2273    651.7208     1373.345     166.6511  17.1556   0.1318     5.54    0.143 -69.79   0      14.25     539.9576     50.06728
       256   1009.4423    649.8102     1185.804     115.3893  17.3150   0.1057     5.10    0.609 -59.15   0      16.02     708.5094     51.20228
       257    866.5339    641.2599     24599.88     222.5058  14.0227   0.0098     3.42    0.184 -15.05   0      150.8     8721.667     78.90305
       258    262.2393    643.3030     1747.777     175.5486  16.8938   0.1091     3.57    0.206 -42.27   0      14.57     546.7034     49.58524
       259    163.1303    641.6428     3184.482     186.1835  16.2424   0.0635     4.49    0.218 -60.19   0      25.37     1006.891     52.14379
       260    293.7797    640.3140     3766.798     186.8929  16.0601   0.0539     3.41    0.183 -15.52   0      34.53     1467.833     53.87896
       261    633.8370    640.6255     1675.059     129.3484  16.9399   0.0839     3.44    0.239   8.67   0      18.51     764.9784     51.45232
       262    377.2944    638.2239     2102.846     179.6003  16.6930   0.0928     3.95    0.088 -54.96   0      17.24     679.8787     50.31904
       263    575.0750    635.0430     3650.907     265.1958  16.0940   0.0789     7.00    0.198  18.40   0      20.25     778.0012     51.13643
       264    716.3624    640.6924     1828.696     167.2709  16.8446   0.0993     4.07    0.186 -37.17   0      18.47     724.7925     50.39489
       265    595.3802    629.2718     2434.658     164.2481  16.5339   0.0733     4.22    0.261 -18.82   0      22.09     845.7512     51.56069
       266    322.6896    629.5349     3009.281     210.9166  16.3038   0.0761     3.97    0.191  -1.33   0      23.11     867.0873     51.28232
       267    333.8387    628.9719       1313.3     87.31313  17.2041   0.0722     4.51    0.147  -4.33   0       31.3     998.7946     52.35309
       268    203.8105    628.8291     3954.683     102.0841  16.0072   0.0280     5.09    0.349  44.49   0      81.41     3581.544     62.46637
       269    748.5245    627.5001     1946.119     193.1199  16.7771   0.1078     5.84    0.260  46.21   0      15.77     564.1305      49.7935
       270    908.9371    625.4354       1654.3     148.8329  16.9535   0.0977     0.00    0.412 -83.58   0      19.32     822.6874     51.33465
       271    838.4033    621.9785     19307.29     228.5025  14.2857   0.0129     3.53    0.136 -10.91   0      125.4     6847.195     73.30524
       272    808.3789    621.0029     5277.699     181.8258  15.6939   0.0374     3.65    0.114 -29.66   0      43.95     1837.063     55.64464
       273    567.3357    622.0674     1226.589      90.6805  17.2783   0.0803     2.27    0.274  15.48   0      29.66     989.7928     51.94639
       274    157.0046    618.1520     6199.369     205.9673  15.5191   0.0361     3.56    0.170  -7.59   2      46.09      1984.85     56.24501
       275    635.3922    617.0172     15280.08     202.7818  14.5397   0.0144     4.36    0.191   3.52   0      106.8     5516.342     69.05595
       276    820.0042    616.2198     1923.221     176.6818  16.7899   0.0998     2.86    0.156  83.74   0      15.05     604.9924     50.36163
       277    611.1553    615.7896     5981.508     170.9632  15.5580   0.0310     4.20    0.179   5.43   0      51.69     2260.876     57.57187
       278    661.0048    613.5300     5787.751     190.1762  15.5937   0.0357     3.39    0.212 -13.26   0      48.29     2115.805     56.77171
       279    319.7423    608.8722     32402.48     233.7786  13.7236   0.0078     3.29    0.178   4.52   0      182.4     11656.08     86.87197
       280    973.2904    609.7203     1548.339     163.9938  17.0253   0.1150     3.59    0.112 -18.96   0      15.11     586.7548     50.15205
       281    856.7973    608.2341     10456.29     182.1504  14.9516   0.0189     3.32    0.213  -0.60   0      81.39     3955.289     63.91171
       282     33.1691    608.6292     2866.956     201.4656  16.3564   0.0763     3.65    0.094  -9.88   0      24.06     956.5305     52.16929
       283    724.7390    607.4257      4352.85     175.2823  15.9031   0.0437     5.12    0.327 -37.77   0      33.03     1190.718     53.05948
       284    407.9973    607.9928     3181.318     90.29557  16.2435   0.0308     4.18    0.002  -2.81   2      75.83     3183.207     60.89507
       285    220.6613    607.7873     1634.599     149.8722  16.9665   0.0996     3.32    0.154  18.93   0      16.35     646.1758     50.54714
       286    580.4238    605.6492     4662.021     156.4498  15.8286   0.0364     3.73    0.100 -29.83   0      42.17     1752.998     55.53076
       287    285.0392    605.0183     8006.991       191.98  15.2413   0.0260     3.45    0.168 -26.30   0      64.92     3099.387     60.89693
       288    137.9269    604.7953     8173.488      192.177  15.2190   0.0255     3.30    0.126 -18.42   0      67.62     3149.921     60.66551
       289    449.5321    595.4959     1820.565     193.7979  16.8495   0.1156     3.62    0.034  67.26   0      14.48     578.1945     49.98561
       290    364.1858    593.4910     19768.57      217.515  14.2601   0.0119     3.44    0.154 -12.14   0      129.6     7033.725     73.70816
       291    638.6966    594.5605     2679.136      184.703  16.4300   0.0749     3.26    0.190  -1.81   0      22.57     920.4346     51.26962
       292    324.5475    592.3348     22018.92     219.1262  14.1430   0.0108     3.28    0.134 -13.14   0      140.6     8010.415     76.82704
       293    580.0029    593.0074     2788.843     89.30225  16.3864   0.0348     4.17    0.002 -15.06   2      71.97     2929.644     59.94125
       294    837.9684    590.3314     2490.496     153.2628  16.5093   0.0668     3.91    0.280  -3.65   0      25.53     1056.954     52.36154
       295    619.8788    590.6700     2261.771     163.0321  16.6139   0.0783     3.32    0.229 -14.75   0       19.9     788.5538     50.93309
       296    203.9642    589.9856     1965.683      131.082  16.7662   0.0724     0.00    0.025 -11.20   2      23.51     985.2117      52.4161
       297    767.0463    587.3784     4120.211     174.9803  15.9627   0.0461     3.41    0.158 -12.48   0       37.6     1621.431     54.98966
       298    145.1801    588.8048     7093.282      114.566  15.3729   0.0175     5.40    0.368 -51.84   0      111.9     6467.023     72.11694
       299    606.0101    586.2515       4016.1     173.0087  15.9905   0.0468     3.50    0.125  -7.47   0      36.02     1547.903     54.56799
       300    334.6664    587.3887     2283.425     181.5961  16.6035   0.0864     2.97    0.091  44.81   0      21.07     865.1516      51.5223
       301    171.7092    577.9593     51014.24     258.7374  13.2308   0.0055     3.19    0.049 -26.65   0      244.3     18601.77     103.3978
       302    489.8803    582.2877     1773.707     161.3636  16.8778   0.0988     2.92    0.116 -40.06   0      17.58     731.0162     50.80159
       303     12.2856    577.6068     2751.046     225.9993  16.4013   0.0892     6.71    0.454 -26.64   0      19.61     663.8972     50.75278
       304    311.9936    574.0397     2528.224      192.978  16.4930   0.0829     3.56    0.173 -26.74   0      21.72     904.7153     51.94307
       305    411.5558    572.4909     5198.254     230.5346  15.7104   0.0482     3.69    0.206   4.80   0      40.33     1662.432     54.69366
       306     81.4186    567.8743     20827.16     208.9063  14.2034   0.0109     3.29    0.146  -7.41   0      136.5     7820.749     76.34762
       307    465.4816    568.6063     2042.008     163.7039  16.7249   0.0871     3.37    0.053 -33.25   0      20.57     828.9176     51.48644
       308   1004.6708    565.6736     2480.717     150.0896  16.5136   0.0657     4.11    0.283 -22.20   0      23.32     926.7649      51.6699
       309    979.3405    566.1485     1713.584      172.753  16.9152   0.1095     2.98    0.273  11.87   0      14.47     565.6295     50.18368
       310    680.6436    565.3769     5876.388     110.6926  15.5772   0.0205     1.32    0.092  45.15   0      91.04     5867.418     70.38364
       311    626.8876    560.1310     2568.566     170.1607  16.4758   0.0719    -2.30    0.123 -76.46   2       23.1     1052.027     52.09549
       312     68.4153    561.0349     6225.889     210.5966  15.5145   0.0367     3.52    0.058 -20.62   0      49.58     2240.646     57.60295
       313    942.6631    561.5034     1565.181     159.0743  17.0136   0.1104     5.44    0.251 -35.60   0      15.05     577.1455     49.98084
       314    368.2449    561.6566     1946.042     180.2897  16.7771   0.1006     3.23    0.133 -40.63   0      17.16     688.0581     50.86086
       315    185.9918    561.9630     3159.408     95.40182  16.2510   0.0328     1.17    0.191  -9.96   0      59.92     2768.985     59.54391
       316    122.5815    561.8813     2202.619     194.2455  16.6427   0.0958     3.25    0.142  -8.59   0      17.23      690.466     50.74589
       317    880.2979    559.3058     3336.133     188.9216  16.1919   0.0615     3.58    0.196   2.69   0       27.8     1124.442     52.28843
       318    489.5166    556.6519     4444.353      307.123  15.8805   0.0750     8.18    0.504  42.24   0      20.79     660.1975     50.35708
       319     68.6015    552.0753      4251.57     200.6479  15.9286   0.0513     3.34    0.117  -5.33   0       36.4     1568.377     54.53619
       320    801.5630    548.4173     3526.156     221.7932  16.1317   0.0683     7.82    0.268  41.23   0      26.47     929.1158     52.17231
       321     35.6479    547.2552     5175.749     192.7858  15.7151   0.0405     3.12    0.146 -17.68   0         45     2012.045     56.46803
       322    711.3239    546.0916     3227.924     170.1028  16.2277   0.0572     3.82    0.232 -19.23   0      29.26     1237.275     52.89748
       323    689.6008    543.2864     26064.56     221.1267  13.9599   0.0092     4.74    0.154  -8.01   0      156.6     9228.966     80.50983
       324    854.6445    542.9061      2322.21     196.0215  16.5852   0.0917     6.63    0.222  -0.68   0       19.9     766.8043     50.71013
       325    150.9985    544.0068     6697.439     98.74982  15.4352   0.0160     0.00    0.003  49.43   2      115.6     6810.143     73.19028
       326    268.3533    538.6499     1880.299      166.384  16.8144   0.0961     2.76    0.134 -42.07   0      17.42     709.8626     50.95819
       327    546.5023    537.4503     2193.743     151.7736  16.6470   0.0751     3.56    0.176  -2.78   0      21.25     831.8904       51.001
       328    227.5835    536.7922     1162.334     119.4244  17.3367   0.1116     1.92    0.243  -1.61   0      22.99     902.2923     51.68588
       329    994.3804    535.6708     1382.362     158.8129  17.1484   0.1248     2.20    0.193  41.89   0      14.38      619.312     50.55273
       330    326.9495    533.1237     22622.79     215.3472  14.1136   0.0103     3.44    0.127 -13.58   0      143.2     8250.013     77.45016
       331    861.6882    533.1138     3890.081     161.3754  16.0251   0.0451     3.52    0.225  -2.44   0      36.12     1538.472     54.29389
       332    755.4233    530.5282     1539.907     150.7913  17.0313   0.1063     2.80    0.037   7.30   0      15.53     608.9045     50.50592
       333     51.0243    525.3004     2340.709       213.96  16.5766   0.0993     3.81    0.197  -8.10   2      15.75     549.5139     49.59812
       334    662.4657    524.4849     2709.165     178.5864  16.4179   0.0716     3.32    0.187 -15.25   0      24.37     1002.471     52.00183
       335    306.3760    521.3619     8141.978     192.9691  15.2232   0.0257     3.41    0.210  -9.76   0      63.85     2902.114     60.15619
       336    467.0395    519.6074     1695.928     153.1265  16.9265   0.0981     3.26    0.251 -11.96   0      17.58      757.169     51.29343
       337    727.2440    509.1946     1486.152       99.689  17.0698   0.0728     3.32    0.398  39.73   0      41.68      1282.69     53.57135
       338    142.8372    509.8093     1962.502     154.5583  16.7680   0.0855     3.20    0.184 -15.82   0      20.35     865.7643     51.77237
       339    239.0005    508.1627     2021.505      159.725  16.7358   0.0858     4.10    0.314 -19.38   0      17.07     654.8481     50.83804
       340    963.6855    507.3278      2628.23     197.9958  16.4508   0.0818     4.95    0.363  44.90   0      20.78     716.0079     50.60834
       341     50.2631    506.2069     11137.99     193.1873  14.8830   0.0188     3.39    0.127  -5.49   0      83.85     4078.042      64.2474
       342    805.8926    500.4171     130222.1     374.1632  12.2133   0.0031    10.51    0.162  64.77   0      406.2     33824.91     132.6572
       343    454.1622    505.0085     5346.539     222.9356  15.6798   0.0453     3.86    0.277 -11.19   0      39.86     1718.282      55.3885
       344    283.8437    506.0435     1387.944     110.1318  17.1441   0.0862     3.56    0.353  -9.85   0      16.03     665.3262     50.38022
       345   1011.0656    500.3496     2886.864     186.6772  16.3489   0.0702     3.03    0.064   9.35   0      23.71     1014.903      52.1787
       346    659.9752    499.5686     2443.979     219.9567  16.5298   0.0977     3.39    0.170  -1.60   0      17.14      692.772      51.0073
       347    138.2717    496.7712     6522.393     168.8671  15.4640   0.0281     3.38    0.205 -17.54   0      56.06     2544.457     58.46254
       348    640.9755    496.5546     4166.221     209.8893  15.9506   0.0547     3.84    0.217 -11.10   0      34.71     1500.457     54.48738
       349    397.6700    495.8363     8421.589     191.6387  15.1865   0.0247     3.39    0.148  -9.54   0       69.7     3311.993     61.37384
       350    588.8610    493.9367     2690.135     208.2848  16.4256   0.0841     7.44    0.235 -63.97   0      19.52     630.1813     50.47517
       351    495.0059    492.8546     7779.847     189.1954  15.2726   0.0264     3.81    0.174 -57.36   0      59.17     2505.407     58.41998
       352    214.9071    493.7354     11395.81     121.4977  14.8581   0.0116     0.00    0.376  70.74   0      144.2     10247.79     83.10602
       353    717.1885    491.7468     3886.195     142.4472  16.0262   0.0398     3.06    0.106 -10.52   0      36.86     1609.989     54.82596
       354    101.3328    490.4730     1808.102      174.715  16.8569   0.1049     3.54    0.116 -44.89   0      18.41     723.1788     50.76651
       355    875.0157    484.2371     1273.896     150.3898  17.2372   0.1282     4.27    0.163 -89.95   0      13.01     488.3288     50.21545
       356    910.3550    483.0703     2795.744     193.2928  16.3838   0.0751     4.49    0.259  24.28   0      21.68     852.5164     51.46654
       357    247.2761    474.2902     331711.3     454.6114  11.1981   0.0015     3.34    0.074 -18.08   2      701.3     117450.8     235.8441
       358    248.0019    461.8517     20342.28     126.3081  14.2290   0.0067     0.00    0.108 -88.77   3      191.6      20176.3     106.9221
       359    787.8154    474.6657     40972.86     256.6984  13.4688   0.0068     3.64    0.160 -44.04   0        211     13862.51     92.53344
       360    956.3440    477.6192     1653.846     110.6791  16.9538   0.0727     5.03    0.503 -38.32   0      34.93     1282.222     53.44999
       361    492.3063    476.2589     4173.078     192.4318  15.9489   0.0501     3.86    0.208 -12.34   0      35.18     1437.895     53.63356
       362    301.8085    476.0179     985.9647     86.45689  17.5153   0.0952     2.82    0.219   0.26   0      29.15     792.3158     51.20001
       363    693.3367    473.9986     2743.896     176.8335  16.4041   0.0700     3.71    0.198  -7.76   0      26.57     1108.592     52.70653
       364    332.7663    471.0483     3223.199     181.8926  16.2293   0.0613     3.52    0.205 -25.33   0      27.62     1134.043     52.69508
       365    319.9751    471.4188     3319.258     193.0821  16.1974   0.0632     3.83    0.325  -3.50   0      29.08     1231.161     53.35229
       366    130.9485    468.9665     2634.401     208.9895  16.4483   0.0862     4.05    0.174   7.23   0      19.71     783.7493     51.16197
       367    364.5924    467.4754     2880.146      193.392  16.3515   0.0729     3.77    0.222  -9.93   0      25.15     996.4302     52.09818
       368    188.2440    463.3013     2648.395     147.1221  16.4425   0.0603     3.82    0.236   9.10   0       25.9     1047.364     51.82923
       369    304.6426    461.4322     2401.411     214.7693  16.5488   0.0971     3.10    0.122 -46.39   0       16.3     653.1475     50.83044
       370     80.3076    460.1387     6651.345     198.5801  15.4427   0.0324     3.38    0.144 -22.01   0      54.64     2414.258     57.73331
       371    493.4569    460.8367     1729.589     164.2448  16.9051   0.1031     3.21    0.160   8.26   0      17.13     685.2986     50.72274
       372    521.5396    458.0030     10323.58     128.4914  14.9654   0.0135     5.70    0.455  -0.13   0      130.4     8765.203     79.10914
       373    757.3872    456.9622     3390.661     99.22402  16.1743   0.0318     0.78    0.166  -1.29   0      61.67     3339.803     61.78767
       374    955.4586    454.5867     2240.573     127.8643  16.6241   0.0620     3.76    0.276  -0.78   0       22.6     906.8797     51.82944
       375    865.6780    455.0033     4713.217     122.1395  15.8167   0.0281     3.25    0.506  -0.54   0       70.5     3691.975     62.76518
       376    463.9941    452.9966     2102.636     182.2481  16.6931   0.0941     2.71    0.272   0.30   0      17.14     708.2679     50.82555
       377    752.9950    447.0663     2731.829     188.1933  16.4089   0.0748     3.22    0.099 -19.62   0      22.59     952.2681     51.90517
       378     33.4341    445.3022     5121.159     131.6785  15.7266   0.0279     3.31    0.458  13.16   0      62.52     3020.127     59.85799
       379    148.6275    433.1307     5585.719     204.5097  15.6323   0.0398     3.59    0.143 -25.12   0      46.84     2019.044     56.38301
       380    867.0921    433.0021     5065.057     172.5399  15.7385   0.0370     3.37    0.192  -8.51   0      44.01     1919.922     55.98204
       381    353.8252    432.6852     3625.684     184.1376  16.1015   0.0552     3.18    0.213  -1.77   0      32.59     1387.544     53.53922
       382    102.4145    432.9863     4495.522      182.603  15.8680   0.0441     3.59    0.189  -7.58   0      40.87      1778.56     55.40517
       383     20.9313    433.4374     3295.892      227.952  16.2051   0.0751     4.01    0.278  -4.48   0      20.91     838.7358     51.40565
       384    270.6411    427.9088     69455.16     276.1982  12.8957   0.0043     3.31    0.122 -10.86   0      295.6     24900.37     116.4221
       385     37.9459    432.1337     2183.281     193.3988  16.6522   0.0962     4.24    0.121 -60.90   0       17.2     686.1201     50.72642
       386    417.0026    430.2026     2247.356     87.91338  16.6208   0.0425     1.06    0.108  89.04   0      54.34     2380.804     57.82284
       387     58.9066    431.0252     1596.465     182.4929  16.9921   0.1241     5.21    0.327  -0.65   0      13.85     513.4434     49.56161
       388    997.0040    426.5971     1998.303     193.1814  16.7483   0.1050     4.23    0.168  -3.38   0      17.57     665.2042     50.63263
       389    147.3032    424.5807      2571.95     197.9312  16.4743   0.0836     4.80    0.339  -2.56   0      20.68     801.5994     50.86584
       390    229.0387    423.2008     3472.795     172.2935  16.1483   0.0539     3.42    0.096  -4.82   0       32.8     1419.516     54.14871
       391    136.4952    418.9413     2484.198     197.0215  16.5120   0.0861     2.83    0.065  74.81   0      20.24     864.5372     51.14627
       392    502.2668    417.7742     3423.484     105.5362  16.1638   0.0335     5.31    0.368 -39.66   0      67.53     2844.666     59.61818
       393    669.9907    416.0919     2969.559     207.8225  16.3183   0.0760     3.24    0.108 -23.50   0      22.98     915.5708     51.74423
       394     38.7663    413.3428     3178.315     233.3748  16.2445   0.0797     3.52    0.200 -12.43   2      20.56     813.2057     51.29265
       395    621.5028    413.5052     2049.024     194.8868  16.7211   0.1033     4.64    0.348 -82.65   2      13.95     453.5226     49.28607
       396    430.7620    404.2838     35616.81     236.2077  13.6209   0.0072     3.26    0.139 -20.91   0      194.4      12849.7     89.86945
       397    958.4889    408.0001     1565.682     167.8672  17.0132   0.1164     4.01    0.335 -27.20   0      13.92     525.6296      50.0022
       398    132.1407    406.9311     1689.896      152.071  16.9303   0.0977     4.71    0.382   7.89   0      17.93     683.8804     50.71638
       399    806.0503    398.0722     4463.637     163.1629  15.8758   0.0397     8.40    0.535  41.56   0      41.16     1113.094     52.48307
       400    733.2133    394.5948     3330.457     208.2168  16.1937   0.0679     2.88    0.146 -44.76   2       29.2     874.0706     51.56163
       401    109.2673    394.9939     2372.412     204.8428  16.5620   0.0938     3.10    0.137 -57.11   0      16.59     633.8389     50.49164
       402    187.3288    391.3640     3811.532     193.6606  16.0473   0.0552     6.47    0.176 -39.93   0       31.8     1272.241     53.28779
       403    820.5914    391.8835     1364.349     115.7404  17.1627   0.0921     5.21    0.271  14.93   0      15.06     581.7876      50.2568
       404    247.8997    390.9616     3429.018     179.5001  16.1621   0.0568     2.98    0.038 -11.56   0      31.37     1338.175     52.96867
       405    493.0409    390.3687     2107.518     181.3758  16.6906   0.0935     3.65    0.212 -16.21   0      20.19     815.1506      51.5497
       406     21.3304    400.2384     1667.667     112.1407  16.9447   0.0730     4.07    0.551 -18.82   0      30.75     1237.701     53.14027
       407    456.5421    384.9003     5001.533     181.4802  15.7522   0.0394     3.70    0.175 -17.89   0       43.1     1823.734     55.24437
       408    343.0274    383.9903     2201.487     98.10334  16.6432   0.0484     0.00    0.010 -28.56   2      50.72      1790.56     55.56945
       409    891.3925    378.2146     3807.638      205.654  16.0484   0.0587     3.74    0.171   1.04   0      30.33     1205.489     53.00233
       410    565.9232    377.0443     3366.404      208.256  16.1821   0.0672     4.42    0.208  -6.94   0      29.16     1207.599     52.89074
       411    239.0010    374.9806     2881.645      184.952  16.3509   0.0697     4.09    0.103 -83.11   0      24.68     939.3497     51.84857
       412    636.1526    373.1496     1946.507     181.1739  16.7769   0.1011     3.57    0.011 -36.06   0      16.21     632.8615     50.61361
       413    167.7243    366.2675     2712.689     199.6985  16.4165   0.0799     3.70    0.026  -8.86   0      20.91     818.2767     51.19048
       414    238.2136    364.5027     2635.559     220.1546  16.4478   0.0907     3.63    0.179  -1.61   0      19.95     814.5413     51.17389
       415    659.4903    360.4952     1499.065     163.9255  17.0604   0.1188     3.84    0.027 -15.78   0      15.13     599.1204     50.20805
       416    137.8681    359.3251     8147.064     173.8182  15.2225   0.0232     3.29    0.100 -12.27   0      66.78      3060.95     60.33127
       417    497.8409    354.7217      7236.23     282.7425  15.3512   0.0424     3.68    0.142   0.98   0      44.45     1930.806     56.02621
       418    183.1760    351.1777     3647.068     162.0215  16.0951   0.0482     3.56    0.116 -15.26   0      35.04     1450.968     54.28056
       419    122.7664    351.6762     2551.566     166.3411  16.4830   0.0708     3.90    0.214 -10.29   0      21.95     855.3945     51.47924
       420    480.7786    349.5476     2008.188     155.6549  16.7430   0.0842     6.57    0.184   7.01   0      19.52     756.0015     51.16356
       421    156.9295    348.1209     5425.613     199.5873  15.6639   0.0399     5.13    0.032  36.99   0      43.67     1913.809     55.72844
       422     18.1294    348.8400     2959.775     221.9328  16.3219   0.0814     4.39    0.082 -12.92   0      19.86     773.7863     51.11769
       423      5.2219    347.9240     3009.928     200.0365  16.3036   0.0722     3.53    0.189 -26.28  16      21.07     862.4257     51.63414
       424    974.8680    345.0942     17770.88     201.6325  14.3757   0.0123     3.45    0.158 -13.05   0      121.7     6615.997     72.40868
       425    342.5349    347.3789     1537.209     135.1492  17.0332   0.0955     3.65    0.166 -38.40   0      17.33     696.9119      50.9004
       426    882.7201    345.5136     1860.854     204.2744  16.8257   0.1192     6.00    0.460 -60.57   0      13.53      381.309     49.08226
       427    643.4635    346.2136     1228.121     132.2347  17.2769   0.1169     3.59    0.239  -0.23   0      13.07     511.8502     49.93953
       428     47.2054    344.3671     2338.829     149.8746  16.5775   0.0696     3.43    0.267 -12.21   0      23.31     985.8648     52.29693
       429    415.9198    341.8774     2559.984     191.3535  16.4794   0.0812     4.23    0.170 -35.63   0      22.03     879.9293     51.21463
       430    673.0356    340.2224     9776.683     198.1356  15.0245   0.0220     3.33    0.137 -13.96   0      75.64     3711.374     63.13963
       431    993.7090    336.3843     1852.685      177.493  16.8305   0.1040     4.50    0.345 -28.84   0      18.16     669.6983     50.39994
       432    505.9039    328.9951     67611.23     279.2891  12.9250   0.0045     7.19    0.163   4.23   0        288     23518.51     113.8048
       433    387.2433    330.9418     20800.22     211.1582  14.2048   0.0110     3.34    0.135  -9.80   0      135.4     7727.563     75.98569
       434    357.3229    332.5727     4678.531     153.3815  15.8247   0.0356     3.26    0.097 -13.32   0      44.65     1956.219      56.1292
       435    195.4372    324.5974     22378.63     230.8464  14.1254   0.0112     8.23    0.027 -74.60   0        137     7514.648     75.51554
       436     22.6050    328.3690     1472.526      144.191  17.0798   0.1063     3.62    0.155 -40.41   0      15.84     602.0974     50.60167
       437    763.1707    326.5333     3199.053     212.6284  16.2374   0.0722     3.82    0.259  11.09   0      25.04     1024.278     52.21952
       438    279.7819    322.1610      11306.5     264.5297  14.8667   0.0254     3.33    0.125  -7.50   0       73.8     3445.193     62.17412
       439    663.3137    321.7391     6490.546     208.5978  15.4693   0.0349     2.62    0.191 -12.11   0       53.4     2506.746     58.09626
       440    108.9863    318.8435     3268.605     139.1822  16.2141   0.0462     3.66    0.216  -2.62   0      31.01      1335.04     53.79298
       441    443.1264    317.7016     3494.496     160.8173  16.1415   0.0500     3.58    0.181 -12.62   0      31.86     1295.809     52.90745
       442    173.4137    318.7219     5086.697     107.5849  15.7339   0.0230     0.93    0.027 -20.77   0      79.26     4826.616     66.74738
       443    246.5903    336.1051     1642.621     184.2917  16.9612   0.1218     5.34    0.332 -18.09   0      13.77     444.5496      49.6323
       444    619.4888    313.2032     3803.183     256.7617  16.0496   0.0733     5.92    0.124 -15.73   2      22.28     703.0535     50.80223
       445    164.7542    316.7941      2071.81      158.794  16.7091   0.0832     3.90    0.237  -7.47   0      19.55     753.9133     51.15428
       446    884.8590    313.9727     2549.957     201.9002  16.4837   0.0860     3.33    0.194 -36.97   0      21.01     867.3803     51.65594
       447    600.7842    314.1664     1500.923     96.46671  17.0591   0.0698     4.87    0.309 -39.26   0      36.62     1150.469     53.12782
       448    704.3881    313.9023     1504.211     163.9326  17.0567   0.1184     4.36    0.292 -16.08   0      13.67     528.4423     50.01498
       449    257.8380    312.3543     2060.312     183.9399  16.7152   0.0970     4.04    0.225   2.96   0      18.51     712.5555     50.84472
       450     47.1434    305.2737     4092.264     154.5904  15.9701   0.0410     3.73    0.195 -17.47   0      37.03     1499.536     54.13066
       451     26.0872    306.3312     2387.186     195.2808  16.5553   0.0888     6.15    0.086 -85.36   0      20.72     882.6642     51.35131
       452    584.6713    304.2568     3678.218     190.1743  16.0859   0.0561     3.99    0.248  -8.09   0      32.04     1317.243      53.3598
       453    278.0728    299.2806     16232.53     252.8059  14.4740   0.0169     3.19    0.093 -15.75   2      98.26     4920.811     66.87659
       454     11.7027    302.4209     2165.775     160.9256  16.6610   0.0807     4.76    0.341 -17.67   0      19.78     755.2201     50.65819
       455    834.7751    301.4199     2354.382     183.4344  16.5703   0.0846     3.82    0.232 -38.75   0      22.08      878.821     51.82965
       456    709.9124    300.9228     11844.14     111.4017  14.8162   0.0102     0.00    0.123  43.32   0      149.7     11604.59     86.66348
       457    965.1588    300.0459     1501.232     154.9129  17.0589   0.1121     4.19    0.197   0.64   0      14.35       555.69     50.01108
       458    843.8530    291.4903     2061.219     201.3493  16.7147   0.1061     3.13    0.117  10.65   0      16.18     619.4206     50.17271
       459    398.1314    288.9746     4358.533       191.82  15.9016   0.0478     7.89    0.306  -0.78   0      36.32     1449.126     54.03694
       460    246.9788    289.1510     2128.571     87.60576  16.6798   0.0447     4.39    0.086  87.17   0      49.37     2064.968     56.79322
       461    158.1156    289.9911     1301.928     87.28352  17.2135   0.0728     2.50    0.164   5.04   0      35.62     1003.343     52.12832
       462    471.2885    283.9550     1465.417     139.6791  17.0851   0.1035     3.37    0.251 -15.41   0      16.22     667.4755     50.38992
       463    990.7352    281.4138     6548.765     250.4058  15.4596   0.0415     3.49    0.181  -3.18   2      43.17     1351.547     53.62496
       464    205.9389    280.0952     2353.083      122.975  16.5709   0.0568     6.36    0.472  -6.99   0      29.09     1412.689     53.64585
       465    624.7333    279.0421       1851.5     164.4134  16.8312   0.0964     3.64    0.115 -59.75   0       16.8     656.1088     50.59178
       466    997.4097    273.3101     11674.56     255.0156  14.8319   0.0237     3.41    0.213  -8.96   0      73.86     3482.984      61.9007
       467    211.6381    274.3877     1685.374     168.0292  16.9333   0.1083     2.85    0.134 -46.17   0      16.11     646.2448     50.92516
       468    898.6709    269.9192     45964.23     251.1028  13.3440   0.0059     3.46    0.122 -16.83   0      228.5     16046.72     97.62022
       469     86.5494    273.3964     2072.343      165.685  16.7088   0.0868     3.87    0.098  37.93   0      18.03     665.8459     50.63551
       470    374.6993    272.3101     1465.537     157.9239  17.0850   0.1170     3.76    0.177  45.12   0      14.72      601.658      49.9645
       471    188.2981    265.2010     3784.181     226.3313  16.0551   0.0650     8.09    0.330 -53.51   0      27.55     1021.378     52.20689
       472    716.9716    265.0858     3056.474     191.9423  16.2869   0.0682     3.96    0.170  12.89   0      23.81     930.4274       51.686
       473     88.4455    260.7615     5365.549     156.4511  15.6760   0.0317     3.43    0.120 -24.84   0      49.72     2197.393     57.09739
       474    790.4388    260.5676     2156.932     167.7163  16.6654   0.0844     3.78    0.056 -29.05   0      20.53     807.7171     51.39277
       475    384.1423    259.0366     2229.854     152.8759  16.6293   0.0745     0.00    0.453  80.25   0      26.25     1260.403     53.23728
       476    852.6896    258.4307     4321.211     195.0782  15.9110   0.0490     3.55    0.186  -1.77   0      38.66     1604.818     54.45373
       477    514.0079    259.9528     1761.216      86.6475  16.8855   0.0534     4.19    0.019 -59.99   2      51.58     1732.681     55.44755
       478    446.4693    258.0663     8311.274     223.0927  15.2008   0.0292     3.32    0.188 -19.93   0       62.9     2872.329     59.61649
       479    928.6517    256.0804     3287.524     167.3436  16.2078   0.0553     3.56    0.133  -5.89   0      30.71     1261.335     53.00076
       480    270.6517    253.2766     1069.055     95.44382  17.4275   0.0970     2.93    0.553  61.22   0      21.17     927.7573     51.67426
       481    171.2375    252.2679     8892.478     198.7324  15.1274   0.0243     3.53    0.158  -8.82   0      70.82      3309.49     61.36457
       482    991.6154    251.0616     3578.192     145.2907  16.1158   0.0441     7.28    0.229  -9.54   0      33.96      1388.88     53.78296
       483    629.6127    248.8339     1988.347     182.1055  16.7538   0.0995     2.96    0.140  -8.01   0      18.03     752.4265     51.39685
       484     32.8096    239.9682     196600.6     378.1822  11.7660   0.0021     3.23    0.085 -16.28   0      529.6     72145.98     187.2978
       485    493.1283    240.4095     42365.33     245.8832  13.4325   0.0063     3.29    0.117 -12.88   0      217.2     15414.18     96.26913
       486    717.2025    242.4636     4680.566     186.2942  15.8243   0.0432     4.08    0.150  -0.85   0      39.84     1649.696     54.99031
       487    543.1918    243.9915     1998.992       198.08  16.7480   0.1076     5.66    0.511 -10.75   0      14.37      479.566     49.79239
       488    765.8730    238.3813     2380.166     188.6167  16.5585   0.0861     5.69    0.046  29.29   0      20.11     739.4398     51.08994
       489    669.9691    238.8156     1452.861     118.6375  17.0944   0.0887     0.00    0.140 -89.03   0      30.96     925.6363     52.03453
       490    416.8075    235.6721     2709.974     186.4618  16.4176   0.0747     3.68    0.263 -12.51   0      21.52     825.7708     51.34829
       491    691.4767    229.0364     5761.261     185.8978  15.5987   0.0350     4.98    0.096   1.00   0      47.18     1879.469     55.81757
       492    197.6557    228.0899     25501.92     239.3008  13.9836   0.0102     3.31    0.145 -14.32   0      152.2     8862.646     79.14684
       493    247.3052    220.6306     34159.67     232.7522  13.6662   0.0074     3.37    0.124 -14.35   0      190.7     12308.85     88.34663
       494    713.0306    218.5202     6196.208     191.4994  15.5197   0.0336     6.65    0.141   9.92   0      51.72     2312.752     57.55474
       495    422.6570    219.3046      7812.15     202.2866  15.2681   0.0281     3.53    0.189  -7.85   0      60.86     2661.245     58.58862
       496    632.5087    217.0212     1458.679     165.8071  17.0901   0.1234     3.10    0.366 -27.02   0      13.59     545.2554     49.70728
       497    219.1620    214.5013     3040.048     210.9497  16.2928   0.0754     4.31    0.195  -3.82   0      23.49     902.9753     51.19217
       498    670.1372    212.5059     6309.243      163.775  15.5001   0.0282     3.55    0.181  -9.51   0      54.66     2351.783     57.48685
       499    146.8009    202.6414     1637.907      171.726  16.9643   0.1139     3.27    0.208  23.24   0      15.34     579.0228     50.49793
       500    856.0206    195.0158     2108.062     87.55254  16.6903   0.0451     0.00    0.003  25.74   2      55.47     1945.811     56.20082
       501    448.2323    194.8617     3992.025     217.1825  15.9970   0.0591     3.88    0.085   6.34   3      30.55     1229.335     53.10448
       502    443.4436    187.5048     28964.32     229.0215  13.8453   0.0086     3.43    0.095 -11.27   2      168.7     10174.84     82.75204
       503    374.1868    194.8912     3696.459     165.9849  16.0805   0.0488     3.33    0.138   4.05   0      33.67     1415.125     53.65617
       504    983.8366    194.6215     2421.284     180.8878  16.5399   0.0811     3.26    0.217 -11.43   0      20.25     830.6545     51.74161
       505    757.9537    189.8223     60906.21     267.2852  13.0383   0.0048     4.90    0.156 -11.49   0      271.9     21530.59     109.8794
       506    491.2891    193.0413     3871.167     199.4174  16.0304   0.0559     4.06    0.186   8.96   0      32.12     1275.245     53.06036
       507    267.9516    190.7526     9103.592     180.4547  15.1020   0.0215     3.65    0.145  -7.00   0      71.79     3356.412     61.64182
       508    588.2415    212.3133     1528.954     171.5817  17.0390   0.1219     3.38    0.197 -38.98   0      14.12     506.4089     49.65815
       509    575.2916    188.9594     7122.198     216.7812  15.3685   0.0331     3.51    0.168 -10.65   0      57.71     2562.913     58.20593
       510    965.5690    188.1326     3093.322     195.2848  16.2739   0.0686     3.59    0.198 -20.61   0       26.8     1081.312     52.46716
       511    529.3651    189.0599      2111.47     96.24945  16.6885   0.0495     1.27    0.187  -3.02   0      41.44     1899.358     55.89849
       512     11.5149    186.9843     1373.737     119.8261  17.1552   0.0947     4.57    0.270   1.06   0      16.37     669.5703     50.52595
       513    972.6943    180.0386     2657.138     170.2789  16.4390   0.0696     3.43    0.186 -42.53   0      24.19     968.2938     51.48133
       514    886.1191    180.0978     1604.339     151.9431  16.9868   0.1029     3.89    0.340   9.03   0         16      635.943     50.24749
       515    325.8365    177.9997     11020.83     206.6343  14.8945   0.0204     3.45    0.181 -20.71   0      82.41     4051.737     64.25377
       516     85.4516    176.9681     2730.137      185.628  16.4095   0.0738     3.81    0.180 -26.12   3      21.65     844.2979     51.43023
       517     92.9536    173.9815     1792.703     86.73005  16.8662   0.0525     4.22    0.042  44.23   3      49.97     1658.143     55.14118
       518     88.9727    172.4979     3165.962     213.3429  16.2487   0.0732     4.76    0.161 -38.25   3      22.36     799.4944     50.73067
       519    511.0369    176.0037       4522.1     93.60949  15.8616   0.0225     0.00    0.052  -1.28   0      90.43     4337.758     65.25761
       520    255.9451    173.9955     2028.014     121.0607  16.7323   0.0648     3.88    0.572 -87.37   0      32.62     1379.126     53.86045
       521    356.1748    171.9503     1706.063     90.11938  16.9200   0.0574     0.00    0.167 -14.64   0      43.08     1402.738     54.07825
       522    540.2605    170.3079     1788.265     186.1946  16.8689   0.1131     4.34    0.192 -45.99   0      14.11     481.8855     49.54578
       523     26.0490    169.1018     3906.378     192.1165  16.0206   0.0534     3.95    0.168 -64.72   0      30.91     1250.155     52.83202
       524    328.6600    167.8215     5378.212     230.7119  15.6734   0.0466     3.57    0.021 -60.82   0      41.73     1823.082     55.58751
       525    798.5093    167.3801     3420.838     241.0132  16.1647   0.0765     6.00    0.343  89.11   0      21.87     686.5283     50.34906
       526    408.0005    162.3386     2738.937     218.8064  16.4060   0.0868     4.03    0.260   1.75   2      18.85     581.9697     50.38457
       527    237.4033    161.7894     2666.739     182.0752  16.4350   0.0741     3.92    0.199 -10.63   0      24.66     967.7011      51.9727
       528    689.5500    161.0502     1484.956     131.4662  17.0707   0.0961     3.69    0.257   2.99   0      15.39        613.4     50.65241
       529     46.8201    160.4915     1782.968     172.8442  16.8721   0.1053     3.63    0.306  23.93   0      15.56     610.9548     50.00677
       530    640.3337    158.9276     3183.781     179.1894  16.2426   0.0611     3.29    0.181 -15.16   0      29.05     1210.417     52.90285
       531    795.9641    158.4024     2730.527     199.7188  16.4094   0.0794     4.15    0.275   4.04   0       21.2     905.8697     51.94812
       532    975.0345    157.7376     3047.756      109.203  16.2900   0.0389    -0.99    0.116 -26.09   0      50.81     2187.954     57.05981
       533    231.5900    156.0863     3637.436     191.7981  16.0980   0.0573     3.68    0.115 -14.27   0      31.11      1249.38     53.06997
       534    801.0920    149.7513     5148.524     109.1879  15.7208   0.0230     5.27    0.378 -71.62   0      90.74     4414.742     65.13406
       535    788.9410    146.5302     2580.597     192.2106  16.4707   0.0809     3.34    0.214 -16.37   0      21.51     854.5299     51.47543
       536    192.1158    146.0367     2232.553       127.85  16.6280   0.0622     6.40    0.201 -88.32   0      25.03     1149.678     52.51978
       537    998.5744    145.9509     1828.794     174.7419  16.8446   0.1038     4.28    0.256  -4.40   0      16.87     670.8202      50.9094
       538    260.5572    143.7164     7167.407     181.5527  15.3616   0.0275     3.89    0.151 -22.02   0      57.35     2534.298     58.20395
       539    283.8721    144.1171     1204.095     171.1508  17.2983   0.1544     6.72    0.621 -44.57   0      12.26     388.3182      49.1147
       540    204.8428    142.8966     1363.864     115.7395  17.1631   0.0922     3.72    0.343   6.76   0      15.26     603.8631     49.84654
       541    139.8045    140.8510      7505.04     259.4028  15.3116   0.0375     3.73    0.324 -26.87   0      48.33     2055.636      56.6432
       542    390.1264    140.0579      4506.72     166.1321  15.8653   0.0400     3.36    0.172  -2.67   0      40.15     1746.016     55.15583
       543    693.4459    139.9709     2032.245     96.06219  16.7301   0.0513     0.63    0.171  -1.75   0      43.04      1912.87     56.18127
       544    604.8177    136.4565     1641.306      161.177  16.9620   0.1066     3.45    0.135  71.78   0      17.12     692.1168     50.87899
       545    795.1086    132.3025     1381.034     151.6087  17.1495   0.1192     3.55    0.534  72.26   0      12.57     522.1812     49.60167
       546    126.2046    131.7817     4652.131     234.8057  15.8309   0.0548     3.76    0.041 -28.96   0      33.17     1324.223     53.50903
       547   1009.6358    130.1439     4800.473     228.7501  15.7968   0.0517     4.30    0.179  -6.10   0      38.73      1532.02     54.38446
       548     50.1778    127.6025     4119.417     186.4668  15.9629   0.0492     3.99    0.154 -47.03   0      34.53     1407.813      53.8629
       549    423.3680    128.1539     1681.033     136.5653  16.9361   0.0882     3.59    0.168 -12.61   0      17.76     738.2093     51.20935
       550    730.3470    124.5002     10502.94     235.0277  14.9467   0.0243     4.31    0.172 -38.47   0      71.11     2762.132     58.97868
       551    707.8387    125.0514     5985.939     136.7132  15.5572   0.0248     0.00    0.347   0.08   0      71.12     4024.708     64.05846
       552    661.5236    125.9361      1552.29     163.0226  17.0226   0.1141     5.63    0.423  -6.31   0       14.8     515.9324      49.9581
       553    884.0942    116.2493     7950.133     184.2714  15.2491   0.0252     3.30    0.153 -13.07   0      64.91     2970.493      59.7762
       554    267.4254    111.9886     1673.968     160.2295  16.9406   0.1040     4.01    0.258   1.47   0      17.02     699.5292     50.91209
       555     67.2083    109.3542     2529.699     163.4051  16.4923   0.0701     3.94    0.251 -12.95   0      25.17      1020.22     52.44602
       556     50.0320    103.3467     32711.88     235.4397  13.7132   0.0078     3.36    0.077 -20.16   0      182.4     11664.39     86.96719
       557    692.6719     99.5456     8813.309     195.3996  15.1372   0.0241     3.54    0.198  -9.19   0      68.47     3108.954     60.51184
       558    390.2162    100.1589     2172.676     190.0545  16.6575   0.0950     3.93    0.270 -15.95   0      20.38     827.2605     51.60306
       559    554.6768     95.8880     1770.139     150.0776  16.8800   0.0921     3.03    0.198 -35.90   0      16.92     670.8755     50.40525
       560   1009.4986     94.0218     1504.177     167.7839  17.0568   0.1211     2.89    0.342 -27.11   0      13.96     532.8588     49.52174
       561    275.0371     93.9799     2221.216     87.84577  16.6335   0.0429     0.00    0.013 -18.84   3      56.08      2021.84     56.73308
       562    278.9529     92.3207     3006.691     181.6219  16.3048   0.0656     3.32    0.225 -16.69   2      26.18     1078.685     52.33386
       563    823.9147     90.8556     3808.675     174.5752  16.0481   0.0498     3.96    0.218  -8.25   0      33.75     1376.104     53.49063
       564    757.6555     87.0173     10916.54     237.4536  14.9048   0.0236     3.63    0.177 -17.90   0      77.89     3644.187     62.69387
       565    768.4685     85.3636     14704.37     221.7272  14.5814   0.0164     3.36    0.183 -15.20   0      103.4     5232.906     68.11674
       566    170.2260     82.6766     2034.929     156.7163  16.7286   0.0836     3.48    0.189 -25.42   0      20.09     824.4724     51.34255
       567    960.5221     77.6536     2399.546     138.9102  16.5497   0.0629     3.41    0.128 -41.55   0      25.44     1057.915     52.24358
       568    605.6534     77.2443     1999.008     155.6415  16.7480   0.0846     3.31    0.163 -10.80   0       19.8      810.342     51.40438
       569    985.1876     75.9759     4174.422     279.1287  15.9485   0.0726     7.09    0.326  83.86   0      20.91     822.8889     51.45982
       570    641.9261     75.8361     1782.669     162.3628  16.8723   0.0989     3.68    0.233 -29.79   0      17.13      658.027      50.6004
       571     50.0184     73.9066     2488.685     198.6411  16.5101   0.0867     4.45    0.108 -89.38   0      19.34     737.3438     50.57792
       572    866.5316     67.4570      5478.32     213.5605  15.6534   0.0423     3.66    0.224 -25.89   2      40.18     1670.906     54.84546
       573     68.9894     69.4455     5037.365     239.8845  15.7445   0.0517     3.80    0.102 -19.89   0      36.24     1474.621     54.37951
       574    967.3580     68.3709     2768.163     215.1571  16.3945   0.0844     3.62    0.149  -1.90   0      22.29     897.9809      51.9136
       575    979.9568     62.8599     21084.21     243.0834  14.1901   0.0125     3.51    0.136  -9.41   0      131.5     7140.266     74.20831
       576    346.7211     60.5928     21777.35     219.6039  14.1550   0.0110     3.41    0.170 -10.14   0        136      7456.89     75.17175
       577    831.7423     58.1710     109774.8     312.2292  12.3987   0.0031     3.46    0.104 -17.32   0      385.6     38206.88     140.1002
       578    561.4610     58.0916      71931.7     278.2286  12.8577   0.0042     3.50    0.118 -19.77   0        301     24931.27     116.4824
       579     35.7118     60.4714     11944.16     220.3341  14.8071   0.0200     3.44    0.131 -12.26   0      85.62     4049.946      63.8485
       580    434.9737     59.9492      4691.22      94.0192  15.8218   0.0218     4.32    0.084  62.16   0      92.52     4488.464     65.78039
       581    170.5459     45.6416     7705.541     182.2251  15.2830   0.0257     3.57    0.199  -6.20   0      63.49     2836.246     59.69318
       582    794.4008     43.4716     20034.69     205.7267  14.2455   0.0112     3.48    0.175  -7.32   0      131.7     7136.911     74.19803
       583    917.6491     44.4272     2768.111     223.8867  16.3945   0.0878     6.63    0.329  12.07   0      19.58     688.9816     50.99041
       584    989.7767     44.7990     1949.013     165.5158  16.7755   0.0922     4.10    0.205  -3.83   0      18.81      704.504     50.80872
       585    306.7876     44.4312     1756.212     166.2144  16.8886   0.1028     3.47    0.201 -25.64   0      16.92      692.421     51.13082
       586    497.8974     39.8507     2142.516     194.9958  16.6727   0.0988     4.85    0.138  -1.75   0      16.96     596.6528     49.94172
       587    137.2173     36.7862     24494.43     228.7694  14.0273   0.0101     4.00    0.089  38.72   0      146.2     7394.032     74.98147
       588    889.4688     35.5689     1736.218     164.2539  16.9010   0.1027     5.71    0.251 -45.85   0      15.25      566.078     50.18571
       589    860.9213     35.0930     2872.386      173.352  16.3544   0.0655     7.54    0.321 -19.11   2      25.16     1023.921     52.09549
       590    859.0021     31.0149     2567.316     88.73668  16.4763   0.0375   -27.17    0.004  85.32   3      63.99     2511.344     58.33367
       591    515.3386     35.8839     1875.135     182.8397  16.8174   0.1059     3.10    0.254 -12.13   0      16.01     654.7996     50.33271
       592   1022.6917     28.9682     1762.043      128.262  16.8850   0.0791     3.74    0.185 -60.07  24      19.18     771.5835     50.60548
       593    614.5583     27.1293     1408.197     157.8414  17.1283   0.1217     5.26    0.311  41.93   0      14.55     547.2702     50.10046
       594    853.2174     20.9412     1931.917     171.1843  16.7850   0.0962     4.49    0.381 -55.82   0      19.86     882.9141      51.6006
       595    237.2208     20.9977     1263.352     131.0826  17.2462   0.1127     3.92    0.194  -3.69   0      13.86     534.7083     50.04345
       596    818.0229     19.8836     1850.879      93.9474  16.8316   0.0551     4.40    0.091 -89.62   0      44.89     1535.403     54.16323
       597    892.8055   1018.8761     6022.732     220.7489  15.5505   0.0398     3.40    0.120  -3.15  16      45.41     1959.832     56.14383
       598    618.5539   1020.0664     4506.689     214.0216  15.8654   0.0516     3.65    0.176 -15.50  16       35.1     1524.273     54.35208
       599    351.3583   1020.3489     1914.703     178.4695  16.7947   0.1012     3.56    0.144  40.38  16      15.97     588.4915     50.41397
       600    557.8688   1019.0386     2124.658     189.9971  16.6818   0.0971     3.66    0.205 -33.69  16      17.48     684.5969      50.7196
       601    428.8168   1016.2552     6061.795     193.0019  15.5435   0.0346     3.45    0.206 -23.18  16      50.59     2261.218     57.46215
       602    225.7193   1013.0418     69184.21     281.1349  12.9000   0.0044     3.17    0.155 -17.05  16      293.5     25187.24     116.9807
       603    981.4261   1015.3481     1342.913     139.4796  17.1799   0.1128     6.07    0.517  37.88  16      12.35     396.8835     49.67142
       604     21.8114   1014.3522     2417.863     203.3284  16.5414   0.0913     6.95    0.628  -6.63  16      17.25     522.7645     50.24409
       605    589.1748   1013.2917     1659.404     152.0254  16.9501   0.0995     4.26    0.123  69.36   0      17.61     694.2462     50.38389
       606    391.7453   1009.7116     2097.944     177.8068  16.6955   0.0920     3.66    0.289 -29.28   0      18.45     730.2259     50.67215
       607    175.6210   1009.6224     1691.578     177.2866  16.9293   0.1138     3.22    0.159 -10.57   0      15.09     623.8328      50.6992
       608     52.6662   1007.3254      4688.02     179.3148  15.8225   0.0415     3.32    0.168  -4.00   0      43.06     1832.984     55.51302
