#   1 NUMBER                 Running object number                                     
#   2 X_IMAGE                Object position along x                                    [pixel]
#   3 Y_IMAGE                Object position along y                                    [pixel]
#   4 FLUX_AUTO              Flux within a Kron-like elliptical aperture                [count]
#   5 FLUXERR_AUTO           RMS error for AUTO flux                                    [count]
#   6 MAG_AUTO               Kron-like elliptical aperture magnitude                    [mag]
#   7 MAGERR_AUTO            RMS error for AUTO magnitude                               [mag]
#   8 FWHM_IMAGE             FWHM assuming a gaussian core                              [pixel]
#   9 ELLIPTICITY            1 - B_IMAGE/A_IMAGE                                       
#  10 THETA_IMAGE            Position angle (CCW/x)                                     [deg]
#  11 FLAGS                  Extraction flags                                          
#  12 SNR_WIN                Gaussian-weighted SNR                                     
#  13 FLUX_APER              Flux vector within fixed circular aperture(s)              [count]
#  14 FLUXERR_APER           RMS error vector for aperture flux(es)                     [count]
         1    864.4998     17.5183     2536.041     229.7197  16.4896   0.0984     4.72    0.216  -0.52   2      15.16     525.9324     56.21305
         2    613.6886     13.3037     3517.664     237.8542  16.1344   0.0734     3.47    0.098  80.16   2      24.65     951.8084     58.05406
         3    385.8403      6.0082     3924.431     191.3525  16.0156   0.0530     4.48    0.241 -12.19  16      29.13     1384.144     60.28214
         4    186.2318      5.6703       2455.1     215.4981  16.5248   0.0953     3.20    0.206 -20.53  16      18.05     837.8747     57.89697
         5    225.4347   1013.8386     43039.08     271.4767  13.4153   0.0069     5.97    0.221   0.25  16      210.5     15350.18     99.74246
         6    771.4990   1020.3098     11570.07     218.2773  14.8417   0.0205     9.77    0.379   9.55  24      74.07     2977.768     65.37872
         7     52.8741   1008.0520     2931.665     199.8536  16.3322   0.0740     3.55    0.196 -20.40   0      24.73     1138.504     58.92302
         8    669.4708   1003.3978     8928.407     238.6122  15.1231   0.0290     4.38    0.134   3.60   0      61.43     3142.286     66.32887
         9    893.1501   1002.0184     2436.225     197.1724  16.5332   0.0879     3.27    0.220 -11.35   0      21.32     1045.163     58.99028
        10    800.5942   1002.6008      3813.16     217.8908  16.0468   0.0621     4.18    0.290  -1.95   0      29.27     1353.248     59.88588
        11    535.6420   1001.8516     6489.545     277.9028  15.4695   0.0465     4.94    0.313  27.83   0      38.61     1671.093     61.21749
        12    196.3816    986.4662     2660.828      226.162  16.4375   0.0923     6.89    0.387   6.86   0      18.67     795.8401     57.87693
        13    485.3339    982.2905     2698.237      209.838  16.4223   0.0845     4.02    0.154  18.91   0      19.67     847.1835     57.64301
        14    403.3443    981.0098      13572.2     258.8825  14.6684   0.0207     3.92    0.391   0.84   0       83.5     4342.029     70.43893
        15    179.5526    982.7628     1187.525      103.013  17.3134   0.0942     1.90    0.282  -2.44   0      13.87      635.264     57.09608
        16    970.9911    972.3589     4108.929     113.0438  15.9657   0.0299     0.94    0.175 -88.85   0       68.8      4018.16      69.6276
        17    379.2994    970.8373      2999.36     114.5158  16.3074   0.0415     2.51    0.349 -26.05   0      59.95     2525.337     63.65486
        18    263.0575    960.0838     11801.44     124.2424  14.8202   0.0114     0.00    0.239  56.00   0      154.8     11796.86     91.10348
        19    724.6495    960.3983     6299.368     205.6978  15.5018   0.0355     3.58    0.230  -5.00   0      49.37     2438.753     63.87277
        20    341.2586    958.8885     2180.481     174.2626  16.6536   0.0868     3.44    0.257  -1.19   0      19.23     879.1936     57.76908
        21    438.3685    957.7697     2347.464     194.9289  16.5735   0.0902     4.45    0.307   4.07   0       20.2     913.9184     58.48245
        22    282.7598    956.0801     6081.389     118.7229  15.5400   0.0212     0.00    0.290 -19.26   0      98.38     5311.113     73.38493
        23    752.6223    952.9282     37070.29     256.8084  13.5774   0.0075     3.52    0.175  -6.04   3      191.6     13595.06      95.7474
        24    759.5724    950.3854     17216.71     248.0776  14.4101   0.0156     3.93    0.146  16.73   3      106.2     5795.985     75.09539
        25    492.1509    955.7181     2433.689     196.1024  16.5343   0.0875     4.03    0.245   1.05   0      19.08     838.9731     57.61063
        26    217.8652    954.9412     5496.613     212.8473  15.6498   0.0421     8.36    0.389 -15.98   0      40.12     1842.892     61.71616
        27    922.3394    953.3414     10644.15     168.3428  14.9322   0.0172    -0.99    0.166  16.67   0      101.3     6794.387     77.95095
        28    527.9808    953.5203     7935.546     247.1857  15.2511   0.0338     3.53    0.237 -17.61   3      51.29     2550.248     64.39874
        29    527.0378    948.4933     7283.405     266.2259  15.3442   0.0397     3.76    0.173   0.05   3      47.23     2222.695     62.56498
        30    141.0643    953.8971     10749.27     124.0064  14.9216   0.0125     0.00    0.260 -56.99   0      146.5     10649.63     88.19509
        31    992.7514    947.1896     10813.31     239.5264  14.9151   0.0241     4.25    0.089  70.01   0      67.94     3060.451     66.17483
        32    630.1044    948.6235     2664.413     187.6265  16.4360   0.0765     3.05    0.195  15.67   0      22.68      1077.65     58.40109
        33    195.0131    941.9918     1153.606     104.9567  17.3449   0.0988     4.18    0.002 -25.41   2       37.1     1124.178     59.01014
        34    845.5739    939.8200      8054.01     260.5172  15.2350   0.0351     3.66    0.240   1.93   0      52.42     2625.133     64.79214
        35    170.1467    940.3486     2781.341     180.9389  16.3894   0.0706     3.15    0.206 -13.68   0      22.95     1076.678     59.11158
        36    851.2052    931.1640     27042.33     258.5498  13.9199   0.0104     3.39    0.207  -1.43   0      152.7     9991.841     86.87074
        37    431.2515    930.7423     3543.142     218.5711  16.1265   0.0670     4.14    0.308  11.70   0      25.82     1119.957     59.13598
        38    121.0083    926.0027     5138.941     105.5878  15.7228   0.0223     0.00    0.002  54.21   2      99.11     5325.375     73.42909
        39     67.0572    928.4683      2744.55     210.8855  16.4038   0.0834     3.25    0.168   2.99   0      21.16      997.689     58.52095
        40    918.1087    921.8087     1987.683     219.8301  16.7541   0.1201     4.64    0.241 -12.36   0      15.49     693.3732     57.32692
        41    303.1523    910.4725     11698.83     204.5195  14.8296   0.0190     3.53    0.184 -11.29   0      82.78     4468.165     70.72617
        42    716.7354    910.8535     2271.539       187.15  16.6092   0.0895     3.38    0.320 -11.54   0      19.65     894.0994     58.11726
        43    592.7977    905.1781     40544.31     260.6709  13.4802   0.0070     3.42    0.168  -7.10   0      204.5     14980.38     98.89625
        44    683.7669    907.3433     2154.749      159.122  16.6665   0.0802     3.60    0.186 -25.79   0       18.9     834.8785     57.74002
        45    636.2476    906.6703     2539.668     201.5009  16.4881   0.0862     3.78    0.224 -23.39   0       18.2     809.0678     57.78378
        46    148.4654    905.0332     1500.201     160.8155  17.0596   0.1164     4.96    0.401 -26.27   0      12.71     552.3023     56.76489
        47    981.7781    901.3307      2044.25     149.4388  16.7237   0.0794     3.98    0.241   2.65   0      18.79     878.8382     58.20193
        48     32.4172    898.5898     1932.929     185.6113  16.7845   0.1043     3.47    0.124 -30.92   0      17.73     788.6874     57.70356
        49    352.5864    896.8309     4306.127     133.8076  15.9148   0.0337     2.65    0.475 -62.88   0      55.11     3760.912     68.66065
        50    333.4283    892.3513     7344.775     187.7041  15.3351   0.0278     3.32    0.171   1.04   0      57.63     2965.163     65.97409
        51    869.0734    890.0308     2977.833     100.8289  16.3152   0.0368     4.41    0.103  31.01   0      60.11     2544.661      64.2485
        52    289.5221    879.6891     2875.125     188.9951  16.3534   0.0714     3.87    0.236   3.73   0      26.64      1234.28     59.14956
        53    162.0056    880.8378     3661.688     102.3587  16.0908   0.0304     1.01    0.097  89.85   0      70.22     3698.948     68.45524
        54    183.9536    878.4510     5535.328     172.6096  15.6421   0.0339     3.57    0.166   4.98   0       45.2     2271.316      63.4067
        55     83.1293    876.0482     3673.107     175.0036  16.0874   0.0517     3.89    0.197   0.02   0      30.61     1408.697     60.09595
        56    121.8106    875.2598      2706.26     211.8371  16.4191   0.0850     6.44    0.325 -41.39   0      19.91     810.9741     57.93633
        57     31.2893    873.4228     18661.19     272.7073  14.3227   0.0159     4.45    0.227  -5.70   3        111     6162.993     75.75615
        58     36.9709    871.4915     8542.334     221.8251  15.1711   0.0282     4.06    0.235  11.79   3      61.46     3000.858      65.3306
        59    259.5036    872.0110     21213.39      237.118  14.1835   0.0121     3.49    0.160 -14.63   2      128.8     7820.424     80.78332
        60    577.2195    867.2580     8364.583     271.8191  15.1939   0.0353     9.75    0.019  -0.28   0      52.18     2343.706     63.53367
        61    103.1392    865.5071     2654.026     219.5644  16.4402   0.0898     5.51    0.250  11.30   0      18.63     787.1157     57.40569
        62    418.9590    860.7109     4746.796     207.0383  15.8090   0.0474     3.51    0.236  -4.73   0      35.76     1686.189     60.86118
        63    869.0926    859.7283      8731.82     183.7526  15.1472   0.0229     3.26    0.166  -9.83   0      67.69     3606.602     67.65352
        64    520.5262    860.4138     2797.247     209.9452  16.3832   0.0815     0.22    0.302 -31.21   0      21.24      1105.74     59.08132
        65    911.2963    857.6417     3832.335     265.6436  16.0413   0.0753     7.51    0.489  -0.15   0      22.29     988.6891     57.90911
        66    122.6944    856.9233     1974.753     200.8627  16.7612   0.1105     4.55    0.188 -32.76   0      14.26     582.6921      56.7387
        67    851.2908    852.9589     1684.674     146.0452  16.9337   0.0941     5.19    0.308 -18.56   0      15.17     650.4557     56.86207
        68    787.1025    850.5070     3934.114     202.0317  16.0129   0.0558     7.43    0.367  -6.07   0      29.45     1342.939     59.42452
        69     66.1770    848.7734     4080.115     219.1287  15.9733   0.0583     4.56    0.310  -0.76   0       28.6     1240.462     59.73798
        70    632.0273    846.4896     2304.932      197.021  16.5934   0.0928     3.62    0.204  -4.85   0      19.39     905.9921     57.87442
        71    633.5916    857.3012     16765.37     242.5271  14.4390   0.0157     3.52    0.186  -3.08   0      106.9     6047.036     75.62975
        72    186.6963    837.5714     9322.638     208.0051  15.0762   0.0242     3.72    0.246  -8.40   0      66.89     3327.887     66.45853
        73    244.5246    832.7167     45403.73     268.0239  13.3573   0.0064     3.52    0.164  -7.73   0      219.5     16145.99     101.2913
        74    647.3600    834.2446     5607.282     209.9888  15.6281   0.0407     3.76    0.198  -1.22   0      41.34     1956.209     61.99682
        75    980.5587    832.5450      3241.25     192.7292  16.2232   0.0646     8.04    0.532  26.14   0      23.12     827.4854     58.00106
        76    264.8279    831.4150     9999.922     227.0409  15.0000   0.0247     3.88    0.190  -9.17   0      68.65     3427.661     67.54855
        77    176.4598    829.7570     4272.385     204.4746  15.9233   0.0520     4.06    0.137 -23.30   0      33.27     1543.509     60.60364
        78     46.4718    829.7646     2216.511     184.8264  16.6358   0.0906     3.70    0.068  -5.23   0      19.85     875.5555     58.04469
        79    881.7066    826.7242     2218.114     191.5189  16.6350   0.0938     3.73    0.348 -31.32   2      19.63     774.6021     57.35613
        80    726.7180    825.5679     2341.354     230.4394  16.5763   0.1069     4.72    0.202 -23.21   0      16.45     661.6184     57.05397
        81    656.8977    813.3056     5123.828     218.2945  15.7260   0.0463     3.81    0.248  -3.02   0      38.83     1886.685     61.46894
        82     93.0106    807.9995     4023.321     103.1585  15.9885   0.0278     0.00    0.008 -45.55   2      84.06     3988.852     69.16879
        83    263.6936    805.3819     4631.755     233.5874  15.8356   0.0548     3.86    0.126 -27.11   0      35.47      1624.04     60.49006
        84    496.0100    805.3170     2353.486     152.6822  16.5707   0.0705     4.85    0.194 -89.90   0      34.68     1403.035     60.07454
        85    855.8624    799.5919     5851.009     201.0699  15.5819   0.0373     3.87    0.228  -8.56   0      44.61     2157.987     62.99918
        86    885.0385    792.9852     1487.043     105.6763  17.0692   0.0772     4.20    0.005  68.54   2      42.56     1399.456     60.47878
        87    368.2139    795.0215     1771.414     199.5839  16.8792   0.1224     3.04    0.211  -0.87   0      13.35     538.4061     56.85704
        88     15.0542    794.6226      2780.33     172.6291  16.3898   0.0674     4.34    0.226 -12.94   0      22.12     978.9842     58.59169
        89    983.1982    793.6829     2293.051     217.2674  16.5990   0.1029     3.42    0.181 -26.24   0      16.93     786.2255     57.83916
        90    453.5157    794.0347     1711.052     147.5156  16.9168   0.0936     5.40    0.265  -3.29   0      16.04      719.903     57.28568
        91    488.5918    791.3837     1782.936        189.9  16.8722   0.1157     4.03    0.167 -45.74   0      14.46      602.378     56.96503
        92    584.6400    790.6992      1922.11     129.6952  16.7906   0.0733     3.32    0.149   4.15   0      18.69     847.5481      57.3525
        93    659.5126    786.7166     4622.664     265.5298  15.8378   0.0624     3.27    0.041 -30.43   2      27.72     1273.787     59.44253
        94    851.7206    786.7779     1873.393     183.2626  16.8184   0.1062     5.73    0.287  17.28   0      15.54     645.4832     57.13675
        95    570.9684    786.3358     3053.736      153.721  16.2879   0.0547     0.00    0.578 -33.67   0      30.28     1494.857     60.42091
        96     43.6756    786.3134     2058.007     104.9159  16.7164   0.0554     1.77    0.280 -44.98   0      42.64     2158.302     62.59936
        97    248.5060    778.8216      4009.49     220.0113  15.9923   0.0596     3.40    0.212  -1.09   0      30.64     1421.531     59.72435
        98   1019.1135    775.1479     7762.779     224.7903  15.2750   0.0314     3.65    0.205   6.78  19      55.69     2770.183     64.78278
        99   1014.3797    770.0966      6601.61     243.3833  15.4509   0.0400     3.81    0.252   6.96  19      47.14     2239.299     62.75914
       100    995.5127    776.7890     2221.624     175.5159  16.6333   0.0858     2.91    0.057  18.78   0         19     874.3094     57.89502
       101    811.0380    774.6785     2426.367     180.4925  16.5376   0.0808     3.65    0.312 -23.58   0      23.66     1130.424     59.03419
       102    544.3651    773.9628     10378.97     154.9908  14.9596   0.0162     6.70    0.465  -2.02   0      117.6     8202.682     81.85168
       103    194.9767    766.9332      9325.74     114.2448  15.0758   0.0133     0.00    0.118  70.37   0      132.7     8909.138     83.89041
       104    416.7550    765.1891      3349.57      201.373  16.1875   0.0653     3.72    0.257  -7.32   0      27.53     1295.585     59.94732
       105    476.4550    759.1937     1761.837     162.4814  16.8851   0.1002     3.40    0.322 -39.21   0      15.71     716.3663       57.564
       106    323.9865    758.3521      10270.4     331.0345  14.9710   0.0350     5.07    0.341   5.68   2      45.62     2135.084     63.04976
       107    687.1038    756.5081      5057.21     203.2911  15.7402   0.0437     4.01    0.205  -7.61   0      39.41     1881.056     61.58457
       108    741.0427    756.0209     5404.538     217.6245  15.6681   0.0437     8.47    0.487 -18.26   0      37.78     1350.689     60.15587
       109    674.2821    751.8574      16345.1     220.3553  14.4665   0.0146     3.47    0.200  -3.71   0      105.8     5911.364     74.99745
       110    948.1357    749.1656     4765.796     228.2675  15.8047   0.0520     3.56    0.163  -4.58   0      36.61      1750.95     61.37665
       111    351.4298    749.5186     3187.597       233.08  16.2413   0.0794     3.80    0.286  -1.06   0      24.32     1064.795     58.78099
       112    543.3438    744.6290     97409.01     320.3277  12.5285   0.0036     3.53    0.139  -4.05   0      352.3     34386.52     136.3255
       113    718.1207    743.1624     2111.467      219.002  16.6885   0.1126     3.35    0.225  22.28   2      14.52     654.0595     57.17085
       114    810.2701    742.4355     1475.442     173.3407  17.0777   0.1276     3.75    0.030 -24.70   0      13.86     627.0762     57.06348
       115     91.4813    740.0299     1415.017     165.8359  17.1231   0.1273     3.57    0.367 -26.57   0       13.9     633.4267     57.08877
       116    700.7172    735.9872     7425.911     309.3558  15.3231   0.0452     4.85    0.359  -7.04   2      37.59     1815.832     61.48006
       117    635.0364    735.3513     2274.608      105.384  16.6077   0.0503     1.06    0.189  76.73   0      46.23     2214.721     63.07058
       118     66.1210    730.3065     23000.79     230.7822  14.0956   0.0109     3.36    0.184  -9.23   0      138.2     8589.665     82.81796
       119    386.3794    731.7668     1975.041     192.3244  16.7611   0.1058     3.74    0.135 -16.64   0      16.54     727.4624      57.7533
       120    539.0011    728.8224     12027.57     227.2221  14.7996   0.0205     5.96    0.280  -0.19   0      80.54      4253.46     70.03284
       121     33.3790    723.3049     5338.322     211.6893  15.6815   0.0431     8.38    0.229  62.06   0       42.9     1629.121     60.50914
       122    243.7231    718.8216     20141.76     241.3624  14.2398   0.0130     3.59    0.232  -6.28   0      120.7      7016.78     78.59668
       123    298.0709    713.0475     51333.11     273.0055  13.2240   0.0058     3.47    0.151 -13.31   0      237.7      18694.6     107.0923
       124    566.4341    711.8451     1821.522     196.4626  16.8489   0.1171     3.93    0.152  13.97   0       15.3      657.799      57.3323
       125    713.9429    705.9235     2680.076      102.229  16.4296   0.0414     0.00    0.139  60.69   0      60.16     2355.211     63.44265
       126    178.2315    702.6019     1870.623     129.6049  16.8200   0.0752     3.17    0.210 -23.94   0      17.06     757.9088     57.87299
       127    124.2075    702.9779     1336.517     131.8862  17.1851   0.1072     4.07    0.191  -1.00   0      14.05     659.7963     57.34022
       128    420.0264    696.0129     14379.25     123.8908  14.6057   0.0094     4.31    0.060  21.96   0      169.5      14111.4     96.96527
       129    362.8307    695.6784      2366.73     196.0247  16.5646   0.0899     3.51    0.212 -10.25   0      20.54     937.1188     58.28524
       130    545.5865    691.8243     12336.33      220.981  14.7720   0.0195     3.41    0.130  -7.41   0       83.3     4483.042     70.89245
       131    169.4897    688.4659     3810.374     200.8504  16.0476   0.0572     3.87    0.329 -11.98   0      30.99     1426.014     59.88173
       132    236.5492    687.7772     2013.347     221.7572  16.7402   0.1196     5.05    0.290  -1.41   0      12.23     526.8369     56.95832
       133    740.2233    686.9713     2156.967      98.9613  16.6654   0.0498     0.96    0.092   0.03   0      43.79     2180.147     63.21199
       134    421.3898    683.5812     13147.52     247.7327  14.7029   0.0205     3.63    0.219  -8.36   2      85.06     4451.237     70.67175
       135    412.0151    683.1718     5503.962     288.2306  15.6483   0.0569     4.00    0.359   1.79   3       32.7     1568.926     60.97481
       136    942.9575    684.0041     2055.949     162.8923  16.7175   0.0860     4.37    0.414 -14.63   0      19.28     906.8894     58.45513
       137    863.5009    682.8146     1682.676     99.98707  16.9350   0.0645     1.07    0.150   4.51   0      36.39      1722.33     60.99599
       138    381.2117    674.7830     4548.228     218.6562  15.8554   0.0522     3.80    0.191 -15.49   0      36.24     1750.623     61.37544
       139    866.0050    672.9510      2499.94      145.877  16.5052   0.0634     4.29    0.011 -39.60   2      39.81     1358.734     60.04664
       140    732.0636    670.9831     2685.389     187.6519  16.4275   0.0759     3.11    0.251  -6.10   0      23.76     1200.113     59.30188
       141    512.2726    670.4724     3336.187     210.5278  16.1919   0.0685     3.91    0.338 -13.14   0      24.25     1042.559     58.55177
       142    842.6556    669.5555      1801.91     138.8675  16.8607   0.0837     2.58    0.235 -32.88   0      17.54      850.215     58.09005
       143    793.1486    664.0432     2963.439     104.8773  16.3205   0.0384     0.00    0.169  19.29   0      62.22      2497.37     64.21185
       144    472.6563    659.5310     1245.093     103.1399  17.2620   0.0900     2.98    0.477 -74.97   0      25.72     1012.746     58.43594
       145    236.9502    660.8276     2420.728     99.56521  16.5401   0.0447     0.84    0.080  89.25   0      52.13      2438.85     64.13538
       146    722.4039    658.3683     1744.157     173.6926  16.8960   0.1081     3.66    0.154  33.24   0      15.65     711.3877     57.69001
       147    866.1680    642.0476     14442.55      212.541  14.6009   0.0160     3.42    0.205  -1.65   0      97.77     5601.217     74.39087
       148    293.6212    641.0153     2357.925     199.2001  16.5687   0.0917     3.58    0.189 -19.48   0      18.58     858.3391     58.12183
       149    294.4945    634.9647     2974.177     110.7389  16.3166   0.0404     4.72    0.179   2.66   0      55.82      2868.62     64.86893
       150    595.1608    629.9954     1515.092     158.2058  17.0489   0.1134     3.63    0.199  -3.14   0      13.41     610.3768      57.2907
       151    203.9505    628.9537     4209.183      107.543  15.9395   0.0277     0.00    0.162  44.79   0      79.83     3687.757     68.29529
       152    838.1948    622.7764     11337.43     219.9512  14.8637   0.0211     4.07    0.181  -2.04   0         79     4207.118     70.00228
       153    808.3629    621.5850     2954.727     170.4135  16.3237   0.0626     3.94    0.320  -7.24   0      24.07     1101.363       59.348
       154    567.2877    622.0723     1358.766     103.3901  17.1671   0.0826     2.22    0.246  13.12   0      30.24     1069.039     58.36758
       155    635.3041    617.8772     9416.819     217.9577  15.0652   0.0251     5.59    0.214  -1.80   0      66.48     3298.247     66.60959
       156    156.7750    618.7974      4011.68     246.1222  15.9917   0.0666     3.81    0.288  -4.59   2      25.52     1149.465     59.24928
       157    611.0869    616.4247     3688.114       170.16  16.0830   0.0501     7.02    0.320   7.75   0      31.26     1341.509     59.56014
       158    660.9995    614.3336     3528.617     200.5313  16.1310   0.0617     3.99    0.282  -1.86   0      28.91     1343.743     60.12963
       159    319.6210    609.7188     18826.51     226.6341  14.3131   0.0131     3.59    0.222  -9.39   0        119     6964.747     78.33901
       160    856.6046    608.9454     6546.727     201.8548  15.4599   0.0335     3.53    0.224 -12.95   0      49.01     2422.911     63.94776
       161    580.2559    606.4177     2643.996     190.9278  16.4443   0.0784     6.69    0.129 -26.09   0      23.43     1080.298     58.98337
       162    284.8486    605.8597     4733.209     202.9286  15.8121   0.0466     3.67    0.274 -10.83   0      40.03     1996.405     62.27892
       163    137.6519    605.5518     5074.435     209.4113  15.7365   0.0448     3.69    0.199  -8.99   0      39.52     1850.525     61.88005
       164    914.9795    605.0174      4323.05     144.3946  15.9105   0.0363     2.45    0.546 -44.80   0      45.27     2540.629     64.49505
       165    363.9904    594.2549     11935.14     226.2039  14.8079   0.0206     3.56    0.178  -3.31   0      83.31     4488.255     70.90916
       166    324.2552    593.1592     13989.43     253.5196  14.6355   0.0197     3.62    0.208  -4.57   0      90.47     4932.014     72.31747
       167    580.0102    593.0029      2649.94     129.3523  16.4419   0.0530     0.00    0.012 -48.05   2      68.47     2813.025     65.19091
       168    724.7822    608.1631     2583.665     212.6944  16.4694   0.0894     6.32    0.445 -39.56   0      18.76     746.1561     57.97179
       169    203.1467    590.2678     1916.409     176.3144  16.7938   0.0999     0.00    0.546 -16.77   0      17.94     941.5751     58.30262
       170    766.6855    588.3346     2463.979     209.5841  16.5209   0.0924     3.26    0.193  -9.63   0      20.82     923.2006     57.94196
       171    145.0280    588.9891     6608.031      108.704  15.4498   0.0179     0.00    0.034  -3.39   0        110     6376.449     76.72274
       172    605.6943    587.0248     2480.988     177.0406  16.5134   0.0775     3.38    0.030 -33.42   0      21.27     947.4176     57.89207
       173    171.5449    578.6812     31034.81     251.4104  13.7704   0.0088     3.50    0.119 -20.89   0      168.2     10973.91     89.02681
       174    411.3109    573.3437     2568.632     180.6715  16.4757   0.0764     4.16    0.293 -12.43   0      21.77     967.1664     58.11415
       175     81.2621    568.5945     13399.93     236.7079  14.6822   0.0192     3.51    0.203 -10.80   0      88.74     4821.919     71.97065
       176    465.4245    569.3745     1317.328     148.3292  17.2008   0.1223     3.19    0.141  47.94   0      13.28     611.5831     57.29548
       177     68.3532    561.8580     3379.514     224.0913  16.1779   0.0720     3.95    0.210  -3.80   0      28.15     1304.216     59.69952
       178    185.8755    562.0058     2821.424     100.4757  16.3738   0.0387     1.01    0.104   0.83   0      55.55     2608.948     64.34521
       179    879.9745    560.0657     1699.069      177.222  16.9245   0.1133     3.95    0.321  -0.53   0      15.01     706.7019     57.37974
       180     68.8860    552.9463     2307.708     135.1114  16.5920   0.0636     3.32    0.223  -9.77   0      21.18     1006.698     58.26855
       181    801.8872    549.3724     2611.993     235.2098  16.4576   0.0978     4.28    0.379  21.81   0      17.86     798.4406     57.45051
       182     35.2958    548.0595     3104.851     179.0157  16.2699   0.0626     3.40    0.182 -12.66   0      26.83     1268.103     59.27937
       183    711.2582    547.0454     2109.543     192.4833  16.6895   0.0991     3.54    0.147 -29.43   0      17.39     788.5852     57.70316
       184    689.3311    543.9835     16286.76     229.6226  14.4704   0.0153     6.43    0.162   1.57   0      103.1     5692.507     74.66924
       185    151.0380    543.8713     7033.743     120.5323  15.3820   0.0186     4.82    0.262 -75.06   0      111.1     6439.505     76.80009
       186    326.7986    534.0271     13657.29     229.7615  14.6616   0.0183     3.52    0.191  -4.42   0      91.63     5139.824     73.08258
       187    861.5317    534.1116     2109.417     133.2115  16.6896   0.0686     4.03    0.448  -0.05   0      21.01     983.8062     58.17919
       188    662.0241    525.1333     1890.986     167.7426  16.8083   0.0963     5.67    0.400  -0.14   0      15.52     681.0402     57.42436
       189    306.1882    522.1088     5148.054     209.4912  15.7209   0.0442     3.70    0.225  -9.39   0      38.63     1833.372     61.40834
       190    727.1242    509.0924      1419.25     101.4758  17.1199   0.0776     3.45    0.285  45.33   0      40.31     1257.528     59.23882
       191    963.6690    508.0827     1495.926     141.3662  17.0627   0.1026     5.65    0.198  35.74   0      13.51     537.4833     56.40873
       192     50.1086    506.9366     6753.783     194.6839  15.4261   0.0313     3.63    0.170  -5.63   0      51.72     2559.883     64.04074
       193    453.8506    505.9085     2764.148     177.4037  16.3961   0.0697     4.12    0.169 -14.03   0      23.06      1006.42     58.26746
       194    805.9586    501.8446     77011.66     337.4933  12.7836   0.0048    13.28    0.239  22.11   2        293     22019.53     113.8565
       195    806.0161    494.9459     7471.364     191.1789  15.3165   0.0278     0.00    0.145 -41.80   3      59.14     3216.292      66.7079
       196    318.6462    500.0950     2114.893      105.039  16.6868   0.0539     1.10    0.192 -18.35   0      42.16      2099.57     62.25108
       197    138.1429    497.6953      4122.12     206.3514  15.9622   0.0544     3.63    0.278 -13.47   0      33.39     1584.898     60.34282
       198    640.9199    497.2676      2449.92     185.1132  16.5271   0.0821     4.35    0.259  -7.11   0      20.59     891.6052     57.81789
       199    397.4556    496.7560     4803.491     176.4655  15.7961   0.0399     3.80    0.252 -11.27   0      40.33     1975.827     62.33856
       200    494.5488    494.0152     4930.122     224.7267  15.7679   0.0495     3.61    0.175  -8.05   0      33.94     1633.648     61.07832
       201    214.9003    493.7198     11480.42     133.4475  14.8501   0.0126     5.39    0.386  70.62   0      143.2     10336.81     87.28915
       202    716.9987    492.5082     2923.656     207.0639  16.3352   0.0769     3.05    0.165   2.59   0      22.48     1144.426     59.08807
       203    247.0506    475.1186     204422.7     398.5051  11.7237   0.0021     3.45    0.138 -12.49   0      537.4     72911.94     189.9458
       204    787.5125    475.6553     25120.73     253.5664  13.9999   0.0110     3.73    0.186 -19.40   0      144.3     8762.628     83.19042
       205    492.0038    477.2912     2387.368     185.0364  16.5552   0.0842     2.99    0.230  -7.37   0      20.27     1019.194     58.60441
       206    693.1525    474.9341     1704.894     148.9218  16.9208   0.0949     2.66    0.175   5.30   0      15.77     740.0242     57.51157
       207    319.8715    472.5121     1938.315     205.9796  16.7814   0.1154     4.39    0.288  -0.92   0      16.11     702.1198      57.0682
       208    333.0069    472.0059     2230.041     210.3303  16.6292   0.1024     5.22    0.326  -0.15   0      15.49     663.2234     57.20727
       209    364.5255    467.8318     1947.577     199.7844  16.7763   0.1114     3.44    0.268  -0.93   0       14.7     658.0546     57.18673
       210    188.3041    463.9514     1471.408     181.6116  17.0807   0.1340     5.25    0.443 -16.36   0      13.77     588.9803     56.46738
       211    247.9999    461.8490     20497.07     134.6468  14.2208   0.0071    -3.32    0.110  89.80   0      191.1     20341.34     110.5318
       212     80.3454    461.0683     3642.592     204.8006  16.0965   0.0611     4.12    0.209   3.89   0      28.73     1319.419     59.61674
       213    521.4905    457.9971     10690.98     144.2452  14.9275   0.0147     3.14    0.470   0.08   0      126.2     8892.088     83.74404
       214    865.6791    454.9855     4648.308     137.4749  15.8318   0.0321     3.23    0.509  -0.95   0      68.84     3711.434     68.25117
       215    866.9911    433.9653     3161.031     184.8525  16.2504   0.0635     4.04    0.210  15.24   0       26.5     1251.854      59.7813
       216    148.4568    433.8531     3621.513     229.8802  16.1028   0.0689     4.06    0.201 -10.05   0      26.49     1167.784     59.46083
       217    353.7404    433.5388     2741.083     230.8333  16.4052   0.0915     3.88    0.199 -26.53   0      18.82     840.1104     58.05051
       218    102.0752    433.7062     2863.937     211.0141  16.3576   0.0800     3.51    0.203  -1.85   0      22.56     1026.858     58.34713
       219     20.7648    434.2246     2271.397     230.3704  16.6093   0.1101     3.51    0.376 -16.29   0       13.2      522.207     56.93985
       220    270.3982    428.6944     42750.39     266.5528  13.4226   0.0068     3.57    0.169 -11.34   0      209.7     15092.99     99.15472
       221    416.9909    430.1952     2624.608     100.0295  16.4523   0.0414     1.07    0.115  88.56   0      52.15     2411.077     63.77422
       222    228.9968    424.1299     1928.656     175.1361  16.7869   0.0986     4.82    0.370  -1.42   0      17.35     784.0501     57.83061
       223    430.4947    405.1388     22439.23     243.5161  14.1225   0.0118     4.97    0.178 -20.29   0      131.1     7791.678     80.49413
       224     22.0122    400.0005     1464.152     97.35719  17.0860   0.0722     4.22    0.004  18.87   2       41.6     1414.902     60.11941
       225    733.7524    397.3899     2272.237     173.1748  16.6089   0.0828     0.00    0.495  72.77   0      31.03      1392.62     60.31408
       226    805.0735    396.9035     2412.227     101.6318  16.5440   0.0458     4.44    0.147 -58.29   0      51.52     2058.869     62.10231
       227    186.9605    392.3574     1781.946     181.9998  16.8728   0.1109     3.50    0.218 -37.70   0      16.88     795.2673     57.72947
       228    247.2958    391.7944     2089.196     191.3659  16.7001   0.0995     3.92    0.300 -19.46   0      17.12     765.2806     57.61129
       229    456.3763    385.6863     2801.197      185.544  16.3816   0.0719     3.90    0.326 -23.94   0       23.7     1073.757     58.52952
       230    890.9789    379.1773     1993.961     187.9325  16.7507   0.1024     4.67    0.394  -1.80   0      16.42     744.2233     57.81923
       231    565.7011    377.8107     1915.696     202.8751  16.7942   0.1150     4.78    0.267  -4.82   0      15.69     638.2027     57.10778
       232    137.6761    360.0762     4685.669     185.5905  15.8231   0.0430     3.84    0.286  -3.64   0      38.09     1775.148     61.05516
       233    497.5556    355.5401     3479.686     219.4633  16.1462   0.0685     3.93    0.311  -1.86   0      26.23     1205.067     59.32086
       234    122.2919    352.7676     1755.711     184.2589  16.8889   0.1140     4.14    0.413  -2.87   0      14.31     645.3495     56.54557
       235    182.8230    351.7647     2127.015     153.7159  16.6806   0.0785     4.00    0.245  -0.18   0       19.8      922.623     58.51627
       236    156.9415    348.9520      3605.91     256.6073  16.1075   0.0773     4.12    0.144 -17.93   0         24     1101.012     58.92085
       237    974.5897    345.9514     10758.01     201.3983  14.9207   0.0203     3.39    0.194  -5.44   0      78.35     4256.607     70.16277
       238    672.8420    341.1947     5846.224     209.2468  15.5828   0.0389     3.33    0.236  -6.34   0       45.7     2264.684     63.51521
       239    358.5045    334.8333         6017     187.2137  15.5515   0.0338     3.47    0.528  41.35   0      45.01      2091.75     62.08749
       240    387.0427    331.8428      12221.2     206.1197  14.7822   0.0183     3.29    0.207 -10.10   0      84.87     4664.215     71.11773
       241    505.7780    329.8592     42455.88     277.8695  13.4302   0.0071    11.32    0.288   0.03   0      203.9     14289.64     97.29594
       242    762.8699    327.5076     1736.338      184.235  16.9009   0.1152     4.65    0.300  24.23   0      15.07     650.7601      57.0107
       243    195.3701    325.3101     14091.19      240.008  14.6276   0.0185     9.77    0.241   8.80   0         89     4487.564     70.55094
       244    279.5126    322.9677     7329.017     283.8118  15.3374   0.0421     3.92    0.291  -8.12   0      44.08     2100.368     62.52306
       245    663.2135    322.4807     3790.019     177.5352  16.0534   0.0509     4.70    0.244 -19.68   0      34.97      1846.51     61.72948
       246    109.2083    319.6887     2502.146     218.4486  16.5042   0.0948     4.86    0.217 -21.28   0      18.45     848.0614     57.79189
       247    443.1511    318.6558     1843.993      187.751  16.8356   0.1106     3.48    0.217 -28.21   0       18.4     870.8556     58.17075
       248    600.8846    314.1057      1282.71     101.1695  17.2297   0.0857     4.73    0.265 -45.48   0      34.19     1068.723     58.65325
       249     47.1367    306.1515     2649.212     204.7227  16.4422   0.0839     3.94    0.266   4.66   0       22.3     1023.898     58.62265
       250    584.4877    305.1783     1957.347     190.1087  16.7708   0.1055     5.97    0.265 -13.73   0      18.18     812.6762      57.5068
       251    278.0701    300.0416     10739.87     281.3573  14.9225   0.0285     3.67    0.127  -9.21   2      60.37     3017.677     65.90051
       252    709.9158    300.9142     11735.78     120.6939  14.8262   0.0112     0.00    0.133  45.56   0        147      11495.9     90.44241
       253    397.5380    289.4495      2378.16     154.0867  16.5594   0.0704     6.67    0.361   7.44   0      22.03     948.0057     58.32768
       254    158.1822    290.0143     1194.558     98.87135  17.3070   0.0899     2.37    0.178  -1.51   0       32.6     997.5294     58.52033
       255    990.6599    282.3058     2475.027     206.5709  16.5161   0.0906     3.98    0.303 -10.50   0      18.38      811.361     57.35545
       256    206.8763    280.0814      1733.55     141.7477  16.9027   0.0888    -3.32    0.172 -27.63   0      32.33     1069.105     58.36784
       257    997.1957    274.1935     5825.576     222.8231  15.5867   0.0415     3.54    0.171  -9.46   0      44.99     2192.442     62.99025
       258    898.3415    270.8148     27953.71     242.6294  13.8839   0.0094     3.46    0.174  -8.11   0      158.5     10359.32     87.73128
       259    716.4785    265.8164     1625.697     168.6317  16.9724   0.1126     4.25    0.241  -0.55   0       13.7     612.5002      57.0054
       260    187.7758    266.0553     1917.709     199.7504  16.7930   0.1131     2.34    0.189  -0.40   0      14.31     692.2281     57.32238
       261     88.2566    261.5166     3591.041     186.5089  16.1119   0.0564     3.84    0.308  -1.18   0       28.6     1295.865     59.38572
       262    852.2868    259.4516     2885.606     214.9778  16.3494   0.0809     2.98    0.155  -0.74   0      22.59     1035.592     58.38114
       263    446.1303    258.9883     5083.208     247.1097  15.7347   0.0528     4.10    0.232   0.90   0       35.5     1625.634     60.91085
       264    928.6223    256.7798     1730.559     130.9711  16.9045   0.0822     3.87    0.180   6.95   0      17.28     772.7953     57.93143
       265    270.5865    253.1751      1086.83     108.7423  17.4096   0.1087     2.76    0.529  62.04   0      18.52     989.4058      58.6321
       266    171.1788    253.1122     5144.973     192.7967  15.7215   0.0407     3.53    0.235  -7.66   0      40.49     1910.887     61.69456
       267    991.0935    251.7607     2611.808     172.4071  16.4576   0.0717     3.23    0.296  -5.84   0      23.18     1117.893     58.41399
       268     32.6331    240.7515     120714.5     340.1782  12.2956   0.0031     3.55    0.127 -12.75   0        399     42307.75     149.0034
       269    716.7554    243.3883     3501.381     224.2149  16.1394   0.0695     3.63    0.237   2.62   0      25.01     1175.158     59.48901
       270    492.9686    241.3153     26528.41     242.1587  13.9407   0.0099     3.25    0.184  -7.48   0      151.7       9927.4     86.41108
       271    691.3918    229.7626     3535.821     205.7046  16.1288   0.0632     4.05    0.160  -4.09   0       28.5     1336.434     60.10199
       272    197.3475    228.9329     15751.65     238.9552  14.5067   0.0165     3.66    0.191  -6.30   0      99.58     5497.636     73.96034
       273    247.1112    221.4748     20737.75     232.1862  14.2081   0.0122     3.56    0.159  -3.88   0      126.3     7406.601     79.39944
       274    712.7392    219.2758     3845.073     175.2268  16.0377   0.0495     3.72    0.187  -5.34   0      31.67     1471.206     60.19261
       275    422.1970    220.1990     4718.045     211.0223  15.8156   0.0486     3.97    0.211 -13.88   0      35.38      1679.95     61.11317
       276    669.6901    213.2299     4254.362     239.4351  15.9279   0.0611     3.58    0.204  -5.48   0      31.27     1494.439     60.14087
       277    373.8898    195.7531      2338.69     218.2785  16.5776   0.1014     4.04    0.175   9.71   0      18.93     805.7162     57.47929
       278    757.7197    190.6501      37715.9     254.0972  13.5587   0.0073     7.65    0.189  -8.05   0      194.1     13154.69     94.43006
       279    491.0155    193.9723     2027.567     195.6311  16.7326   0.1048     3.75    0.302  -0.48   0      16.23     761.2753     57.88622
       280    267.7437    191.6602      5540.86      204.858  15.6411   0.0402     3.97    0.175  -4.23   0      42.62     2016.622     62.48711
       281    575.1211    189.8806     4549.504     193.1827  15.8551   0.0461     3.52    0.235  -3.43   0      34.56     1639.138     60.54676
       282    443.2188    188.3699     17912.76      253.726  14.3671   0.0154     3.61    0.161 -11.61   0      112.5      6406.06      76.9196
       283    965.2398    188.9689     1651.584     154.3766  16.9552   0.1015     3.20    0.185   2.94   0      14.51     679.0344     57.56242
       284    325.5726    178.9270      6496.35     192.2121  15.4683   0.0321     3.80    0.231  -9.72   0      49.26     2377.185     63.65332
       285    255.9809    174.1715     2111.135     140.8701  16.6887   0.0725     3.45    0.569  89.41   0      28.35     1323.333     60.05243
       286     26.0793    169.4693      2589.35     207.7093  16.4670   0.0871     3.86    0.226   0.17   0      18.52     828.4109     57.56895
       287    328.4870    168.6047     2918.113     165.3646  16.3372   0.0615     3.81    0.291  -8.28   0      24.57     1101.443     59.06479
       288    640.5941    159.8793     1875.651      190.011  16.8171   0.1100     3.63    0.298  14.99   0      15.32     666.3234     57.36608
       289    231.5600    157.1834     2056.206     191.3267  16.7173   0.1011     4.08    0.172  -0.31   0      18.35     834.3304     58.31644
       290    801.0063    150.0037     4536.372     104.2827  15.8582   0.0250     0.00    0.013  46.24   2      89.97     4500.055     70.82857
       291    192.0171    146.1655     1484.162     125.6282  17.0713   0.0919     2.67    0.392  88.28   0      15.36       750.17     57.98752
       292    260.4054    144.6496     4622.531     223.4784  15.8378   0.0525     3.80    0.174 -22.51   0      33.51     1528.034     60.68405
       293    139.3939    142.0074     4643.464     268.6898  15.8329   0.0628     5.07    0.234 -14.47   0      27.87     1263.754     59.54528
       294    389.9321    140.9468     2842.457     161.4066  16.3658   0.0617     3.78    0.114 -28.35   0      23.27     1050.511     58.72573
       295    126.0335    132.9302      2410.29     216.4226  16.5448   0.0975     5.29    0.445 -15.05   0      16.28     704.0637     57.36929
       296   1009.3419    131.1255     2840.777     171.4894  16.3664   0.0656     5.09    0.244 -15.29   0      22.81     1003.753     58.40095
       297     50.1974    128.3707     3401.176     250.6324  16.1709   0.0800     5.02    0.253 -22.46   0      21.15     876.7208     58.33772
       298    730.0120    125.3887     6633.381     254.3727  15.4457   0.0416     4.95    0.226 -28.75   0      43.06     1803.021     61.56916
       299    707.5238    125.2398      4294.21     135.3467  15.9178   0.0342     5.93    0.396  17.61   0      65.53     3278.288     66.79324
       300    883.9320    117.1783     5511.938     212.8637  15.6467   0.0419     3.55    0.180  -8.18   0      41.05     2010.781     62.46587
       301     67.2034    110.0292     1801.826     183.1738  16.8607   0.1104     3.49    0.177   2.18   0      14.97     663.6606     57.50168
       302     49.8152    104.2260     20088.84     237.8089  14.2426   0.0129     3.65    0.173 -16.74   0      120.2     6958.285      78.5343
       303    692.5107    100.4001     5155.496     212.4828  15.7193   0.0448     3.55    0.171 -18.79   0      40.12     1895.671     61.91022
       304    275.0438     93.9967     2192.372     99.04258  16.6477   0.0491    -9.58    0.026 -46.07   2      54.58     1965.204      62.4344
       305    823.7666     91.7344      2295.53      169.532  16.5978   0.0802     3.91    0.257  -2.83   0      19.78     921.2665      58.2234
       306    757.4814     88.0308     6848.223     233.0484  15.4111   0.0370     4.15    0.157 -22.20   0      48.63     2291.707     63.34739
       307    768.1623     86.4118     9579.704     242.7148  15.0466   0.0275     3.61    0.239  -0.55   0       65.5     3380.547     67.51428
       308    866.0604     68.6516     3682.904     220.6268  16.0845   0.0651     3.17    0.260 -24.11   2      24.41     1170.739     59.18919
       309     68.6837     70.5146      3160.39     230.3366  16.2506   0.0792     4.34    0.297  -2.62   0      21.54     940.0035     58.15234
       310    979.6845     63.8173     13132.71     241.7171  14.7041   0.0200     3.53    0.176 -11.14   0      86.43      4560.57     70.90421
       311    831.5226     59.0827      68133.7     291.7297  12.9166   0.0046     3.47    0.130  -6.09   0        285     24600.92     118.7564
       312    346.4631     61.4663     13349.42     234.8795  14.6863   0.0191     3.67    0.188  -2.20   0      87.58     4596.737     71.02003
       313    561.1990     58.9889     44758.12     268.2592  13.3728   0.0065     3.48    0.153  -4.56   0      216.2     16103.13     101.4436
       314     35.5813     61.3881     7235.396      220.482  15.3513   0.0331     3.98    0.219  -6.78   0      53.04     2504.378     64.10585
       315    434.9658     59.8777     4865.798     108.9218  15.7821   0.0243     4.57    0.179  69.93   0      89.55     4489.607     70.79504
       316     11.6401     53.1334     1374.671     109.3422  17.1545   0.0864     2.32    0.467  59.81   0      22.96     1307.147     59.71067
       317    170.3031     46.5075     4565.846     176.1592  15.8512   0.0419     3.84    0.189 -23.09   0      36.08     1634.188     60.66668
       318    794.1396     44.3226     12166.58     211.0896  14.7871   0.0188     3.41    0.219  -3.22   0      85.25     4623.682     70.98808
       319    136.9603     37.6052     15680.18     255.0308  14.5116   0.0177     4.11    0.130  10.96   0      92.74     4499.323     71.06284
       320    860.4633     36.0016     1715.617     189.8195  16.9139   0.1202     3.49    0.363 -26.87   0      13.62     618.8361     57.17764
       321    618.4247   1021.0930      2145.57     169.3309  16.6711   0.0857     3.79    0.247   5.60  16      20.59     948.6952     57.89708
       322    280.9173     16.6337     2147.187     209.2403  16.6703   0.1058     3.55    0.334  -7.77   0      16.48     774.2999     57.50108
       323    892.8477   1019.5467     3635.195     224.3505  16.0987   0.0670     3.61    0.211  -4.01  16      27.08     1249.447     59.63157
       324    428.5435   1017.0952     4105.436     222.9519  15.9666   0.0590     3.68    0.208  -2.70  16      31.36     1484.575     59.96377
