#   1 NUMBER                 Running object number                                     
#   2 X_IMAGE                Object position along x                                    [pixel]
#   3 Y_IMAGE                Object position along y                                    [pixel]
#   4 FLUX_AUTO              Flux within a Kron-like elliptical aperture                [count]
#   5 FLUXERR_AUTO           RMS error for AUTO flux                                    [count]
#   6 MAG_AUTO               Kron-like elliptical aperture magnitude                    [mag]
#   7 MAGERR_AUTO            RMS error for AUTO magnitude                               [mag]
#   8 FWHM_IMAGE             FWHM assuming a gaussian core                              [pixel]
#   9 ELLIPTICITY            1 - B_IMAGE/A_IMAGE                                       
#  10 THETA_IMAGE            Position angle (CCW/x)                                     [deg]
#  11 FLAGS                  Extraction flags                                          
#  12 SNR_WIN                Gaussian-weighted SNR                                     
#  13 FLUX_APER              Flux vector within fixed circular aperture(s)              [count]
#  14 FLUXERR_APER           RMS error vector for aperture flux(es)                     [count]
         1    271.7161     16.8649     3592.862     172.2371  16.1114   0.0521     3.38    0.253   2.94   0      32.49     1299.804     51.75274
         2     50.1516     14.8602     3199.021     224.4145  16.2375   0.0762     3.71    0.114  30.58   0      20.09     712.0485     49.34615
         3    605.0215     13.3588     6138.253     228.6795  15.5299   0.0405     9.48    0.333  17.23   0      46.06     1815.574      54.4105
         4     39.1148     13.4401     2602.259     187.5625  16.4616   0.0783     3.54    0.210 -11.70   0      20.76     775.4817     49.39654
         5    521.0358     11.7530     2388.384     162.5858  16.5547   0.0739     3.39    0.219   0.64   0      21.47     850.2406     49.97856
         6   1005.6275      9.1526     3728.232     267.3531  16.0712   0.0779     8.27    0.171  60.37  16      21.35     618.6365     49.15729
         7    528.7441      9.5224     3474.479     197.8757  16.1478   0.0618     4.08    0.292  -0.63   0      26.99     986.2009     50.47502
         8     56.8096      7.7091     4001.553     219.8656  15.9944   0.0597     3.76    0.185  24.56  16      29.18     1190.961     51.50465
         9    376.4609      6.1653     6397.136     168.0962  15.4850   0.0285     4.94    0.275  -0.70  16      54.82     2255.771     56.00655
        10    218.4661      7.0139     1578.686     159.5922  17.0043   0.1098     4.40    0.253   0.07  16      14.85     528.5726     48.49375
        11    176.9133      5.7507     4422.175     197.4566  15.8859   0.0485     4.03    0.228   1.04  16      37.46     1504.536     52.64415
        12    339.5263      3.0099     2825.593     161.3582  16.3722   0.0620     4.00    0.194  34.17  26      23.07      869.582     50.18542
        13    100.9021      2.2844     1581.648     142.8332  17.0022   0.0981     5.51    0.467   4.41  24      14.38     485.3532     47.91881
        14    216.3657   1014.0670     74388.32      269.409  12.8212   0.0039     3.90    0.185   2.07  16      309.4     26632.75     119.2358
        15     43.1650   1008.3733     5112.832     161.8068  15.7283   0.0344     3.73    0.245  16.28   0       45.3     1949.003       54.965
        16    804.9053   1008.8189      1860.06      113.023  16.8262   0.0660     4.82    0.242  51.28   0      40.26     1294.554     51.61425
        17    913.6936   1008.0090     1644.432     138.6974  16.9600   0.0916     3.77    0.356  -1.19   0      15.87     597.0443      48.8136
        18    137.2215   1007.3691     2756.163      185.351  16.3992   0.0730     3.59    0.189   7.28   0      24.49     973.8726     50.77312
        19    659.6763   1003.7276     16303.82     232.8756  14.4693   0.0155     4.00    0.445  13.14   0      105.1     4963.522     65.90654
        20    737.3907   1005.4814     3050.086     186.5122  16.2892   0.0664     3.94    0.275  -0.66   0      25.27     972.6194       50.532
        21    111.0003   1005.6116     2176.904     157.6291  16.6554   0.0786     3.63    0.216   9.33   0      21.44     843.5709     49.94822
        22    526.5577   1002.2317     11576.07     234.0214  14.8411   0.0220     4.67    0.363  25.53   0      75.22     3031.852     59.27356
        23    790.9828   1002.5437     7051.669     224.3295  15.3793   0.0345     5.61    0.148  38.87   0      52.97     2206.701     55.91385
        24    679.9781   1003.0328     2792.638       163.15  16.3850   0.0634     3.98    0.211  -0.41   0      26.35     1051.462     51.11926
        25    884.2220   1002.0826     4252.105     179.8639  15.9285   0.0459     4.13    0.248   1.32   0      38.23     1562.835     53.00787
        26    495.6781   1001.9620     1910.418      148.465  16.7972   0.0844     3.26    0.190  13.10   0      19.78     781.3444     49.66427
        27    226.7578   1001.8786      2087.28     167.5906  16.7010   0.0872     3.78    0.241  12.89   0      19.56     753.0223      49.5345
        28    782.8358    995.5275     2123.424     154.6867  16.6824   0.0791     5.12    0.138  74.50   0      22.98     1023.731     50.76136
        29    317.3654    993.0896     1308.012      133.758  17.2085   0.1111     5.71    0.463   3.97   0      14.16      535.246     48.27856
        30     30.4771    993.2272     1222.444     135.8261  17.2819   0.1207     3.41    0.276   1.90   0      13.68     545.7332     48.57411
        31    559.8088    991.3558     1509.054     163.1898  17.0532   0.1174     4.00    0.242 -20.04   0      15.71     609.5674     49.11535
        32   1001.0725    988.1192     3883.226     92.86612  16.0270   0.0260     4.64    0.158  50.47   0      77.36     3438.551      60.4194
        33    186.9071    986.6346     4152.337      205.297  15.9543   0.0537     3.86    0.261  -3.02   0      33.79     1330.715      51.6579
        34    645.7212    985.7104     1800.983      168.976  16.8612   0.1019     3.40    0.167   8.12   0      17.34     639.6523     48.76758
        35    476.4399    982.6732     4689.017     211.6047  15.8223   0.0490     8.69    0.130  22.70   0         38     1513.614     52.90926
        36    394.4903    981.1844     23450.81     239.1265  14.0746   0.0111     4.54    0.454   0.99   0      138.9     7056.145     72.76582
        37    169.6536    982.5779     1751.855     117.9741  16.8913   0.0731     6.47    0.213  11.08   0      19.48     711.7469     49.46548
        38    139.9918    979.4626     1944.467     120.8382  16.7780   0.0675     3.24    0.191  -2.27   0       21.8     900.0503     50.32322
        39    970.9943    972.3349     3921.291     97.65282  16.0164   0.0270     0.97    0.172 -89.29   0      70.76     3885.893     62.36688
        40    412.8004    970.8378     2986.977     204.7324  16.3119   0.0744     3.75    0.389  -9.30   0      21.96      879.324     50.34813
        41    379.3005    970.8539     2972.957     96.97025  16.3170   0.0354     2.45    0.336 -26.45   0      65.19     2560.974     56.91816
        42    907.1949    968.2073      2229.26     157.7046  16.6296   0.0768     3.59    0.210   7.67   0      22.83     920.7369     50.29811
        43    690.9622    966.9698     2689.294      86.5158  16.4259   0.0349     0.00    0.037  42.20   3      67.27         2702     57.89209
        44    687.2502    965.3951     2904.324     130.8652  16.3424   0.0489     3.68    0.166   2.64   2      28.37       1131.5     51.35786
        45    797.8163    962.2984     2376.134     162.5687  16.5603   0.0743     3.84    0.269   2.65   0      24.67      963.098     50.25234
        46    715.3326    960.5619     12034.04     187.0658  14.7990   0.0169     3.53    0.210   3.90   0      91.18     4385.194     64.06757
        47    263.0764    960.1246     12606.73      118.661  14.7485   0.0102     5.04    0.303  58.11   0      155.6      11811.4     86.28104
        48    332.1244    959.3001     3850.218     193.7428  16.0363   0.0546     6.97    0.174   9.11   0      33.88     1343.173     51.82789
        49    851.2532    959.4474     1347.247     157.3787  17.1764   0.1269     4.54    0.302  -6.25   0      14.95     586.8735     48.88837
        50    429.2165    957.9555     4747.191     180.4884  15.8089   0.0413     3.88    0.255  -1.01   0      39.99     1634.454     53.64862
        51    743.3480    953.1132     67666.15     277.9916  12.9241   0.0045     3.49    0.294  12.96   3      288.5     22809.85     111.6048
        52    750.2764    950.6667     31876.81     273.3669  13.7413   0.0093     8.60    0.358  24.40   3      168.2     9493.987     80.01859
        53    208.2419    955.2692     11029.56      194.467  14.8936   0.0191     3.54    0.208  -1.97   2      74.55     3353.545     60.29695
        54    483.0341    955.9675     3823.212     166.3815  16.0439   0.0473     3.97    0.291   4.47   0       34.7     1423.476     52.74728
        55    282.7822    956.0851     6284.854      101.549  15.5043   0.0175     4.92    0.262 -23.81   0        102      5453.21      67.6623
        56    913.3587    953.8815     11698.86     221.7109  14.8296   0.0206     3.99    0.278   2.17   0      85.81     3860.242     61.98533
        57    518.8942    953.6985      13759.2     213.5859  14.6535   0.0169     3.61    0.251   2.55   3      94.98     4396.446     63.82775
        58    517.9412    948.5526     11169.25     205.0755  14.8799   0.0199     3.63    0.347  -2.02   3      81.38     3703.195     61.60076
        59   1015.9468    954.7137     3585.166     217.3867  16.1137   0.0658     4.55    0.385   5.33  16      25.59     982.5932     50.34044
        60    141.0646    953.9013     10627.75     110.8433  14.9339   0.0113     4.86    0.261 -56.79   0      149.1     10740.97     83.41376
        61    555.7751    952.7593     2651.166     149.5946  16.4414   0.0613     3.42    0.274  -0.91   0      25.93     1059.024     51.15286
        62    595.5892    951.5906     1539.778     157.6564  17.0314   0.1112     3.33    0.153 -20.32   0      14.57     548.2367     48.58582
        63    127.3506    952.0031     1636.809     105.7432  16.9650   0.0702     3.41    0.339  -2.27   0      19.05     759.2769     49.56319
        64    983.5011    947.3787     19077.72     226.5323  14.2987   0.0129     4.22    0.140  27.16   0      116.8     4858.508     65.36116
        65    620.8284    948.8726     4582.357      153.475  15.8473   0.0364     3.69    0.229   9.08   0      43.05     1789.069     54.07954
        66    224.5381    947.1516     1980.914     158.2911  16.7578   0.0868     4.57    0.370   0.13   0      18.53     713.1576     49.35125
        67    836.2786    940.0039     12585.48     203.7323  14.7503   0.0176     3.61    0.206  -2.59   3      92.21     4447.315     64.38027
        68    841.9953    931.3685     47843.65     250.2059  13.3004   0.0057     3.54    0.191   5.74   3      235.6     17036.81     99.39439
        69    194.5464    941.3217     1500.083     114.9218  17.0597   0.0832     4.45    0.584  56.36   0      10.92      1105.13     51.00771
        70    160.8466    940.3419      5187.59     194.5403  15.7126   0.0407     3.53    0.192   2.15   0      43.52     1818.249     54.20203
        71    239.2262    940.9587     1620.792     167.8475  16.9757   0.1125     3.71    0.204   1.38   0      14.35     559.0309     48.88094
        72     66.3275    936.9103     2870.978     216.6387  16.3549   0.0819     5.14    0.426  27.43   0      21.42     791.4543     49.46997
        73    421.9598    930.8253     5558.048     161.5104  15.6377   0.0316     4.01    0.232  14.68   0      47.52     1919.373     54.84235
        74     57.9191    928.8848     4611.985     175.2863  15.8403   0.0413     3.58    0.249   1.08   0      41.72       1766.5     53.76319
        75    120.9988    925.9990     5035.257      92.4734  15.7449   0.0199     4.18    0.003 -49.72   2      100.2     5117.308     66.61406
        76    786.1207    927.5457     1643.921     155.9053  16.9603   0.1030     6.12    0.200 -54.36   0      16.37     614.4029     48.64977
        77    376.9155    927.6826     1303.149     141.3383  17.2125   0.1178     5.85    0.109  28.36   0      14.14      471.551     48.10194
        78    303.3338    923.9839     1401.987     103.8108  17.1331   0.0804     3.17    0.351   1.74   0      16.84      670.111     49.15261
        79    908.6832    921.9005     3227.052     178.5639  16.2280   0.0601     3.76    0.209   8.14   0      31.08     1229.876     51.32866
        80    667.6968    922.4113      1920.79     167.3646  16.7913   0.0946     3.60    0.182  21.97   0      19.16     730.5457     49.43126
        81    997.9175    918.0819     1362.189     146.6098  17.1644   0.1169     3.64    0.282  14.54   0      16.07     643.9165     48.66505
        82    840.3975    915.6965     1829.854     151.3271  16.8440   0.0898     6.57    0.487  18.99   0      16.36     538.6177     48.54081
        83    458.3365    915.1071     2139.161      200.841  16.6744   0.1020     3.42    0.277  16.36   0       14.6     548.4249     48.34056
        84    560.2196    913.4169     1685.459     160.6749  16.9332   0.1035     3.19    0.210  54.88   0      15.26     568.2493     48.92378
        85    933.8777    912.7814     1342.371     103.6802  17.1803   0.0839     3.27    0.233   8.28   0      16.82     681.3356     49.32555
        86    293.9506    910.6883     21688.95     212.9473  14.1594   0.0107     3.54    0.246   3.64   2      139.1     7706.662     74.77001
        87    301.1581    911.9785     9418.005     104.1235  15.0651   0.0120     0.97    0.130   1.94   3      115.4     9067.355     79.09972
        88    707.4111    911.1080     4066.577     144.6872  15.9769   0.0386     3.78    0.215   1.95   0      38.69      1589.57     53.23453
        89    583.6730    906.0829     97730.83     292.0256  12.5249   0.0032     0.00    0.077  66.38   0        370     22618.78     111.2151
        90    819.6478    908.6465     3046.533     188.1001  16.2905   0.0671     4.63    0.378   3.88   0      24.93     924.4345     50.43322
        91    674.7416    907.4888     4339.927     174.0787  15.9063   0.0436     4.36    0.229  -6.24   0      37.72     1467.987     52.48612
        92    626.9590    906.9173     4452.489     179.2871  15.8785   0.0437     3.68    0.253   3.48   0      38.33     1579.599     52.96722
        93    649.2317    906.0867     2543.163     168.2077  16.4866   0.0718     3.80    0.199  -6.99   0      23.31     892.8602     50.05298
        94    139.0936    905.4197      4286.44     240.2398  15.9198   0.0609     4.01    0.332  -0.78   0      26.77     1069.231     50.61237
        95    897.1309    904.5057     2170.231     187.0383  16.6587   0.0936     4.73    0.291   4.56   0      19.19     720.9509     49.02349
        96    754.2499    902.2797     3378.296     217.1703  16.1783   0.0698     6.61    0.425  23.62   0      25.03      871.968     49.83849
        97    123.0299    900.2917     4925.574     277.6537  15.7689   0.0612     4.71    0.392  -2.32   2      22.72     685.3701     48.73603
        98     23.0284    898.4245     4228.364     218.7408  15.9346   0.0562     4.47    0.213  14.35   0      31.79     1283.177     52.13927
        99    972.6213    901.7381     5181.125        131.4  15.7139   0.0275     0.00    0.179   3.89   0      58.27     2864.434      58.4243
       100    352.5707    896.8860     4693.305     114.7492  15.8213   0.0266     2.70    0.460 -63.52   0       62.3     4066.135     62.83071
       101    842.6527    895.8926     1911.942     177.7231  16.7963   0.1009     3.78    0.303  16.95   0      14.17     524.5992     48.22842
       102    324.2624    892.5756     12688.45     187.8591  14.7415   0.0161     3.62    0.213   1.22   0      96.96     4767.269     65.50002
       103    885.4636    894.2979     2626.918     190.7453  16.4514   0.0789     3.98    0.197   6.83   0      22.64     863.2975     49.79893
       104    310.0797    884.5261     2791.394     129.5228  16.3854   0.0504     3.90    0.325   1.90   0      28.31      1099.14     50.74649
       105    225.6231    884.3382      1708.55     148.1556  16.9184   0.0942     2.82    0.114 -31.85   0      18.74      755.177     49.66462
       106    280.4958    880.1065     5769.225     166.3511  15.5972   0.0313     3.70    0.245   4.18   0      50.11     2098.571     55.25713
       107    174.8074    878.6682     10813.38     201.0052  14.9151   0.0202     3.63    0.222   4.26   0      82.25     3829.251      62.0641
       108    161.9951    880.7274     4161.977     96.68121  15.9518   0.0252     0.76    0.165  87.37   0      73.38     3818.752     61.92941
       109    462.8604    878.5771     2618.738     212.9004  16.4548   0.0883     3.86    0.219 -15.28   0      17.72      585.074     48.75783
       110     73.7745    876.1885     6572.818     163.8447  15.4556   0.0271     3.55    0.262   8.28   0      57.02     2503.715     57.10836
       111     22.0126    873.6776     34237.47     256.8294  13.6637   0.0081     3.63    0.233  -0.31   3      182.3     11082.36     84.55068
       112     27.2449    871.6012     15118.45     187.6239  14.5512   0.0135     4.17    0.341  -4.34   3        105      5147.02     66.89391
       113     10.8193    876.9937     4116.673     240.6994  15.9636   0.0635     7.33    0.608   0.44  17      21.35     659.0864     49.10161
       114    957.2964    872.5743     2033.497     163.0063  16.7294   0.0871     1.47    0.048  58.14   2      17.27     807.2872     49.30129
       115    250.3003    872.2332     37474.42     233.6863  13.5657   0.0068     3.49    0.190   2.34   0      202.3     12911.91     88.99881
       116    112.5973    874.9803     6708.896     266.5393  15.4334   0.0431     3.78    0.305   2.77   0      38.61     1610.711     53.32471
       117    942.1684    874.0121     1182.848      104.763  17.3177   0.0962     2.93    0.199  -2.65   0      14.56      589.931     49.14591
       118    567.9307    867.1754     12615.92     204.4967  14.7477   0.0176     3.81    0.199   3.87   0      88.15     3987.248     62.73514
       119     93.4731    865.7549     5173.874     257.8151  15.7155   0.0541     6.70    0.179 -25.45   0      32.53     1239.006     51.71622
       120    990.4731    862.0164     1231.888     136.9352  17.2736   0.1207     4.50    0.377 -25.17   0      12.82     480.8765      48.3931
       121    859.8995    859.9478     16463.53     196.9678  14.4587   0.0130     3.53    0.264   2.51   0      115.5     5929.767     68.98563
       122    510.9750    860.7341      4479.04     251.9302  15.8720   0.0611     5.26    0.372 -24.12   0      28.61     1006.232     50.68295
       123    409.7695    860.7885     7529.542      167.853  15.3081   0.0242     3.42    0.242   9.44   0      62.68     2803.745     58.39239
       124    902.2556    858.1443     6706.659     228.5923  15.4337   0.0370    10.34    0.513 -20.14   0      44.99     1817.284     54.41764
       125    624.3536    857.5588     31139.76     238.3267  13.7667   0.0083     3.52    0.211  11.73   2      171.3     10127.78      81.8718
       126    113.3382    857.2224     3291.206     186.8058  16.2066   0.0616     3.82    0.093 -21.61   0      28.29     1044.528     50.85439
       127     82.3259    857.5296     4029.616     271.4814  15.9868   0.0732     7.86    0.451 -26.79   0      21.94     729.8404     49.30721
       128    842.2150    853.0927     3130.918     156.1599  16.2608   0.0542     4.23    0.281   1.69   0      31.01     1244.879     51.51097
       129    778.3904    850.6779     6561.713     189.1734  15.4575   0.0313     9.04    0.278   4.31   0      54.09     2253.992     55.99933
       130    389.0739    850.3571     1524.012     116.2588  17.0425   0.0828     3.74    0.337  -7.26   0      16.31     638.3801     49.00568
       131    320.4342    850.1003     1527.065     148.8819  17.0404   0.1059     4.65    0.380  -7.35   0      15.53     565.0366     48.04763
       132     57.2784    848.9973     6656.361     210.1897  15.4419   0.0343     5.29    0.480  -0.37   0       52.8     2221.949     55.86914
       133    668.1171    848.7363      1342.55     99.27239  17.1802   0.0803     3.81    0.427   5.84   0      15.65     620.4312     48.67793
       134    623.0312    846.8951     5315.483     224.5645  15.6861   0.0459     3.97    0.271  -5.21   0      39.76     1604.066     52.84685
       135    516.0831    841.6712     3543.856     200.9457  16.1263   0.0616     4.18    0.251   5.85   0       26.5     978.8637     50.32359
       136    600.0983    837.3893     3267.506     206.4929  16.2145   0.0686     0.00    0.436  84.52   0       27.3     1051.505     50.88556
       137    177.2610    837.7651     17097.45     210.8373  14.4177   0.0134     3.53    0.253  -0.23   0      115.3      5892.57     69.20856
       138    235.2614    832.9791     80692.09     283.7539  12.7329   0.0038     3.47    0.155   6.34   0      323.4     28712.37     123.1359
       139    971.4219    832.8647     7196.895     233.5911  15.3571   0.0352     7.90    0.416  23.30   0      47.13     1430.679     52.66518
       140    638.0911    834.4698     9381.122     193.3038  15.0694   0.0224     3.36    0.277   0.42   0      75.15     3483.313      60.6859
       141    255.5886    831.6624     16996.89     214.9325  14.4241   0.0137     3.46    0.215  -0.49   0      114.9     5812.982     68.94671
       142    167.2784    829.9166      8286.64     223.5854  15.2041   0.0293     3.70    0.201   5.53   0      62.38     2617.269      57.1425
       143     97.1231    831.2621     2835.593     214.5265  16.3684   0.0822     3.30    0.211  -2.27   0       21.7     860.1178     49.90408
       144     37.2949    830.0394     3839.617     137.9925  16.0393   0.0390     3.80    0.225   0.87   0       39.1     1643.927       53.018
       145    953.5276    830.0297     1570.761     160.5126  17.0097   0.1110     3.85    0.359 -28.07   0      14.72     569.6238     48.68576
       146    880.8781    824.9639     3551.643     180.6351  16.1239   0.0552     9.24    0.314  69.09   0      28.55     806.2076     49.77792
       147    913.0179    826.8091     2054.903      142.542  16.7180   0.0753     3.35    0.267   7.30   0      21.86     878.7194      50.1079
       148    717.3010    825.8510     3059.147     142.0502  16.2860   0.0504     4.34    0.324  10.28   0      28.68     1099.484     50.74804
       149    870.9023    824.6556     3230.488     185.9317  16.2268   0.0625     3.84    0.264  -6.16   0      28.13     1068.387     50.60858
       150    401.8897    825.4507     2525.631     191.4052  16.4941   0.0823     4.05    0.211  10.76   0      20.15     769.6716      49.3698
       151     74.6197    825.8817     2272.615      200.992  16.6087   0.0960     4.19    0.282  16.26   0      14.76     519.8701     48.45295
       152    240.9507    819.4674     2131.491     194.8022  16.6783   0.0993     4.28    0.180   1.74   0      17.68     647.1364     49.04627
       153    558.4957    816.8741     2363.891     207.6613  16.5659   0.0954     5.44    0.348  -4.98   0      16.36     609.8374     48.50563
       154    647.5993    813.6867     9338.167      217.228  15.0743   0.0253     3.56    0.256   5.93   0      70.57     3176.238     59.62489
       155    153.2079    813.2331     1408.817     133.9291  17.1279   0.1032     3.67    0.354  16.48   0      14.48     568.8407     48.92653
       156    694.3320    811.9559     1710.031     154.0781  16.9175   0.0979     3.83    0.253 -16.57   0      15.79     589.9086     48.78036
       157    976.2679    808.9327     3514.915     233.8386  16.1352   0.0722     8.15    0.423 -17.94   0      24.78     873.6123      49.9655
       158    254.5644    805.6620     7976.475     190.8655  15.2455   0.0260     3.83    0.214  -4.45   0      63.67     2741.052     57.94235
       159     92.6789    807.7847     4729.869     112.1943  15.8129   0.0258     0.00    0.470  33.77   0      84.79     4008.519     62.71712
       160    487.1404    806.5367     3146.413     205.6357  16.2555   0.0710     4.48    0.368  11.65   2      23.78     915.0034      50.2722
       161    749.8216    805.0439      2031.92     203.6694  16.7302   0.1089     5.89    0.208  -1.45   0      15.16     533.2933     48.76112
       162    652.2724    804.9396      5554.26     304.2803  15.6384   0.0595     8.33    0.464 -17.29   0      25.31     672.4316     49.16334
       163    103.4846    802.4374     4462.172     124.2903  15.8761   0.0302     0.00    0.518  47.15   0      67.31      3245.32     59.68812
       164    970.6589    800.7482     1645.205     157.8083  16.9594   0.1042     0.53    0.515  72.91   1      19.39     794.9183     49.84615
       165    891.7805    801.1042     2674.219     151.6096  16.4320   0.0616     4.31    0.226  17.92   0      25.57     1044.719     50.50218
       166    191.9646    802.0272     1446.023     148.7581  17.0996   0.1117     4.44    0.430 -17.08   0      14.95     565.2723     48.90995
       167    736.0395    800.3068       3391.6     219.2342  16.1740   0.0702     4.29    0.396   3.94   0      25.36     998.0822     50.17312
       168    716.6215    799.3674     1976.602     120.8986  16.7602   0.0664     4.44    0.340   6.10   0      20.19     763.8804     49.82428
       169     91.3418    799.0883     1572.184     164.1883  17.0087   0.1134     3.04    0.256  13.51   0      15.49     598.7286     48.57649
       170     44.4928    796.4700     2452.831     214.1206  16.5258   0.0948     5.06    0.590  44.64   0      13.68     364.1412     47.59174
       171    846.8206    799.8837     10704.25     201.6227  14.9261   0.0205     3.59    0.220   2.54   0      80.61     3646.711      61.1974
       172    359.3548    795.0983     3766.094     222.3212  16.0603   0.0641     3.66    0.186   5.41   0      27.43     1076.674     50.52787
       173      5.6508    794.7957     4809.123     151.8592  15.7948   0.0343     3.82    0.249  -4.62  16      44.86     1905.016     54.67384
       174    973.5571    794.1152     6267.839     285.6196  15.5072   0.0495     8.55    0.458   0.85   2      32.74     1136.975     51.03267
       175    550.6095    794.9183     1268.136     135.9026  17.2421   0.1164     2.75    0.279  13.91   0      14.22     545.5306     48.57316
       176    443.5964    794.2867     2757.637     176.2818  16.3987   0.0694     3.66    0.205  -6.12   0      27.66     1096.843     51.20427
       177    575.4716    791.1125     4357.973      161.668  15.9018   0.0403     5.53    0.211  10.80   0      39.73     1574.669     52.94605
       178    479.6394    791.5254     3389.543      194.739  16.1746   0.0624     4.85    0.215 -22.29   0      29.27     1021.901     50.75317
       179    333.5212    791.0352     3072.286     247.0629  16.2813   0.0873     7.34    0.310 -84.35   0      19.55     544.5002     48.56834
       180    650.3381    787.0176     5791.876     168.1649  15.5930   0.0315     7.34    0.295  13.12   0      50.46     2187.472     55.72871
       181    132.2795    788.3513     2105.236     183.7414  16.6917   0.0948     3.47    0.148 -11.75   0      17.77      630.585     48.72531
       182    842.7376    786.9799     3169.598     188.2487  16.2475   0.0645     3.57    0.230  24.59   0      29.08     1189.216     51.49696
       183     43.6382    786.3741     3059.682     132.2669  16.2858   0.0469     1.40    0.274 -44.62   0      46.68     2233.554     56.23541
       184    563.3826    785.3930     3153.917     150.3565  16.2529   0.0518     6.07    0.364   1.03   0      29.93      1188.09     51.49198
       185    453.6325    785.7103     2110.806     105.3512  16.6889   0.0542     5.59    0.459  43.98   0      45.89     1701.668      53.3768
       186    239.2960    779.0226     6965.664     169.7438  15.3926   0.0265     3.80    0.257   8.61   0      57.93     2487.401     56.62362
       187    986.1742    776.9493     3810.162     170.7863  16.0476   0.0487     3.89    0.269   4.59   0      35.02     1401.968     52.65453
       188   1009.9374    775.2336     14981.35     225.7121  14.5611   0.0164     3.79    0.276   8.68   3      98.88     4841.882     65.66764
       189   1005.2790    770.3083     11603.37     216.1633  14.8385   0.0202     3.71    0.234   4.17   3      81.88     3691.501     61.46064
       190    801.8520    775.0539     4570.114      145.476  15.8502   0.0346     3.68    0.240   2.35   0      43.04     1826.247     54.45506
       191    532.4761    774.3372     5291.438     203.6461  15.6911   0.0418     3.74    0.250   0.34   0      45.21     1851.297     54.34043
       192    545.0015    773.9435     7829.392     99.10294  15.2657   0.0137     4.26    0.041 -86.59   0      121.4     7816.754     75.26257
       193   1013.3073    765.6589      3646.97     156.9092  16.0952   0.0467     6.67    0.386  59.09   0      52.96     2341.733     56.14223
       194    407.5240    765.1907     5895.048      181.928  15.5738   0.0335     3.42    0.198   8.47   0      51.12     2184.149     55.71516
       195    194.9632    766.9238     9323.004     103.9159  15.0761   0.0121     4.50    0.142  63.50   0      134.4     8835.682     78.27901
       196     21.7748    763.1859     2615.589     222.4865  16.4561   0.0924     3.69    0.156 -40.14   0      18.41     740.5215     49.59751
       197    314.6610    758.5418     15672.29     279.9962  14.5122   0.0194     4.53    0.376  11.79   2      85.59     3721.128     61.76353
       198    467.2681    759.2476     3213.118     135.8637  16.2327   0.0459     3.52    0.177   8.30   0      32.42     1332.769     52.12665
       199    677.6385    757.1459     12159.85     172.2871  14.7877   0.0154     8.64    0.199  -8.48   0      100.9     6217.195     70.35133
       200    732.8254    755.8007     8656.927     233.7349  15.1566   0.0293     3.68    0.201   2.34   2      58.29     2576.414     57.39695
       201    103.3170    757.6752     1607.088     127.4277  16.9849   0.0861     3.72    0.172  -3.69   0       17.2     656.3633     48.72314
       202    608.7532    756.3937     2509.859      169.047  16.5009   0.0731     3.77    0.313  17.64   0      22.78     884.5908     50.37189
       203    529.9891    756.3340     3289.251     96.17059  16.2073   0.0318     0.97    0.174  89.37   0      60.78     3050.137     59.14228
       204    665.0302    752.0576     36322.98     279.7169  13.5995   0.0084     3.44    0.221   4.65   2      174.3     10521.77     83.03016
       205    161.7894    752.5940     2660.509     221.8613  16.4376   0.0906     6.37    0.274 -53.02   0      18.92     605.0659     48.85093
       206    871.9343    752.7435     1765.424     166.2591  16.8829   0.1023     3.24    0.287  -0.65   0       18.2     713.7887     49.35416
       207    939.1191    749.5488     8271.416     191.2164  15.2060   0.0251     3.63    0.196  10.75   0      63.65     2686.134     57.51953
       208    534.1268    744.8753     173186.6     356.4162  11.9037   0.0022     3.59    0.151   3.87   0        497     59866.11     171.1707
       209    342.1449    749.7320     5660.199      193.557  15.6179   0.0371     3.75    0.182  -3.92   0      46.32     1935.024     54.58032
       210     64.0443    748.9162     2194.131     185.4663  16.6468   0.0918     4.55    0.222  33.06   0       19.2      693.249     49.01673
       211    219.6123    748.2379     2746.264     118.6241  16.4031   0.0469     2.66    0.308  21.54   0      42.86     2045.448     55.46998
       212    801.0645    742.8788       3092.8     180.8831  16.2741   0.0635     4.29    0.325  10.01   0      28.47     1142.497     51.17394
       213    708.7833    743.6108     3745.568     203.3852  16.0662   0.0590     3.86    0.295  -1.14   0      29.61     1162.633      51.3795
       214    827.8224    741.7811     3139.427     225.0177  16.2579   0.0778     3.64    0.281  -1.08   0      20.85     798.3949     49.98148
       215    320.8098    741.5125      2293.25     194.2246  16.5989   0.0920     3.49    0.116  11.56   0      18.71     712.4075     49.22678
       216    499.1408    741.0743     1389.541     137.1966  17.1428   0.1072     3.07    0.344  10.36   0      16.28     652.0425      48.9473
       217     81.9719    740.1738     3005.473     178.2817  16.3052   0.0644     3.64    0.198 -14.01   0      27.74     1111.233      51.3843
       218    756.1796    738.0189     2555.931     120.7543  16.4811   0.0513     0.53    0.517   0.74   0      30.25     1319.964     52.29937
       219    691.3270    736.1678     10420.37     249.5849  14.9553   0.0260     5.60    0.284 -15.46   2      68.61     3006.544     58.97452
       220    699.1450    734.7154     3802.909     223.0285  16.0497   0.0637     5.18    0.430   6.15   3      27.77     1069.471     50.73114
       221    888.2772    735.5871     2194.378     191.0115  16.6467   0.0945     3.64    0.148  12.92   0      18.58     696.1309     49.27278
       222    172.0727    733.8561     2195.211     155.7525  16.6463   0.0771     4.46    0.220  -7.74   0      21.02     797.4454     49.61784
       223     56.8153    730.5569     41315.28     236.7634  13.4597   0.0062     3.53    0.191   4.32   0      215.8     14712.84     93.93027
       224    376.9169    732.0043     4004.936     203.6748  15.9935   0.0552     4.33    0.319  -6.50   0      33.36     1327.229     52.21684
       225    529.6309    729.0015     27390.09     251.8835  13.9060   0.0100     3.52    0.211   7.62   2      145.2     7640.007     74.88639
       226    317.2874    729.5294     1922.259     182.7006  16.7905   0.1032     4.95    0.217  31.61   0      14.77     493.8456     48.08327
       227     78.6600    728.9075     1673.649     181.5717  16.9408   0.1178     4.27    0.281  11.71   0      14.54     545.1539     48.32518
       228    101.6947    727.8117     2792.825     196.3332  16.3849   0.0763     5.05    0.320   0.09   0      22.33     826.7482     49.87162
       229    899.5311    726.3758      2235.79     171.3096  16.6264   0.0832     3.15    0.109  36.98   0      18.61     674.1567     49.29247
       230    411.6299    726.4583     2035.968     150.6498  16.7281   0.0804     3.56    0.251  18.68   0      19.74      767.837     49.60242
       231     23.9033    722.8983      8266.82     213.3264  15.2067   0.0280     4.24    0.243  12.09   0      64.44     2731.765     57.49244
       232    566.1710    723.4675     2864.474     181.4198  16.3574   0.0688     4.50    0.323   2.82   0       26.1     989.6879     50.60871
       233    234.4556    719.0623     34607.14     226.9729  13.6521   0.0071     3.50    0.202   2.87   0      193.6        12466     88.25913
       234    420.4848    720.3739     2576.365     189.1147  16.4725   0.0797     4.27    0.325   5.46   0      21.38     801.3479     49.63571
       235    288.8402    713.2719     92295.62     294.4236  12.5870   0.0035     3.46    0.164  -2.79   0      349.3     32511.41     129.9588
       236    557.2950    711.7900     3397.542     153.6635  16.1721   0.0491     3.89    0.275  10.18   0      31.79     1284.496     51.91575
       237    654.5063    708.9753     2067.824     190.8608  16.7112   0.1002     4.60    0.361  28.12   0       14.4     498.8471     47.98277
       238    713.9675    705.9288     2602.446     86.28735  16.4615   0.0360     0.00    0.123  61.92   0      62.52     2333.375     56.32059
       239    723.4209    703.8365     2662.738      159.267  16.4367   0.0650     0.00    0.570 -36.24   0      24.61     572.9465      49.0673
       240    168.8389    702.6998     3687.234     157.9146  16.0832   0.0465     3.26    0.241   2.99   0      35.35     1447.643     52.05535
       241    114.5685    702.9175     3357.288     184.4771  16.1850   0.0597     3.62    0.160  -2.57   0      31.18     1207.647     51.46246
       242    677.1383    702.8946     1741.759     129.9826  16.8975   0.0810     3.85    0.392   7.31   0      17.94     709.6174     49.09256
       243    466.9259    698.5154     2699.285     175.3583  16.4219   0.0706     3.65    0.234  11.64   0       24.1     952.2255      50.0842
       244    993.1794    697.5848     2433.197     212.0001  16.5346   0.0946     3.72    0.365  -1.80   0       15.8     550.6391     48.71964
       245    353.3138    695.9690     4028.479     154.5938  15.9871   0.0417     3.84    0.232   8.74   0      37.08      1495.38     52.71786
       246    536.4041    692.0236     22505.05     217.9606  14.1193   0.0105     3.68    0.224   5.88   0      140.3      7680.09     74.92838
       247    608.3254    693.9033     1628.228     148.0324  16.9707   0.0987     2.98    0.252 -13.12   0      16.72     690.0692     48.88011
       248    849.8916    691.9480     2921.699     88.81915  16.3359   0.0330    -3.32    0.138  16.14   0      57.59     2390.746     56.34029
       249    160.2635    688.6296     7616.401     178.3051  15.2956   0.0254     3.52    0.289   5.12   0      61.53     2691.172     57.74638
       250    377.0404    688.1926      2627.75     194.6156  16.4510   0.0804     3.87    0.268   8.42   0      21.31     828.9583     50.12026
       251    226.1994    688.1038     4035.517     242.4747  15.9853   0.0653     9.91    0.620   1.38   0      25.56      721.618      49.3902
       252    266.5867    685.9477     2406.084     194.3566  16.5467   0.0877     7.57    0.444  36.10   0      19.85     700.3679     49.41317
       253    412.1176    683.8868      22726.8     218.1917  14.1087   0.0104     3.45    0.218   5.11   3      142.8     7917.841     75.48824
       254    403.1684    683.4957     9536.624     233.9523  15.0515   0.0266     7.58    0.260  11.41   3      64.29     2720.666     57.44854
       255    933.7800    684.1750     4038.356     140.4589  15.9845   0.0378     3.57    0.245   1.53   0      39.12     1691.006     53.88766
       256    600.2527    683.9199     2887.421      201.686  16.3487   0.0759     4.46    0.513  12.11   0      21.68     1184.917     51.24573
       257    562.8417    682.0586     3532.697     222.0825  16.1297   0.0683     4.48    0.078   2.75   2      25.59     708.7536     49.33097
       258    296.7541    681.1160     6280.223     109.9973  15.5051   0.0190     0.00    0.407 -22.28   0      104.2     5661.946     68.27253
       259    804.0450    680.2801     2286.179     153.9602  16.6022   0.0731     7.37    0.587  16.81   0      18.56      527.879     48.24387
       260    371.6781    675.2789     9349.863     209.5541  15.0730   0.0243     9.93    0.232 -24.45   0      71.05     3102.552     59.04107
       261   1023.0150    673.3398     9964.595     150.7337  15.0039   0.0164     4.02    0.426  88.35  24         90     4632.478     64.93886
       262    741.2300    676.4776     1529.194     126.1119  17.0388   0.0896     4.99    0.296   0.95   0      15.75     559.7284     48.63955
       263    785.4209    676.0594     1653.053     88.93042  16.9543   0.0584     0.65    0.200  16.43   0      39.75     1665.277     53.55677
       264    480.9130    671.8597     2589.464     171.7782  16.4670   0.0720     4.47    0.215  -9.49   0      23.39     899.4238     49.96354
       265    224.5912    672.4146     2198.385     165.0529  16.6447   0.0815     3.43    0.294   5.47   0      21.65     855.3757     50.00191
       266    855.9036    670.6400     5045.503     250.0669  15.7427   0.0538     7.75    0.343  21.36   2      31.48      915.819      49.7991
       267    861.8248    665.8492     5403.807     290.1172  15.6683   0.0583     7.37    0.379  81.85   3      29.26     931.3888      50.5826
       268    723.1062    671.3893      6604.52     204.3781  15.4504   0.0336     3.51    0.312  13.93   2      50.27     2326.008     56.29085
       269    503.1154    670.7883     5475.926     181.4037  15.6539   0.0360     4.53    0.287  12.16   0      46.76      1947.35     54.74068
       270    117.1448    671.9426     1487.244     153.7492  17.0690   0.1123     4.24    0.180   7.57   0      14.88     586.6703     49.00928
       271    911.4067    670.2152     1530.781     186.2597  17.0377   0.1321     5.16    0.388  50.61   0      13.49     436.0423     48.05814
       272    833.7717    669.7380     3152.133     145.3106  16.2535   0.0501     4.46    0.174   0.40   0      30.92     1217.504     51.50598
       273    210.4911    667.2410     1622.255     125.0931  16.9747   0.0837     3.14    0.072   1.62   0      18.58     713.4717      49.1104
       274    423.4676    664.7590     3086.069     204.1132  16.2765   0.0718     3.48    0.165  -2.28   0      24.81     961.0489     50.47993
       275    472.7266    659.5980     1397.294     100.8866  17.1368   0.0784     2.96    0.451 -63.08   0       25.1     979.3626     50.56232
       276    713.2658    658.6713     3025.417     160.7142  16.2980   0.0577     3.32    0.193   5.46   0      30.11     1237.492      51.5941
       277    793.2407    664.1000     2893.109     96.78293  16.3466   0.0363     0.00    0.299  25.20   0      64.17     2453.655     56.27644
       278    343.9255    653.6662     2508.082     208.5354  16.5016   0.0903     3.83    0.206  -2.84   0      19.38     724.8549     49.28422
       279    349.2196    649.0563     1718.584       117.91  16.9121   0.0745     0.00    0.194  13.29   0      35.33     1154.393     51.45908
       280    856.9678    642.2460     29379.17     237.2711  13.8299   0.0088     3.80    0.201   6.56   2      162.9     9285.538      79.6493
       281    253.2326    644.0361     2175.991     187.8408  16.6559   0.0937     4.29    0.352   1.52   0      16.63     591.1101     49.02987
       282    284.2667    641.3973     4086.173      182.127  15.9717   0.0484     4.02    0.240  -3.67   0      37.72     1534.474     53.11121
       283    153.8311    642.4283     3052.268     195.8735  16.2884   0.0697     3.76    0.273   4.08   0      25.31     985.7072     50.82607
       284    706.9549    641.7057     2280.827     159.6578  16.6048   0.0760     3.88    0.251   0.72   0      20.66     772.9635     49.26403
       285    624.2436    641.5576     2306.187     135.4434  16.5928   0.0638     7.32    0.384  17.37   0      22.36     895.6545     49.94639
       286    367.6086    639.1041     1708.122      128.771  16.9187   0.0819     5.25    0.437  11.88   0      17.38     635.6727     48.99312
       287    565.6827    636.2888     2559.983     194.5365  16.4794   0.0825     3.80    0.296   6.17   0      20.91     809.7331     49.67409
       288    273.0331    634.5360     2063.402     183.6897  16.7135   0.0967     3.54    0.143  -1.75   0      17.81     648.6021     49.05306
       289    874.6118    630.5580     1464.771     180.4858  17.0856   0.1338     5.26    0.184  38.97   0       13.6     471.6625      48.5959
       290    585.9222    630.3199     3344.043     196.9702  16.1893   0.0640     4.63    0.376   3.43   0      27.16     996.5911     50.28512
       291    313.0966    630.5367     3264.811     217.0515  16.2154   0.0722     3.33    0.263  18.32   0      23.09     927.2864     50.09012
       292    739.4772    628.6161     2184.295     192.5545  16.6517   0.0957     3.83    0.247  21.55   0      16.83     573.7167     48.82717
       293    203.8234    628.8403     4197.524     99.79906  15.9425   0.0258     5.06    0.326  45.53   0      81.87     3623.092     61.49879
       294    952.0660    625.5390     2738.093     171.1055  16.4064   0.0679     7.33    0.589 -23.80   0      31.33     1293.754     51.95626
       295    828.9522    623.0591      21502.2     222.3437  14.1688   0.0112     3.92    0.205   0.57   0      136.7      7370.08     73.90142
       296    800.1804    621.8500     8556.858     191.5554  15.1692   0.0243     9.06    0.431   4.48   0      68.47     2048.182     55.37358
       297    348.1939    623.1884     2727.078     96.39226  16.4108   0.0384     4.98    0.178  47.67   0       53.5     2162.828     55.62812
       298    567.2603    622.0955     1247.571     87.88805  17.2598   0.0765     2.25    0.251  11.16   0      32.54     1003.194     50.43336
       299    625.6474    617.9260     17341.47       229.38  14.4023   0.0144     8.68    0.312  -0.94   0      114.1     5667.062     68.37684
       300    811.1110    617.3669     2920.533     233.2602  16.3363   0.0867     5.66    0.234 -15.71   0      18.67     618.0418     48.66677
       301    601.6523    616.6008     6239.274     157.8105  15.5122   0.0275     3.53    0.238   8.31   0      55.15     2404.709     56.60772
       302    652.1998    614.2670     22040.61     312.0839  14.1419   0.0154     7.74    0.300  -4.20   2      117.1     5225.161     67.15887
       303    146.9054    618.9943     8702.333      147.813  15.1509   0.0184     0.00    0.313   0.51   0      88.66     5453.878     67.75263
       304    310.4242    609.9660     34919.36      231.188  13.6423   0.0072     3.49    0.188   9.45   0      192.5     12508.77     88.43668
       305    963.7339    610.6035     1958.758     151.5205  16.7700   0.0840     4.54    0.309 -13.28   0      18.96     732.3787     49.56018
       306    847.3878    609.1575     11722.78     195.2755  14.8274   0.0181     3.82    0.273  -0.59   0      86.79     4060.819      63.0957
       307    715.4045    608.4418     4802.473     176.3805  15.7963   0.0399     5.45    0.323 -23.30   0      35.66     1157.071     51.58665
       308     23.9411    609.5576       2852.1     178.0861  16.3621   0.0678     3.53    0.260   3.67   0      26.42     1031.692     50.79699
       309    999.8152    608.9861     2007.054     205.1009  16.7436   0.1110     5.08    0.481  72.76   2      13.84     427.2425     48.01651
       310    211.2724    608.9222     1808.874     135.7095  16.8565   0.0815     4.17    0.387   8.12   0      18.28     697.0548     49.03437
       311    570.9163    606.7488     5000.536     166.1972  15.7525   0.0361     3.80    0.219   2.21   0      44.04     1828.062      54.0228
       312    407.9968    607.9848     3064.872     87.49686  16.2840   0.0310     4.18    0.014  43.85   2      76.31     3223.033       59.803
       313    275.6117    606.0988     8969.646     203.3577  15.1181   0.0246     3.47    0.188   7.59   0      71.18     3264.739     59.96128
       314    128.4570    605.8599     8960.773     188.1116  15.1191   0.0228     3.52    0.229   2.37   0      70.84     3198.617     59.90958
       315     74.9136    599.0519     2111.916     170.2717  16.6883   0.0876     0.00    0.532  -0.81   0      23.89     1041.286     50.60472
       316    960.7064    597.9493     1397.454     136.1187  17.1367   0.1058     5.67    0.370  -0.47   0      13.97     499.8338     47.98744
       317    440.5398    596.6261     1905.155     177.7145  16.8002   0.1013     3.80    0.239  -7.64   0      17.99     671.1712      49.2787
       318    354.7086    594.4599     21941.56     224.1269  14.1468   0.0111     3.75    0.189   5.28   0      138.8     7368.435     73.73476
       319    315.1299    593.3762     24195.53     222.4142  14.0407   0.0100     3.52    0.205   9.19   0        151      8613.25     77.70731
       320    629.3453    595.5082     2670.563     168.3797  16.4335   0.0685     3.81    0.295   6.19   0      25.35     960.6807     50.24141
       321    695.5351    595.0317     1989.482     196.9213  16.7532   0.1075     3.66    0.265   1.53   0      15.22     544.7232     48.56938
       322    828.6181    591.4297      2761.86     157.5266  16.3970   0.0619     4.34    0.321  -5.94   0      26.98     1053.238     51.12715
       323    610.3817    591.7258     2447.459     158.0187  16.5282   0.0701     4.73    0.299   2.55   0      21.95     797.5787     49.85828
       324    191.8351    591.0625     1792.228     158.9608  16.8665   0.0963     4.88    0.387   7.51   0      19.03     726.4637     49.41249
       325    757.5032    588.3354     4701.589     183.7068  15.8194   0.0424     3.78    0.182   2.44   0      40.57     1635.924     53.20835
       326    325.3257    588.2485     2990.669     211.8944  16.3106   0.0769     3.36    0.191  -0.51   0      23.37     927.1256     50.20832
       327    596.7172    587.1476     4341.517     179.9768  15.9059   0.0450     3.81    0.279  12.64   0      39.37     1587.966     53.00311
       328    931.5066    586.3933     2096.185     204.4717  16.6964   0.1059     5.21    0.212 -88.49   0      13.81     414.1557     47.95452
       329    162.2639    578.9627     56009.99     264.3739  13.1293   0.0051     3.55    0.093   3.97   0      258.7     19480.98     104.7205
       330    480.7581    582.8862     1874.728     116.9424  16.8177   0.0677     5.32    0.229  13.43   0      19.45     743.0265     49.24699
       331    302.4148    575.3987      3032.54     205.5098  16.2955   0.0736     6.82    0.270   1.72   2      22.62     829.6728     49.88494
       332      2.4119    578.8748     1981.196     145.5313  16.7577   0.0798     4.05    0.162  13.70  24      18.46     736.6122     49.57959
       333    402.2432    573.4366      5377.23     175.4278  15.6736   0.0354     3.58    0.197   7.89   0      45.14     1893.802      54.6272
       334     71.8074    569.1123     25279.57     224.1853  13.9931   0.0096    11.04    0.222 -21.59   0      149.8     8263.619     76.52219
       335    606.5592    569.4910     1872.098      180.998  16.8192   0.1050     5.09    0.304 -11.75   0      14.86     534.1854     48.27357
       336    456.1662    569.5558     2888.536     200.2032  16.3483   0.0753     3.57    0.216 -13.91   0       23.1     905.1081     50.34605
       337    207.1426    566.1530     1079.005     121.6755  17.4174   0.1225     3.67    0.221  41.66   2      13.75     547.7213     48.70602
       338    969.6086    567.2688     1571.132     151.9227  17.0095   0.1050     2.79    0.232 -29.30   0      15.56     581.4076     48.74074
       339    995.1823    566.5184     3010.363     198.8473  16.3035   0.0717     4.04    0.346   0.48   0      25.57     990.8522     50.61394
       340     59.0825    562.0145     6494.537     199.8277  15.4686   0.0334     3.34    0.152   7.52   0      54.51     2389.361     56.54606
       341    933.7136    562.4456     1496.536     140.5923  17.0623   0.1020     4.05    0.204  -8.26   0      16.83     657.2466     48.84951
       342    358.8390    562.6201     1902.275      171.737  16.8018   0.0980     3.73    0.228   9.41   0       18.5     711.7271     49.70596
       343    113.2934    562.9797     1695.364     154.0565  16.9268   0.0987     3.44    0.332  -1.04   0      18.97     753.2729      49.1731
       344    185.8772    562.0160     2440.662     85.86018  16.5312   0.0382     0.98    0.076   2.66   0       58.3      2442.06     56.86246
       345    870.8824    560.2862      3589.61     181.5063  16.1124   0.0549     4.84    0.313   2.67   0      30.22     1156.178     51.23466
       346    838.7422    559.0069     2472.528      114.248  16.5171   0.0502     0.00    0.475   2.23   0      40.29       1699.7      53.8136
       347    480.9439    557.6930     2967.661     216.7401  16.3190   0.0793     4.93    0.302  31.12   0      20.86     737.2067     49.22012
       348    463.4008    553.3374     1282.015     122.0541  17.2303   0.1034     3.30    0.151 -12.28   0      15.46     623.3494     49.05765
       349     59.5052    553.0675     4623.614     199.9383  15.8375   0.0470     3.61    0.262   2.61   0      40.09      1631.06     53.18756
       350    792.0364    549.0733     3537.498      197.948  16.1283   0.0608     4.11    0.231  14.87   0      29.16     1115.401     51.17015
       351     26.0937    548.3497     6029.192     193.2196  15.5494   0.0348     4.38    0.181  -9.57   0      49.15     2000.748     54.63541
       352    701.9179    547.1395     3657.964     159.7503  16.0919   0.0474     4.13    0.254  -3.54   0      33.65     1318.935     51.83669
       353    680.4476    544.2630     27787.56     224.7318  13.8904   0.0088     8.18    0.290  -3.32   0      163.9     9457.112     80.06292
       354    844.9734    543.7115     2368.217     172.3525  16.5639   0.0790     4.10    0.293   8.43   0      21.94     820.4286     49.60291
       355    151.0433    543.8655     7294.442     106.6187  15.3425   0.0159     4.88    0.272 -70.85   0      116.9     6898.673     72.43717
       356    258.8100    539.5405     2357.543     188.0603  16.5689   0.0866     3.32    0.138  17.12   0      19.62      751.855     49.64942
       357    537.1572    538.4883     2201.821     130.7845  16.6430   0.0645     3.37    0.214  14.59   0      22.96     914.2144     50.03077
       358    317.3909    534.2429     25690.79     222.6012  13.9756   0.0094     6.71    0.251  -2.50   0      154.8     8850.411     78.54988
       359    852.3879    534.1776      5210.14     210.0447  15.7079   0.0438     4.12    0.256   3.24   0      42.06     1715.088     53.87854
       360    745.8031    531.5616     2004.242     130.4408  16.7451   0.0707     4.09    0.360   1.53   0      20.08     765.1611     49.83013
       361   1006.0090    527.1899      1222.32     158.1438  17.2820   0.1405     3.51    0.190  88.10   0      12.24     464.2139     48.19118
       362    653.0787    525.3358     2878.958     168.6608  16.3519   0.0636     3.77    0.326  -0.60   0      28.19     1096.735     50.97029
       363    958.6714    523.4949     1293.876     122.0762  17.2203   0.1025     4.96    0.239  -0.86   0      14.88     572.5901      48.3308
       364    296.9910    522.2931     8735.042     198.6414  15.1468   0.0247     3.66    0.205   6.56   0      69.08     3136.417     59.47292
       365    457.7469    520.3938     2166.167     178.8835  16.6608   0.0897     4.01    0.279  10.91   0      19.57     716.3602     49.48667
       366   1015.6187    519.3246     2646.836     210.1107  16.4432   0.0862     3.94    0.223  -8.38   0      20.97     771.3393     49.61847
       367     44.0380    526.0933     2646.086      181.146  16.4435   0.0743     6.98    0.608  -3.20   0      23.19     990.1689     50.13727
       368    273.4644    514.2643     1410.155     132.8134  17.1268   0.1023     3.57    0.280   0.26   0      14.65     557.4032     48.50587
       369    872.5239    512.2446     1323.526     124.5492  17.1957   0.1022     3.87    0.275   2.61   0      15.15     589.6066     48.77896
       370    727.1697    509.1663     1776.403     100.2607  16.8761   0.0613     0.00    0.357  51.54   0      41.28     1302.365     52.22284
       371    133.4915    510.9210     1845.448     137.9498  16.8347   0.0812     4.50    0.333   5.69   0      19.94     746.3678     49.38333
       372    954.5338    508.3578     3100.367     188.9559  16.2715   0.0662     8.69    0.205  61.55   0      25.69     781.7769     49.66625
       373    229.8378    509.4170     2504.797     204.1965  16.5031   0.0885     4.74    0.271   1.44   0      19.82     732.9651     49.80297
       374     40.8967    507.2410     12430.65     199.8634  14.7638   0.0175     3.75    0.211   4.08   0       90.9     4235.558     63.15792
       375    796.2230    501.4109     133838.4     365.5145  12.1835   0.0030     4.40    0.136  72.45   0      421.4     36557.13     136.8948
       376    274.5232    507.0825     1983.843     165.6597  16.7562   0.0907     3.33    0.138 -13.71   0      17.72     668.8184      48.7812
       377    444.9005    506.0628      5338.58     195.4809  15.6814   0.0398     4.03    0.257  -4.42   0       43.5     1763.783     53.64063
       378    762.2804    504.8853     1699.028     164.3638  16.9245   0.1051     3.25    0.275 -14.79   0      16.06     613.9813      48.6478
       379   1001.7518    501.3260     2395.231     162.5954  16.5516   0.0737     4.10    0.339   0.46   0      23.64     926.5822     50.20586
       380    128.8898    497.9101     7085.811     162.7324  15.3740   0.0249     3.55    0.202   5.55   0      61.64     2783.261     58.00494
       381    631.5479    497.4270     4486.461     207.8302  15.8702   0.0503     3.70    0.256   2.09   0      36.67     1441.642     52.71247
       382    388.1745    496.8888     9314.127     176.2762  15.0771   0.0206     3.85    0.250   1.58   0      75.67     3444.915     60.44333
       383    579.4741    494.7311     3546.646     222.7672  16.1255   0.0682     6.63    0.347 -68.17   0      23.56     725.3085     49.28631
       384    485.5432    493.9008     8559.271     193.8794  15.1689   0.0246     4.11    0.087 -12.67   0      64.45     2665.866     57.33546
       385    707.9331    492.7153     4446.567     182.5762  15.8799   0.0446     2.32    0.269  12.81   0      41.35     1795.535     53.88579
       386    214.2789    490.7160     12913.49      279.887  14.7224   0.0235     0.00    0.354 -33.68   2      102.5     1424.179     52.18191
       387    650.6536    500.5612     2155.027     194.0628  16.6664   0.0978     4.14    0.267  29.52   0      17.17     615.7345     49.02236
       388     92.1255    491.7560      2647.47     203.6242  16.4429   0.0835     6.59    0.350   5.18   0      20.62     729.5721     49.42679
       389    901.7569    484.8135     8691.646     122.4125  15.1522   0.0153     0.00    0.314  26.09   0      115.1     7320.628     73.91075
       390    866.3692    485.0442     1602.746     166.0366  16.9878   0.1125     5.21    0.277  15.48   0      14.71     545.2188     48.81667
       391    237.8240    475.3703     363260.4      470.935  11.0995   0.0014     3.59    0.135   1.88   0      735.5     126454.8     244.1612
       392    325.9138    481.1945     3826.804     100.4468  16.0429   0.0285     5.02    0.306 -62.13   0      74.34     3150.131      59.5253
       393    778.3176    475.6458     45566.81     265.5458  13.3534   0.0063     3.81    0.130 -25.94   0      224.6     14444.66     93.02301
       394    482.9771    477.2907     4226.925     165.1359  15.9349   0.0424     3.79    0.216  -2.97   0         38     1542.374     52.69418
       395    708.2905    477.7326     1237.758     147.4317  17.2684   0.1294     5.01    0.373 -17.25   0      13.99     524.7955     48.22934
       396    816.6031    476.2911     1616.492     162.4239  16.9786   0.1091     2.87    0.243  70.30   0      15.93     638.1499     49.00461
       397     14.4869    477.1667     1440.094     165.8138  17.1040   0.1250     4.37    0.251  -1.08   0      13.74     513.2053     48.29834
       398    683.8738    474.8686     3815.085     164.5681  16.0462   0.0468     3.96    0.259   0.95   0      36.48     1562.498     53.00642
       399    310.5552    472.4173       4020.8      200.743  15.9892   0.0542     4.05    0.179  -6.35   0      33.49     1292.137     52.17831
       400    323.5318    472.2029     3455.113     189.3821  16.1538   0.0595     3.95    0.228  21.86   0      29.47      1144.67     51.29998
       401    121.9687    469.9728     3302.625      229.771  16.2029   0.0756     4.41    0.263 -18.14   0       22.4     895.2189     50.41983
       402    709.3653    470.1013     2669.654     117.2119  16.4339   0.0477     6.20    0.562  -7.36   0      47.54     1908.444     54.14003
       403    355.2567    468.2479     3522.016     201.6618  16.1330   0.0622     3.96    0.188   3.98   0      27.82     1061.922     51.04904
       404    178.9504    464.2534     2830.525     161.3651  16.3703   0.0619     4.42    0.245  -4.09   0      26.71     1038.441     50.94439
       405    501.1721    463.5565     2212.147     98.25397  16.6380   0.0482     2.11    0.068  39.23   0      40.86     1975.584      55.0748
       406    295.4857    462.7287     1989.116     182.7838  16.7533   0.0998     3.62    0.075  -7.19   0      16.99     617.8462     48.66585
       407     70.9546    461.1855     7714.699     218.9547  15.2817   0.0308     3.77    0.220   3.78   0      57.69     2508.616     57.23217
       408    484.4755    461.7815     1837.114      151.338  16.8397   0.0895     3.22    0.050   9.14   0      18.98     738.2673     49.46675
       409    248.0022    461.8476     20156.32     124.1956  14.2390   0.0067     4.44    0.109  89.86   0      191.9     20156.52     106.1764
       410    521.4979    457.9986     10967.25     127.7396  14.8998   0.0126     5.79    0.467  -0.20   0      131.6     8942.553     78.58868
       411    946.1047    455.6422     2637.719     157.3473  16.4469   0.0648     3.69    0.255   3.74   0       24.8     954.7914     49.97664
       412    865.6678    454.9980     4596.938     118.3986  15.8438   0.0280     3.26    0.508  -0.74   0      72.95     3591.795     61.28577
       413    454.9113    454.1187     1733.469     128.8157  16.9027   0.0807     3.74    0.356  -2.85   0       19.7     789.5731     49.58177
       414    397.3079    454.0030     2765.131     220.6208  16.3957   0.0866     5.80    0.592 -19.12   0      14.99     433.8195     48.04763
       415    743.5859    448.0388     3123.134     180.0952  16.2635   0.0626     3.66    0.169  -0.67   0      28.23     1113.595     51.51067
       416    670.9310    442.7086     1284.466     134.8284  17.2282   0.1140     4.84    0.481 -63.89   0      14.82      532.289     48.38806
       417     11.6353    434.6736      3839.32     216.2777  16.0394   0.0612     6.72    0.323  22.37   0      27.44     1029.445     50.78694
       418    139.2591    434.0282     6254.215     220.8357  15.5096   0.0383     3.60    0.229   8.47   0      48.81     2068.739     55.24237
       419    857.3117    433.7622      6544.51      169.179  15.4603   0.0281     8.94    0.386  10.18   0      53.33     1891.065     54.28721
       420    344.5797    433.7116     3515.735     159.5478  16.1350   0.0493     3.40    0.223  -6.98   0      35.29     1461.824     52.45943
       421     92.8987    433.9938     4857.264     146.9422  15.7840   0.0329     3.91    0.263   1.24   0      45.34     1943.579     54.72503
       422    384.5044    433.3667     2365.043     208.3794  16.5654   0.0957     4.22    0.159  13.48   0      14.93     449.0748     47.62136
       423    261.1505    428.8371     77084.68     286.6303  12.7826   0.0040     3.59    0.156  22.50   0      312.5     26149.65      118.261
       424     28.3097    433.1103     2314.075     193.4798  16.5891   0.0908     3.68    0.235  -0.98   0      18.56     714.2802     49.23543
       425    416.9962    430.1996     2411.125     85.78195  16.5445   0.0386     1.04    0.096 -89.61   0      55.38     2430.835     56.71251
       426    987.4937    427.4234     2004.347     196.1799  16.7451   0.1063     5.99    0.194  -8.24   0      16.65     581.8434     48.37429
       427    524.0751    427.5995     1354.283     164.7938  17.1707   0.1321     5.01    0.705   6.79   0      12.16     393.8033     47.85797
       428    138.1473    425.5374     2867.728     208.9269  16.3562   0.0791     3.60    0.161   0.20   0      21.04     791.3065     49.70984
       429    219.5874    424.1671     3733.994      169.809  16.0696   0.0494     3.42    0.180 -21.62   0      35.55     1455.026     52.99571
       430    127.1913    420.1687     2828.375      194.083  16.3712   0.0745     3.37    0.122 -31.19   0      23.94     965.0306     50.73353
       431    577.9820    418.9524     1723.665     217.4983  16.9089   0.1370     5.99    0.381  25.88   0      13.13     378.6079     48.03473
       432    422.3558    419.6768     1634.564      157.793  16.9665   0.1048     3.59    0.164 -36.34   0      16.89     651.3091      49.0656
       433    660.5964    417.1128     3640.542     211.8877  16.0971   0.0632     4.80    0.200  26.10   0      27.02     1040.265     50.83533
       434     29.5705    414.4247     3688.305      233.369  16.0829   0.0687     7.04    0.389   7.86   2      23.22     820.6935     50.08277
       435    791.0141    415.2286     1169.836     118.1167  17.3297   0.1097     2.48    0.465 -12.57   0      15.05     649.4474     49.29954
       436    612.5065    414.5046      2505.49     225.0401  16.5028   0.0975     4.17    0.308  12.51   2      17.74     504.8714     48.25911
       437    814.9282    413.9696     1960.528      84.5797  16.7691   0.0469     0.00    0.113  27.85   0      49.93     1698.465     53.69743
       438    995.7602    408.3581     1591.235     158.6731  16.9957   0.1083     6.49    0.523 -40.75   0      14.78     442.8528     48.09034
       439    949.5280    409.2076     1260.363     159.1383  17.2488   0.1371     3.53    0.254   0.28   0      12.83     480.3549     48.26724
       440    421.4411    405.2828     39169.66      243.427  13.5176   0.0067     3.54    0.219  10.25   0      206.3     13332.11     90.26392
       441    123.0072    407.8885     2013.629     171.0146  16.7401   0.0922     3.75    0.316 -17.45   0      17.86     706.8745     49.32231
       442    797.6711    400.5183     2842.779     200.1512  16.3656   0.0765     5.54    0.425  17.85   0      20.74     671.1281     48.91405
       443     21.9963    399.9910     1375.132     82.99179  17.1541   0.0655     4.20    0.004  21.87   2      43.79     1329.031     52.11035
       444     99.8196    396.3524     1888.092     166.4267  16.8099   0.0957     3.31    0.189 -23.55   0      17.24     692.5026     49.49762
       445    723.9704    395.6934      1963.95     129.2217  16.7672   0.0715     4.14    0.236   1.14   0      20.35     755.2954     49.06103
       446    177.9066    392.6950     3973.847     156.4317  16.0020   0.0428     4.14    0.291  -2.58   0      35.67     1431.249     52.44066
       447    811.2042    392.9930     1389.855     130.5134  17.1426   0.1020     3.07    0.181  -4.63   0      15.47     589.9807      48.7807
       448    238.5153    391.9290     3971.866     171.0013  16.0025   0.0468     4.08    0.218  15.99   0      34.34     1342.758     51.94103
       449    483.9198    391.2525     2872.838      188.682  16.3542   0.0713     4.42    0.195 -12.94   0      24.43     965.6422     50.26385
       450    132.1894    388.8641     1843.019     144.2856  16.8362   0.0850     3.06    0.374   0.11   0      19.98     850.8551     49.98136
       451    447.0966    385.8921     5619.103     195.8068  15.6258   0.0378     3.61    0.216  10.64   0      47.47     1987.395     54.68901
       452    337.2178    384.3625     2449.209     212.0173  16.5274   0.0940     4.17    0.293 -11.38   0      17.79     644.6423     49.39827
       453    881.8410    379.2893     4012.127     187.6809  15.9916   0.0508     4.06    0.284  -2.70   0      33.51     1289.472     51.70735
       454    556.6306    378.0220     3770.466     184.1776  16.0590   0.0530     3.97    0.194   9.73   0      31.39     1227.454     51.89581
       455    837.5106    375.6587     1478.305     126.0201  17.0756   0.0926     5.84    0.147 -75.35   0      14.92     513.7822     48.17742
       456    229.6568    376.0289     3002.229     182.4115  16.3064   0.0660     3.91    0.067 -35.03   0      27.06     975.2413     50.54379
       457    626.9836    374.4429     2385.534     204.0637  16.5560   0.0929     4.57    0.284  22.73   0      18.55     677.0442      49.4266
       458   1023.1503    366.4557     10362.91     177.6233  14.9613   0.0186     3.94    0.469  89.76  26      80.69     4015.399     62.45621
       459    158.2941    367.3399      2381.78     173.2333  16.5577   0.0790     3.25    0.218   9.59   0      21.96     852.3805     49.62906
       460    229.3408    365.5329     2529.108     198.2965  16.4926   0.0851     3.60    0.226  19.35   0      21.37      826.598     49.87093
       461    650.2204    361.3805     1811.684     171.6171  16.8548   0.1029     3.31    0.226  19.25   0      16.23     622.4666       49.175
       462    128.4488    360.4634      8904.11     186.4505  15.1260   0.0227     3.73    0.199  -0.74   0      73.54     3300.773     60.09771
       463    811.3553    358.9649     8963.911     108.7574  15.1188   0.0132     1.00    0.134   1.73   0      111.8     8722.271     78.02551
       464    488.5557    355.7057     6223.229       214.64  15.5150   0.0375     3.92    0.277   8.81   0      47.96     1945.911     54.40682
       465    113.2559    352.7443     2550.598     148.4406  16.4834   0.0632     3.65    0.238   3.82   0      24.93     999.0258     50.88559
       466    173.6573    352.1488     4132.195     159.4913  15.9595   0.0419     3.58    0.190  -9.04   0      38.64     1573.973     53.27996
       467     10.9907    352.9877     3522.484     88.67754  16.1329   0.0273     0.00    0.004  53.09   3      78.12     3423.804     60.56119
       468      8.9409    349.5263     3731.997     237.2135  16.0701   0.0690     4.08    0.275   2.59  18      21.26     865.7707     49.92982
       469    804.6855    350.9065     1267.858     97.58504  17.2423   0.0836     3.66    0.277  13.56   0      15.28      577.865     48.60165
       470    471.7515    350.5898     2518.902     191.3972  16.4970   0.0825     3.97    0.272  -2.18   0      19.88     729.8189     49.54844
       471    147.6969    349.0981      6110.36     220.6876  15.5348   0.0392     3.60    0.272   5.51   0      45.07     1846.066     53.76673
       472    965.3942    346.1557     26627.77     281.4295  13.9367   0.0115     3.54    0.207   3.68   2      131.9     6956.992       72.702
       473    333.0361    348.4121     2378.339      187.291  16.5593   0.0855     3.76    0.208 -12.04   0      21.63     822.7435     50.21099
       474    634.4354    347.3777     1231.141     135.8407  17.2742   0.1198     3.89    0.168 -14.94   0      13.99     525.2601     48.84592
       475    873.5975    346.0514     1516.218     167.7058  17.0481   0.1201     3.96    0.254 -48.65   0      13.66     481.1646     48.27105
       476     37.6244    345.4408     2503.856     126.6847  16.5035   0.0549     3.56    0.274   2.24   0      25.71      1018.62     50.97303
       477    663.5338    341.2878     10597.63     201.5025  14.9370   0.0206     3.68    0.267   3.08   0      80.84     3688.961     61.35411
       478    406.9001    342.6278     2828.099      191.764  16.3713   0.0736     4.11    0.322   6.51   0      23.24     837.3293      49.3188
       479    983.9952    337.4713     1900.493     115.7109  16.8028   0.0661     3.57    0.192  -0.95   0      20.16     782.7604     49.67075
       480    496.2773    329.9881     71723.03     275.3961  12.8609   0.0042     3.55    0.175  -0.18   0        301     24768.34     115.6275
       481    377.8055    331.9504     23462.82     216.9044  14.0740   0.0100     3.60    0.184   4.80   0      145.7     8238.587     76.60368
       482    347.9745    333.6838     5910.552       193.08  15.5709   0.0355     3.55    0.195   0.51   0      50.03     2153.185      55.4813
       483    185.7802    325.5109     23776.69     237.5604  14.0596   0.0109     3.48    0.080 -23.13   0      144.9      7925.75     75.43301
       484    680.5531    329.3666     1709.782     167.9679  16.9176   0.1067     4.44    0.176  12.58   0      15.26     551.5691     48.72397
       485     13.0684    329.5327     1787.021     174.1719  16.8697   0.1058     3.97    0.203   1.86   0      17.74     679.9829     49.07686
       486    753.6547    327.6025     3750.837     230.2139  16.0647   0.0667     3.88    0.266  10.86   0      25.59     981.7664     50.57312
       487    653.8533    322.8150     6509.023     216.3254  15.4662   0.0361     3.70    0.192   9.67   0      51.01     2138.701     55.63676
       488    270.3545    323.0635     13075.83     278.9518  14.7088   0.0232     3.56    0.243   5.98   0      79.02     3606.133     61.24161
       489     99.8425    319.6983     3977.073     175.3137  16.0011   0.0479     3.81    0.203  10.88   0       36.3     1439.356     52.13369
       490    433.8081    318.8417     3926.628     183.5597  16.0149   0.0508     4.09    0.252  -0.90   0      35.26     1413.771     52.81849
       491    981.7971    318.8019     1515.729     155.7183  17.0484   0.1116     4.08    0.295  19.23   0      15.81     616.1146     48.90231
       492    607.6216    317.5870     3023.377     223.5706  16.2988   0.0803     7.86    0.483  12.87   3      20.93     575.1011     48.83361
       493    610.0365    314.5088     2893.764     218.7175  16.3463   0.0821     4.57    0.353 -19.70   3      20.54     710.9631     48.85523
       494    155.5270    317.8792     2367.596     177.4667  16.5642   0.0814     3.40    0.044  89.34   0       23.9     943.6832     50.16446
       495    875.6002    314.6042     2504.922     182.6093  16.5030   0.0792     7.41    0.162  53.02   0      22.83     838.9116     49.92702
       496    248.4900    313.2683     1911.704     162.8364  16.7964   0.0925     2.86    0.056   7.96   0      18.42     710.7982     49.09803
       497    152.3286    311.0932     1779.713     170.7035  16.8741   0.1042     3.73    0.280  15.60   0      14.86     525.4451      48.2324
       498     37.7976    306.1425     4548.345     155.3562  15.8554   0.0371     4.02    0.236  -8.02   0      42.18     1767.226     54.09803
       499     16.2967    307.5093     2978.718     211.1766  16.3149   0.0770     3.44    0.190  -0.24   0      20.99     843.2395     49.70731
       500    575.0466    305.1754     4221.804     187.1395  15.9363   0.0481     4.04    0.223   1.08   0      37.86     1509.627     53.11718
       501    242.0231    306.4799     1564.015      164.177  17.0144   0.1140     6.06    0.194  27.56   0      15.17     503.9015     48.37799
       502    268.6823    300.2855     18045.08     276.0363  14.3591   0.0166     3.74    0.178   8.79   2      104.7      4932.23     65.88913
       503      3.8749    303.2306     2806.467     124.8604  16.3796   0.0483     4.42    0.486 -15.50  24      28.05     1127.043     51.22183
       504    825.4156    302.5166      2435.09     128.8961  16.5337   0.0575     3.86    0.274   0.12   0      25.18     965.2637     50.49891
       505    956.1469    301.0578      1586.71     138.6028  16.9988   0.0949     3.08    0.345   9.53   0      15.91     591.9409     49.03371
       506    709.9233    300.9193     11796.24     109.1912  14.8206   0.0101     0.00    0.121  45.01   0      150.3      11588.8     85.69267
       507    834.8909    292.4653     2046.377     175.3624  16.7225   0.0931     4.38    0.211  -0.43   0      17.37     633.7355        48.74
       508    389.1061    289.8990     4540.898     214.9426  15.8571   0.0514     5.52    0.266  -9.61   0      37.73     1484.263     52.44294
       509    158.1426    290.0074     1149.816     84.16317  17.3484   0.0795     2.43    0.169  -1.59   0      35.35     970.3699      50.6398
       510    461.8607    285.0856     1610.768      120.209  16.9824   0.0810     3.80    0.358 -10.53   0      16.72     633.3547     48.73823
       511    981.2209    282.3368     4094.573      199.336  15.9695   0.0529     3.97    0.263  -1.46   0      34.65     1384.046     52.34974
       512    195.4648    281.1725     1982.033     171.8425  16.7572   0.0942     3.67    0.250 -19.28   0      19.11     742.4966     49.48618
       513    615.3984    279.9541     2231.234     187.1124  16.6286   0.0911     4.60    0.477  -3.50   0      19.05     721.7813     49.51156
       514    988.0961    274.3658     13230.63     237.5137  14.6960   0.0195     3.70    0.275  12.97   2      82.55      3631.57     60.94573
       515    202.5330    275.3267     1855.199      149.382  16.8290   0.0874     3.87    0.208  10.05   0      18.76     735.7648      49.3345
       516    889.2014    270.9492     49676.93     250.0833  13.2596   0.0055     3.61    0.188   5.69   0      241.1     17103.24     99.42628
       517     77.2303    274.3498     1730.269     146.1627  16.9047   0.0917     4.15    0.248  19.48   0      17.37      666.077      49.2552
       518    365.0864    273.4835     2433.401     214.0999  16.5345   0.0956     3.87    0.189  -1.03   0      17.72     646.5745      48.9219
       519    706.4222    265.3147     5121.147     229.6228  15.7266   0.0487     2.02    0.378  18.33   2      36.12     1463.944     52.46861
       520    178.7433    266.1563     4071.037      238.165  15.9757   0.0635     4.75    0.227  24.23   0      28.43     1059.973     51.04036
       521     79.1676    261.8410     6318.055     171.5029  15.4985   0.0295     3.75    0.226   4.55   0      54.58     2345.801     56.58192
       522    436.2707    259.5766     10792.65     240.8081  14.9172   0.0242    11.83    0.160 -17.00   0      69.31     2642.504     57.65805
       523    781.1678    261.5262      2301.08     194.9999  16.5952   0.0920     3.56    0.199  -1.91   0      20.33     771.8993     49.62103
       524    374.9302    261.6045     1505.062     147.8431  17.0561   0.1067     3.88    0.231  11.04   0      15.95     607.5936     48.86269
       525    843.3200    259.5551     4864.116     206.8057  15.7825   0.0462     3.99    0.158   2.40   0      41.09     1592.697     53.02338
       526     16.3044    263.9952     5567.521     101.4118  15.6358   0.0198     0.84    0.035  -4.61   0      84.11     5282.552     67.17547
       527    919.2217    257.0086     3447.049     138.4258  16.1564   0.0436     3.76    0.209   6.20   0       34.1      1392.05     52.49821
       528    505.5323    257.8026     1315.405     142.4089  17.2024   0.1176     3.53    0.268   1.51   0      13.96     546.7783       48.579
       529    161.8073    253.3006     9498.696     189.5487  15.0558   0.0217     3.85    0.225   2.10   0      75.31     3431.497     60.59006
       530    270.6560    253.1972     996.6539     92.22207  17.5036   0.1005     2.42    0.456  61.59   0      21.45     963.1584     50.60743
       531    982.5913    252.0122     3821.958      170.802  16.0443   0.0485     3.81    0.170   9.98   0       35.2     1412.645     52.47375
       532    620.6212    249.7427     2418.177     178.3694  16.5413   0.0801     4.71    0.380   6.38   0      19.44     713.8727     49.35455
       533     23.3719    240.9580     214991.4     384.4789  11.6689   0.0019     3.50    0.133   1.67   0      557.1     75178.03     190.5441
       534    707.8461    243.4603     6291.123     213.3185  15.5032   0.0368     5.73    0.198  16.40   0      47.32     1861.651     54.38372
       535    534.0923    244.6879     2853.233     223.3975  16.3617   0.0850     5.55    0.330   8.93   0      19.83     672.8414     49.04377
       536    483.6553    241.4320     46202.98     248.1109  13.3383   0.0058     3.63    0.182   7.56   0      228.9     15458.74     95.59332
       537    756.1669    239.4878     2966.098     195.0104  16.3195   0.0714     3.78    0.295 -16.41   2      22.22     839.8762     49.69193
       538    407.6595    236.8636     2865.898     167.7567  16.3568   0.0636     4.50    0.290 -19.02   0      25.16     931.7025     50.34764
       539    334.9358    235.1469     1461.124     154.6776  17.0883   0.1150     4.47    0.374   8.64   0      14.25     536.5299     48.53103
       540    681.9236    229.8842     5675.548     195.1095  15.6150   0.0373     6.56    0.251   7.75   0      47.72     1932.398     54.35035
       541    188.1654    229.0833     27856.51     237.0694  13.8877   0.0092     3.66    0.171  -3.34   0      163.3     9527.997     80.18954
       542    377.7518    230.4951     1324.562     163.8452  17.1948   0.1343     3.00    0.248 -89.13   0      12.85     485.0392     47.91732
       543    237.8335    221.6201      37635.7     233.2046  13.5610   0.0067     3.63    0.197   6.51   0      202.5     13377.37      90.6414
       544    413.1613    220.3749     8196.905     189.5611  15.2159   0.0251     4.36    0.230   1.15   0      64.25     2781.922     58.30738
       545    703.4989    219.4308     7044.327     192.0953  15.3804   0.0296     4.02    0.268   5.75   0      56.78     2322.574     55.85145
       546    623.4952    217.5210     2470.049     192.8915  16.5182   0.0848     3.44    0.176 -37.44   2      21.54     631.0038     48.72726
       547    208.0766    215.9689     5756.005     303.9408  15.5997   0.0573     9.78    0.674 -11.71   0      27.42     679.2863     49.19502
       548    660.4601    213.5162     8491.995     178.5847  15.1775   0.0228     8.75    0.270   1.83   0      68.35     2889.056      58.3158
       549    734.7053    214.0426     1952.279     89.69187  16.7736   0.0499     1.28    0.184 -11.98   0      41.55      1842.98     53.86452
       550    578.4211    213.2103     1476.698     144.7413  17.0768   0.1064     1.36    0.255   0.56   0      15.79      643.801     49.15231
       551    137.7432    203.7018     2102.598     182.9248  16.6931   0.0945     4.12    0.225  21.64   0      17.74     651.6742     48.82358
       552    486.2215    202.6559     1077.901     83.96875  17.4186   0.0846     1.75    0.349 -40.64   0      30.34      1167.96     51.40306
       553    850.4935    197.2412     1147.666      137.881  17.3505   0.1305     3.98    0.255  -0.52   0      12.74     498.6991     47.98207
       554    438.8719    195.6184      4059.41     223.9565  15.9788   0.0599     4.22    0.226   8.44   3      30.31     1149.276     51.43647
       555    433.9728    188.5050     32323.28     236.9487  13.7262   0.0080     3.73    0.154  12.99   2      181.4     10809.38     83.52857
       556    364.7014    195.8462     3946.043     157.3418  16.0096   0.0433     3.89    0.192 -10.13   0      35.47     1376.583     51.85931
       557    974.5051    195.5661     2571.068     186.7279  16.4747   0.0789     4.64    0.314   1.50   0      21.94     768.8255     49.12367
       558    748.7900    190.7621     66721.37     276.1403  12.9393   0.0045    10.78    0.277   1.46   0      285.2     22222.63     110.6723
       559    481.9858    194.1403     3848.315     186.6854  16.0368   0.0527     3.56    0.276   2.38   0      33.96     1397.348     52.52114
       560    258.5959    191.8903     9768.618     191.4362  15.0254   0.0213     3.64    0.182  -4.15   0      77.17     3513.499     60.89687
       561    565.9179    189.9668     7555.915     200.2881  15.3043   0.0288     3.78    0.172   4.66   0      61.65      2668.42     57.55322
       562    956.1271    189.2459     3193.075     160.9512  16.2395   0.0547     4.00    0.253  -0.35   0      31.01     1260.422     51.81026
       563      2.0070    188.1672     1144.897     104.6806  17.3531   0.0993     3.17    0.160  85.12  24      15.33     628.3803     49.20232
       564    182.4393    186.0422     1954.114     201.3734  16.7726   0.1119     5.92    0.203 -79.55   0      14.79     513.3944     48.42257
       565    963.2384    181.0844     2857.287     175.5629  16.3601   0.0667     3.89    0.194 -10.20   0      25.36     980.2765     50.32998
       566    876.7665    181.0208     1590.107      141.799  16.9964   0.0968     3.90    0.354   1.57   0      16.43      654.952     49.32491
       567    316.2538    179.0618     11852.81     195.4268  14.8154   0.0179     3.58    0.202   2.80   0      89.04     4238.583     63.54536
       568     76.1353    177.8020       2613.5     192.2865  16.4569   0.0799     3.62    0.091 -10.15   3      23.56     924.3808     50.43298
       569     79.7414    173.4986     3814.915     236.6637  16.0463   0.0674     4.04    0.189  -0.16   2      25.88     916.2375     50.03996
       570    536.8124    175.8008     2036.842     189.2547  16.7276   0.1009     2.91    0.421  72.11   0      12.99     474.7119     48.24067
       571    255.9991    174.1691     2206.505     122.5529  16.6407   0.0603     3.38    0.567  89.59   0      31.53     1272.449     52.09248
       572     16.5834    170.0818     4284.218     201.7813  15.9203   0.0511     4.50    0.102 -74.57   0      33.61     1204.941     51.56631
       573    531.2764    171.0809     2482.316     207.0721  16.5129   0.0906     5.21    0.472  -6.67   0      17.07     590.3533     48.41425
       574    789.2517    168.0306     4137.248     256.8997  15.9582   0.0674     7.30    0.211  84.18   0      25.61     665.7902     49.13263
       575    319.4635    168.6631     5604.562     223.5267  15.6286   0.0433     3.64    0.097  -2.31   0      46.24      1851.55     54.23162
       576   1022.7846    164.1068     2551.729     147.4344  16.4829   0.0627     2.90    0.167  86.67  24      26.84     1157.257     51.12291
       577    679.0236    164.9784     2585.562     86.24287  16.4686   0.0362     4.22    0.021 -54.96   3       64.8     2485.604     57.14071
       578    680.0051    161.7699     1788.725     144.2001  16.8686   0.0875     4.76    0.385   8.38   2      18.33     693.0247     49.50002
       579    398.9193    163.4368     1749.159     155.1002  16.8929   0.0963     4.60    0.253  -8.76   0      16.41     600.1867     48.82823
       580    227.9022    162.8263      2855.79     187.8695  16.3607   0.0714     3.94    0.196  12.17   1      27.97     1080.888     50.54683
       581     37.0785    161.5665     1959.134     179.4531  16.7698   0.0995     3.88    0.221  13.29   0      17.77     662.7714     49.11866
       582    631.0079    159.9164     3932.445     189.9541  16.0133   0.0525     4.44    0.258   0.18   0      34.62     1296.046     52.08094
       583    222.4803    157.4266     5089.338     234.0934  15.7333   0.0500     9.57    0.107 -89.01   0      35.72     1298.891     51.97873
       584    786.8990    159.4148      2727.53     194.7321  16.4106   0.0775     3.78    0.213 -11.34   0      22.53     839.3996     49.68975
       585    965.5976    158.5904     2246.652     164.2138  16.6212   0.0794     4.22    0.298   6.04   0      21.41     774.5875     49.63334
       586    312.4881    155.2851     1772.273     159.8677  16.8787   0.0980     3.53    0.060  -2.71   0      16.82      612.206     48.76197
       587    801.0810    149.7660      5032.57     104.5746  15.7455   0.0226    -1.55    0.353 -72.21   0      90.99     4432.465     64.23504
       588    779.5757    147.4768     3101.573     215.5011  16.2710   0.0755     4.38    0.300   1.30   0      22.47     830.1103     49.88694
       589    295.4047    147.3773     1905.402     173.4689  16.8000   0.0989     6.43    0.207  28.16   0      17.06     558.9867     48.63608
       590    182.8230    147.3801     2224.225     130.8235  16.6321   0.0639     3.22    0.233  12.33   0      25.65     1071.304     51.20739
       591    989.4578    146.6117      1937.65     141.3036  16.7818   0.0792     4.79    0.286  21.78   0      18.66     676.0838     49.30135
       592    251.1644    144.7261     7597.955     203.2912  15.2983   0.0291     3.60    0.248   7.62   0      60.15     2588.618     57.34133
       593    194.5406    144.1839     2027.682     165.7199  16.7325   0.0888     6.73    0.562 -13.70   0      19.18     614.2947     48.89385
       594    129.2114    142.4538     12596.75     214.4417  14.7494   0.0185     8.96    0.346 -13.96   0      96.58     4848.227     65.78033
       595    380.6891    141.1168     5063.247     175.8704  15.7389   0.0377     4.61    0.293   0.30   0      44.12     1810.474      54.0592
       596    595.6486    137.2840     1979.307     181.9539  16.7587   0.0998     4.32    0.192  -6.24   0      17.02     593.5919     48.55245
       597    794.9481    134.3950     2252.121     197.2242  16.6185   0.0951     3.30    0.511 -75.76   0      17.08     607.7177     48.98518
       598    116.9747    132.9557     5145.067     239.8103  15.7215   0.0506     3.81    0.247  -0.40   0      35.43     1466.479     52.93224
       599   1000.3402    131.1371     4956.636     188.0298  15.7620   0.0412     5.50    0.366   8.33   0      43.32     1745.893     53.89779
       600     40.8245    129.4777     6214.197      173.956  15.5165   0.0304     8.69    0.210 -81.91   0      52.73     1906.738     54.57181
       601    414.1598    129.1748      1848.34     150.3664  16.8330   0.0883     3.77    0.305  -6.44   0      18.72     723.5577     49.64001
       602    720.9703    125.4930     11154.36     227.1391  14.8814   0.0221     4.41    0.208 -19.13   0      77.44     2987.156     58.49331
       603    699.6829    125.9643     3994.684     190.8116  15.9963   0.0519     3.72    0.206  -7.52   0      33.52     1317.848     51.94687
       604    651.8117    126.5619     1916.134     159.1378  16.7939   0.0902     4.65    0.119 -18.70   0      18.79     695.0677     49.62973
       605    707.5256    124.6279     4572.574     143.4153  15.8496   0.0341     0.00    0.549 -33.99   0      65.38     2971.679     58.84001
       606    874.7613    117.1422     9791.531     212.1517  15.0229   0.0235     4.49    0.219  -2.87   0      72.69     3196.608     59.70249
       607    544.5693    115.6529     1393.709     171.9321  17.1396   0.1340     5.29    0.136 -19.50   0      13.89     508.8119     48.40105
       608    257.8045    113.1847      2104.21     171.1349  16.6923   0.0883     4.67    0.327   0.63   0      19.66     758.9362     49.56163
       609    585.7721    112.7919     1373.927     149.6477  17.1551   0.1183     5.33    0.417   1.22   0      13.34     469.1881     48.33818
       610     57.6884    110.3042     2786.564     174.6195  16.3873   0.0681     4.73    0.380  -2.83   0       26.1     978.2566     50.43924
       611    418.9934    109.7897      1310.43     180.2914  17.2065   0.1494     5.08    0.221 -89.67   0      12.23     393.3374     47.85575
       612     40.5717    104.4095      35798.7     237.1357  13.6153   0.0072     3.60    0.171  -0.56   0      193.7     11954.51     86.93203
       613    683.3184    100.5017     9207.482     188.4094  15.0896   0.0222     3.73    0.291   1.12   0      73.92     3273.489     59.69545
       614    380.9413    100.9967     2624.077      185.189  16.4526   0.0766     3.75    0.141  -1.78   0      23.44     919.8005     50.41233
       615    545.2355     97.1796     2627.907     213.6094  16.4510   0.0883     4.07    0.178  34.06   0      17.45     637.7542     49.36657
       616   1000.2980     95.0332      1953.81     180.2753  16.7728   0.1002     3.46    0.349  -0.01   0      17.29     624.1375     48.44964
       617    814.5125     91.9475     6533.455     251.4156  15.4621   0.0418     3.62    0.257  -4.50   2      36.74     1468.398      52.4879
       618    269.6286     93.4555     3112.233     180.9075  16.2673   0.0631     3.54    0.299  -5.19   0      28.03     1096.532     51.08627
       619    748.2464     88.1001     11591.93     214.0717  14.8396   0.0201     3.91    0.237  -0.22   3      83.74     3755.571      61.3092
       620    758.8718     86.4871     17156.18     226.5791  14.4139   0.0143     4.03    0.213  -0.23   2        113     5471.849     67.63675
       621    160.8356     83.6761     2169.427     134.1064  16.6591   0.0671     4.14    0.291  -3.02   0       21.4     792.0178     49.71309
       622    951.2117     78.6596     3127.762     166.3277  16.2619   0.0578     3.87    0.198   0.26   0      29.31      1122.11      51.3163
       623    596.5642     78.2298     2728.322     172.8267  16.4103   0.0688     3.87    0.205  -8.43   0      25.49     984.2574     50.81959
       624    975.9099     77.4997     3497.652     233.1832  16.1406   0.0724     3.93    0.153  13.57   0      23.77     873.5153     49.72575
       625    632.4338     76.7141     2396.564     200.3894  16.5510   0.0908     4.13    0.309   4.97   0      18.94     696.0676     49.15129
       626     40.7326     74.6971     2225.018     173.0275  16.6317   0.0845     4.16    0.218 -17.02   0      21.27      802.111     49.51891
       627     59.6558     70.2318     4516.597     186.7002  15.8630   0.0449     4.07    0.242   4.89   0      37.83     1528.719     52.97411
       628    958.4510     69.3102     3433.665     208.1136  16.1606   0.0658     4.06    0.211  12.40   0      27.62     1045.046      50.6216
       629    857.0977     68.5749     4841.174     164.1725  15.7876   0.0368     3.64    0.138  12.42   0      42.75     1724.201       53.361
       630    970.4114     63.9451     22934.36     243.5826  14.0988   0.0115     3.64    0.194   8.26   0      140.3     7528.842      74.4682
       631    822.2624     59.2125     120502.4     316.8615  12.2975   0.0029     3.74    0.165   2.53   0      406.4     40597.39     143.4041
       632    551.9900     59.1086     78437.66     282.9982  12.7637   0.0039     3.79    0.164  -1.31   0      318.4     27041.71     120.0128
       633    337.2176     61.6445     23982.11     219.4953  14.0503   0.0099     3.79    0.268   1.17   0      146.4     7966.182     75.86984
       634     26.3154     61.4599     12325.27     196.7348  14.7730   0.0173     3.62    0.187  -2.61   0      91.37     4250.781      63.4011
       635    434.9723     59.9498     4688.811     91.61799  15.8223   0.0212     4.33    0.089  61.51   0      92.17     4459.023     64.51411
       636   1000.3215     56.0510     2081.911     190.8776  16.7038   0.0996     5.80    0.130  55.79   0       16.5     566.7729     48.54976
       637    161.1298     46.6209     8449.642      179.364  15.1829   0.0231     3.92    0.206   2.63   0      67.22     2917.386     58.73156
       638    784.9015     44.4952     22437.77     208.8047  14.1226   0.0101     3.79    0.200   5.09   0      142.5     7647.018     74.50848
       639    980.3250     45.6715     2331.249     189.6079  16.5810   0.0883     4.22    0.279  10.77   0      19.13     709.0849     49.21144
       640    908.6179     45.4550     3197.688     219.0331  16.2379   0.0744     6.33    0.210  15.13   0      22.53     755.5561     49.66636
       641    763.1403     45.7839       1581.2     168.6802  17.0025   0.1159     5.09    0.422  19.76   0      13.03     467.1938     48.20523
       642    297.5296     45.4693     2053.432     159.3338  16.7188   0.0843     4.19    0.304  -2.17   0       20.5      773.745     49.50916
       643    488.4360     41.2425     2010.333     182.8102  16.7418   0.0988     3.45    0.231  26.34   0      16.49     604.6285     48.97084
       644    127.7563     37.7600     26658.72     228.8603  13.9354   0.0093     4.29    0.161  18.93   0      155.8     7745.572     75.04731
       645    851.3604     36.1324     2918.677     189.5256  16.3370   0.0705     3.95    0.194  16.13   0      26.31     998.9366     50.65023
       646    506.5866     36.3854     2125.546     184.5761  16.6813   0.0943     4.45    0.141 -30.96   0      17.63      643.186     49.02796
       647   1013.9186     30.0203     3469.484     217.9509  16.1493   0.0682     4.49    0.152  15.84   0      25.73     1033.163     50.92084
       648    591.0327     29.9760     12783.64     109.8787  14.7334   0.0093     4.37    0.087 -35.93   0      161.3     12542.46     88.52321
       649    843.6272     23.0274     1649.305     161.5494  16.9567   0.1064     4.18    0.284 -17.28   0      15.79     619.0901     49.15939
       650    855.2742     17.9297     3251.386     188.3474  16.2198   0.0629     4.51    0.255  -7.06   0      26.67     985.2883     50.47091
       651    761.5545   1020.2245     15642.23     188.2573  14.5143   0.0131     3.44    0.252   5.21  16      112.4     5904.351     69.41928
       652    609.0992   1021.0692     4431.681     177.5894  15.8836   0.0435     3.46    0.268  -6.42  16      38.25     1559.632     52.76856
       653    883.3390   1019.7169     6564.097      201.393  15.4571   0.0333     3.80    0.259   2.04  16      51.38     2135.124     55.29952
       654    341.8759   1021.1019      1845.59       165.47  16.8347   0.0974     3.43    0.349  -8.24  16      16.97     678.3849     48.82575
       655    548.4960   1019.7455     1783.731     169.8331  16.8717   0.1034     3.06    0.034   9.31  16      16.88     614.8074     48.52891
       656    419.3990   1017.3445     6767.511      190.206  15.4239   0.0305     3.44    0.224   7.10  16      57.31     2495.763     56.97211
       657    564.8823   1015.7962     1518.431     90.25323  17.0465   0.0646     4.85    0.273  51.88   0      36.35     1127.326     51.33939
       658     13.5154   1015.5072     1449.207      148.763  17.0972   0.1115     3.04    0.034  -0.93   0      15.32     599.4141     48.70232
       659    579.9692   1014.0911     1524.433     144.8163  17.0422   0.1032     4.01    0.178   0.23   0      16.57     635.3021     48.50198
       660    354.6282   1012.3682     1726.919     179.9891  16.9068   0.1132     3.50    0.125 -38.57   0      15.06     567.4413     48.92002
       661    382.4081   1010.8284     2228.917     166.8915  16.6298   0.0813     3.83    0.286  -7.89   0      20.97       801.43     49.87583
       662    166.4495   1009.5024     3885.806     264.1212  16.0263   0.0738     7.72    0.469  71.81   0      20.36     589.8434     48.41186
