#   1 NUMBER                 Running object number                                     
#   2 X_IMAGE                Object position along x                                    [pixel]
#   3 Y_IMAGE                Object position along y                                    [pixel]
#   4 FLUX_AUTO              Flux within a Kron-like elliptical aperture                [count]
#   5 FLUXERR_AUTO           RMS error for AUTO flux                                    [count]
#   6 MAG_AUTO               Kron-like elliptical aperture magnitude                    [mag]
#   7 MAGERR_AUTO            RMS error for AUTO magnitude                               [mag]
#   8 FWHM_IMAGE             FWHM assuming a gaussian core                              [pixel]
#   9 ELLIPTICITY            1 - B_IMAGE/A_IMAGE                                       
#  10 THETA_IMAGE            Position angle (CCW/x)                                     [deg]
#  11 FLAGS                  Extraction flags                                          
#  12 SNR_WIN                Gaussian-weighted SNR                                     
#  13 FLUX_APER              Flux vector within fixed circular aperture(s)              [count]
#  14 FLUXERR_APER           RMS error vector for aperture flux(es)                     [count]
         1    608.2606     13.2483      4597.69     173.8747  15.8437   0.0411     7.72    0.021 -23.85   0      41.67     1764.761     56.33987
         2     54.1064     14.3751     3033.216     240.8296  16.2952   0.0862     5.57    0.236 -12.06   0      17.87     632.5873     51.17961
         3     42.1776     13.3967     2668.899      221.636  16.4342   0.0902     3.64    0.181 -11.02   0      18.98     711.6623      51.9182
         4   1009.0905      8.3034     2507.084     209.8177  16.5021   0.0909     7.53    0.554  87.42  16       16.6      462.746     50.55248
         5    532.1681      9.1832     2799.045     202.0047  16.3825   0.0784     3.71    0.140 -39.89   0      25.01      1034.03     53.56149
         6     59.9955      7.4968     3310.876     231.8829  16.2001   0.0761     4.94    0.276 -18.70  16      22.08     923.4435     52.83714
         7    379.8847      5.7186     5464.678     178.7921  15.6561   0.0355     3.09    0.101 -21.09  16      48.63     2229.895     57.95518
         8    180.5054      5.3688     3330.373     177.0071  16.1938   0.0577     3.76    0.149  -1.34  16      29.29     1198.936     53.51058
         9    343.0061      2.6478      1778.48     136.2535  16.8749   0.0832     4.07    0.196 -28.51  24      18.25     727.7783     52.11742
        10    385.7088   1010.4984      1604.18     160.7994  16.9869   0.1089     2.59    0.232 -35.96   0      17.03     752.6089     51.70984
        11    170.2037   1010.0088     1955.926     189.0297  16.7716   0.1050     5.00    0.209  -1.56   0       14.2     568.0375     51.28563
        12     46.7555   1007.9675       4321.5     169.6077  15.9109   0.0426     3.18    0.148 -21.18   0      39.76     1855.705     56.94138
        13    916.9747   1007.6567     1946.299     195.9798  16.7770   0.1094     6.09    0.159  51.37   0      15.52      628.728     51.55387
        14    140.8652   1007.3393     2503.495     194.0523  16.5036   0.0842     3.61    0.249 -10.41   0      20.98     889.3539      52.6903
        15    663.6747   1003.4755     13346.73     242.9023  14.6866   0.0198     3.26    0.154  28.14   0       93.4      4824.45     67.26622
        16    114.1483   1005.5055     2048.076     186.4645  16.7216   0.0989     3.60    0.303 -22.23   0      17.03     709.6624     51.52074
        17    530.0110   1001.8976     9489.899     246.8476  15.0568   0.0282     4.36    0.291  25.95   0      63.45     2798.699     60.36681
        18    794.6506   1002.4781     5573.046     201.8085  15.6348   0.0393     3.43    0.094   6.12   0      47.94     2123.107     57.65123
        19    887.7603   1001.7488      3681.25     148.6948  16.0850   0.0439     3.47    0.136 -32.04   0      34.36     1506.671        55.41
        20    740.5023   1004.9096     3244.651     214.5551  16.2221   0.0718     3.06    0.177  -8.59   0         23     972.3862     52.66694
        21    499.4246   1001.6298     1715.246     168.0838  16.9142   0.1064     3.13    0.123 -38.42   0      16.72     673.1477     52.00764
        22    230.6266   1001.7032     1952.586     171.3626  16.7735   0.0953     5.53    0.316  -2.41   0      18.31     678.8062     51.25388
        23    683.6002   1002.8335     2581.699     183.4978  16.4702   0.0772     3.93    0.149 -51.08   0      24.98     1033.497     53.55922
        24    320.2171    992.8723     1263.364     125.1025  17.2462   0.1075     2.43    0.245 -28.80   0       14.5     627.6258     51.67884
        25    199.2536    990.8980      2157.17     207.8326  16.6653   0.1046     6.20    0.393  83.27   0      15.69     566.7278     50.88631
        26    563.4123    990.9222     1207.476     135.2977  17.2953   0.1217     3.69    0.280 -17.69   0      15.05     613.0452     51.48469
        27    465.8806    987.3278     3897.084     119.0274  16.0232   0.0332     5.92    0.437 -85.11   0      50.58      2619.82     59.46462
        28    190.5625    986.2310     3421.466     210.8059  16.1645   0.0669     3.43    0.250 -16.84   0      30.27     1299.116     54.55204
        29    397.9409    980.8876     19641.88     235.5788  14.2670   0.0130     4.19    0.408  -2.21   0        125     6904.877     74.05264
        30    479.7560    982.1465     3551.268     167.5757  16.1240   0.0512     3.40    0.143  -4.78   0      33.49         1448     55.16883
        31    172.8101    982.3501     1704.811     113.2961  16.9208   0.0722     4.26    0.227 -22.65   0      18.52     765.3157     52.28086
        32    143.3697    978.9180      1382.45     126.6483  17.1484   0.0995     2.96    0.273 -14.99   0      17.29     740.1768     52.04287
        33    741.4533    976.4932     1576.159     161.7985  17.0060   0.1115     3.89    0.287  15.18   0      14.34     544.1646     50.78543
        34    971.0013    972.3678     3835.773     102.2464  16.0404   0.0289     0.88    0.176  89.50   0      69.73     3872.311        64.49
        35    843.9323    971.3801      1899.72      195.069  16.8033   0.1115     6.18    0.366 -70.90   0      14.67     531.3124     51.25352
        36    416.3824    970.2957     1945.939      119.523  16.7772   0.0667     2.93    0.079 -71.47   0      21.34     907.1243     52.38456
        37    379.3228    970.8267     3164.429     104.0155  16.2493   0.0357     2.37    0.336 -28.53   0      64.44     2644.858     59.78482
        38    910.5734    967.8721     1885.319     141.2576  16.8115   0.0814     2.73    0.047  61.91   0      21.51      932.167     52.87465
        39    690.9455    966.1417     4862.263     134.0021  15.7829   0.0299     6.63    0.327  88.48   0      60.28     3304.449     62.45671
        40    263.0527    960.0759     12111.09     116.3863  14.7920   0.0104     0.00    0.224  56.84   0        156     11852.19     88.01122
        41    801.1370    961.6899     2214.071     168.7569  16.6370   0.0828     2.88    0.189  12.25   0      22.47     970.8595     52.78744
        42    718.8531    960.2599     10094.67     175.2737  14.9898   0.0189     3.00    0.129 -15.07   0       81.6     4291.217     65.84809
        43    413.8480    960.0339     3673.422     124.1209  16.0873   0.0367     3.09    0.354 -71.56   0      48.86     2645.433       59.787
        44    335.5094    958.9132     3248.393     163.1068  16.2208   0.0545     5.90    0.157 -35.87   0      32.34     1459.755       54.974
        45    854.5390    959.2184     1552.015     139.5248  17.0228   0.0976     4.46    0.254  -0.47   0      14.81     602.2951     51.43721
        46    432.6734    957.6724     3451.717     144.9163  16.1549   0.0456     3.06    0.162 -15.76   0      34.64      1531.65     55.27042
        47    746.8372    952.7685     55744.12     256.0115  13.1345   0.0050     3.02    0.085  -4.16   3      261.2     22496.98     112.3001
        48    753.8760    950.3611     24828.07     239.8326  14.0126   0.0105     4.80    0.149   1.86   3      149.9      9205.92     80.97237
        49    486.3992    955.6833     3416.321     189.0132  16.1661   0.0601     3.24    0.230 -10.86   0      29.91     1328.091     54.79504
        50    282.7375    956.1044     6302.553     110.6601  15.5012   0.0191     0.00    0.314 -22.51   0      101.1      5443.44     69.42265
        51    211.5585    954.9598     7432.878     164.8203  15.3221   0.0241     3.26    0.177 -12.76   0      65.23     3245.227     62.02515
        52   1019.3903    954.3713      2424.84     160.9176  16.5383   0.0721     3.29    0.248  -6.29  16      24.38     1055.474     53.52736
        53    916.7393    953.6407     14671.56     252.2381  14.5838   0.0187     3.30    0.207  -8.21   2      80.37     3842.529     64.17648
        54    522.1609    953.4213     10805.13     204.3643  14.9159   0.0205     3.19    0.150  -9.21   3      84.05     4328.065     66.17796
        55    521.4429    948.2708     9422.227     208.5219  15.0646   0.0240     3.05    0.193  -6.32   3       72.5     3519.847     63.02338
        56    141.0627    953.9172     10433.08     113.0621  14.9540   0.0118     0.00    0.243 -54.03   0      147.7     10657.36     84.79073
        57    559.2200    952.4576     2803.514     164.5347  16.3807   0.0637     3.09    0.182  -5.74   0      25.67      1123.99     53.69284
        58    624.4809    948.8400     4159.301     199.3716  15.9524   0.0521     8.32    0.263  57.46   0      37.96     1672.973     55.84852
        59    130.8101    951.6210     1308.404     101.5412  17.2081   0.0843     3.98    0.301 -47.75   0      15.06     615.3542     51.62484
        60    986.9763    947.1362     15908.86     220.8508  14.4959   0.0151     3.90    0.066  59.69   0      104.4     5096.757     68.57204
        61    227.9843    946.9697     1594.492      139.594  16.9934   0.0951     3.34    0.300  -0.16   0       16.1     652.1635     51.91586
        62    839.6824    939.6776     10887.12     202.8102  14.9077   0.0202     3.11    0.112 -22.48   3      85.01     4331.604      65.5799
        63    845.4390    931.0897     40516.38     236.5163  13.4809   0.0063     3.03    0.074 -16.80   2      215.2     16492.71     99.20636
        64    194.5291    941.3076     1436.846     124.0744  17.1065   0.0938     4.28    0.585  55.09   0      12.85     1159.088      53.7166
        65    489.5401    937.8216     3533.034     162.4752  16.1296   0.0499     6.10    0.378  76.02   0      47.59     2460.245     59.07884
        66    164.4492    940.0559     4307.386     193.5746  15.9145   0.0488     3.32    0.142  -9.34   0      38.63     1761.462     56.44539
        67     69.4685    936.3958     1893.872     180.8003  16.8066   0.1037     4.53    0.222   3.50   0      16.81     653.8456     51.66448
        68    794.9661    932.9769     1617.077     186.8372  16.9782   0.1255     4.18    0.329   1.25   0      13.66     517.9307     51.32487
        69    425.4822    930.7063     4500.794     163.8233  15.8668   0.0395     3.57    0.193  25.80   0      41.64     1794.018     56.33895
        70     61.4594    928.3928     4024.649     185.2764  15.9882   0.0500     3.71    0.253 -22.36   0      36.15     1566.337     55.65419
        71    120.9983    926.0011     5385.788       132.38  15.6719   0.0267     4.18    0.001 -31.91   2        101     5254.617     68.99622
        72    946.5446    924.0826     11534.29     120.9286  14.8450   0.0114     1.12    0.113  36.11   0        131     10801.99     85.17753
        73    652.0138    924.1692     1149.224     102.8265  17.3490   0.0972     5.02    0.222 -88.28   0       12.6     510.5153     51.29202
        74    912.0491    921.7908     3037.835     192.9484  16.2936   0.0690     3.10    0.089 -26.33   0      28.73     1278.367     54.46553
        75    671.2531    922.2780     1702.941      160.939  16.9220   0.1026     3.09    0.111  74.77   0      17.27     733.1536      51.8832
        76    843.6107    915.4016     1440.478      142.904  17.1037   0.1077     5.76    0.278   3.70   0      13.55     497.0397     50.97002
        77    461.5432    914.8085     1829.579     194.1262  16.8441   0.1152     5.04    0.298  -1.06   0      11.96     466.7349     50.96636
        78    937.4581    912.3683     1337.838     141.5623  17.1840   0.1149     3.74    0.165 -14.69   0      15.15     634.5162     51.44931
        79    297.3871    910.3840     17445.25     192.5547  14.3958   0.0120     3.13    0.148 -16.08   0      124.7     7288.946     75.40009
        80    710.7809    910.8877     3423.049     144.8713  16.1640   0.0460     3.20    0.160   0.28   0      33.99     1555.113     55.24566
        81    990.8652    910.9877     3055.477     91.78504  16.2873   0.0326     0.95    0.078  -5.62   0      58.64      2938.07     60.88927
        82    587.0158    905.0154     87456.93     303.3445  12.6455   0.0038     3.09    0.062   9.18   2      335.8     25268.13      117.718
        83    823.1282    908.4451      2450.73     194.8521  16.5268   0.0863     4.39    0.226   4.37   0         20     755.2635     52.10871
        84    677.9310    907.2769     3655.183      165.707  16.0927   0.0492     3.02    0.158 -10.86   0      34.75     1601.311     55.43539
        85    630.4080    906.6827     3776.105     172.7975  16.0574   0.0497     3.34    0.163 -11.05   0      34.76     1534.854     55.40467
        86    652.5232    905.6456     2080.352     157.2666  16.7047   0.0821     3.00    0.101 -38.31   0      20.56     857.3673     52.42449
        87    142.6886    904.6093     3047.414     202.2839  16.2902   0.0721     3.24    0.152  -4.20   0       23.7     971.0141     52.91489
        88    974.6725    901.5228     4551.315     155.5018  15.8547   0.0371     7.76    0.460 -14.44   0      42.25     1466.444     54.87968
        89    757.8018    901.7122     2539.356     197.5163  16.4882   0.0845     5.36    0.348   2.94   0      20.88     761.8066     52.13724
        90    126.8296    899.8566     2753.475     206.0591  16.4003   0.0813     3.47    0.283 -27.96   0      18.27     777.4988      52.2056
        91     26.3740    898.3832     2864.817     156.2667  16.3573   0.0592     3.00    0.104 -16.95   0       28.9     1300.088     54.67877
        92    352.5782    896.8394     4322.183     119.8364  15.9107   0.0301     2.46    0.461 -63.43   0      58.76     3834.931     64.46217
        93    846.1851    895.8159     1838.316       183.49  16.8389   0.1084     3.14    0.042  47.72   0      14.79     606.6196     51.45632
        94    889.5724    894.2502     1930.127     170.3523  16.7860   0.0958     3.89    0.170  -3.16   0      17.99     731.2429      52.2609
        95    327.8230    892.2294     11063.01     176.5248  14.8903   0.0173     3.14    0.136  -2.79   0      89.61      4802.71     67.68951
        96    313.3559    884.2601     2331.601     127.0283  16.5809   0.0592     3.27    0.193 -13.96   0      24.62     1055.641     53.40274
        97    228.8568    883.9788     1582.127     171.8481  17.0019   0.1180     3.86    0.186  -2.45   0      14.52     608.6243     51.46517
        98    283.9661    879.4752     4839.454     162.2404  15.7880   0.0364     6.94    0.114 -53.59   0      44.39     2015.487     57.34237
        99    178.3041    878.3120     8923.224     191.1909  15.1237   0.0233     3.15    0.141  -6.96   0      73.36     3622.665     63.18132
       100    162.0236    880.7538     3802.717     97.12986  16.0498   0.0277     0.82    0.148 -85.48   0       71.9     3670.638     63.77531
       101     77.1412    875.8665     5228.815     158.6153  15.7040   0.0329     3.26    0.163 -12.30   0      49.26     2296.398     58.44513
       102     25.5670    873.3969     27940.71     241.3804  13.8844   0.0094     3.60    0.190  -6.60   3      162.4     10184.24     83.83328
       103     30.9958    871.3046     13185.21     185.6633  14.6998   0.0153     3.24    0.123   8.73   3      96.37     4960.198     68.01949
       104     13.4595    876.5280     3551.846     244.0794  16.1239   0.0746     4.95    0.308 -10.39   2      17.77     640.1177     51.60406
       105    115.8937    874.8439     4430.567      228.623  15.8839   0.0560     3.65    0.087 -35.58   0      33.45      1409.34     54.51992
       106    253.7761    871.8837     31532.37     221.7568  13.7531   0.0076     3.09    0.135 -18.13   0        184     12807.82     90.37118
       107    784.0076    873.0155     1660.245     91.98021  16.9496   0.0602     2.74    0.237  89.92   0      32.93     1623.004     55.76509
       108    571.3203    866.9208     10694.63     207.4962  14.9271   0.0211     3.43    0.183 -10.14   0      78.67     3726.697     63.44892
       109     97.2971    865.1611     4303.226     237.1307  15.9155   0.0598     3.79    0.229 -26.56   0      29.48     1215.045     53.57896
       110    863.3429    859.6561     13675.74       187.16  14.6601   0.0149     3.00    0.161  -6.99   0      105.7     5988.036     71.55874
       111    514.3481    860.4515     3666.767     230.7843  16.0893   0.0684     3.93    0.288 -33.66   0      24.88     963.0117     53.25928
       112    413.2016    860.5919     6329.418     185.3911  15.4966   0.0318     3.25    0.157 -16.07   0      55.65     2599.669     59.61279
       113    905.6909    857.7924     5187.131     182.1554  15.7127   0.0381     4.80    0.433 -21.62   0      41.73     1777.379     56.39074
       114    627.8018    857.1760     24389.57     212.7423  14.0320   0.0095     3.08    0.118 -11.08   0      154.3     9938.682     83.00361
       115    116.8592    856.8174      2751.13     151.7481  16.4012   0.0599     5.14    0.297 -44.91   0      24.02     931.6459     52.87241
       116     86.5364    856.6301     2184.936      195.401  16.6514   0.0971     3.49    0.135 -35.23   0      18.28     694.0881     51.84121
       117    845.6182    852.7586      2658.04      127.611  16.4386   0.0521     3.16    0.228 -18.48   0      27.07     1189.004     54.21508
       118    782.0579    850.4129     5872.299     196.2587  15.5780   0.0363     6.02    0.179 -13.79   0      49.69       2248.4     58.37309
       119    297.5663    850.2042     2175.058     101.8308  16.6563   0.0508     1.10    0.054  -2.26   0      44.27     2167.527     58.17266
       120    585.6314    860.7960     1903.997     94.37259  16.8008   0.0538     1.10    0.102  11.16   0      40.08     1854.719     56.93745
       121    323.8142    849.9835     1591.188     162.8515  16.9957   0.1111     3.02    0.169  -3.54   0       15.3     629.5009     51.55728
       122     60.6422    848.6490     5250.934     184.0643  15.6994   0.0381     4.84    0.339  -4.75   0      44.67     1952.016      57.2075
       123    626.3403    846.4805     4282.054     217.1992  15.9209   0.0551     3.30    0.166   3.64   0      34.55     1498.528     55.01239
       124    519.3575    841.3824     3327.219     227.5235  16.1948   0.0743     3.67    0.285 -12.22   0       22.1     960.7346     53.24957
       125    180.7841    837.4660     14407.17     204.2717  14.6036   0.0154     3.32    0.265 -16.44   0      103.6     5543.659     69.94184
       126    600.1034    836.1124     2060.277     155.0922  16.7152   0.0818     4.32    0.030  48.45   2      19.07      874.528     52.37105
       127    238.7608    832.5897     68393.45      271.361  12.9125   0.0043     3.10    0.069 -11.35   0      296.7     27537.89     122.1861
       128    974.7332    832.3856     6053.069     257.6959  15.5451   0.0462     7.31    0.453  24.27   0      40.21     1192.979     53.98407
       129    259.1321    831.3168     13996.55     193.7006  14.6349   0.0150     3.24    0.133 -11.15   0      104.8     5703.899     70.27016
       130    170.7610    829.5753     6754.746     211.2206  15.4260   0.0340     3.50    0.145   3.82   0      56.08     2577.454     59.75273
       131    101.0343    830.7934     1855.184     167.2744  16.8290   0.0979     6.56    0.340   4.50   0      20.56     854.3651     52.79362
       132     40.6910    829.7897     3135.647      140.897  16.2592   0.0488     3.32    0.165  10.49   0      32.85      1444.03     54.90894
       133    916.4384    826.3838     2151.291     140.4976  16.6683   0.0709     3.60    0.113  -2.14   0      21.59     856.9866     52.93165
       134    883.8463    823.5626     2991.792     198.0362  16.3102   0.0719     3.32    0.125 -23.31   2      22.15     912.7339     52.79105
       135    720.7458    825.5453      2804.48     159.3642  16.3804   0.0617     3.70    0.300  -0.29   0      26.89     1119.384     53.92244
       136    405.3370    825.1483     1901.522     161.2192  16.8022   0.0921     3.29    0.255  -4.70   0      17.22      697.798     51.85747
       137    874.4106    824.4395     2313.438     161.7988  16.5894   0.0760     3.05    0.112  12.15   0      22.56     971.4567     53.42089
       138    641.4465    834.1760     7990.481     190.9582  15.2436   0.0260     3.04    0.127 -12.69   0      65.71     3240.369     62.22309
       139    651.0494    813.3312     7703.482     200.0498  15.2833   0.0282     2.95    0.130 -10.51   0      62.99     3088.795     61.44928
       140    156.2133    812.8132     1217.313     146.0316  17.2865   0.1303     3.28    0.043  16.63   0       15.2     651.6909     51.65501
       141    980.1458    808.4039     1920.211     166.3588  16.7916   0.0941     3.43    0.237  -9.87   0      20.46     867.2957     52.72232
       142    258.0472    805.2848     7007.635     192.4146  15.3861   0.0298     3.45    0.198 -11.52   0      57.03     2664.146      59.6338
       143    655.5448    804.8218     5442.552     324.0266  15.6605   0.0647     8.50    0.546 -30.74   2      22.83     635.9634     51.58576
       144    490.3964    805.9275     2303.009      166.881  16.5943   0.0787     3.35    0.248  -5.43   1      20.88     867.8774     52.59759
       145    104.2338    802.4125     4494.998     128.2556  15.8682   0.0310     6.21    0.494 -67.70   0      67.65     3238.865     62.32521
       146    894.9470    800.8569     2609.535     201.7914  16.4586   0.0840     4.18    0.098 -24.93   0      22.61     940.3498     53.16249
       147    850.1561    799.5236     9257.662     192.4604  15.0837   0.0226     3.22    0.069 -56.78   0      74.09     3665.196     63.54537
       148    739.1458    799.9193     3589.273     239.9616  16.1125   0.0726     3.53    0.219 -25.30   0      22.78     948.4854     52.69102
       149    720.0051    798.9908     1435.117     133.1874  17.1078   0.1008     2.76    0.269  -0.19   0      18.49     854.4391     52.53949
       150    447.1496    794.1785     3159.148     205.6932  16.2511   0.0707     3.17    0.062  62.65   2      24.23     1032.809      53.5563
       151    885.0012    792.9892      1481.48     95.12709  17.0733   0.0697     4.21    0.010  55.15   2      44.04     1383.018     54.77829
       152    362.7082    794.8900     2795.482     162.4745  16.3839   0.0631     3.28    0.184 -44.03   0      26.03     1094.651     53.44328
       153      9.4541    794.7052      3898.97     149.0273  16.0226   0.0415     3.48    0.157   1.46   0      39.37     1711.938     55.76707
       154    977.5089    793.7097     3273.357     188.8412  16.2125   0.0627     3.02    0.150  -4.34   0      29.09     1296.157     54.29344
       155    482.7974    791.2047     3469.618     224.7033  16.1493   0.0703     4.86    0.302 -30.20   0      24.73     935.1827     52.88761
       156    579.1016    790.5081     3203.404     141.0063  16.2360   0.0478     3.00    0.239  -6.12   0      33.91     1548.002     55.09492
       157    337.3440    789.2819     2555.884     226.0117  16.4811   0.0960     6.12    0.247 -77.07   0      15.08     566.9744     51.01891
       158    653.7623    786.6843     4769.324      177.906  15.8039   0.0405     3.25    0.097 -29.99   0      43.93     1981.243     56.97174
       159    138.2791    788.0235     2785.428     131.7102  16.3878   0.0514     6.09    0.498  -1.07   0      47.47     2079.377     57.59503
       160    845.9117    786.7147     2538.275     155.7911  16.4887   0.0667     3.77    0.201  -9.41   0      25.61      1094.49     53.44259
       161    568.2015    785.8581     4716.565     202.5029  15.8159   0.0466     0.00    0.525  30.55   0      33.43     749.2808     52.21111
       162     43.6488    786.3552     2831.933     118.3993  16.3698   0.0454     1.46    0.285 -44.72   0      47.52     2388.434     58.91578
       163    242.8685    778.8024     5757.939      174.427  15.5993   0.0329     3.34    0.183   0.15   0         51     2386.152     58.90698
       164    989.6269    776.6365     3139.664     193.9341  16.2578   0.0671     3.22    0.045  -9.03   0      30.64       1332.4     54.81291
       165   1013.4609    774.9748     11435.47     213.8613  14.8544   0.0203     3.11    0.170 -16.29  19      85.68     4445.564     66.37868
       166   1008.6240    769.9874     12291.51     268.8087  14.7760   0.0238     3.82    0.073  14.98   3      73.13     3706.528     63.79814
       167    805.3869    774.6757     4159.691     171.3571  15.9523   0.0447     3.42    0.217 -26.43   0      38.15     1698.992     56.19329
       168    697.0708    775.9507     4072.122      97.7582  15.9754   0.0261     4.61    0.186 -38.15   0      84.05     3925.806     64.47072
       169    535.9761    773.9778     4535.788     172.8272  15.8584   0.0414     3.11    0.158  -8.02   0       41.1     1929.641     57.23573
       170    544.9970    773.9370     7938.873     103.1708  15.2506   0.0141     0.00    0.043  88.88   0      121.2     7994.725     77.58469
       171    194.9571    766.9178     9285.471     107.6631  15.0805   0.0126     0.00    0.148  64.59   0      133.4     8808.679     79.68161
       172    410.9183    764.8791     5000.597     175.3585  15.7524   0.0381     3.15    0.093  -1.74   0      45.93     2127.604      57.4361
       173     25.5518    762.7187     2494.014     212.1854  16.5078   0.0924     4.07    0.197 -13.27   0      17.36     729.4513     51.73763
       174    470.8705    758.9317     2908.196     166.7013  16.3409   0.0623     2.96    0.089 -25.30   0      27.78     1217.253     53.96214
       175    318.4599    758.4001     14004.71     287.0848  14.6343   0.0223     4.85    0.356   8.68   2      80.05     3512.866      62.9982
       176    736.8992    755.8111     6924.491     173.0605  15.3990   0.0271     8.68    0.326  23.65   0      57.06     2290.001     58.42025
       177    611.9906    756.0179     2400.202     156.6625  16.5494   0.0709     4.00    0.176 -27.30   0      23.73      1030.93     53.29748
       178    529.9843    756.3420     3276.465     100.9955  16.2115   0.0335     0.96    0.180 -87.89   0      60.61     3023.081     61.31513
       179    107.1406    757.0616     1299.786     129.1212  17.2153   0.1079     4.34    0.193  -6.82   0      14.63     615.0663     51.62357
       180    668.5413    751.7738     23888.98     206.6072  14.0545   0.0094     3.07    0.101 -20.01   0      154.7     10002.84     83.17909
       181    875.6690    752.4892     1831.072     165.2263  16.8432   0.0980     4.42    0.017 -54.06   0      17.09     632.1721     51.30853
       182    164.7062    752.5489     2046.452     212.4953  16.7225   0.1128     6.01    0.370 -31.72   0      15.45     511.2735     50.63803
       183    942.3256    749.3271     6732.243     195.5462  15.4296   0.0315     3.16    0.129  -0.30   0      56.28     2605.025     59.52073
       184    537.6042    744.5234     146255.1     335.7288  12.0872   0.0025     3.07    0.061 -18.23   0      456.2     58236.74      169.833
       185    345.4901    749.4241     5164.315     195.4371  15.7175   0.0411     3.28    0.166 -11.21   0      42.13     1865.678     56.39014
       186     67.4628    748.4754     1822.413      162.144  16.8484   0.0966     3.34    0.026 -14.83   0      17.31      720.082     51.95504
       187    712.2216    743.0955     3273.076     213.8032  16.2126   0.0709     3.31    0.046 -44.99   0      25.21     1108.473     53.25095
       188    804.7253    742.3638     2740.796     180.9383  16.4053   0.0717     3.15    0.103 -19.32   0      26.23     1145.584     53.78416
       189    831.4988    741.6757     3509.165     234.9467  16.1370   0.0727     3.23    0.061   8.05   0      19.05     762.5003      51.7533
       190    681.2987    756.5309     11507.02     234.8404  14.8476   0.0222     2.93    0.068 -47.94   2      71.08     3269.988     61.79135
       191     85.6178    739.9422     2432.293      132.371  16.5350   0.0591     3.43    0.150 -51.58   0      24.71     1052.673     53.39011
       192    760.8864    737.9138     1265.372      96.3637  17.2445   0.0827     2.61    0.163  -2.14   0      17.09     758.5839     51.99448
       193    694.7231    735.8498     8014.604     222.5807  15.2403   0.0302     4.08    0.163 -29.88   2      60.57     2869.022     60.52038
       194    702.4024    734.3104     2939.044     215.0117  16.3295   0.0794     7.15    0.484   4.44   3      22.65     834.5006     52.45317
       195    891.7015    735.0938      1555.93     145.4101  17.0200   0.1015     2.86    0.259 -15.38   0      17.91     794.2451     51.89252
       196    187.5953    733.3577     1154.943     97.83045  17.3436   0.0920     1.15    0.237  40.71   0      24.56     1112.141      53.8919
       197    175.5489    733.4858     1864.749     185.3393  16.8234   0.1079     3.68    0.258 -42.92   0      16.78     670.5212     51.47811
       198     60.3039    730.1899     34788.74     228.0271  13.6464   0.0071     3.20    0.127  -7.55   0      195.8     13912.22     93.25103
       199    380.4789    731.4860     3290.345     191.5041  16.2069   0.0632     3.42    0.237 -10.44   0      30.12      1268.68     54.05447
       200    532.9924    728.6519     17642.27     203.7701  14.3836   0.0125     3.06    0.153 -22.24   0        124     7422.224      75.8891
       201    321.0492    728.5383     3009.814     252.3564  16.3036   0.0911     6.43    0.292  70.06   0      15.82     452.8272      50.7725
       202    105.2105    727.6084     2639.294     240.4576  16.4463   0.0989     6.82    0.299  30.33   0       17.9     708.2016     51.90305
       203    353.8454    726.1305      1038.14      120.595  17.4594   0.1262     3.72    0.238 -41.96   2      13.16     521.2994     51.07808
       204    902.9272    726.3766      1800.32     123.3882  16.8616   0.0744     3.21    0.114 -19.46   0      18.45     763.8694     52.27457
       205    415.0612    726.4228      2165.72     202.9485  16.6610   0.1018     3.45    0.178  -0.41   0      17.63     724.2087     51.97309
       206    569.5380    723.2985     2541.426     155.7957  16.4873   0.0666     3.07    0.208  -5.07   0      25.19     1067.449     53.20167
       207     27.5090    722.5674     6376.208     164.3791  15.4886   0.0280     3.53    0.191 -11.86   0      56.07     2535.086     58.91284
       208    237.8737    718.8052     29741.65       222.94  13.8166   0.0081     3.21    0.169 -12.94   0      175.1     11670.33     87.54033
       209    423.7403    719.7372     2247.446     197.1802  16.6208   0.0953     3.67    0.120 -23.66   0      20.44     847.1448     52.50793
       210    292.3079    712.9515     77466.55     278.8565  12.7772   0.0039     3.15    0.104 -23.92   0      317.8     30465.56     127.2525
       211    560.4971    711.5098     2938.108     165.7344  16.3298   0.0613     3.36    0.292  -9.61   0      27.92     1197.967     53.75634
       212    421.9558    707.0212     6246.756     99.37341  15.5109   0.0173     4.27    0.035  -2.06   0      103.6     6199.604     72.22756
       213    713.9519    705.9047     2485.031     92.19669  16.5117   0.0403     4.41    0.132  63.79   0      61.23     2291.308     58.08026
       214    172.5213    702.2342     3459.234     177.1725  16.1525   0.0556     3.50    0.179 -21.08   0      31.94     1349.667     54.63974
       215    117.9755    702.4589     3006.034     193.7774  16.3050   0.0700     3.58    0.253 -14.09   0      25.65      1092.48      53.5593
       216    728.0995    702.2318     1227.802      120.952  17.2772   0.1070     3.46    0.397 -20.77   0      15.44     651.0822     51.13079
       217    680.4861    702.2112     1309.296     150.6889  17.2074   0.1250     3.28    0.249  -0.52   0      13.86     578.4556     51.20107
       218    470.4944    698.2167     1855.384     144.7245  16.8289   0.0847     3.05    0.063   1.21   0      19.23     792.1441     51.88331
       219    419.9010    696.0306     14168.65     123.0898  14.6217   0.0094     0.00    0.233 -17.89   0      169.1     13754.01     92.57555
       220    356.7639    695.5965     3561.627     151.8581  16.1209   0.0463     3.24    0.086  15.62   0      34.98     1543.458     55.68115
       221    539.8940    691.7098     18527.51      199.786  14.3305   0.0117     3.05    0.107  -5.07   0      126.9     7474.741     75.86979
       222    611.4991    693.2482     1324.153     151.8188  17.1952   0.1245     3.06    0.272  -3.28   0      13.51     542.1442     50.64426
       223    850.5515    691.8817      2960.29     118.6455  16.3217   0.0435     5.85    0.492 -14.70   0      48.97     1991.437     57.01239
       224    163.8211    688.3378     6039.274      177.645  15.5475   0.0319     3.46    0.143  -5.02   0      54.33      2583.52     59.55119
       225    231.2389    687.8320     2720.293     176.2221  16.4135   0.0704     3.72    0.142 -24.02   0      23.75     956.9474     53.10738
       226    380.9323    687.6674      1835.02     162.1617  16.8409   0.0960     3.61    0.205   6.91   0       18.3     768.8696     52.03942
       227    269.2951    685.7552     2065.298     199.5052  16.7125   0.1049     6.25    0.443 -64.40   0       16.3     559.2091     50.85271
       228    415.5612    683.5327     18633.59     208.9211  14.3243   0.0122     3.16    0.160  -9.74   2      127.1      7389.11      75.7014
       229    406.5016    683.0571     7842.407      226.879  15.2639   0.0314     5.34    0.276 -24.54   3      55.59       2591.4      59.3559
       230    937.2535    683.8160     3450.313      140.214  16.1554   0.0441     3.23    0.148 -16.41   0      35.87      1605.98     55.81585
       231    601.4434    684.1180         1823     142.3391  16.8480   0.0848     5.25    0.392  12.11   0       31.4     1157.411     53.58461
       232    566.6916    681.9064     2617.721     115.1129  16.4552   0.0478     0.00    0.158  14.75   0      41.39     1787.075     56.31094
       233    806.4780    679.5212     2175.521     199.6307  16.6561   0.0997     2.86    0.229   2.59   2      16.61     591.1283     50.99517
       234    375.2922    674.6384     7354.682     163.6923  15.3336   0.0242     3.10    0.181 -12.96   0      63.94     3099.964     61.16279
       235    858.8550    670.0706     5682.188      315.819  15.6137   0.0604     8.13    0.389   8.12   2      26.44     998.7411     53.03384
       236    725.9659    671.0250     4633.303     171.0074  15.8353   0.0401     7.89    0.271 -13.71   0      42.59     1824.147     56.81528
       237    506.5288    670.4372     4605.827     159.8302  15.8417   0.0377     3.37    0.092  -3.65   0      41.07     1788.718     56.43642
       238    484.2723    671.6602     1972.445     163.3827  16.7625   0.0900     3.19    0.127  10.51   0      20.85     886.1981     52.67669
       239    227.9954    671.9099     1745.963     143.3891  16.8949   0.0892     3.52    0.283 -19.29   0      18.89     789.8288     52.25925
       240    120.4717    671.6355     1378.692     154.0902  17.1513   0.1214     2.86    0.138  18.78   0      14.03     589.6443     51.38128
       241    915.3276    669.2624     1530.666     170.8021  17.0378   0.1212     2.04    0.349 -36.91   0      14.64     673.3745     51.75032
       242    836.9066    669.4699      2557.56     120.6804  16.4804   0.0512     3.42    0.157   0.87   0       28.1     1203.199     53.77846
       243    865.3754    666.4759     3226.204      199.148  16.2283   0.0670     3.13    0.127 -15.81   1      24.42     1033.936     53.31029
       244    214.0181    666.9801     1396.596     122.6423  17.1373   0.0954     3.58    0.296  -2.28   0      15.55     646.0763     51.88921
       245    426.6571    664.4963     2443.812     184.2385  16.5298   0.0819     3.17    0.119 -41.49   0       21.3     849.1754     52.13254
       246    793.0894    664.0481     2739.098     92.82088  16.4060   0.0368     4.44    0.159  28.65   0      63.84     2428.658     58.72946
       247    472.7674    659.6589     1123.469     99.45613  17.3736   0.0961     3.03    0.513 -59.70   0       23.6     947.2902     52.93961
       248    716.4528    658.1976      2214.12     117.2074  16.6370   0.0575     2.59    0.060 -59.56   0      26.12     1167.592     53.87708
       249    347.4371    653.3750     2367.411     210.4639  16.5643   0.0965     3.42    0.122 -34.17   0      16.91     689.1626     52.20609
       250    860.3981    641.9088     22867.36     223.4454  14.1020   0.0106     2.96    0.126  -9.43   2      147.7     9391.775     81.49236
       251    157.2526    642.0856     2205.363     160.6073  16.6413   0.0791     3.19    0.266 -26.84   0      21.74     945.5692     52.67844
       252    710.5746    641.4800     1598.193     127.0349  16.9909   0.0863     2.63    0.034   2.67   0      19.47     837.3064     52.46532
       253    627.9615    641.3538     1769.448     119.1869  16.8804   0.0732     4.26    0.274  -6.17   0      18.79     787.1454     52.24758
       254    287.6260    640.9477     3811.372     188.6015  16.0473   0.0537     3.74    0.153  -4.10   0      33.29     1446.237     55.16156
       255    371.3412    638.8832     1633.757     173.8543  16.9670   0.1156     3.11    0.266 -15.55   0      15.24     655.0085     51.40958
       256    569.0066    635.9614     2544.706     212.2397  16.4859   0.0906     4.38    0.257   1.53   0       17.2     720.1439     52.21261
       257    276.4452    634.0750     1530.445     144.2133  17.0380   0.1023     2.96    0.362 -26.65   0      14.87     621.3757     51.52145
       258    316.6172    630.3715     2569.972     206.6687  16.4752   0.0873     3.59    0.303   5.63   0      20.89     849.9998     52.77483
       259    589.2966    629.7548     2569.459      204.222  16.4754   0.0863     4.06    0.313 -12.48   0      21.37     822.2591     51.88608
       260    743.0887    628.3768     1924.939     177.0953  16.7890   0.0999     3.01    0.242  74.46   0      15.73     625.2764     51.27797
       261    203.8937    628.8921     3968.292     99.21946  16.0035   0.0272     0.00    0.265  46.86   0      81.53     3638.176     63.34297
       262    832.3591    622.6566     17982.49     206.5962  14.3629   0.0125     3.13    0.162 -25.64   0      123.4     7100.713     74.83056
       263    802.2030    621.7527     7243.866     136.7628  15.3501   0.0205     0.00    0.138 -18.41   0      82.28     4734.276     67.26039
       264    567.2794    622.0629     1242.963     94.55552  17.2639   0.0826     2.44    0.263  11.89   0      28.88     941.3859     52.78748
       265    629.3060    617.7008     13671.04      190.701  14.6605   0.0151     2.97    0.097  -8.11   0      103.9     5724.404     70.24112
       266    151.0693    618.7454      8526.86     268.7416  15.1730   0.0342     3.59    0.160 -16.80   2      50.33     1819.358     56.44109
       267    605.0333    616.3644      5352.05     162.9569  15.6787   0.0331     3.13    0.104  -1.51   0      50.05     2363.063     58.93164
       268    814.0319    616.6675       2565.6     222.2849  16.4770   0.0941     3.84    0.237 -10.64   0      17.69     717.5868     51.94413
       269    654.2328    614.0636     8048.545     159.4848  15.2357   0.0215     0.00    0.347  -2.61   0      76.49     4208.479     65.45962
       270    313.8688    609.6444     28847.16     218.2212  13.8497   0.0082     3.08    0.143 -16.22   0      172.8     11626.05      87.5019
       271    850.6885    608.9114     9589.409      177.472  15.0455   0.0201     3.12    0.146 -11.45   0      78.16     4042.478     64.77735
       272    718.7559    608.3266     3828.553     173.8328  16.0424   0.0493     5.45    0.380 -37.13   0      31.59     1208.172     54.04799
       273     27.3584    609.2772     2671.074     192.5159  16.4333   0.0783     3.66    0.216  -0.08   0      22.45     930.1914     52.86616
       274    214.9045    608.4571       1486.1     160.6325  17.0699   0.1174     3.82    0.236  14.68   0      15.57     657.8972     51.29188
       275    574.4059    606.3123      4241.02     156.1243  15.9313   0.0400     3.19    0.171 -18.89   0      39.44     1773.266     56.37416
       276    132.0208    605.4440     7705.929     171.1726  15.2829   0.0241     3.13    0.124 -11.15   0      65.22     3197.555     62.06652
       277     76.2629    599.0150     1959.927     97.98811  16.7694   0.0543     0.00    0.202  -3.28   0      33.66     1308.643     54.46884
       278    358.2109    594.1486     17720.17     196.3222  14.3788   0.0120     3.13    0.152 -16.35   0        124     7296.033     75.51024
       279    632.5344    595.2131     2253.677     140.6631  16.6178   0.0678     3.39    0.032  -4.00   0      23.86     1011.749     53.21562
       280    443.8032    596.0472     1260.266     126.4288  17.2488   0.1089     2.61    0.181   4.94   0      15.22     665.7791     51.71695
       281    318.6060    593.0187     20262.41     210.6855  14.2333   0.0113     3.11    0.108 -17.09   0      135.6     8199.691     78.09705
       282    279.1275    605.6700     7483.743     188.5859  15.3147   0.0274     3.19    0.165  -8.97   0      62.67     2997.185     60.99977
       283    832.0099    591.1300     2393.686     153.4115  16.5523   0.0696     3.02    0.107  -7.62   0      23.76      1051.49     53.38507
       284    613.9761    591.4952      1778.36     164.1363  16.8750   0.1002     3.24    0.198  -3.47   0       18.6     809.6021     51.95973
       285    195.0271    590.6481     1659.698     143.2523  16.9499   0.0937     3.82    0.250   8.44   0      17.52     731.6385     52.26262
       286    760.9706    588.0809     3826.869     186.8355  16.0429   0.0530     3.12    0.089 -31.02   0      34.65     1580.842     55.59299
       287    328.9713    587.8153     2158.065     180.2049  16.6648   0.0907     3.13    0.121  14.57   0      20.84     923.9604     53.09238
       288    141.0833    587.9546     1456.506     125.4529  17.0917   0.0935     3.42    0.375 -80.36   0      17.11     805.3963     52.07018
       289    600.0786    586.8667     4039.466      189.761  15.9842   0.0510     3.17    0.050 -22.43   0       34.6     1592.096      55.3976
       290    165.7832    578.6357     46316.12     248.8504  13.3357   0.0058     3.14    0.072 -25.16   0      233.3     18356.06     103.7106
       291    484.1585    582.9131     1602.917     137.1869  16.9877   0.0929     3.06    0.343 -10.15   0      16.78     718.3496     51.68884
       292      5.8339    578.5176     1822.446     182.5551  16.8484   0.1088     3.97    0.336 -48.51  16      15.08     628.0117     51.42057
       293    491.1554    574.8360     8000.382     104.9152  15.2422   0.0142     0.00    0.010 -48.85   0      106.9     7816.862      77.0619
       294    306.2177    574.6614      1859.04     144.7303  16.8268   0.0845     3.56    0.239 -25.92   0       17.9     733.2172     52.01247
       295    405.7406    573.2759     4088.141     166.2997  15.9712   0.0442     3.98    0.247  -7.52   0      38.01     1661.853     55.80325
       296     75.4650    568.5752     20231.11     228.2101  14.2350   0.0123     3.20    0.135 -17.05   2      135.3     8020.512     77.66019
       297    459.8675    569.5276     2567.631      205.854  16.4762   0.0871     2.96    0.181 -22.59   0      20.31     835.3083     52.32877
       298    610.2832    568.9273     1668.612     166.0148  16.9441   0.1080     5.21    0.284 -16.31   0      15.46     591.6724     51.12881
       299    998.6640    566.2521     2437.643     172.9758  16.5326   0.0771     3.59    0.256 -24.20   0      22.88     935.0388     52.88699
       300    391.4899    566.4851     2264.206     102.0296  16.6127   0.0489     0.48    0.158  49.67   3      42.92     2147.253     57.74633
       301    389.8288    563.1271     3470.279     94.59425  16.1491   0.0296     0.91    0.073 -56.68   3      63.18     3298.178     62.21887
       302    362.1643    562.1774     1774.417     153.5859  16.8774   0.0940     3.25    0.050 -32.11   0      17.54     728.3741     52.37651
       303    116.4172    562.6845     1794.216     151.4185  16.8653   0.0917     2.79    0.135 -39.26   0      18.21     766.6089     52.02954
       304     62.5510    561.6044     5644.747     202.7173  15.6209   0.0390     3.39    0.092 -16.74   0      46.62     2035.039      57.4198
       305    937.1458    561.9931     1703.136     175.8605  16.9219   0.1121     3.17    0.180  -5.81   0      15.13     639.6017     51.73148
       306    185.6669    561.9717     2751.501     103.1093  16.4011   0.0407     5.04    0.342   3.27   0      58.76     2475.978     59.13934
       307    874.1904    559.9092     3414.795     204.3425  16.1666   0.0650     3.39    0.100   4.45   0      28.02     1233.904     54.15609
       308    467.0025    559.9901     5979.277     98.75978  15.5584   0.0179     0.00    0.005  36.75   3      107.4     5915.653     71.14035
       309    470.1820    558.0206     3481.438     116.8057  16.1456   0.0364     4.52    0.405 -88.52   3      49.49     2628.384     59.94613
       310    484.4141    557.6746     3052.169     222.7818  16.2885   0.0793     3.69    0.166 -39.28   0      17.29     715.5333       52.064
       311     62.8024    552.7539     3820.231     181.3679  16.0448   0.0516     3.46    0.192  -5.51   0      35.51     1560.851     55.63178
       312    795.4543    548.7543     2430.166     175.8475  16.5359   0.0786     3.06    0.223  -0.68   0      23.11     995.8985     53.27381
       313     29.6101    547.8983     5373.705      199.915  15.6743   0.0404     3.36    0.163 -21.11   0      44.69     2057.039     57.50682
       314    705.4410    546.8658     3278.279     150.3232  16.2109   0.0498     2.92    0.154  -4.34   0      31.39     1399.962     54.84855
       315    683.8309    543.9651     23360.65     206.0252  14.0788   0.0096     3.75    0.163 -12.04   0      151.7     9769.953     82.70252
       316    848.7975    543.5240     2120.009     175.4462  16.6842   0.0899     2.99    0.129  12.75   0      19.92     839.7316     52.47583
       317    151.0356    543.9070       7111.3     107.7412  15.3701   0.0165     4.70    0.213 -69.85   0      114.9     6685.659      73.1939
       318    262.5376    539.4506     2407.113     203.2186  16.5463   0.0917     3.22    0.239 -44.42   0       16.4     642.9214     51.61641
       319    540.6929    538.0161     2016.391     153.9435  16.7386   0.0829     3.38    0.332  -0.71   0      20.81     877.6486     52.38459
       320    320.9794    533.8551     20621.97     206.2563  14.2142   0.0109     3.14    0.096 -15.48   0      136.8     8375.027     78.69084
       321    855.7839    533.8110     4491.524     190.3016  15.8690   0.0460     3.56    0.181 -14.25   0      38.29     1717.699      56.1497
       322    749.2414    531.0280      1819.25       160.06  16.8503   0.0955     4.98    0.246 -15.25   0      17.49     719.4406     52.20955
       323    656.5457    524.8173     2516.069     153.5927  16.4982   0.0663     3.08    0.085  22.13   0      25.26     1095.641     53.69764
       324     45.9348    525.8214     2379.526     170.9508  16.5588   0.0780     0.00    0.592  -9.50   0       21.7     1025.087     53.39819
       325    300.4810    522.0363     7480.002     183.1741  15.3152   0.0266     3.21    0.136 -19.17   0      62.54     2985.478     61.06596
       326    461.2802    520.2374     1720.616     160.9639  16.9108   0.1016     2.90    0.121  13.83   0      16.89     740.5366     52.04444
       327   1019.1033    518.9409     1927.175      151.618  16.7877   0.0854     2.95    0.129 -23.34  16      18.86     780.9271     51.96326
       328    727.3146    509.3123     1490.098     109.8561  17.0670   0.0801     3.10    0.482  45.22   0    -0.4085     1196.642     53.87526
       329    137.2052    510.7840     1591.344     130.9192  16.9956   0.0893     2.83    0.063  36.99   0      17.93     765.2268     52.15215
       330    957.8684    508.1187     2809.017     208.5442  16.3786   0.0806     5.64    0.306  46.36   0      20.97     704.7667     51.62909
       331    233.1514    508.8294     1859.308     166.2756  16.8266   0.0971     3.08    0.245 -13.14   0       17.6      729.184     52.25195
       332     44.3706    506.9302     10292.06      180.238  14.9687   0.0190     3.27    0.134  -6.53   0      80.36      4025.55     64.82138
       333    799.7859    501.1904     112553.5     349.0732  12.3716   0.0034     3.76    0.184  80.79   2      385.1      36480.7     137.6741
       334    448.1611    505.7768      4730.83      219.965  15.8127   0.0505     3.06    0.208  -7.99   0      36.66     1677.953     56.34648
       335    278.0696    506.6577     1573.229     160.7557  17.0080   0.1110     2.87    0.232 -74.00   0      17.14     759.5905     51.99888
       336    766.1991    504.3112     1922.939     193.3711  16.7901   0.1092     3.74    0.188  21.38   0      16.19     656.1694     51.67471
       337   1005.2864    501.0284     2355.333      191.269  16.5699   0.0882     3.97    0.197 -43.36   0      21.12     818.4296     52.12703
       338    654.1116    500.3195     1859.569     177.9552  16.8265   0.1039     2.82    0.246  77.62   0       15.4     609.6512     51.33936
       339    132.4114    497.5506     5992.823     167.8878  15.5559   0.0304     3.27    0.171 -18.29   0      54.05      2522.11     59.42921
       340    635.0815    497.1763     3615.516     197.0579  16.1046   0.0592     3.21    0.135 -11.15   0      32.44     1460.807     55.10009
       341    391.7090    496.5162     8004.111     166.6146  15.2417   0.0226     3.06    0.163 -11.59   0       67.8     3295.949     62.10293
       342    582.8513    494.5782     2744.749     219.4354  16.4037   0.0868     4.31    0.354 -64.72   0      18.39     737.2623     52.28707
       343    489.0969    493.4159     7303.239     185.6812  15.3412   0.0276     3.62    0.285 -56.25   0      59.99     2699.915     59.76996
       344    214.9278    493.7675     11099.56     121.4954  14.8867   0.0119     5.22    0.348  72.70   0      144.4     10155.55      83.5953
       345    711.2637    492.4439      3999.54     187.0454  15.9950   0.0508     8.34    0.482  -9.47   0      32.38     1386.985     54.79474
       346     95.2006    491.3579     1883.137     148.1988  16.8128   0.0855     5.97    0.307 -27.14   0      19.54     837.9648     52.72297
       347    902.4393    484.8030     8998.668     137.2284  15.1146   0.0166     0.00    0.339 -14.23   0      116.3     7393.584     75.89162
       348    869.6562    484.5458     1388.425     134.3603  17.1437   0.1051     5.58    0.258  33.52   0      14.55     538.7202     51.41684
       349    241.3038    475.0161     307317.7     441.1744  11.2810   0.0016     3.13    0.069 -24.72   0      673.9     118696.1     237.2437
       350    326.1060    481.1807     3554.841     103.2553  16.1229   0.0315     0.00    0.298  58.69   0       72.2     3010.206     60.82835
       351    781.7855    475.4196     37351.18     246.0321  13.5692   0.0072     3.14    0.157 -54.59   0      202.7     14518.74     94.78841
       352    486.4663    476.9610     3706.889     177.4899  16.0775   0.0520     3.43    0.165   0.24   0      33.21     1441.911     55.02209
       353    686.9457    474.6457     3045.968     135.9084  16.2907   0.0485     6.97    0.325 -13.90   0      30.87     1251.935     54.35512
       354    314.0611    472.1061     3285.901     166.2106  16.2084   0.0549     4.77    0.270  12.79   0      30.79     1327.584     54.17804
       355    327.1173    471.6192     3039.638     195.5378  16.2929   0.0699     2.96    0.208 -10.72   0      27.58     1195.114     53.99305
       356    125.2362    469.5941     2429.633      216.029  16.5361   0.0966     4.52    0.219 -24.79   0      17.47      684.893     52.05894
       357    358.5419    468.0597     2897.265     190.1581  16.3450   0.0713     3.26    0.157 -75.44   0       25.5     1087.526       53.788
       358    182.1466    463.9591     2650.888     183.5835  16.4415   0.0752     3.22    0.057  -8.16   0      26.11     1143.242     53.89873
       359     74.4382    460.8795     6060.145     185.0607  15.5438   0.0332     3.26    0.093 -11.34   0      52.47     2461.764     59.08468
       360    487.6387    461.4418     1567.417     139.5499  17.0120   0.0967     3.57    0.158 -38.23   0      16.03     622.9988     51.52861
       361    247.9994    461.8429      20592.2     128.0458  14.2157   0.0068     4.46    0.111  89.32   0      191.8     20378.21     107.9891
       362    522.0051    457.9997     8662.185     104.7521  15.1559   0.0131     0.00    0.001 -22.92   2      132.9     8706.188     79.55737
       363    949.2983    455.4398     2150.484     134.4026  16.6687   0.0679     3.59    0.175  -2.51   0      22.95     954.0341     52.46011
       364    865.6802    454.9951     4791.692     124.8169  15.7988   0.0283     3.21    0.505  -0.14   0       73.8     3718.933     63.84232
       365      3.4494    454.3232     1407.115       129.31  17.1292   0.0998     3.53    0.130 -18.19  16      14.46     574.5208      51.1836
       366    458.0765    453.7326     1722.222     158.8712  16.9098   0.1002     3.97    0.258 -73.44   0      17.04     696.7712     51.59388
       367    401.6365    453.3236     2516.138     233.9841  16.4982   0.1010     6.80    0.708 -18.96   0      14.43     431.9009     50.67874
       368    746.8903    447.6245     2417.852     162.9765  16.5414   0.0732     3.23    0.213 -13.29   0      22.76     958.7206     52.60793
       369     74.7129    441.3166     6709.185     122.9257  15.4333   0.0199     2.98    0.376  23.06   0      81.01     5082.728     68.32969
       370    861.2171    433.6118     4641.983     150.1561  15.8332   0.0351     3.68    0.022 -21.40   0      43.88     1947.083     57.07061
       371    347.9867    433.3836     3255.055     177.8548  16.2186   0.0593     3.03    0.050  16.38   0       31.4     1371.496     54.73046
       372    142.7079    433.6125     5307.262     207.2464  15.6878   0.0424     3.34    0.144 -25.68   0      44.67     1979.241     56.96375
       373     96.4665    433.6209     4338.885      169.631  15.9066   0.0425     3.58    0.159 -21.55   0      39.27     1692.068     56.16529
       374     15.0037    434.0207     3325.949     220.7965  16.1952   0.0721     4.22    0.052 -86.84   0      23.99     961.5022     53.00059
       375    264.7013    428.5986     64015.04     267.6689  12.9843   0.0045     3.18    0.110  -8.93   0      284.3     24791.58     116.7943
       376     31.8123    433.0422     1684.655     152.3575  16.9337   0.0982     4.45    0.354 -11.27   0      17.09     714.0155     52.18593
       377    417.0004    430.1859     2403.263      90.1556  16.5480   0.0407     1.04    0.104 -88.18   0      55.74     2529.542     59.34482
       378    990.8904    427.2742     1363.762     126.6148  17.1632   0.1008     3.77    0.122 -48.25   0      15.78     644.5173     51.36318
       379    141.8121    425.3767     2740.238     214.0201  16.4055   0.0848     3.76    0.330 -30.90   0      19.11     785.0901     52.36675
       380    223.0683    423.9717     3255.078     183.4189  16.2186   0.0612     3.13    0.049  14.41   0      31.55     1394.671     54.82661
       381    130.6273    419.7051     2041.049     166.5238  16.7254   0.0886     3.25    0.120 -39.65   0      19.55       782.82     51.71304
       382    425.7988    419.1288     1395.583     133.1199  17.1381   0.1036     4.40    0.367 -10.03   0      15.32     641.3314     51.60941
       383     32.8970    414.2282     3484.614      261.897  16.1446   0.0816     5.80    0.168 -20.47   2      20.55     801.3422     51.79438
       384    664.0494    416.6999     2639.317     199.3193  16.4463   0.0820     3.29    0.197 -24.18   0      21.46     878.1292     52.00154
       385     75.0239    415.4247     1372.706     130.5391  17.1561   0.1033     3.67    0.457 -38.02   0      16.38     732.7137      52.2673
       386    612.9994    410.9974      1473.04     156.3865  17.0795   0.1153     2.99    0.267  40.93   2       12.9     480.4763     50.89612
       387    424.8601    405.0082     33661.37     233.4506  13.6822   0.0075     3.13    0.071   3.90   0      189.5      13524.3     92.37331
       388    126.6572    407.6402     1805.281     192.3639  16.8586   0.1157     3.24    0.128  40.61   0      15.57     617.4724     51.50423
       389    801.5710    400.3025       2589.3     163.2154  16.4670   0.0685     5.61    0.414  20.78   2      20.06     723.8243     51.45311
       390    805.0377    396.9600       2292.4     89.87569  16.5993   0.0426     4.26    0.055 -43.25   3      53.08     2004.957     57.30062
       391     21.2918    400.2371     1725.709     114.8065  16.9076   0.0722     4.11    0.554 -18.09   0      32.81      1277.51     53.84327
       392    727.7111    395.4189     1920.884     171.3205  16.7912   0.0969     4.28    0.231 -21.41   0      17.59     721.2009     51.70138
       393    103.3525    395.9134     1685.416     174.8823  16.9332   0.1127     3.60    0.274 -12.14   0      14.82     593.8688     51.13858
       394    181.3650    392.3407     3252.631     186.1357  16.2194   0.0621     3.53    0.178 -15.36   0      30.87      1308.04     54.46632
       395    241.9971    391.3914     3321.077     153.6932  16.1968   0.0503     3.44    0.105 -22.01   0      32.07     1399.828     54.84799
       396    487.0427    390.7784     2113.655     157.3147  16.6874   0.0808     4.77    0.305 -25.23   0      20.81     898.5005     52.98328
       397    134.0913    388.8924     1656.285      161.911  16.9522   0.1062     2.86    0.405  -8.77   0      15.18     631.9337      51.4379
       398    450.5608    385.4323     5000.634     186.4698  15.7524   0.0405     3.48    0.142 -24.68   0      42.74      1908.24     57.03331
       399    342.2673    383.9931      3675.97     170.7144  16.0866   0.0504     6.13    0.487  -0.56   0      42.52     1977.419     57.19129
       400    885.3632    378.9145     3145.293     172.9372  16.2558   0.0597     3.27    0.161 -20.01   0      30.15     1302.662     54.19717
       401    560.3468    377.7200     2817.719     169.5679  16.3753   0.0654     4.55    0.212  -0.20   0      26.54     1098.711     53.33506
       402    232.9981    375.9260     2799.864     178.2146  16.3822   0.0691     4.03    0.025 -12.12   0      23.62     952.2524     52.96091
       403    630.6763    374.0522     1856.199     180.7529  16.8284   0.1058     5.19    0.270 -13.53   0      15.62     630.8452     51.43309
       404    250.3069    371.4026     8687.584     164.5175  15.1528   0.0206     7.85    0.633   7.85   0       76.1     4145.397     65.24023
       405    203.1518    368.1236     4025.925     95.91995  15.9878   0.0259     0.94    0.088  43.90   0      66.74      3795.72     63.90573
       406    161.8739    366.8045     2478.841     194.0234  16.5144   0.0850     3.59    0.126 -20.97   0      21.95     908.7199     52.77377
       407    232.6282    365.0089     2046.616     158.2797  16.7224   0.0840     3.50    0.339  -2.28   0      18.76     791.2156     52.39333
       408    131.6898    360.1563     8152.903     208.7451  15.2217   0.0278     7.09    0.323 -31.56   0      62.32     2820.802     60.22787
       409    492.0139    355.4348     5088.519     191.8883  15.7335   0.0410     3.16    0.111 -11.95   0      42.88     1977.349     57.54142
       410    177.2078    351.9122      3681.73     161.6501  16.0849   0.0477     3.32    0.161 -19.16   0      34.09     1498.336     55.13327
       411    116.8091    352.5836     2121.321     151.9087  16.6835   0.0778     4.02    0.193 -15.60   0      20.66      833.174     52.44742
       412     10.9980    352.9887     3571.533      93.0541  16.1179   0.0283     4.21    0.011 -49.22   3      79.37     3493.663     62.92889
       413     12.0279    349.5111     3540.328     250.8382  16.1274   0.0769     3.86    0.183   1.47   2      18.46      694.338     51.58316
       414    808.3593    350.8497     1178.729     99.58233  17.3215   0.0917     2.99    0.276 -15.95   0      14.19     599.2842     51.55404
       415    475.4689    350.4676      1839.25     161.1313  16.8384   0.0951     2.95    0.029 -13.52   0      17.48     744.0504     51.93091
       416    150.9682    348.8104      5161.96     235.8309  15.7180   0.0496     7.31    0.193  -1.52   0      38.96     1680.418      56.2374
       417    968.8767    345.8152     16768.23     196.0733  14.4388   0.0127     3.07    0.083 -11.99   0      118.4     6799.302     74.00006
       418    336.6568    348.0070     1922.038     158.1008  16.7906   0.0893     3.61    0.344  -0.38   0      17.71     753.9063     52.23124
       419     41.1617    345.0533     1922.774     122.2508  16.7902   0.0690     3.18    0.211 -34.60   0      22.42     1016.341     53.36095
       420    667.0223    341.0896     9198.526     185.2941  15.0907   0.0219     3.16    0.069  -6.83   0      73.66     3649.102     63.17037
       421    410.0764    342.4998      2273.24     190.2932  16.6084   0.0909     3.05    0.170  -4.17   0      19.83     868.6818     52.21751
       422    987.6568    337.2914     1778.745     165.1543  16.8747   0.1008     3.02    0.128 -39.44   0      17.51      711.076     51.65685
       423    381.2702    331.6813     19184.73     203.0229  14.2926   0.0115     3.15    0.119 -16.28   0      130.2     7576.942     76.08731
       424    351.3305    333.3913     4832.741     175.1408  15.7895   0.0394     3.09    0.175 -17.77   0      44.23     1997.565     57.27129
       425    499.7493    329.6941     60976.93     263.8098  13.0371   0.0047     3.12    0.070 -20.39   0      275.6     23534.54     114.1461
       426    189.3020    325.2537      19565.5     220.0614  14.2713   0.0122     3.28    0.141 -63.72   0      129.7     7330.397      75.2583
       427     16.6878    328.9913     1719.689     145.6658  16.9114   0.0920     3.70    0.344  -1.66   0       17.5     732.2136     51.87909
       428    757.2211    327.3774     3029.033        200.6  16.2967   0.0719     3.01    0.181 -12.70   0      24.59     1082.177     53.76539
       429    273.8755    322.8267     10676.27     265.5538  14.9290   0.0270     3.18    0.145  -5.69   0      70.69     3466.847     62.83197
       430    657.3135    322.5015     5028.981     196.1357  15.7463   0.0424     2.94    0.058  24.39   0      45.63     2063.286     57.18103
       431    103.3847    319.3061     3502.033      181.892  16.1392   0.0564     4.18    0.240  -9.47   0      29.64     1167.795     53.62862
       432    985.5914    318.7564     1625.244     164.9429  16.9727   0.1102     4.99    0.286  -3.21   0      15.29     605.6387     51.71179
       433    609.8843    317.8309     1673.143      156.677  16.9412   0.1017     4.13    0.328 -57.82   3      19.91     824.1246     52.28018
       434    613.3333    313.9404     2762.232     247.4389  16.3969   0.0973     4.30    0.161 -45.29   2      19.29     739.6918     52.04075
       435    437.2821    318.2823     3349.458     165.2871  16.1876   0.0536     3.76    0.133 -18.05   0      31.25      1341.87     54.23794
       436    158.7548    317.5103     1854.011     169.2639  16.8297   0.0991     4.06    0.272 -22.27   0      18.49      745.019     51.80597
       437    878.9066    314.6171     2325.729     180.4162  16.5836   0.0842     3.09    0.196 -15.08   0      20.73     858.8411     52.17466
       438    252.0825    313.2461     1869.545     174.1622  16.8207   0.1012     3.36    0.154  -6.59   0      18.01     727.7273     51.73006
       439    681.5718    312.7471     1182.232     92.61809  17.3182   0.0851     2.28    0.219   0.80   0      21.01     900.6815     52.86604
       440    155.4782    310.8009     1243.079     135.3575  17.2638   0.1183     3.96    0.252  -0.58   0      14.21     582.4759     51.34957
       441     19.9657    307.3520     2167.749     185.7105  16.6600   0.0930     3.78    0.242  -8.27   0      18.94     793.4755     52.27511
       442     41.2710    305.8770     4124.695     176.1321  15.9615   0.0464     3.65    0.169  -1.73   0      36.55      1557.08     55.25375
       443    578.6266    304.9877     3096.036     154.4485  16.2730   0.0542     3.09    0.169 -13.03   0      32.16     1449.905     55.17667
       444    272.1876    300.0225     15169.34     252.6862  14.5476   0.0181     3.10    0.144  -4.32   2      93.89     4883.112     67.86025
       445    879.8016    302.7934     5281.391     105.4107  15.6931   0.0217     0.88    0.015 -49.18   0       80.5     5057.236     68.34296
       446    828.8563    302.1861     2299.351     157.5828  16.5960   0.0744     3.45    0.239  -5.93   0      21.59     923.5722     52.96436
       447      5.7487    302.8063     2877.179     136.8554  16.3526   0.0517     1.91    0.258  -8.78  16      34.51     1661.968     56.04335
       448    959.2149    300.8914     1508.977     177.5069  17.0533   0.1278     4.37    0.218 -28.63   0      13.92     558.6119     50.98165
       449    709.9138    300.9125     11871.35       112.99  14.8138   0.0103    -2.30    0.133  44.10   0      149.8     11621.54     87.41357
       450    425.9922    295.0858     3871.774     93.78453  16.0302   0.0263     0.00    0.056  87.02   0      72.57     3771.458      63.9243
       451    837.9691    292.1417     1493.429     133.2869  17.0645   0.0969     4.22    0.315  19.55   0      17.14     727.0522     51.85647
       452    393.0097    289.5192         3856      184.162  16.0347   0.0519     8.26    0.296 -10.35   0      34.67     1441.883     55.02198
       453    158.1727    290.0044     1086.592     88.68245  17.4098   0.0886     2.39    0.169  -3.94   0       34.1     966.5971     53.27458
       454    465.4026    284.9406     1367.947     127.9384  17.1598   0.1016     3.28    0.277 -16.10   0      15.79     684.9316     51.93024
       455    984.7341    282.0545     3741.435     205.5221  16.0674   0.0597     3.29    0.141 -17.16   0      31.75     1419.183     54.92813
       456    199.0436    280.6530     1335.596     151.8359  17.1858   0.1235     3.10    0.236 -73.53   0      15.69     659.4872     51.81877
       457    619.3651    279.3810     1494.548     150.9681  17.0637   0.1097     3.59    0.172 -14.90   0      15.27      624.441     51.92356
       458    991.5358    273.8130     11376.62     234.7142  14.8600   0.0224     3.20    0.070 -15.94   2      74.25     3462.854     62.81752
       459    892.6834    270.6926     42656.29     245.4851  13.4250   0.0062     3.09    0.015  16.02   0      221.3     16545.83     99.39542
       460    205.7943    275.0081     1438.411     136.9141  17.1053   0.1034     2.75    0.182  -5.93   0      15.53     620.9751     51.51968
       461     80.5591    274.0331     1925.399     178.0393  16.7887   0.1004     4.52    0.249  -1.78   0      17.01      663.892     51.96718
       462    710.9876    265.5328     4236.371     236.3589  15.9325   0.0606     3.35    0.119  -8.45   2       28.7     1054.111     53.39624
       463    182.1221    266.1578     3497.109     214.0412  16.1407   0.0665     3.67    0.166 -34.35   0      25.68     1086.008     53.53183
       464     82.5059    261.5017     5396.609      199.941  15.6697   0.0402     3.26    0.046  -6.55   0      47.08         2070     57.20771
       465    784.4302    261.5969      2329.09      222.043  16.5820   0.1035     3.44    0.167 -40.89   0      16.73     687.8574     52.07188
       466    846.6998    259.3277      4199.53     184.5855  15.9420   0.0477     4.09    0.166 -15.52   0      36.27     1551.443     54.86539
       467    440.4155    258.8311     7552.635      197.348  15.3048   0.0284     3.26    0.135 -11.12   0       61.6     2937.427     61.10657
       468    922.8652    256.7624     3240.241     175.9418  16.2236   0.0590     3.40    0.082  -1.83   0      30.88     1311.774      54.4819
       469    509.2155    257.3616     1376.149     125.3072  17.1533   0.0989     2.85    0.189 -39.84   0      15.53      641.194     51.99685
       470    270.6214    253.3655     1081.944     95.93011  17.4145   0.0963     3.36    0.494  76.05   2      21.26     909.8602     53.03199
       471    165.2981    253.0234     8121.172     197.1539  15.2260   0.0264     3.24    0.050  -3.59   0      65.54      3078.21     60.97211
       472    986.0748    251.6289     3789.553     170.8655  16.0535   0.0490     7.95    0.174   5.07   0      32.53     1363.629     54.69778
       473    624.2137    249.6396     1723.703     157.8154  16.9088   0.0994     5.52    0.164 -83.08   0      16.59     636.3882     51.97583
       474     26.8708    240.6551     181274.1     365.5913  11.8542   0.0022     3.28    0.087 -18.40   0      510.6     67828.66     182.1807
       475    711.3323    243.1550     5046.373      207.768  15.7426   0.0447     3.05    0.098   5.93   0      40.29     1752.112     56.28881
       476    537.3656    244.7454     2052.825      199.491  16.7191   0.1055     5.85    0.539   4.51   0      14.55     452.7195     50.77202
       477    487.3005    241.1552     39763.54     250.9351  13.5013   0.0069     8.40    0.178  -8.39   0      208.2        14549     94.43618
       478     94.5527    245.2819     1126.073     122.1399  17.3711   0.1178     4.29    0.268   1.43   0      13.78      568.597     51.02614
       479    759.5552    239.1301     2168.828     170.6704  16.6594   0.0855     2.84    0.072 -65.36   0      20.62     899.3501      52.7334
       480    411.1206    236.2367     2448.173     179.6403  16.5279   0.0797     3.41    0.150 -19.16   0      20.66     847.7963     52.51075
       481    191.7292    228.8168      22774.5      230.002  14.1064   0.0110     3.15    0.108 -24.28   0      144.1     8697.741     79.61744
       482    685.6085    229.4942     4921.772     196.8642  15.7697   0.0434     3.26    0.149 -33.90   0      42.98      1930.83     57.00584
       483    241.3188    221.3335     31330.45     224.5538  13.7601   0.0078     3.24    0.121  -9.50   0      181.8     12043.05     88.42697
       484     16.9967    223.8933     1619.678     88.15814  16.9764   0.0591     0.00    0.121  89.73   0      45.57     1395.588     54.83042
       485    416.6798    220.0421     6893.851     199.1278  15.4038   0.0314     3.35    0.128 -18.98   0      56.86     2596.866     59.48957
       486    707.0209    219.0705     5478.193     175.0219  15.6534   0.0347     3.10    0.200  -3.33   0      50.56     2441.648      59.1207
       487    626.3593    217.5536     1890.821     194.1979  16.8084   0.1115     5.61    0.301   3.80   0      14.72     588.9186     51.24749
       488    213.3717    215.3815     3280.091     213.0257  16.2103   0.0705     3.93    0.289 -14.96   2       23.8     988.4329     53.36765
       489    664.1791    213.0720     7131.018     196.0091  15.3671   0.0299     3.28    0.292  -8.77   2      53.48     2534.389     59.36338
       490    610.5058    211.1732     1541.975     178.4902  17.0298   0.1257     3.25    0.249  -1.49   0      13.81     542.3431     50.64515
       491    141.1948    203.1330     2152.854     183.8792  16.6675   0.0928     4.55    0.290 -33.89   0      19.27      789.134     52.25623
       492    855.6943    195.3045     2178.502     111.2711  16.6546   0.0555     0.00    0.483 -44.68   0      46.02     1724.944     56.05962
       493    442.5526    195.5159     3194.598     200.7875  16.2390   0.0683     3.74    0.082 -13.44   2      27.01     1082.956     53.26787
       494    437.4469    188.2416     26796.98     219.1545  13.9298   0.0089     3.24    0.123 -21.48   2      163.3      10409.7     84.28342
       495    368.2919    195.7011     3217.667     143.3852  16.2311   0.0484     3.45    0.143 -28.97   0      31.39     1311.307     54.10971
       496    977.8969    194.9222     2536.667     185.2594  16.4893   0.0793     7.23    0.079 -85.71   0      22.72     877.1854     52.38258
       497    485.4315    193.8574     3324.747     164.2363  16.1956   0.0536     3.30    0.180  -6.49   0      31.65     1402.029     54.73482
       498    752.1531    190.4677     55962.33     258.1592  13.1303   0.0050     4.46    0.124 -10.16   0      261.8      21299.4     109.7887
       499    262.0012    191.6072     8343.649     180.5691  15.1966   0.0235     3.07    0.106  -3.38   0      69.57     3429.583     62.69703
       500    569.2812    189.6883     6144.522      160.966  15.5288   0.0284     3.07    0.111  -6.78   0      55.44      2628.65     59.61087
       501    959.2057    188.8128     3143.118     182.3639  16.2566   0.0630     3.61    0.048  43.52   0      25.99     1061.675     53.42842
       502    966.6510    180.6472     2466.625     176.8444  16.5197   0.0779     3.81    0.228  -6.21   0      23.38     943.2002     53.04851
       503    880.0842    180.6476     1513.005     139.4612  17.0504   0.1001     3.39    0.230 -36.98   0      15.39     628.3903     51.29177
       504    319.7504    178.7708     9952.938     204.2363  15.0051   0.0223     3.18    0.119  -1.12   0      77.73     3890.484     64.55402
       505     79.5480    177.2741      2901.55     230.7566  16.3434   0.0864     4.87    0.410 -45.71   3      20.59     845.5987     52.37345
       506     83.2009    173.0331     2582.154     206.6821  16.4700   0.0869     3.80    0.241   3.79   2      20.04     825.9648     52.67122
       507    256.0035    174.1807     2216.651     129.4373  16.6358   0.0634     3.24    0.565  89.69   0      29.13     1238.746      54.1764
       508     20.2196    169.7370     4738.878     265.5189  15.8108   0.0608     4.28    0.177 -82.54   0      28.94     1146.395     53.78759
       509    534.4896    170.7851     1527.453     170.7978  17.0401   0.1214     3.13    0.251  -1.71   0      13.68     563.5342     51.00359
       510    792.5267    167.8291     3354.553     233.3658  16.1859   0.0755     5.24    0.404 -84.30   0      22.84     807.2361      52.3349
       511    322.8135    168.5600     4559.102     198.1431  15.8528   0.0472     3.47    0.076   2.86   0      39.86     1761.269     56.68154
       512    403.2895    163.0565     1816.984     145.8176  16.8516   0.0872     1.35    0.407  -7.42   1      20.13     920.6446      52.5708
       513    231.2848    162.5174     2327.955      166.915  16.5826   0.0779     3.30    0.163   4.80   0      23.72     990.2067     52.99725
       514    684.3715    161.7430     1795.427      187.054  16.8646   0.1131     3.00    0.240 -30.64   0      15.72     653.2177     51.66172
       515    634.4006    159.6707     3515.588     196.0902  16.1350   0.0606     3.95    0.179  -1.49   0      31.99     1385.486     54.78853
       516     40.9345    160.8490     1420.335     163.6398  17.1190   0.1251     5.00    0.188  89.22   0       13.8     533.5929     51.13276
       517    969.5028    158.3317     1691.272     165.0338  16.9295   0.1060     3.11    0.139 -40.28   0      16.86     685.8223     51.54562
       518    790.2714    158.9854     2301.937     192.0797  16.5948   0.0906     3.29    0.332  -1.48   0      18.59     779.3486     52.34183
       519    225.7546    156.8014     3999.893     205.8077  15.9949   0.0559     3.40    0.109   8.42   0      31.11     1329.049      54.6766
       520    315.5312    154.5590     1469.318     133.2457  17.0822   0.0985     2.68    0.025 -23.60   0      16.16     667.0927     51.72272
       521    801.0798    149.7871     5159.015     109.8221  15.7186   0.0231     0.00    0.341 -72.18   0       91.1     4498.884     66.46024
       522    783.2933    147.0786     2200.626     184.8467  16.6436   0.0912     3.14    0.193 -31.45   0      18.84     814.6357     52.23891
       523    992.9080    146.6282     1878.586      193.319  16.8154   0.1118     3.78    0.067 -16.29   0      16.04     639.0901     51.20848
       524    186.5046    147.0191     1833.826     142.3563  16.8416   0.0843     3.26    0.247  -5.41   0      19.42     817.6765     51.99504
       525    254.6212    144.4344     6347.971     189.8775  15.4934   0.0325     3.62    0.150 -15.65   0      52.64     2407.374     59.10228
       526    133.6926    141.6532     6954.944     249.2523  15.3943   0.0389     3.50    0.174 -16.02   0      45.92     1984.809     56.98596
       527    384.2499    140.8177     4491.272     199.7497  15.8691   0.0483     3.20    0.183   6.43   0      37.56     1701.031     56.32064
       528    598.9756    137.0026     1538.735     174.6916  17.0321   0.1233     4.29    0.308  -0.90   0      14.13      546.598     51.32125
       529    795.8079    133.7013     1513.709     154.2892  17.0499   0.1107     3.59    0.570  40.18   0      14.08     663.0897     51.70513
       530    120.3424    132.6960     3962.099     204.1313  16.0052   0.0560     3.82    0.174  -9.49   0      31.63     1293.926     54.03666
       531   1003.5936    130.8873     4523.789     173.7781  15.8612   0.0417     3.63    0.147  -9.02   0      39.03     1652.386     55.88471
       532     44.4853    128.4669     5704.639     257.3885  15.6094   0.0490     3.97    0.060 -38.80   2      40.55     1235.733     53.91577
       533    417.5086    128.9909     1336.944     118.3593  17.1847   0.0961     3.52    0.255  -0.52   0      15.75     650.0705     51.64787
       534    724.4012    125.0857     9606.913     211.1171  15.0435   0.0239     4.29    0.220 -37.94   0      69.33     2968.623     61.22248
       535    703.0241    125.9360     6572.472     252.9091  15.4557   0.0418     3.27    0.106 -35.15   2       43.3     1385.561       54.911
       536    655.1803    126.1685     1569.884     152.1862  17.0103   0.1053     3.28    0.056 -34.49   0      16.48     687.9423     52.07225
       537    878.1664    116.8882     8078.649     189.3015  15.2317   0.0254     3.15    0.089 -19.68   0      66.48     3270.432     61.90133
       538    261.3876    112.5939     1637.895     144.3826  16.9643   0.0957     3.25    0.136 -41.37   0      16.37     654.2034     51.66606
       539     61.0943    110.0969     2313.647     160.7604  16.5893   0.0755     3.17    0.142 -39.68   0      21.16      890.418     52.43996
       540     44.0296    104.1113     29917.52     224.6157  13.8102   0.0082     3.25    0.101 -23.11   0        174     11211.17     86.26239
       541    686.7977    100.2426      7667.48      179.716  15.2884   0.0255     3.25    0.093 -16.29   0      66.08     3210.104     62.11246
       542    384.3343    100.7558     1927.109     178.0415  16.7877   0.1003     2.94    0.181  -6.80   0      20.35     868.5927     52.60068
       543    548.6279     96.6216     1842.917     183.4957  16.8362   0.1081     3.53    0.151 -73.53   0      16.15     671.4467     52.00021
       544   1003.8020     94.9946     1357.316     154.0587  17.1683   0.1233     2.90    0.167   4.48   0      14.32     585.4985     51.36295
       545    274.1444     93.5921       4422.1     141.7804  15.8859   0.0348     0.00    0.332  23.89   0      51.79     2726.283     60.20496
       546    817.8673     91.4534     3651.977      182.997  16.0937   0.0544     3.36    0.212 -20.75   0      31.61     1366.969     54.71166
       547    751.7724     87.7751     9484.515     213.3539  15.0575   0.0244     4.98    0.165   1.80   0      72.48     3604.938     63.54075
       548    762.3815     86.0521     14301.43     224.4764  14.6116   0.0170     3.15    0.115 -22.38   0      99.88     5355.108     69.42303
       549    164.2917     83.4568     1890.844     140.0756  16.8084   0.0805     3.19    0.013 -34.26   0      18.11     738.6307     51.77794
       550    954.5544     78.3205     2322.925     154.3954  16.5849   0.0722     2.84    0.176 -22.37   0         24      1019.39     53.12226
       551    599.9752     78.0781     2164.054     154.1614  16.6618   0.0774     3.64    0.097 -26.37   0      20.25     818.6356     52.38438
       552    979.2675     77.2369     2799.201     224.0242  16.3824   0.0869     3.69    0.188 -13.88   0      20.35     821.5859     52.39718
       553    636.2466     76.4510     1514.262     129.4981  17.0495   0.0929     3.36    0.016  77.61   0      16.13     676.8167     51.89471
       554     44.0793     74.3024     2142.948     189.2544  16.6725   0.0959     4.01    0.224   2.69   0      20.09     831.0187     52.18189
       555    860.9761     68.6644     4996.957     187.3615  15.7532   0.0407     8.91    0.346  43.15   0      39.67     1600.272      55.7926
       556     63.1584     70.0545     4272.513     204.4766  15.9233   0.0520     3.52    0.157 -17.35   0      34.49     1529.125     55.50202
       557    961.6630     69.0597     2373.377      161.883  16.5616   0.0741     3.34    0.220 -31.90   0      22.81     987.4758     53.11185
       558    973.8638     63.5714      18804.3     226.0449  14.3144   0.0131     3.18    0.060  -0.63   0      125.3      7146.41     74.96922
       559    259.9314     65.0179     1255.399     140.2404  17.2530   0.1213     3.74    0.253  45.71   2      12.67     487.3737     51.05831
       560    825.7638     58.9008     102036.3     301.5613  12.4781   0.0032     3.11    0.084 -22.40   0      371.7      39100.4     141.7439
       561    340.6483     61.3362     20105.19     217.5597  14.2417   0.0118     3.29    0.165  -9.97   0      131.2     7413.536      75.7747
       562    555.4612     58.8023     66329.67     267.1303  12.9457   0.0044     3.14    0.083 -19.60   0      291.1     25852.68     118.8976
       563     29.7714     61.1590     10956.25     210.1873  14.9008   0.0208     3.47    0.107  -8.29   0      82.44     4088.578     65.24771
       564    434.9728     59.9445     4735.843     95.85561  15.8115   0.0220    -6.76    0.101  60.25   0      91.31     4455.722     66.31248
       565    754.4708     49.2017     1723.554     95.70369  16.9089   0.0603     1.90    0.257  24.74   0      36.02     1519.665     55.34233
       566    164.6211     46.3749     6799.483     165.9756  15.4188   0.0265     3.15    0.182 -11.96   0      57.99     2733.439     60.34311
       567    788.3774     44.1703     18465.11     203.8658  14.3341   0.0120     3.16    0.088 -19.58   0      126.9     7320.309     75.67187
       568    984.0320     45.4835     1610.139     133.4857  16.9828   0.0900     4.29    0.192 -28.89   0      17.66     719.2822      51.8224
       569    912.1254     45.5135     2090.042     186.5157  16.6996   0.0969     3.50    0.288 -25.22   0      16.42      652.729     51.26897
       570    301.2387     44.8651     1901.636     181.7342  16.8022   0.1038     3.97    0.243   0.53   0       17.2     688.8535     51.81826
       571    131.1725     37.5397     22463.67     221.5272  14.1213   0.0107     3.83    0.114  50.38   0      138.9     7230.075     75.31145
       572    855.0106     35.7514     2407.133     162.9616  16.5462   0.0735     4.01    0.126   4.22   0      23.88     983.1485     53.21939
       573    509.8059     36.1912     1769.895     177.8407  16.8801   0.1091     3.55    0.035  25.06   0      15.62     640.4377     51.60547
       574   1017.2485     29.3688     2453.221     191.3853  16.5257   0.0847     3.54    0.211 -45.12  16      21.02     874.6808     52.88101
       575    858.7909     17.7814     2718.336     166.4422  16.4142   0.0665     3.28    0.132 -37.53   0      23.98     995.5351     53.14633
       576    275.1476     16.5460     2878.901     203.7456  16.3519   0.0769     7.25    0.385  -4.37   0      26.32       1023.5     53.51678
       577    765.0453   1019.9265     12936.05     182.6267  14.7205   0.0153     3.04    0.166 -16.31  16      100.1     5676.384      70.3718
       578    612.5677   1020.8276     3696.059     180.2854  16.0807   0.0530     3.43    0.204  -9.39  16      33.51     1459.677     55.33813
       579    886.6696   1019.5719     5100.418     182.9651  15.7310   0.0390     3.23    0.135  -5.15  16      45.14     2079.868     57.59697
       580    345.2014   1021.0303      1520.24     159.6348  17.0452   0.1140     3.42    0.208  -3.35  16      14.72     640.8032     51.86611
       581    422.9513   1016.9911     5508.035     181.6354  15.6475   0.0358     3.23    0.224  -2.03  16      48.21     2278.803     58.49134
       582    219.8478   1013.7755     63131.92     257.9821  12.9994   0.0044     3.06    0.098 -12.07  16      283.6     26141.83     119.5051
       583     16.7591   1015.0211      1469.91     135.7378  17.0818   0.1003     3.62    0.208   2.04   0      14.91     634.2408     51.83734
       584    583.4212   1013.8747     1569.057     145.4306  17.0109   0.1007     5.03    0.285 -13.49   0      15.59     614.2602     51.62002
