#   1 NUMBER                 Running object number                                     
#   2 X_IMAGE                Object position along x                                    [pixel]
#   3 Y_IMAGE                Object position along y                                    [pixel]
#   4 FLUX_AUTO              Flux within a Kron-like elliptical aperture                [count]
#   5 FLUXERR_AUTO           RMS error for AUTO flux                                    [count]
#   6 MAG_AUTO               Kron-like elliptical aperture magnitude                    [mag]
#   7 MAGERR_AUTO            RMS error for AUTO magnitude                               [mag]
#   8 FWHM_IMAGE             FWHM assuming a gaussian core                              [pixel]
#   9 ELLIPTICITY            1 - B_IMAGE/A_IMAGE                                       
#  10 THETA_IMAGE            Position angle (CCW/x)                                     [deg]
#  11 FLAGS                  Extraction flags                                          
#  12 SNR_WIN                Gaussian-weighted SNR                                     
#  13 FLUX_APER              Flux vector within fixed circular aperture(s)              [count]
#  14 FLUXERR_APER           RMS error vector for aperture flux(es)                     [count]
         1    876.0113     12.0391     2104.768     88.65997  16.6920   0.0457     0.00    0.013  60.00   3      54.68     1973.812     57.13345
         2    294.4665     14.0038     3339.545     230.5053  16.1908   0.0750     4.18    0.166  -3.26   0      24.84     930.1317     52.44407
         3     73.4131     12.4099     2445.526     238.0575  16.5291   0.1057     6.46    0.136   6.89   0      16.55     539.3306     50.72222
         4    627.2853     10.3399     4502.818     174.1257  15.8663   0.0420     5.66    0.233  -1.83  16      36.88     1406.115     54.22579
         5    543.1041     11.0757     3504.534      146.008  16.1384   0.0452     6.84    0.428 -82.36   0      45.91     2276.586     57.75902
         6     61.3731     10.5441     2002.066     185.5887  16.7463   0.1007     3.68    0.143 -42.73   0      16.53      602.412     51.00409
         7    893.4852      9.4994       1388.8      152.694  17.1434   0.1194     5.19    0.276  20.55   0      13.33     497.7275     50.14362
         8    551.1711      6.3273     2833.836      221.264  16.3691   0.0848     6.90    0.301 -40.94  16      21.52     839.1974      52.0485
         9    200.9816      5.8091     2046.711     88.51102  16.7224   0.0470     0.00    0.041  61.55   3      54.74     2010.447     56.93359
        10    199.4958      2.5314     2789.964     128.0271  16.3860   0.0498     4.02    0.232 -12.20  18      28.01     1073.881     52.81496
        11    398.9219      3.3252     5391.934     157.5001  15.6706   0.0317     4.09    0.171  -5.79  24      45.84     1880.875     56.06323
        12     79.1591      4.7512     2378.321     204.5649  16.5593   0.0934     6.29    0.258   6.71  16      18.21     694.5524     51.54075
        13    682.6689   1000.8528     13961.36     235.9226  14.6377   0.0184     3.78    0.202  21.90   0      89.46     4036.113     64.41304
        14    759.7002   1002.4426     2622.249     212.7093  16.4533   0.0881     4.43    0.185  27.55   0      19.45     687.7155     50.73894
        15    133.3809   1002.6656     2133.259     205.8954  16.6774   0.1048     3.16    0.117 -45.91   0      16.08     595.0477     51.10009
        16    548.9115    999.3154     10355.33     251.4469  14.9621   0.0264     5.02    0.201  32.00   0      63.82     2370.673     58.24107
        17    906.5599    999.2962     3612.511     192.7374  16.1055   0.0579     3.89    0.080  19.09   0      31.54      1201.41     53.11391
        18    813.6568    999.8315     6413.523     232.1044  15.4823   0.0393     3.77    0.160   2.76   0      45.75     1914.143     56.43145
        19    702.2343   1000.3322     2215.221     143.9871  16.6365   0.0706     4.10    0.213 -11.94   0      20.88     807.8986     51.91166
        20    674.2446    999.6716      1706.74      180.735  16.9196   0.1150     5.08    0.217  41.45   0      13.41     521.1441     50.64066
        21    249.4114    998.9792     2453.723     221.6161  16.5254   0.0981     4.06    0.162 -88.78   0      17.42     609.7893     51.16562
        22    518.3410    998.9003     1697.138     174.2397  16.9257   0.1115     4.86    0.150  30.47   0      15.27     591.1577     50.56531
        23    579.4421    988.6185     1591.847     176.9121  16.9952   0.1207     0.00    0.164 -73.58   2      14.56     559.2609     51.06959
        24    218.3297    988.1290     2474.633     209.4352  16.5162   0.0919     5.27    0.273  13.55   0      14.46      520.066     50.50581
        25    209.5068    983.8107     5656.088     286.5832  15.6187   0.0550     3.90    0.111  -4.53   0      27.71     1118.065     53.25227
        26    886.2543    982.2113      1676.35     93.01679  16.9391   0.0603     1.84    0.093 -57.79   0      35.02     1598.619     55.38401
        27    498.7893    979.7146     3420.571     151.4066  16.1648   0.0481     4.14    0.219   8.79   0      29.84      1169.56     53.34848
        28    416.8537    978.3124     20486.16     257.9059  14.2213   0.0137     4.55    0.382   0.02   0      119.2     5540.362     69.42362
        29    191.6287    980.0106     1466.438     142.8003  17.0843   0.1058     3.43    0.283 -17.34   0      14.76     559.3194     50.94094
        30    162.3163    976.5273     1684.227     137.2849  16.9340   0.0885     4.11    0.237  32.83   0      16.16     631.3303     50.87495
        31    970.9974    972.3472     3941.665     101.6825  16.0108   0.0280     0.95    0.171  87.31   0      70.39     3961.597       64.252
        32    379.2966    970.8552     3196.962     103.2392  16.2382   0.0351     2.45    0.336 -26.26   0      64.76     2619.799     58.98271
        33    435.1981    967.6643      2244.47     221.4014  16.6222   0.1071     5.34    0.353 -18.37   0       16.9     638.1343     51.29137
        34    929.3196    965.2585     2658.373     198.3534  16.4385   0.0810     4.06    0.193 -15.70   0       21.8     863.7363     51.90279
        35    710.1261    962.4368     3097.994     219.2978  16.2723   0.0769     7.82    0.163  54.54   0      23.64     850.4556     52.09764
        36    263.0819    960.1442      9237.26     115.7753  15.0861   0.0136     5.08    0.312  59.37   0      131.6     8663.505     78.98892
        37    820.0322    959.4490     2116.354     137.9984  16.6860   0.0708     6.12    0.262 -21.91   0      20.52     810.0574      51.9211
        38    737.8344    957.6509     10397.45     211.7412  14.9577   0.0221     3.79    0.155   8.26   0      75.07     3363.389     62.09997
        39    354.5852    955.9917     3460.519     183.8234  16.1521   0.0577     5.63    0.026  14.70   0      27.68     1038.984     52.91369
        40    282.7227    956.1046     6270.853     109.7978  15.5067   0.0190     5.08    0.318 -21.56   0      100.1     5410.794     68.99815
        41    202.9047    956.8515     1676.824     113.6933  16.9388   0.0736     4.48    0.210  56.64   0      39.66     1349.361     53.86547
        42    451.9309    955.0955     3530.966     180.2999  16.1303   0.0555     4.13    0.220  -5.55   0       32.1     1254.772     53.46488
        43    935.8344    951.0547     10539.45     240.9339  14.9430   0.0248     4.76    0.160   2.65   0      71.97     3132.178     61.24794
        44    765.8599    950.2492        60964     295.3232  13.0373   0.0053     3.81    0.259  12.97   3      261.9     18217.16     102.9957
        45    772.8533    947.6398     27289.25     286.5318  13.9100   0.0114     3.92    0.250  41.15   3      145.3     7486.179     75.78622
        46    230.6185    952.3821     8358.283     197.4237  15.1947   0.0257     3.92    0.121   5.70   0      62.58     2639.253     59.61169
        47    141.0695    953.8986     10495.22     113.9713  14.9475   0.0118     0.00    0.271 -56.19   0      148.2     10698.81      84.4872
        48    541.2630    950.5715     12259.45     231.4538  14.7788   0.0205     4.09    0.192  -4.88   3      81.94     3430.828     62.24075
        49    540.3566    945.8783     10395.92     207.8217  14.9578   0.0217     3.94    0.251 -10.27   3       73.3     3035.592      60.7804
        50    578.1219    950.0036     2678.239     204.8979  16.4304   0.0831     3.57    0.048  -5.53   0      22.29     908.1147     52.34857
        51    149.8674    949.1855     1235.641     122.5844  17.2703   0.1077     3.88    0.216 -63.67   0      13.83     572.5912     50.87103
        52   1006.0056    944.8902     18868.31      259.661  14.3107   0.0149     4.33    0.027 -33.63   2      105.9     4471.174     66.02988
        53    643.2933    945.8770     4114.836     165.8715  15.9641   0.0438     3.67    0.215   6.93   0      35.16     1461.351     54.57741
        54    505.5253    953.0714     3576.061      194.393  16.1165   0.0590     4.32    0.168  12.69   0      30.31     1136.375     53.20693
        55    858.6858    937.1397     11630.23     229.4065  14.8360   0.0214     3.73    0.201  -1.52   3      79.15     3527.972     62.48933
        56    864.4625    928.4793      41022.7     253.0119  13.4674   0.0067     3.72    0.113  -0.17   2      208.1     12952.51     90.49196
        57     88.4847    934.1749     2267.601     197.9051  16.6111   0.0948     6.24    0.263  19.45   0      17.33     585.9626     50.67188
        58    444.3438    928.0748     4892.252     197.5966  15.7762   0.0439     4.41    0.166  32.90   0      38.83     1474.015     54.63012
        59    120.9963    926.0094     5102.486     96.03744  15.7305   0.0204     4.18    0.005  47.59   2      99.61     5125.858     68.24609
        60    147.6175    927.1048       1705.8     165.5434  16.9202   0.1054     4.57    0.284 -14.95   0      14.93     552.4255     50.39092
        61     80.3005    925.7788     3532.499     154.7937  16.1298   0.0476     4.15    0.301  -4.77   0      31.16     1208.225     53.14307
        62    326.2005    921.2190     1839.296     141.0812  16.8384   0.0833     4.51    0.317  16.74   0      16.85     629.2391     51.12349
        63    690.3207    919.8969     1736.781     140.9159  16.9006   0.0881     4.60    0.230 -64.96   0      17.42     735.3711     51.33763
        64    931.2128    919.0064     2586.667     144.5722  16.4681   0.0607     3.94    0.217 -38.04   0       24.7     1003.743     52.76211
        65    558.3597    914.5641     4770.791     109.6869  15.8035   0.0250     5.16    0.132  46.61   0      74.21     4371.259     65.68507
        66    183.1850    937.6245     4536.638     217.0292  15.8582   0.0520     4.16    0.211  -5.69   0      35.44     1405.037     54.70417
        67    583.9870    908.0309     25999.55     136.8278  13.9626   0.0057     4.37    0.082 -64.30   0      233.9     25777.09     118.6202
        68    316.4672    907.7793     18617.96     216.6268  14.3252   0.0126     3.78    0.137  -0.20   0      119.3     5952.413     71.03792
        69    956.5132    909.6931     1353.356     121.4565  17.1715   0.0975     4.61    0.240 -50.83   0      14.41      531.251     50.55611
        70    841.0139    908.9695     2981.141     90.87872  16.3140   0.0331     0.00    0.006  82.38   3      70.53      3004.57     60.98859
        71    842.1462    905.6853     2238.365     174.0021  16.6252   0.0844     6.02    0.359   5.14   2      18.64     645.6672     50.93896
        72    729.7139    908.1439     3444.409     164.9503  16.1572   0.0520     3.74    0.204 -18.61   0      29.77      1208.72     53.39205
        73    606.0065    902.4786     64799.64     283.5693  12.9711   0.0048     3.78    0.111  -8.83   0      277.5     20077.92      107.023
        74    697.1876    904.7759     3545.352     191.8031  16.1259   0.0588     4.07    0.189 -13.49   0      29.08     1145.482     53.49221
        75    649.4897    904.0416     3949.952     211.0302  16.0085   0.0580     4.20    0.154  -2.17   0      30.81     1195.971     53.33775
        76    671.5217    903.0099      2190.12      182.246  16.6488   0.0904     3.47    0.250  -0.73   0      17.96     690.1509     51.39356
        77    161.3986    902.4647     2086.647     175.6852  16.7014   0.0914     3.88    0.122  11.87   0      19.31     755.8783     51.81047
        78    994.3744    899.3594     3746.449     184.1766  16.0660   0.0534     8.72    0.314 -55.42   0      30.24     1045.972     53.19149
        79    919.2198    901.6213     1461.889     149.5406  17.0877   0.1111     3.17    0.229 -19.81   0      14.95     589.5018     51.20399
        80    144.6812    897.3931     4086.237      283.602  15.9717   0.0754     6.73    0.402   2.14   2      21.56     532.3714     50.82057
        81    776.6924    899.3013     2695.133     207.3091  16.4235   0.0835     5.00    0.232   2.04   0      19.74      704.007     51.07001
        82    352.5874    896.8245      4197.28     118.6247  15.9426   0.0307     2.62    0.459 -62.93   0      58.71      3829.12     63.88468
        83     45.3581    895.9095     2969.789     172.1131  16.3182   0.0629     3.81    0.118   6.41   0      26.54     1053.262     52.72616
        84    908.1127    891.1903     1678.937     177.9501  16.9374   0.1151     3.79    0.285  75.46   2      16.07     625.1397     50.97644
        85    868.9941    890.0090     2425.943     89.47949  16.5378   0.0401     0.00    0.013 -54.66   2      59.94     2261.123     57.92561
        86    346.7972    889.6848     10764.98     187.4533  14.9200   0.0189     3.55    0.120   0.13   0      82.19     3924.798     64.32645
        87    332.5478    881.7290     2118.492      128.119  16.6849   0.0657     4.18    0.235 -28.92   0      21.48     824.7258     51.85864
        88    247.8218    881.4404     1763.504      178.058  16.8841   0.1097     4.15    0.319 -13.31   0      14.78     556.2254     51.05608
        89    161.9892    880.7818      3513.24     93.96574  16.1357   0.0290     0.87    0.140  89.65   0      71.59      3552.06     62.78667
        90    303.0885    877.1509      8111.75     213.1647  15.2272   0.0285     4.85    0.166  20.20   2      53.94     1647.633     55.22877
        91    197.3225    875.7188     9600.182       217.03  15.0443   0.0246     3.81    0.150  -8.38   0      69.42     2999.329     60.42743
        92      2.8699    875.2853     2637.168     184.5923  16.4472   0.0760     4.57    0.166 -38.54  26      19.01     596.6843     50.71994
        93     96.2144    873.2805     6393.815     249.8222  15.4856   0.0424     3.80    0.089   3.14   0      45.69     1850.716     56.17542
        94     46.2996    870.1321     39745.27     310.8677  13.5018   0.0085     9.09    0.483 -18.41   0      168.5     5259.925     68.40334
        95    272.8428    869.2441     33687.33     245.6665  13.6813   0.0079     3.83    0.134  -4.07   0      180.4     10196.96     83.28431
        96    135.5452    871.9704     4653.584     232.5053  15.8305   0.0543     8.12    0.321 -19.64   0      34.15      1219.22     53.55963
        97    590.4587    864.3152     11376.01     241.7217  14.8600   0.0231     4.18    0.168  -3.98   0      74.06     3049.014     60.72239
        98    116.2071    862.6039     3048.656     177.8519  16.2897   0.0634     3.72    0.249   6.14   0      25.47      991.003      52.7072
        99    882.3412    857.1005      14765.8     212.5469  14.5769   0.0156     3.84    0.145  -4.26   0      100.4     4813.522     66.90372
       100    533.0377    858.2164     3571.016     260.8293  16.1180   0.0793     7.95    0.228 -52.25   0      22.15      780.422     52.17069
       101    432.0871    858.0101     6495.149     208.3011  15.4685   0.0348     4.44    0.217 -10.96   0      49.94     2099.606      57.1735
       102    646.8414    854.5705     25975.24     247.2253  13.9636   0.0103     3.80    0.141  -4.52   0      150.1     8108.998     77.71616
       103    924.2616    855.3939     5324.021     238.7332  15.6844   0.0487     7.20    0.485 -21.59   0       35.4     1294.484     54.12158
       104    135.6770    855.3823     3679.759     237.1627  16.0855   0.0700     7.73    0.294  80.14   0      26.58     889.4246     52.39301
       105    714.8931    853.2332     1275.196     163.9516  17.2361   0.1396     5.25    0.300 -78.78   0      13.48     534.8129     50.18056
       106    105.7039    853.8815     1883.104     163.7916  16.8128   0.0945     3.96    0.234  -4.65   0      16.89     629.5177     50.86686
       107    864.5964    850.2375      2470.21     146.6482  16.5182   0.0645     3.52    0.051  23.72   0      23.43      956.809     52.80915
       108    800.8064    847.6856     6927.758     255.5071  15.3985   0.0401     4.23    0.138  10.94   0      45.96     1788.132      56.1563
       109    411.2339    847.0961     1760.466     198.1532  16.8859   0.1222     5.13    0.423 -69.53   0      13.57     475.8523     49.91281
       110     79.6949    846.0704     7513.664     293.1434  15.3104   0.0424     4.89    0.296  -2.59   0      45.76     1721.871      55.4149
       111    343.1203    847.2134     1158.188     114.1016  17.3406   0.1070     5.25    0.341   5.64   0      12.36     466.6359     50.39544
       112    645.3192    843.9467     5042.668     255.1167  15.7433   0.0549     4.28    0.235  -1.49   0      30.79     1238.629     53.51921
       113    538.1971    838.6712     2856.402     201.0481  16.3605   0.0764     4.44    0.231  12.94   0      21.36     819.7194     51.96338
       114    199.8045    834.8564     15330.59     244.0685  14.5361   0.0173     3.87    0.202  -6.11   0      98.25     4595.156     66.55412
       115    622.5804    835.5366     2126.669     197.7432  16.6807   0.1010     3.52    0.064  -7.31   0      16.24     646.0472     51.19815
       116    257.7868    830.0106     71783.38     290.2473  12.8599   0.0044     3.76    0.081  -3.19   0      296.2     22405.81     111.8573
       117    660.4283    831.5592      9387.58     246.6032  15.0686   0.0285     3.87    0.152  -5.79   0      62.34     2656.304     59.67667
       118    789.2050    832.0775     11565.93     114.6621  14.8420   0.0108     0.79    0.024  -2.48   0      127.3     10959.81      85.4946
       119    993.8900    829.7629     6914.883     298.7929  15.4005   0.0469     8.38    0.425  20.88   2      37.85     1133.792     53.07215
       120    278.1562    828.6418     14857.73     215.7151  14.5701   0.0158     4.31    0.132 -16.64   0      98.45     4548.854     66.09806
       121    189.7203    826.9262     7666.042     262.5015  15.2886   0.0372     4.06    0.148  -2.32   0      51.55     2031.926     56.67226
       122    119.9702    828.3668     2085.017     190.9277  16.7022   0.0994     6.09    0.235  -6.61   0      17.34      660.105     51.51642
       123     59.7194    827.0938     4256.804     230.6965  15.9273   0.0589     4.17    0.179   4.19   0      32.64     1271.795     53.78226
       124    882.7791    826.9833     1757.488     145.5395  16.8878   0.0899     5.55    0.643 -15.09   0      16.17     737.1179     51.85506
       125    935.4354    823.8959     3427.322     246.4426  16.1626   0.0781     3.81    0.156 -45.75   2      21.07     700.0344     50.92337
       126    739.9657    822.9909     2807.249     193.4921  16.3793   0.0749     4.31    0.052  17.11   0      21.51     816.8118     52.20318
       127    893.4893    821.8555     3505.831     238.3791  16.1380   0.0738     4.58    0.175  12.42   0      24.81     934.1107     52.21004
       128    424.3752    822.5932     1498.491     168.2161  17.0609   0.1219     5.71    0.144 -46.41   0      14.26     503.3465      50.6906
       129    903.0212    820.9175     2910.335     186.6976  16.3401   0.0697     5.54    0.224   6.61   0      21.28     784.9863     51.68419
       130      2.0114    815.8166     1668.464     128.6028  16.9442   0.0837     5.35    0.341 -77.81  24      18.43     781.8295      51.7974
       131    580.9987    813.9960     1454.771     154.9288  17.0930   0.1157     5.32    0.353  -0.13   0      12.19     405.7358     50.12004
       132    670.2670    810.5306     7976.335     236.4272  15.2455   0.0322     6.97    0.035  14.71   2      57.21     2363.581     58.21338
       133    674.1955    802.2884     3047.177     239.3191  16.2903   0.0853     7.63    0.468 -28.63   2      19.64     640.7359     51.17457
       134    716.8431    808.7896     1605.925     179.6957  16.9857   0.1215     5.39    0.027 -34.85   0      13.96     500.8289     50.80889
       135     92.5472    807.6995      4771.79     122.4356  15.8033   0.0279     6.15    0.518  34.16   0      78.28     3966.043     63.96006
       136    998.9748    805.8954     2367.556      181.564  16.5642   0.0833     3.57    0.218 -30.56   0       20.2     780.5426     51.28142
       137    509.0358    803.1936     3425.811     263.2127  16.1631   0.0834     5.52    0.284  26.14   2      20.31     705.0121     51.71416
       138    276.9232    802.6433     7174.343     190.9592  15.3605   0.0289     4.12    0.273  -9.91   0      52.33     2118.918     57.36495
       139    104.1533    802.6497     3611.581     107.2581  16.1058   0.0323     0.00    0.381 -67.19   0      66.06     3088.874     61.19458
       140    913.8244    798.0529     2240.751     162.2737  16.6240   0.0786     3.32    0.191  32.49   0      20.81     856.1376     52.24842
       141    869.0977    796.9543     9762.073     226.8247  15.0261   0.0252     3.88    0.163  -8.75   0       68.4     2946.962     60.12088
       142    758.2222    797.1699     4674.136     283.4935  15.8257   0.0659     4.54    0.215  13.88   0      23.84     849.7914     52.34656
       143    739.1985    796.4634     3034.912     225.1509  16.2946   0.0806     3.70    0.177   0.57   0      21.41     799.8752     52.00311
       144    884.5500    793.6603     2153.855     125.5908  16.6670   0.0633     4.48    0.591 -56.31   0      35.55     1419.337      54.5229
       145    381.7570    792.2598      3201.58     220.1531  16.2366   0.0747     3.50    0.140  -3.80   0       23.3     916.4761     52.38486
       146     28.1746    791.8275     5657.652      231.363  15.6184   0.0444     4.22    0.162  -5.10   0      39.69     1556.246     55.32882
       147    996.6540    791.1086     4125.919      234.105  15.9612   0.0616     4.08    0.213 -18.01   0      26.76     1055.048     52.73386
       148    466.1427    791.5510     2315.964      146.409  16.5882   0.0687     4.43    0.197 -13.78   0      22.01     841.7715     52.18589
       149    501.8316    788.5198     2767.105     169.9214  16.3949   0.0667     5.01    0.228 -37.60   0      22.12     761.1199     51.70645
       150    355.9431    787.8304      3315.57     292.1299  16.1986   0.0957     7.68    0.369 -79.95   0         17     399.5165     50.09183
       151    597.7253    788.0298     3159.041     140.8768  16.2511   0.0484     3.84    0.179  -4.27   0      29.65     1199.578     53.59903
       152     43.6096    786.4225     2590.913     103.4969  16.4664   0.0434     1.16    0.277 -45.63   0      46.12     2308.019     58.22235
       153    673.0731    784.1309      5574.05      219.615  15.6346   0.0428     4.50    0.183   1.19   0      41.09     1640.721     55.31931
       154    154.9129    785.6594     1747.701     188.7924  16.8938   0.1173     5.56    0.183 -48.40   0      14.13     509.6944     50.32864
       155    865.0997    784.1672     3566.714     250.5391  16.1193   0.0763     3.74    0.085   9.53   0       21.3     816.1996     51.31123
       156    585.7029    782.5283     2590.291     150.1551  16.4666   0.0630     7.09    0.315  -2.61   0      23.97      887.605     51.75373
       157    261.7728    776.1138     6117.854     197.3424  15.5335   0.0350     3.80    0.120   5.73   0      47.03     1944.562     56.43744
       158   1008.5023    774.1547     3276.721     182.6985  16.2114   0.0606     3.70    0.158   9.63   0      29.74     1178.486     53.01573
       159      3.4151    772.7633     12026.49     175.4446  14.7997   0.0158     3.85    0.031 -33.82  24      90.43      4252.77     65.57531
       160    824.2684    772.1783     4802.087     192.4342  15.7964   0.0435     4.37    0.170 -18.45   0      37.25     1417.806     54.63699
       161    545.0016    773.9413     7953.133     102.5619  15.2487   0.0140     0.00    0.045  89.03   0      120.8     7923.237     77.08576
       162    555.0565    771.3856     4640.576     191.3864  15.8336   0.0448     3.99    0.179   8.32   0      37.11     1496.138     54.96186
       163    194.9622    766.9186     9269.904      106.987  15.0823   0.0125     4.52    0.152  64.86   0      134.1     8816.789     79.51147
       164    429.9121    762.3617     5463.753      226.866  15.6563   0.0451     3.79    0.121   3.63   0      41.83     1680.153     55.36243
       165     44.5299    760.4839     1903.012      194.128  16.8014   0.1108     5.49    0.035  18.60   0      15.01      504.338     50.30444
       166    695.0032    755.9999      48086.7     169.5921  13.2949   0.0038     4.19    0.001 -33.95   3      321.2     47937.91     155.2983
       167    700.3494    753.9225     12344.42     325.8995  14.7713   0.0287    11.35    0.357  39.94   3      62.84     2637.503     59.27317
       168    337.1001    755.6917     11244.12     266.1995  14.8727   0.0257     4.45    0.300  10.89   0      70.83     2875.653     59.96046
       169    529.9998    756.3990     3176.172     99.95686  16.2452   0.0342     0.69    0.178 -89.25   0      59.85     2980.249     60.68156
       170    489.7723    756.2862     2813.944     139.1425  16.3767   0.0537     3.78    0.223 -14.23   0      26.58     1059.308     52.75222
       171    755.2520    752.9174     5993.194     173.2366  15.5559   0.0314     3.99    0.143  -0.47   0      48.77     1984.586     56.59838
       172    126.4539    754.5137     1596.286     170.2898  16.9922   0.1159     3.95    0.285 -15.09   0      14.41     566.4201     50.58415
       173    631.0717    753.4865     1817.087     118.2209  16.8516   0.0707     4.27    0.186   0.76   0      18.67     716.6746      51.2548
       174    687.6065    749.1794     26444.88     252.9108  13.9441   0.0104     3.72    0.141   4.28   0      150.5      8093.24     77.50057
       175    894.6216    750.1152     1873.219     187.1953  16.8185   0.1085     5.55    0.392   7.76   0      14.57     514.8075     50.35172
       176    556.6223    741.9524     153271.7     356.1917  12.0363   0.0025     3.77    0.090  -1.16   0      460.2     48217.79     155.7918
       177    183.7194    749.6568     1717.146     185.2394  16.9130   0.1172     5.04    0.423 -44.81   0      13.98     471.2189     50.15459
       178    994.8018    748.5775     3794.844     104.5471  16.0520   0.0299     0.70    0.092  62.04   0      64.12      3563.13     62.82673
       179    961.4232    746.6866     7296.967     191.9633  15.3421   0.0286     4.12    0.175  25.90   0      54.43     2197.774     57.44807
       180    364.6249    746.8488     4650.181     218.6568  15.8313   0.0511     3.82    0.063 -20.90   0      37.22     1528.402     55.21432
       181     86.3909    746.1795     1894.722     188.9693  16.8061   0.1083     5.03    0.221  31.03   0      15.52     567.0974     50.84648
       182    135.8335    745.8286     2822.088     100.7928  16.3736   0.0388     4.95    0.285  39.61   0      61.84     2442.335     58.85615
       183    823.4570    739.9053     3272.085     214.1714  16.2129   0.0711     4.29    0.209  -9.72   0      25.22     936.2151     52.09314
       184    731.3660    740.5564      2350.41     198.0002  16.5721   0.0915     4.67    0.234   5.77   0      21.13     783.4888     51.93144
       185    850.1270    739.5889     2576.651      219.507  16.4724   0.0925     4.89    0.241  -9.10   0      16.51     577.6016     51.02244
       186    591.2060    738.9551     1380.146     88.65649  17.1502   0.0698     1.08    0.138   5.74   0      34.27     1234.397     53.86867
       187    342.6763    738.4896     1541.706     147.4489  17.0300   0.1039     3.63    0.232 -31.62   0      14.72      534.509     50.44057
       188    104.6415    737.1844      3114.06     224.4997  16.2667   0.0783     3.82    0.167  21.29   0      21.92     834.5698     52.28043
       189    713.8494    733.3576     8454.569      241.695  15.1823   0.0310     3.96    0.304  -8.14   2      56.64     2392.066     58.54952
       190    721.6818    731.8190     2463.993     212.5401  16.5209   0.0937     5.90    0.454   4.55   3      19.83     705.8727     51.46304
       191    910.6428    732.5895     2075.576     199.3406  16.7072   0.1043     3.82    0.143  48.58   0      15.18     552.1343     51.03786
       192    194.8107    731.1450     1816.422     173.4501  16.8520   0.1037     4.63    0.032  42.56   0      16.41     639.7217      51.2984
       193    399.5598    729.0461     3103.694     164.4802  16.2703   0.0576     6.05    0.092  12.52   0      26.67     1060.105     52.88013
       194     79.3305    727.6444     36406.36     248.8306  13.5971   0.0074     3.74    0.112  -6.53   0      191.7     11350.55     86.52708
       195    552.0474    726.0223     19360.61     248.4552  14.2827   0.0139     3.88    0.121  -6.09   0      119.5     6029.016     71.37476
       196    123.4423    726.7855     3553.683     227.8486  16.1233   0.0696     7.74    0.445 -66.72   0      27.27     1177.533     53.75068
       197    921.9289    723.6385     2119.553     205.0803  16.6844   0.1051     3.83    0.129  34.12   0      15.68     609.7027     51.03656
       198    434.4753    723.4971     1766.565     138.6121  16.8822   0.0852     3.77    0.237 -38.68   0      17.98     719.3391     51.26661
       199    588.8223    720.7947      2333.98     188.6274  16.5798   0.0878     7.11    0.268  18.50   0      20.37     785.4546      51.8133
       200     46.6256    719.9771     7092.816     229.2104  15.3730   0.0351     3.98    0.164 -11.42   2      50.51     2083.419     57.45348
       201    256.9645    716.2131     30086.28     233.3267  13.8041   0.0084     3.85    0.153 -10.73   0      168.6     9739.036     82.42499
       202    442.8238    717.3995     1907.511     176.3877  16.7988   0.1004     3.57    0.103 -15.10   0       17.8     697.0076     51.42387
       203    311.3157    710.3610     82315.21     303.2977  12.7113   0.0040     3.79    0.106 -10.65   0      320.3     24592.37     116.1019
       204    579.7622    708.6867     3001.991     169.2669  16.3065   0.0612     3.93    0.301 -34.78   0      24.18     919.9324     52.14828
       205    713.9572    705.9164     2673.625     91.91255  16.4322   0.0373     0.00    0.128  61.44   0      62.14     2365.115     58.10633
       206    191.8280    698.9177     4580.849     178.8827  15.8476   0.0424     3.46    0.257 -55.11   0      40.51      1721.03      55.7663
       207    137.0343    700.0790     2928.881       201.13  16.3332   0.0746     4.77    0.133 -17.16   0      24.78      977.601     52.64938
       208    699.4741    699.7729      1444.95     143.9129  17.1004   0.1082     3.40    0.272   0.81   0      14.23     539.5236     50.72308
       209    489.1791    695.4826     2306.634     182.3912  16.5926   0.0859     3.72    0.254  30.22   0      19.12      731.352      51.4478
       210    375.6821    692.9998      3854.42     175.1643  16.0351   0.0494     4.12    0.191 -16.12   0      31.55     1281.259     54.06601
       211    558.9178    689.1030     18903.84      219.188  14.3086   0.0126     3.77    0.122  -4.58   0      120.3     6050.043     71.07259
       212    630.7682    690.9011     2598.486     214.2241  16.4632   0.0895     4.77    0.374   9.07   0      15.78      524.291     50.13289
       213    182.8297    685.7036     6813.825     212.5511  15.4165   0.0339     3.79    0.164   6.68   0      52.47     2156.269     57.05361
       214    249.9696    684.8149     2621.824      172.608  16.4535   0.0715     7.30    0.337 -19.74   0      20.51     702.3254     51.70235
       215    399.2902    684.4987     2368.917     186.9189  16.5636   0.0857     6.74    0.314  58.57   0      18.16      609.881     50.64939
       216    434.5382    681.0159     19746.14     237.3107  14.2613   0.0131     3.80    0.158  -0.07   3      122.8     6159.606     71.60596
       217    425.5370    680.5345     7867.967      236.323  15.2603   0.0326     3.90    0.192  -1.34   3       52.9     2156.498     57.39921
       218    956.0966    681.3554     3643.054     153.8915  16.0963   0.0459     4.00    0.155   5.17   0      32.11      1252.42     53.33174
       219    288.8734    682.5122     2273.876     224.3813  16.6081   0.1072     6.07    0.280   0.28   0      14.85      479.055     50.19009
       220    585.4566    679.2662      1575.71     169.2941  17.0063   0.1167     4.77    0.027 -10.58   0      16.17     617.6578     51.07198
       221    614.3693    678.3429     2567.714     214.9575  16.4761   0.0909     0.00    0.511 -31.35   0      16.07     665.0944     51.28264
       222    826.2892    677.3894     2634.437      215.028  16.4483   0.0886     7.36    0.631  16.67   0      17.95       557.68     50.54487
       223    922.7208    674.8128     1818.939     115.4102  16.8505   0.0689     4.99    0.183  27.63   0      27.79     1062.893     53.01628
       224    394.2960    672.1616      7536.34     180.7897  15.3071   0.0261     3.76    0.153 -16.40   0      59.33     2491.501     58.37373
       225    745.3870    668.3008     4403.451     174.9381  15.8905   0.0431     3.87    0.088  -0.48   0      36.73     1484.521     54.79393
       226    247.0840    669.3616     1881.957     141.1499  16.8135   0.0815     4.50    0.239   8.47   0      16.39     607.0121      50.7662
       227    877.9924    667.4248     4425.116     257.7743  15.8852   0.0633     6.70    0.366  15.03   0      25.14     781.3799     51.92221
       228    525.5259    667.7848     4751.535     180.9257  15.8079   0.0414     4.13    0.244  -5.31   0      37.48     1489.693     54.93521
       229    503.1330    669.0740     1921.905     174.5326  16.7907   0.0986     5.89    0.411  -8.00   0      16.01      583.932     50.79239
       230    856.1747    666.9496     2637.427     156.6541  16.4470   0.0645     3.49    0.108   2.52   0       25.4      1039.69     53.16465
       231    884.2579    663.3262     4599.022     292.5654  15.8433   0.0691     6.15    0.204  70.52   0      23.89     733.2015     51.45597
       232    793.0918    664.0590     2734.928     92.06402  16.4076   0.0366     0.00    0.146  28.81   0      64.58     2443.485     58.41205
       233    445.8063    661.6155     2652.759     218.8359  16.4408   0.0896     5.22    0.207 -15.11   0      18.29     641.4731     51.17785
       234    472.7149    659.5865     1374.972     113.0883  17.1543   0.0893     3.24    0.454 -61.72   0      24.48     946.4688     52.38947
       235    735.7594    655.6740      2268.18      150.761  16.6108   0.0722     3.61    0.247  17.41   0      22.37     883.2887     52.24067
       236    810.1910    653.0760     1457.983     124.3251  17.0906   0.0926     4.60    0.185  30.52   0       24.8      840.587     52.05457
       237    366.4960    650.7956     1546.548      169.255  17.0266   0.1189     4.79    0.251  -1.98   0      13.79     563.5415     50.83059
       238    879.4124    639.3368     23848.48     232.8863  14.0563   0.0106     3.29    0.179  -0.69   0      144.5     8062.589     77.41064
       239    275.5209    641.4890     1544.282     179.6177  17.0282   0.1263     3.68    0.002  63.43   0      13.26     506.6225     50.31477
       240    176.2277    639.7018     3177.102     218.6292  16.2449   0.0747     3.78    0.039  73.26   0      22.82     858.1965     51.62443
       241    647.5928    639.2255     1763.574     172.4302  16.8840   0.1062     6.05    0.480  25.06   0      15.33      570.121     50.98911
       242    729.4336    638.6217     1875.912     121.0803  16.8170   0.0701     5.17    0.307   0.12   0      17.86     671.6864     51.56749
       243    306.7046    638.2302     4166.976     218.9062  15.9504   0.0571     4.09    0.128   7.28   0      31.09     1173.466     52.99421
       244    390.1901    636.2867     2152.857      186.656  16.6675   0.0942     4.31    0.222  -6.94   0      16.61     610.7849     50.78309
       245    587.7786    633.1636      2115.98     193.5297  16.6862   0.0993     4.18    0.229   3.31   0      16.68     598.3246     51.37129
       246    295.4009    631.5331     1616.184     179.7087  16.9788   0.1208     5.08    0.237  -0.27   0      13.98     570.5028     51.11959
       247    608.4642    627.2172     3376.394     240.3165  16.1789   0.0773     4.01    0.286 -14.33   2      24.92     730.0859     51.56986
       248    334.9023    628.3269     3020.905     168.3186  16.2997   0.0605     0.00    0.341 -33.48   0      27.69     1294.406     53.63309
       249    203.8741    628.8562     4021.687     100.2344  15.9890   0.0271     4.88    0.288  49.26   0      81.25     3614.332     62.90724
       250    851.3727    620.0730     18846.19     237.8336  14.3119   0.0137     3.66    0.117  -3.60   0      117.8     5912.835      70.8184
       251    567.2611    622.1212     1432.713     92.41958  17.1096   0.0701     2.32    0.269  12.47   0      33.55     1082.597     52.85246
       252    821.1965    619.0208     4937.838     208.9683  15.7662   0.0460     4.47    0.063  -7.66   0      39.04     1539.578     55.02182
       253    623.9927    613.6701     6384.379     215.9318  15.4872   0.0367     4.22    0.117 -14.06   2       45.6     1820.002      56.1682
       254    169.9439    616.0271     5241.889       190.38  15.7013   0.0394     6.23    0.102  16.54   0       41.2      1676.83     55.58587
       255    648.3251    615.1307     30182.46     343.4166  13.8006   0.0124     3.83    0.124  -4.53   2      137.6     4556.679     66.22432
       256    674.2076    611.7135      6300.33      243.066  15.5016   0.0419     4.48    0.249  15.32   0      44.25      1757.76     55.91579
       257    332.8411    607.0145     30685.49     252.8218  13.7827   0.0089     3.70    0.110  -5.13   0      169.7     9813.659     82.63049
       258    869.6953    606.3419     10416.65     205.4581  14.9557   0.0214     3.81    0.161  -6.95   0      73.58     3183.802     61.11731
       259    407.9933    607.9862     3114.492      91.2116  16.2665   0.0318     0.00    0.009  46.19   2      73.78     3034.845      60.8857
       260    986.3763    607.1655     1723.185     177.0807  16.9092   0.1116     4.42    0.300  12.01   0      14.11     526.3811     50.92306
       261    737.8485    605.6400     4455.119     216.1848  15.8779   0.0527     6.07    0.298 -32.38   0      30.74      982.202     52.66924
       262     46.3791    606.6055     2928.278     217.6164  16.3335   0.0807     3.69    0.244   4.79   0      20.94      764.817     51.72269
       263    233.9287    606.0040     1711.635     173.3127  16.9165   0.1100     5.26    0.311   0.03   0      15.16     535.7631     50.70623
       264    593.3664    603.8461     3954.918     179.0063  16.0072   0.0492     3.82    0.237  -3.79   0      33.77     1392.412     54.53126
       265    298.0845    603.1048     8021.147     227.9761  15.2394   0.0309     3.90    0.101  10.46   0      58.63      2448.31     58.54324
       266    150.9884    602.8654     8035.278     224.3563  15.2375   0.0303     3.96    0.193   0.83   0       58.9     2536.125     58.99472
       267    377.2523    591.6276     19366.55     245.1304  14.2824   0.0137     3.78    0.141  -2.47   0      120.3      5965.64     71.08022
       268    651.8716    592.6199     2430.698     203.0101  16.5357   0.0907     4.67    0.200 -14.26   0      19.19     674.6053     51.45272
       269    579.9953    593.0173     2680.798     90.12448  16.4293   0.0365     4.17    0.002  88.76   2      70.27     2790.256     59.96575
       270    337.5824    590.4036     21501.02     235.5213  14.1689   0.0119     3.74    0.143  -3.65   0      132.1     6728.592     73.38967
       271    850.8564    588.5456     2623.819     182.7861  16.4527   0.0757     4.61    0.218 -14.39   0      22.71      895.166     52.54319
       272    633.1268    588.7587      1937.63     195.0133  16.7818   0.1093     5.53    0.219 -12.44   0      15.95     577.6326     50.89355
       273    214.3519    588.1384     1991.774     202.5181  16.7519   0.1104     4.03    0.289  12.85   0      14.94     560.9122     50.81883
       274    780.0568    585.4478     4122.847     221.1021  15.9620   0.0582     4.19    0.136 -10.58   0      33.51     1339.882     54.31189
       275    618.9321    584.2955     4199.962     201.7481  15.9419   0.0522     4.05    0.191  17.14   0      32.12     1203.738     53.37084
       276    347.8758    585.4302     2308.569     206.8849  16.5916   0.0973     3.90    0.107 -19.62   0      18.24     730.2044     51.57038
       277    184.8052    576.0565     49374.39     268.4866  13.2662   0.0059     3.80    0.054 -16.41   0        233     15442.39     96.74715
       278    503.5096    580.3743     2320.703     207.6912  16.5860   0.0972     4.30    0.311  36.06   0      16.04     544.5542     50.35541
       279    302.2400    576.7457     1671.728       115.12  16.9421   0.0748     1.37    0.280  35.47   2      20.52     926.2415     52.55247
       280     24.7878    575.6050     2151.061     193.5709  16.6684   0.0977     3.91    0.320 -47.68   0      14.91     522.4451      50.6465
       281    424.7458    570.7108      3921.86     183.4993  16.0163   0.0508     3.64    0.170 -16.78   0      33.91     1372.196     54.08344
       282    325.3022    571.8372     2093.077     189.2077  16.6980   0.0982     4.37    0.160  -4.53   0      17.43     659.1409     50.74053
       283     94.4966    566.0047     20909.79     231.4255  14.1991   0.0120     3.78    0.154  -0.44   0      128.8     6566.219      72.8851
       284    478.7557    566.7697     2126.982       194.39  16.6806   0.0993     4.95    0.064 -44.80   0      17.69     655.9497     51.49809
       285    628.7264    566.4330     1602.203     166.3919  16.9882   0.1128     5.61    0.316 -71.89   0      13.82     504.2234     50.56467
       286   1017.4612    563.6737     2767.567     211.3144  16.3948   0.0829     3.45    0.217  12.64  16      20.47     780.1868     51.79019
       287    185.8683    562.0151      2540.61     89.77026  16.4877   0.0384     0.91    0.092   0.66   0      56.99     2395.117     58.44898
       288    135.6290    560.3541     2194.741     214.5628  16.6465   0.1062     5.23    0.167 -46.68   0      14.32     503.8253     50.82229
       289     81.4111    559.0826     5713.852     232.1275  15.6077   0.0441     4.21    0.194  -4.52   0      43.29      1728.53     55.79685
       290    956.2920    559.7136     1315.758     141.4025  17.2021   0.1167     2.97    0.198  45.81   0      14.16     555.9193     50.66689
       291    381.6344    559.4106     2289.892     112.0148  16.6005   0.0531     0.00    0.188 -29.87   0      33.52     1451.185     54.89557
       292    893.1414    557.2983       4151.5     168.8677  15.9545   0.0442     0.00    0.239  -3.17   0      40.63     1931.228     56.38372
       293    861.4158    557.5199     2209.884     136.9574  16.6391   0.0673     5.80    0.455 -51.32   0      35.14      1397.19      54.4305
       294    503.7924    554.9748     3679.271     259.0267  16.0856   0.0765     4.71    0.196  25.56   0      18.88     630.3381     51.25681
       295     81.8981    550.1672     4967.046     216.7223  15.7598   0.0474     5.95    0.230  14.59   0      35.48     1344.327     53.72197
       296    485.5211    550.9836      1496.98     171.1205  17.0620   0.1241     4.96    0.372  26.78   0       12.7     461.5486     50.50285
       297    814.5260    546.1894     2844.289     202.6631  16.3651   0.0774     4.10    0.207   7.07   0       21.9     824.8515     52.11215
       298     48.6591    545.3378     5205.013     212.3775  15.7089   0.0443     4.15    0.196  -4.89   0      39.84     1587.368     55.33782
       299    724.4033    544.1216     3144.099     192.1843  16.2563   0.0664     4.09    0.208   7.20   0      25.95     1014.795     52.80969
       300    702.7757    541.4062     23934.62     225.0752  14.0524   0.0102     3.69    0.135   0.18   0      144.7      7823.27     76.79046
       301    281.5071    537.1158      1881.08     187.2049  16.8140   0.1081     5.72    0.150 -14.14   0      15.65     560.6297     50.68801
       302    559.2894    535.5191     2128.433     174.8014  16.6798   0.0892     3.63    0.007 -59.86   0       18.9     728.0679     51.43328
       303    339.9182    531.2901     21778.54     223.6237  14.1549   0.0112     3.84    0.148  -6.66   0      132.3     6798.048     73.51507
       304    874.5783    531.2970     4380.568     204.3787  15.8962   0.0507     4.54    0.264  -8.60   0      35.41     1429.428     54.20224
       305    867.5070    540.9843     3441.185      228.457  16.1582   0.0721     3.67    0.054  22.53   2      22.57     697.8047     51.17105
       306    769.1801    526.9952     1708.892     154.2391  16.9182   0.0980     6.32    0.520 -48.99   0      17.02     719.5505     51.52341
       307    154.0336    523.9389     1492.908     185.8507  17.0649   0.1352     0.50    0.687 -44.98   0      11.86     391.6072     50.05593
       308    675.5346    522.3064     2613.538      192.412  16.4569   0.0800     3.99    0.170  -0.07   0       22.9     873.2489     52.07086
       309    319.4970    519.4611     8337.267     242.9417  15.1974   0.0316     3.82    0.112   7.20   0      58.83     2397.576     58.23315
       310    727.1034    509.1258     1434.485     90.62797  17.1083   0.0686     3.54    0.272  45.13   0       40.2     1247.995     53.43607
       311    155.8549    507.9143      1632.31     139.5746  16.9680   0.0929     3.33    0.219 -17.27   0      17.86     775.8971     51.51673
       312    976.8612    505.6194     2743.454     208.9415  16.4043   0.0827     5.78    0.330  54.55   0      20.25     666.4878     51.28881
       313    252.0423    506.2714     2656.647     219.5898  16.4392   0.0898     3.54    0.272  -0.83   0      17.92     706.4763     51.46571
       314     63.3651    504.3567     10542.91     196.6065  14.9426   0.0203     3.97    0.137  -3.16   0      75.11     3292.147     61.94493
       315    467.1554    503.2549     4262.248     174.7546  15.9259   0.0445     4.22    0.140   3.93   0      34.42     1328.566     54.26451
       316    818.8066    498.6124     118951.5     367.7929  12.3116   0.0034     4.38    0.144  73.77   2        388     30326.84     126.9351
       317    296.6321    504.1061     1709.641     159.4798  16.9177   0.1013     5.39    0.447  -4.49   0      15.24     520.1019     50.11389
       318    673.3716    497.8865     1741.835     178.9513  16.8975   0.1116     4.02    0.308 -12.99   0       14.5      506.694     50.31509
       319    151.3650    494.9790     6599.548     191.1358  15.4512   0.0315     3.99    0.181   8.12   0      50.55     2127.075      57.7399
       320    654.2795    494.8158      4129.66     227.7016  15.9602   0.0599     4.70    0.173   2.12   0      29.54     1119.611     53.25887
       321    410.6935    493.9560     8905.895     228.8565  15.1258   0.0279     3.90    0.132 -10.32   0      63.73     2667.776     59.16729
       322    214.9107    493.7566     11182.48     122.2523  14.8787   0.0119     5.31    0.368  70.20   0      144.5     10221.55     83.35139
       323    601.7751    492.0083     2724.875      245.794  16.4116   0.0980     5.91    0.356 -85.04   0      17.45     587.1489     51.06495
       324    508.1326    491.0585     7893.875     216.7578  15.2568   0.0298     4.24    0.129 -51.54   0      54.67     2228.174     57.79619
       325    730.3895    489.8821     3378.771     194.1622  16.1781   0.0624     3.92    0.197  -5.45   0      29.03     1133.215     53.31689
       326    114.3706    488.4399     2149.376     216.0419  16.6692   0.1092     3.42    0.142  40.84   0       16.1     589.0081      51.2018
       327    923.4374    481.3376     2537.683     183.5765  16.4889   0.0786     7.00    0.366  13.24   0      20.43     731.2505     51.57499
       328    260.3204    472.4343     321614.7     460.0119  11.2317   0.0016     3.85    0.073  -8.38   0      686.5     96926.32     215.3718
       329    956.6468    477.4915      1771.73     122.2368  16.8790   0.0749     4.56    0.565 -33.21   0       30.5     1288.721     53.73151
       330    800.7325    472.9852     45544.23     295.1451  13.3539   0.0070     3.73    0.117 -32.70   2      202.2     12104.89     88.48624
       331    505.5433    474.2916     4096.383     208.0511  15.9690   0.0552     3.79    0.249  -0.93   2      30.14     1187.566     53.30193
       332    301.8072    475.9909     1040.447     89.63437  17.4570   0.0936     2.79    0.222   1.22   0         29     805.0291     51.89909
       333    706.0417    471.9895      2682.93     166.8795  16.4285   0.0675     4.07    0.103   3.86   2      24.39     993.8904     53.09249
       334    709.9681    470.0202     2040.562     88.49523  16.7256   0.0471     0.00    0.022 -48.61   3      51.91     1857.888     56.55429
       335    332.9700    469.6633     3868.617     225.2623  16.0311   0.0632     4.27    0.157   5.19   0      28.93     1116.154     53.24411
       336    346.0476    469.2540     2905.323     198.6361  16.3420   0.0742     3.44    0.146  -1.68   0      23.28     935.1529       52.591
       337    144.8698    466.5482     3242.942     228.2597  16.2227   0.0764     7.37    0.143   3.41   0      22.86     841.2419     51.93097
       338    377.6453    465.5168     2565.611     178.1586  16.4770   0.0754     4.08    0.244  -2.44   0      21.73     816.5074     51.69558
       339    248.0044    461.8511     20396.96     127.1818  14.2261   0.0068     0.00    0.107 -89.65   0      192.2     20284.62     107.5222
       340    201.4596    461.1723     2633.119     166.8116  16.4488   0.0688     4.63    0.170 -12.60   0      22.26     849.5834      52.2199
       341    317.6517    459.6408     2155.061     206.7162  16.6664   0.1042     5.51    0.124  41.02   0      15.24     530.4293     50.81189
       342     93.4936    458.2625     6012.099     213.2394  15.5524   0.0385     4.15    0.129   4.68   0      45.73     1813.555     55.90739
       343    507.0177    458.8354      1750.02     187.0457  16.8924   0.1161     4.12    0.154   0.39   0      15.44     568.8447      51.2407
       344    522.0049    457.9986     8971.566     104.7944  15.1178   0.0127     4.19    0.001 -62.92   2      134.7      8925.04     79.90263
       345    864.9978    455.0016     3605.086     92.42593  16.1077   0.0278     0.00    0.003  68.89   2      81.84     3633.883     63.08216
       346    968.2512    452.7916     2015.346     168.9129  16.7391   0.0910     3.63    0.118  37.64   0      19.06      716.507     51.63747
       347    477.3837    451.3637     2099.045     169.0255  16.6949   0.0875     3.93    0.152  41.38   0      17.56     641.3921     51.56147
       348    766.1962    445.4966     2666.756     195.8612  16.4350   0.0798     7.39    0.169  54.21   0      22.01     842.3969     52.06247
       349    115.5058    431.0246     6460.563     264.5805  15.4743   0.0445     6.13    0.056  21.28   2      40.53      1462.33     54.34002
       350    161.7604    431.0944     5123.679     208.3829  15.7260   0.0442     3.94    0.152  -4.08   0      39.55     1581.101     54.71448
       351    880.2276    431.0402     4866.289       167.88  15.7820   0.0375     3.90    0.218  -0.52   0      39.23     1625.195     55.61132
       352    367.0854    430.7465     5952.731     293.6151  15.5632   0.0536     4.24    0.203   2.81   0      30.72     1237.412     53.51405
       353     33.9632    431.5134     2460.219      180.773  16.5226   0.0798     5.22    0.279  22.24   0      20.18     750.2194     51.40332
       354    416.9901    430.2018     2425.648     89.47874  16.5379   0.0401     1.08    0.106  87.91   0      54.57     2472.414     58.74877
       355     51.0495    430.4817       2125.6      205.887  16.6813   0.1052     4.79    0.328 -13.61   0      15.69     601.0066     50.73931
       356    283.6878    426.0232     66176.18     281.7685  12.9482   0.0046     3.78    0.130  -8.50   0      282.3      20520.7     107.8373
       357    160.9317    422.7211     2157.124     196.9453  16.6653   0.0992     4.01    0.270 -17.44   0      17.79     686.2724     51.11981
       358    241.9530    421.4111      3061.62     171.2773  16.2851   0.0608     3.69    0.203   7.85   0      26.97     1107.611     53.45422
       359    895.9982    419.9007     2239.847     89.00556  16.6245   0.0432     4.39    0.075 -89.18   0       51.6     1951.774     56.69888
       360    149.6659    417.3573     1633.457     168.3983  16.9672   0.1120     3.38    0.139 -36.76   0      16.69     659.9079     51.25965
       361    442.4473    414.4963     4214.122     166.9947  15.9382   0.0430     0.00    0.538  46.57   0      60.82     2783.024     59.60833
       362    683.1870    414.1774     2615.825     203.2173  16.4560   0.0844     5.83    0.244 -21.73   0      19.13     673.0977     51.44606
       363     51.9216    411.6069     2242.689     218.4096  16.6231   0.1058     4.92    0.231 -14.38   0      17.16     617.3608     51.07066
       364    443.7019    402.5128     34965.07     252.7679  13.6409   0.0079     9.48    0.162 -29.13   0      183.6     10568.39     84.21375
       365    146.7323    404.9858     2018.458     102.2321  16.7374   0.0550     4.88    0.192   2.09   0      37.49     1450.894     54.65428
       366     21.2838    400.2628     1767.244     115.3084  16.8818   0.0709     3.97    0.559 -18.72   0      17.61     1253.482     53.58225
       367    820.4610    397.8661     2395.872     202.9711  16.5513   0.0920     5.94    0.518  18.30   0      17.71     602.3857     51.00397
       368    746.7139    392.8401     2077.227     191.7775  16.7063   0.1003     6.21    0.314  -5.52   0      17.01     604.1845     50.75354
       369      1.6184    391.9387      1731.83     116.6563  16.9037   0.0732     3.63    0.457 -86.44  24      20.46     862.0243     50.35195
       370    200.4800    389.7071     3286.078      207.164  16.2083   0.0685     3.76    0.138   2.56   0       27.7         1099     53.04704
       371    260.7448    389.0193     3362.895     161.8187  16.1832   0.0523     3.94    0.160   4.68   0      29.39     1182.715     53.65018
       372    506.1525    388.3468     2275.416     173.1035  16.6073   0.0826     4.35    0.206 -14.04   0      19.54     755.3796     51.80828
       373    469.8150    383.1602     5110.542      210.722  15.7288   0.0448     4.65    0.155  -2.81   0      40.33     1588.944     55.58139
       374    904.2429    376.4474     3284.983     198.2426  16.2087   0.0655     3.40    0.194  -4.63   0      27.32     1130.395     53.42808
       375    578.9250    375.1755     3050.476     213.9361  16.2891   0.0762     3.26    0.229  -0.75   0      23.13     968.6796     52.61086
       376    251.6911    373.3407     2998.874     235.1151  16.3076   0.0851     4.26    0.237  75.66   2      21.26     688.6738     51.13048
       377    180.9075    364.2627     2511.976     212.5914  16.5000   0.0919     4.52    0.262 -47.22   0      20.06     749.3805     51.39961
       378    251.5050    362.2484     1666.807     177.9346  16.9453   0.1159     3.54    0.271  -0.57   0       14.3      488.416     50.10139
       379    150.9972    357.4980     7914.543     215.2575  15.2539   0.0295     3.83    0.093 -14.66   0      58.35     2461.442     58.70631
       380     11.8385    353.5819     7413.311      173.202  15.3250   0.0254     7.50    0.363  31.95   0      74.45     4307.204     65.76369
       381    510.9489    352.8997     5030.033      202.681  15.7461   0.0438     3.96    0.215  -1.68   0      39.01     1592.972     54.64358
       382      2.1891    351.4538     1959.906     136.5419  16.7694   0.0757     4.59    0.152 -86.11  24      19.27     766.9448     51.85899
       383    135.3716    350.1022     2643.578     199.1635  16.4445   0.0818     3.93    0.172 -23.62   0       20.7     774.5852     51.25501
       384    196.2966    349.2588     3377.199      168.799  16.1786   0.0543     3.57    0.158 -16.61   0      29.71     1199.237     53.35167
       385    170.1424    346.2737       4698.1      223.906  15.8202   0.0518     3.86    0.203 -10.28   0      35.65     1419.794     54.40408
       386     31.4806    347.0288     2239.452     197.8728  16.6246   0.0960     3.48    0.257  -1.13   0      16.56     606.6973     51.02318
       387     18.5730    345.7722     2975.695     232.9857  16.3160   0.0850     4.06    0.165 -54.31   0      18.33     717.1203     51.76734
       388    987.8673    343.2932     17563.71     221.5356  14.3885   0.0137     3.72    0.142  -1.27   0      115.1     5710.895     70.07356
       389    355.3893    345.5676     1542.538     138.2443  17.0294   0.0973     3.73    0.149 -39.61   0       15.2     575.4171     51.14144
       390     60.3487    342.9369     2786.633     156.8704  16.3873   0.0611     7.73    0.096 -48.20   0       23.1     783.9466     51.80669
       391    428.9650    340.1813     2943.123     214.5894  16.3280   0.0792     4.79    0.348   5.01   0      20.74     798.7213     52.25035
       392    685.9382    338.3653     10363.78     238.0216  14.9612   0.0249     3.78    0.182  -3.07   0       70.5     3084.085     61.06922
       393   1006.6280    334.5593     1547.752     165.3262  17.0257   0.1160     4.30    0.147  32.85   0      16.14     640.7658     51.43103
       394    370.3932    330.8311     4805.976     173.5765  15.7955   0.0392     5.29    0.120  19.70   0      40.22     1678.893     55.83034
       395    518.7369    327.1310     63889.71     289.1613  12.9864   0.0049    10.78    0.212 -23.99   2      275.4     20287.77     107.4065
       396    400.3633    329.0840     19958.01     221.7658  14.2497   0.0121     3.92    0.129  -5.34   0      125.3     6246.397     71.78938
       397    208.2688    322.6567     20830.48     239.0356  14.2033   0.0125     3.87    0.089 -45.99   0      126.3     6328.542     72.04897
       398    776.1805    324.8238      2647.46     208.8371  16.4429   0.0857     3.37    0.115  -1.36   0      19.39     764.1592     51.97344
       399    292.8432    320.3214     11779.18     302.4703  14.8222   0.0279     3.75    0.156  -1.31   0      65.66     2819.961     59.96869
       400    676.2384    319.8598     6428.223     257.6273  15.4798   0.0435     4.02    0.183   7.87   0      42.23     1757.458     55.91456
       401    119.9927    320.9878      4384.36     94.32269  15.8952   0.0234     4.20    0.014 -45.05   3      89.37     4281.071     65.37228
       402    122.2217    316.7479     3935.982     209.4513  16.0124   0.0578     4.09    0.206   2.75   2      27.46     1074.508     53.18981
       403    456.1255    316.0466     3258.661     164.6942  16.2174   0.0549     3.70    0.107 -17.61   0      27.42     1086.932     53.11924
       404   1004.2407    315.9904     1554.447     174.9953  17.0211   0.1223     3.46    0.195  -2.34   0       13.9     565.1718     51.22441
       405    178.0376    315.2852     1593.716     157.2374  16.9940   0.1071     3.34    0.172 -54.44   0      15.95     612.8404     50.79229
       406    632.5009    311.6959     3154.902     235.9635  16.2525   0.0812     5.22    0.145 -44.25   2      19.98     615.9728     50.67672
       407    897.9918    312.0321     2295.057     183.2759  16.5980   0.0867     3.40    0.081 -22.58   0      20.24     822.2845       52.227
       408    652.6782    312.2285     1883.516     176.3568  16.8126   0.1017     4.26    0.209  27.98   0      16.79     734.8456     51.59083
       409    271.1215    310.3460     2900.681     237.8014  16.3438   0.0890     5.45    0.161 -34.15   0      18.51     647.3856     50.94663
       410     60.4613    303.4495     5088.913     250.6078  15.7334   0.0535     4.37    0.143 -18.95   0      35.48     1347.827       54.224
       411     39.2403    304.4454     2053.653     167.9888  16.7187   0.0888     5.87    0.050  75.79   0         17     652.5611     51.09855
       412    597.6626    302.4524     3687.212     181.4052  16.0833   0.0534     3.82    0.185  -6.06   0      31.32     1266.356     53.88144
       413    264.4657    303.2286     1642.416     180.6541  16.9613   0.1195     4.30    0.259   0.92   0      13.21     448.5624     50.31387
       414    709.9103    300.9109     11833.81     112.3015  14.8172   0.0103     4.51    0.134  44.90   0      148.7     11530.39     86.92255
       415    563.6270    300.3268     2043.354     171.8446  16.7241   0.0913     6.07    0.538  29.68   0      17.94     928.0925     52.43523
       416     24.9600    300.4846     1660.475     149.8421  16.9494   0.0980     4.49    0.211   0.20   0      16.75     649.2772     50.95507
       417    847.7492    299.5549     2549.568     189.7552  16.4838   0.0808     3.91    0.194 -15.92   0      19.94     754.8015     51.80574
       418    291.2360    297.4749     12646.28      216.432  14.7451   0.0186     3.97    0.109 -14.46   0      86.01     3788.701     63.63749
       419    856.7618    289.9766      1699.19      176.119  16.9244   0.1126     3.53    0.211   3.00   0      13.33     495.1967       50.913
       420    158.1321    289.9960     1352.336     88.58517  17.1723   0.0711     4.49    0.153   2.44   0      36.02     1082.103     53.09857
       421    411.5940    287.0011     3784.537     205.3223  16.0550   0.0589     4.08    0.195   1.10   0      31.36      1225.82     53.71019
       422    484.0348    282.3562     1599.816     165.3978  16.9898   0.1123     5.83    0.241  32.98   0       14.3     506.4755     50.70463
       423     47.1097    282.9397     1692.324      94.8058  16.9288   0.0608     4.50    0.158 -28.50   0      40.32      1379.52      54.1142
       424   1003.4604    279.6358     4080.123     234.0605  15.9733   0.0623     6.92    0.363 -12.79   0      28.91     1163.017     53.44378
       425    638.2202    277.3285     1791.234     182.6501  16.8671   0.1107     5.21    0.218  21.72   0      15.41      566.611     50.97346
       426   1010.4797    271.4223     9588.687     233.0867  15.0456   0.0264     3.97    0.195  -8.67   0      67.97     2932.662     60.50307
       427    911.6394    268.0665     44178.17     253.2475  13.3870   0.0062     3.67    0.139  -3.39   0      219.5     14372.01      94.1293
       428    225.3015    272.2370     1552.173     168.2886  17.0226   0.1177     5.14    0.388  16.78   0      13.72     453.5697     49.81124
       429     99.5308    271.5150     1824.146     189.7526  16.8474   0.1130     5.73    0.268 -43.65   0      15.27     521.6616     50.38265
       430    730.0262    263.0951     2693.852     193.3589  16.4241   0.0780     3.83    0.091 -12.01   0      21.73     845.7705     51.56969
       431    201.1778    263.2726     3545.377     236.3393  16.1258   0.0724     3.85    0.147 -45.30   0      22.39     874.4794     52.32814
       432    101.6208    258.8785     6293.051     215.8357  15.5028   0.0372     3.86    0.159  -5.04   0      47.43     1954.288     56.82479
       433    803.6679    259.0553     2326.079     202.0812  16.5834   0.0943     3.32    0.181  31.44   0      17.08     653.3531     51.10207
       434    459.3928    256.2869     8785.532     247.3802  15.1406   0.0306     4.53    0.185  -2.65   0      58.55     2449.213     58.65895
       435    865.7302    256.6663      4644.52      218.651  15.8326   0.0511     3.83    0.133   2.48   0      35.72     1475.537     54.63645
       436    941.5875    254.1832     3104.279     175.1295  16.2701   0.0613     3.35    0.175 -13.74   0      29.44     1229.676      53.7265
       437    270.5664    253.1226     1002.396     94.88568  17.4974   0.1028     1.85    0.520  62.88   0      19.65     967.9891     52.60787
       438    181.4259    251.5946     3876.986     110.8263  16.0288   0.0310     5.42    0.168 -42.81   3      60.07     2975.638     60.77258
       439    184.4806    250.4986     7202.961     175.7543  15.3562   0.0265     3.55    0.098  45.49   3      58.83     2513.523     58.57177
       440   1004.9189    248.9711     3830.954     204.5717  16.0417   0.0580     4.04    0.154  -7.72   0      29.87     1201.668     53.60789
       441    643.3448    246.9193     1640.617      174.166  16.9625   0.1153     4.31    0.272 -14.22   0      14.22     525.9142     50.40183
       442     45.9059    238.0993       192378     385.9041  11.7896   0.0022     3.75    0.080 -14.70   0      520.2     59346.76     171.0671
       443    730.2861    240.4796     4788.922     208.0175  15.7994   0.0472     4.03    0.148   6.31   0      38.09     1513.319     54.67326
       444    556.3794    241.8327      1920.24     184.6001  16.7916   0.1044     6.01    0.590 -13.42   0      14.73     520.1161     50.89509
       445    506.1509    238.4946      41335.2     260.9639  13.4592   0.0069     3.82    0.124   1.29   0      205.3     12243.16     88.61838
       446    778.4885    236.4404     2388.653     201.3367  16.5546   0.0915     4.81    0.013 -45.55   0      18.42     638.4714     50.90685
       447    430.1964    233.7150     2712.401     174.6202  16.4166   0.0699     4.67    0.256  -6.68   0      21.18     757.2169     51.81634
       448    356.1231    232.9784     1883.969     112.6569  16.8123   0.0649     0.00    0.109  -1.63   0      36.12     1284.181      54.0783
       449    210.6182    226.2950     25635.01     263.6538  13.9779   0.0112     3.79    0.157  -9.40   0      143.7     7314.742     74.92013
       450    704.4392    227.0412     4898.535     179.2858  15.7748   0.0397     3.90    0.185  -8.66   0      39.81     1634.656     55.41316
       451     17.0308    223.9043     1621.835     87.41325  16.9750   0.0585    -3.32    0.128  87.02   0      44.43     1375.189     53.85238
       452    260.2126    218.8566     33585.43      254.771  13.6846   0.0082     9.91    0.197 -27.47   0      179.4     10451.89     84.21165
       453    435.6983    217.4209     7585.456      242.915  15.3000   0.0348     3.76    0.138  -1.48   0      54.51     2276.099     57.64315
       454    726.0314    216.5606     6318.115     231.3013  15.4985   0.0398     4.73    0.192  -4.59   0      45.94     1942.974     56.77952
       455    232.1950    212.7485     2490.367     196.4947  16.5093   0.0857     4.15    0.252  -7.41   0         20     767.7328     51.86244
       456    683.0345    210.5923     6181.527     181.8113  15.5223   0.0319     3.79    0.140  -6.03   0      49.97      2128.09     57.62992
       457    753.6386    193.4033     7210.231     145.0179  15.3551   0.0218     5.40    0.552 -60.30   0      87.97     4759.097     67.20952
       458    387.2430    193.1883     4035.723      216.504  15.9852   0.0583     5.54    0.075   1.94   0      31.13     1248.322     54.04917
       459    456.4325    185.7053     35404.38     296.2461  13.6274   0.0091     3.71    0.355  52.11   2      163.5     8554.049     78.50603
       460    996.9550    192.4966     1949.528     160.8465  16.7752   0.0896     4.70    0.175   0.28   0      17.77     634.0099     50.62784
       461    280.8748    189.1911     8946.149     210.1777  15.1209   0.0255    10.06    0.221 -36.71   0      64.92     2776.458     59.91343
       462    771.0963    187.8169     56974.62     275.4423  13.1108   0.0053     3.68    0.063  -6.56   0      256.7     18009.44     102.3438
       463    504.3380    191.2416     3339.224     158.7081  16.1909   0.0516     4.00    0.267  -9.00   0       28.9     1137.402     53.33474
       464    527.0200    190.6022     2308.069     97.96316  16.5919   0.0461     0.84    0.180 -88.54   0      47.95     2222.863      57.7753
       465    588.2790    187.1611     6300.277      185.538  15.5016   0.0320     3.81    0.142   3.31   0      50.54     2122.869      57.3806
       466    978.4498    186.2639     2847.064      209.839  16.3640   0.0800     3.64    0.225  14.51   0      23.63     943.1318     52.50038
       467    985.9113    178.2762     2703.147     187.3248  16.4203   0.0753     3.48    0.198  -2.83   0      22.02     916.5386      52.1335
       468    338.7767    176.2043      10865.6     227.2054  14.9099   0.0227     3.82    0.148 -11.31   0      76.42     3428.812     62.33895
       469    256.0776    174.0383     2063.339     122.7778  16.7136   0.0646     3.74    0.571  87.95   0      31.46     1293.546     53.99601
       470     98.5171    174.7969     2467.511     211.7691  16.5194   0.0932     4.26    0.287 -12.87   3      19.92     766.1337     51.85543
       471    101.9217    170.6463     3641.592     255.8006  16.0968   0.0763     4.90    0.141  -6.86   3      20.89     755.7645     51.55553
       472     39.0648    167.2235     3750.676      224.412  16.0647   0.0650     5.39    0.215 -66.86   0      26.09     971.6882     52.74865
       473    341.9133    165.9844     5166.013     231.5905  15.7171   0.0487     4.26    0.155 -11.89   0      37.77     1550.814     54.94869
       474    811.3197    165.6031     3768.182     267.8392  16.0597   0.0772     5.66    0.294 -80.34   0      21.25     666.2643     51.41586
       475    667.2271    165.3886     4450.204     105.9622  15.8791   0.0259     1.01    0.050  76.40   0         72     4208.235     65.21946
       476    250.3722    159.9081     2974.128     206.8215  16.3166   0.0755     4.03    0.142  10.54   0      22.16      846.194      51.6989
       477    703.1058    159.2882      1771.54     183.5234  16.8791   0.1125     5.89    0.114  28.74   0      15.01     514.1399     50.47913
       478    653.5374    157.1846     3603.751     188.4143  16.1081   0.0568     4.29    0.057  16.40   0      28.77     1095.054     53.15397
       479     59.4843    158.7760     1551.974     148.5752  17.0228   0.1040     4.38    0.283   0.06   0      13.55     483.5676     50.21052
       480    809.2800    156.5373     2472.647     207.0651  16.5171   0.0909     3.80    0.031 -58.77   0      17.02     664.0414     51.02087
       481    988.1572    155.5584     2265.328     202.8249  16.6122   0.0972     3.94    0.126 -11.85   0       17.4     661.9103     51.01138
       482    244.9289    154.1658     3718.611     220.6862  16.0740   0.0645     3.72    0.033 -17.61   0      28.34     1121.095     53.26521
       483    801.0059    149.9996     4632.108     94.91776  15.8356   0.0223     4.20    0.005  55.46   3      91.24     4435.352     65.90646
       484    802.0358    145.6135      2677.36     201.6624  16.4307   0.0818     4.18    0.395 -86.78   2      22.25     892.9807     52.65875
       485    205.4714    144.4647     1950.355     200.0212  16.7747   0.1114     5.11    0.253 -43.38   0      16.24     588.2739     50.81181
       486   1011.7998    143.4618      1894.14     192.4166  16.8065   0.1103     6.40    0.274  24.16   0      17.15     597.3719     51.11043
       487    273.5574    141.8773     6793.034     204.6484  15.4198   0.0327     4.18    0.169  -8.54   0      51.51     2111.641     57.33612
       488    403.3431    138.7909      5152.57     216.1577  15.7199   0.0456     8.93    0.154  61.46   0      38.86     1299.418     54.14229
       489    218.2682    140.9672       1357.4     146.0433  17.1682   0.1168     5.30    0.358   0.24   0      14.05     539.0475     50.72095
       490    152.5530    139.1094     7191.857     277.9193  15.3579   0.0420     7.14    0.240  -2.16   0      41.92     1613.578     55.08845
       491    138.8645    130.1510     6211.594     318.5126  15.5170   0.0557     9.04    0.432 -19.27   2      29.07     1084.066     53.10697
       492   1021.9290    128.1863     3643.597     141.6563  16.0962   0.0422     4.38    0.198   3.26  24      35.07      1449.41      54.7683
       493     63.1119    125.7197     4241.666      231.393  15.9312   0.0592     4.51    0.218 -52.77   0      31.09     1238.944     53.64326
       494    806.1071    127.0065     3153.283     93.09105  16.2531   0.0321     4.61    0.178  -0.15   0      65.51     2629.425     59.35307
       495    435.7895    126.5217     1663.784     186.9409  16.9473   0.1220     5.59    0.284  -2.55   0       15.2     574.1576     50.87803
       496    743.3464    122.4678     10640.83     260.6874  14.9326   0.0266     4.76    0.156 -36.51   0      67.45     2534.451      58.8767
       497    674.3606    123.5138     1868.841     151.2486  16.8211   0.0879     5.97    0.118 -11.35   0       16.6     550.7352     50.51363
       498    721.9692    123.3752     3552.515     207.4561  16.1237   0.0634     4.33    0.152  11.86   0      28.19       1065.9     53.27658
       499    897.1435    114.3117      8052.49     214.6387  15.2352   0.0289     3.84    0.188  -0.03   0      60.77     2538.209     58.77945
       500    113.4852    114.7744     2016.603      202.546  16.7384   0.1091     3.73    0.269   0.95   0      13.49     454.5902     50.07918
       501    280.8117    110.1767     1700.681     172.3472  16.9234   0.1101     5.74    0.315 -22.53   0      15.58     546.7539     50.88485
       502     80.3500    107.2500     2959.779     184.0984  16.3219   0.0675     4.16    0.337 -15.23   2       21.9     855.2677     52.37033
       503     63.0709    101.5542     31125.03      244.632  13.7672   0.0085     3.84    0.127 -10.19   0      170.4     9553.172     81.66972
       504    705.7750     97.7057     8189.516     206.9891  15.2169   0.0274     3.69    0.163   6.80   0      61.84     2632.641     59.03217
       505    403.8164     98.5075     2786.979     218.9753  16.3872   0.0853     4.91    0.254  29.47   0      18.82     676.6243      51.0769
       506    567.6389     94.4166     1495.602      162.243  17.0630   0.1178     3.10    0.127  64.00   0      14.95      618.426     51.46014
       507    292.1466     90.4749     2775.846      184.763  16.3915   0.0723     5.38    0.130  65.87   0      23.34      857.864     52.00367
       508    836.9177     89.0047     3819.909     221.5337  16.0449   0.0630     3.78    0.167 -25.45   0      28.42     1159.552     53.55196
       509    770.7735     85.1125     10873.88     251.9152  14.9090   0.0252     4.22    0.196  -1.49   0      71.43     3074.904     60.81921
       510    781.5295     83.5536     14927.48     243.6928  14.5650   0.0177     3.85    0.149   8.00   0      96.08     4396.777     65.77331
       511    183.5853     80.3921     1672.566     161.4759  16.9415   0.1048     3.96    0.158 -41.67   0      15.73     594.4265     50.96849
       512     33.0569     80.1257     1627.189     92.89659  16.9714   0.0620    -2.30    0.125  62.83   0      39.34     1338.916     54.06516
       513    881.6588     79.8106     5158.573     107.4708  15.7187   0.0226     1.19    0.087 -22.94   0      81.65     5082.942      68.1995
       514    973.5021     75.7749     2319.984     164.3967  16.5863   0.0770     4.24    0.180  14.53   0      22.76     872.2642     51.68632
       515    618.8817     75.3964     1949.658     173.6246  16.7751   0.0967     4.08    0.195  18.01   0      17.06     656.4836     51.37261
       516    997.3723     74.1794     3669.598     114.7801  16.0885   0.0340     5.49    0.222  20.51   0      57.82     2643.469     59.62777
       517    654.6478     74.2177     1705.607     175.1915  16.9203   0.1115     4.92    0.142 -14.78   0      14.64     524.8452      50.9162
       518     63.3651     71.6710     1982.313     174.6113  16.7571   0.0957     3.96    0.064  37.45   0      18.73     704.7263     51.45798
       519     82.1612     67.6267     5620.744     265.7205  15.6255   0.0513     4.71    0.149  -4.49   0      34.43     1346.214     54.45924
       520    557.4510     68.7363     1247.618     129.1362  17.2598   0.1124     4.95    0.259   0.73   0      13.51     557.2841      50.8026
       521    980.5574     66.4852     2496.049     206.2955  16.5069   0.0898     3.41    0.273   0.10   0       22.4     887.6759     52.00751
       522    879.6152     65.6139     4784.496     182.7747  15.8004   0.0415     4.02    0.079   6.36   0      36.46     1442.444     54.61913
       523    992.9171     61.2107     21632.24     273.1259  14.1622   0.0137     6.09    0.098  47.51   0      126.2     6348.183     72.20201
       524    844.7803     56.2970     106046.5     318.0136  12.4363   0.0033     3.68    0.097  -7.11   0        374     33247.64     131.9117
       525    359.7402     58.8132      21263.3     228.1988  14.1809   0.0117     3.91    0.129  -4.93   0      128.5     6496.754      72.7586
       526    574.6022     56.2551     71418.14     289.9612  12.8655   0.0044     6.68    0.174  -5.26   0      292.1     21517.49     110.0376
       527     48.7668     58.6219     11161.17     217.9055  14.8807   0.0212     3.73    0.096 -11.83   0      78.54     3571.987     63.06762
       528    434.9688     59.9539     4700.696     95.08185  15.8196   0.0220     4.34    0.093  60.52   0      90.53     4410.124     66.01891
       529    183.5734     43.7690     7519.071     198.1216  15.3096   0.0286     3.70    0.165  -0.34   0      58.12     2508.455     59.11092
       530    807.3446     41.5969     20468.04     233.1164  14.2223   0.0124     3.80    0.208   6.52   0      124.5     6227.024     71.91112
       531   1002.6795     42.9654     2150.278      191.864  16.6688   0.0969     4.73    0.346   1.19   0       17.3      649.585     51.21386
       532    931.3298     42.9235     1767.461     169.5513  16.8816   0.1042     3.29    0.177  33.03   0      16.22     657.4387     50.99146
       533    320.2122     42.4822     1678.809     157.3604  16.9375   0.1018     4.11    0.055 -52.92   0      16.21     589.3927     50.94604
       534    510.9782     38.5045     1778.286     199.8256  16.8750   0.1220     5.01    0.382 -62.33   0      13.22     431.9242     49.84447
       535    150.2656     34.9134     23687.89     241.7372  14.0637   0.0111     4.18    0.084  26.21   0      137.2     6556.528     72.67416
       536    873.8948     33.2705     2566.967     151.2108  16.4764   0.0640     4.34    0.143  -7.04   0      23.87     878.2847     51.83978
       537    528.3953     33.8885     1588.966     168.3383  16.9972   0.1151     4.06    0.291 -16.16   0      14.47     566.6082      50.8443
       538    877.5031     15.4443     2130.333     152.7211  16.6789   0.0779     3.91    0.148 -11.97   2      20.82     815.3372     51.43539
       539    783.9717   1017.2753     14232.01     216.5782  14.6168   0.0165     3.89    0.157   3.45  16      96.89     4660.339      66.6778
       540    631.6509   1018.0461     4134.727     221.8565  15.9589   0.0583     3.86    0.067 -28.22  16      31.55     1273.677     54.03413
       541    905.8456   1016.8567     5479.948     203.1849  15.6531   0.0403     3.84    0.169   9.29  16      42.34     1763.974     56.05845
       542    364.7686   1018.0538      2210.16     206.7768  16.6389   0.1016     3.02    0.204  -2.62  16      13.62     553.4811     50.78558
       543    441.6648   1014.4586     5865.516     192.8355  15.5792   0.0357     4.06    0.195   3.70  16      45.84     1842.395     56.25874
       544    238.8503   1011.1605     65209.64      278.638  12.9642   0.0046     3.79    0.107   1.12  16      280.9     20597.33     108.1812
       545    405.0084   1007.8333     1917.091     179.1738  16.7934   0.1015     4.53    0.175  -4.25   0      16.07     613.9356     51.31233
       546    188.6089   1007.5306     1637.194      176.039  16.9648   0.1168     5.53    0.296 -51.54   0      13.97     446.3257     50.30376
       547     65.6131   1005.4815     5188.302     195.4296  15.7124   0.0409     4.40    0.185   0.78   0      38.45     1428.144     54.55959
       548    157.7305   1003.6832     4045.399       209.57  15.9826   0.0563     8.29    0.572  22.11   0       34.2     981.7595     52.41705
       549    935.8130   1005.0221     1503.429     174.9291  17.0573   0.1264     3.99    0.201   1.28   0      12.97     524.2554     50.78426
