#   1 NUMBER                 Running object number                                     
#   2 X_IMAGE                Object position along x                                    [pixel]
#   3 Y_IMAGE                Object position along y                                    [pixel]
#   4 FLUX_AUTO              Flux within a Kron-like elliptical aperture                [count]
#   5 FLUXERR_AUTO           RMS error for AUTO flux                                    [count]
#   6 MAG_AUTO               Kron-like elliptical aperture magnitude                    [mag]
#   7 MAGERR_AUTO            RMS error for AUTO magnitude                               [mag]
#   8 FWHM_IMAGE             FWHM assuming a gaussian core                              [pixel]
#   9 ELLIPTICITY            1 - B_IMAGE/A_IMAGE                                       
#  10 THETA_IMAGE            Position angle (CCW/x)                                     [deg]
#  11 FLAGS                  Extraction flags                                          
#  12 SNR_WIN                Gaussian-weighted SNR                                     
#  13 FLUX_APER              Flux vector within fixed circular aperture(s)              [count]
#  14 FLUXERR_APER           RMS error vector for aperture flux(es)                     [count]
         1    299.7215     14.5111     2234.342     187.2118  16.6271   0.0910     3.83    0.044 -50.27   0      18.34     758.6826     56.10299
         2    632.2485     10.7996     3591.271     203.1512  16.1119   0.0614     4.79    0.278  -6.21   0      27.53     1176.357     58.04678
         3    556.5258      7.0016     2147.807     219.5942  16.6700   0.1110     3.36    0.253   1.98  16      16.29     704.1722     56.16759
         4    200.9739      6.0171     1821.577     96.10441  16.8489   0.0573     0.00    0.006 -74.28   2      50.14     1701.911     60.33529
         5    205.0384      3.1784     2827.154     196.2672  16.3716   0.0754     3.31    0.183  -3.99  18      21.34     976.2819     57.67609
         6     84.5674      5.1375     1871.706     192.0556  16.8194   0.1114     3.47    0.120  15.30  16      15.73     700.7556     56.15377
         7    404.1852      3.6029     3935.042     150.3617  16.0126   0.0415     3.42    0.185 -11.21  16       35.5     1675.651     59.96982
         8     71.0741   1005.7434     3074.792     150.3928  16.2805   0.0531     3.37    0.108  17.12   0       29.2     1370.898      58.6672
         9    764.8589   1002.9444     1740.814      167.384  16.8981   0.1044     3.34    0.179  -1.30   0      14.76     617.2709     56.10106
        10    687.9949   1001.0136      10140.3     240.5417  14.9849   0.0258     3.28    0.083   3.22   0      69.63     3556.487      66.7181
        11    819.0316   1000.3445     4002.607      192.492  15.9941   0.0522     3.66    0.098  -0.27   0      33.45     1494.163     59.27803
        12    707.7557   1000.8915     1933.479     185.7717  16.7842   0.1043     5.62    0.172 -80.56   0      16.41     707.4556     55.89508
        13    554.2281    999.5084     6956.527     249.0352  15.3940   0.0389     4.45    0.262  27.72   0      45.66     1927.801     60.52229
        14    912.0305    999.6852     2838.436     176.9718  16.3673   0.0677     3.23    0.207   1.02   0      23.81      1141.23     57.77063
        15    253.2605    998.8289     2606.475     167.3634  16.4599   0.0697     4.62    0.409  12.75   0      27.12     1373.732     58.67818
        16    215.0765    983.8203     5134.603     315.6378  15.7237   0.0668     7.98    0.437 -15.89   0       23.2      949.186     57.29034
        17    504.3374    979.8792      2647.52     197.0775  16.4429   0.0808     3.60    0.083 -19.88   0      21.82     963.0824     57.06548
        18    422.2462    978.6293     14631.29     239.7903  14.5868   0.0178     4.15    0.398   0.31   0      93.12     4892.449     71.34838
        19    971.0063    972.3788     3960.661     110.5002  16.0056   0.0303     0.82    0.181 -89.49   0      68.53     3837.463     67.66846
        20    379.3154    970.8439     3086.242     112.3103  16.2764   0.0395     2.46    0.351 -25.88   0      62.86      2596.63     63.11082
        21      4.8670    970.0236     1630.243     177.6812  16.9694   0.1184     3.58    0.197   2.84  16      13.94     641.1347     56.05498
        22    440.3521    967.9308       1602.4     173.0792  16.9881   0.1173     3.82    0.247 -14.87   0      14.62     630.8578     55.87015
        23    715.0047    963.1608     2287.805     204.6438  16.6015   0.0971     6.22    0.505 -30.50   0      16.52      708.716      56.4703
        24    825.5533    959.7927     1604.178     195.8706  16.9869   0.1326     4.36    0.253  -1.92   0      13.66     644.9677     56.21315
        25    743.1475    957.9948     7810.099     188.6287  15.2684   0.0262     3.28    0.137  -8.57   0      60.27     3066.229     65.14964
        26    359.9006    956.6246     2679.443     207.9862  16.4299   0.0843     3.42    0.178 -13.01   0       21.7     965.3365     56.65199
        27    282.7602    956.0792     6127.812     116.6008  15.5317   0.0207     0.00    0.285 -19.08   0      99.61     5419.591     72.78854
        28    457.2430    955.3973     2593.678     184.4192  16.4652   0.0772     3.23    0.105   8.86   0      23.73     1083.562     57.95929
        29    771.2084    950.5024     43875.84      268.316  13.3944   0.0066     3.33    0.088 -18.78   3      214.2     15659.89     99.76399
        30    778.1483    948.0616      20114.2     256.8995  14.2412   0.0139     3.41    0.074  -0.99   3      116.9     6602.133     76.39169
        31    510.9047    953.6390     2795.892     212.8688  16.3837   0.0827     3.70    0.215  -0.33   0      21.44     951.5145     56.59651
        32    235.9242    952.7281     6582.347     211.2627  15.4540   0.0349     3.60    0.180   8.56   0      49.05     2307.022     62.05913
        33    141.0493    953.9331     12177.94     121.4259  14.7861   0.0108     0.00    0.206 -53.56   0      158.2     12183.45      91.5022
        34    941.1315    951.3250     8351.546     247.8941  15.1956   0.0322     3.82    0.179  -1.50   0      55.51     2595.969      63.2352
        35    546.5209    951.0378     8050.789     214.7095  15.2354   0.0290     3.54    0.200  -2.81   3      59.78     2887.845     64.40013
        36    545.7740    946.0132     7732.147     221.7169  15.2793   0.0311     3.54    0.150   6.73   3      54.75     2584.819     63.44804
        37    583.3118    950.2919     1576.923     162.3002  17.0055   0.1118     3.17    0.208 -45.58   0      16.43     777.1292     56.32003
        38   1011.4807    944.8905     12805.41     274.0203  14.7315   0.0232     4.01    0.098  67.65   0       77.1     3501.123     66.40877
        39    648.4126    946.0863     2660.688      173.312  16.4375   0.0707     3.55    0.274  -2.86   0      25.56      1192.62     57.97245
        40    188.4779    937.7954     5277.458     331.8165  15.6939   0.0683     4.41    0.266   5.44   2      24.92     1161.418     58.12618
        41    864.1653    937.4221     8788.239     248.2941  15.1402   0.0307     3.15    0.134  -5.98   0      60.82     3137.269     65.51933
        42    266.1139    935.3383     3741.139     118.7957  16.0675   0.0345    -0.99    0.415  67.17   0      72.89     3370.894     65.84007
        43    869.9250    928.7424     30651.71     242.4368  13.7839   0.0086     3.27    0.140  -5.18   0      171.7     11566.41     89.86749
        44    449.4086    928.1243     4321.901     230.6809  15.9108   0.0580     4.30    0.240  18.73   2       29.9     1226.992     58.24469
        45    121.0024    926.0045     5185.782     103.7557  15.7130   0.0217  -108.71    0.006  51.41   2      99.62     5250.243     72.25784
        46     85.8844    926.1204     2942.773     177.1057  16.3281   0.0654     3.93    0.109  -8.64   0      25.03     1129.823     57.58685
        47    936.3162    919.4790     2209.223      172.719  16.6394   0.0849     2.93    0.018  -9.99   0      19.46     872.7258     56.42134
        48    321.7883    908.0772      14071.5     208.8824  14.6291   0.0161     3.47    0.132  -5.26   0      96.12     5306.585     72.43483
        49    735.1359    908.5386     2940.463     200.4341  16.3290   0.0740     3.70    0.284  17.43   0      24.04     1080.574     57.67053
        50    611.4647    902.7883     47350.29     266.0265  13.3117   0.0061     3.36    0.104 -11.25   0      228.3     17181.94     103.1731
        51    702.2654    904.7071     2821.125     207.1769  16.3739   0.0798     4.06    0.164 -39.98   0      21.59     979.4058     57.13046
        52    654.7580    904.3600      2799.21     182.4914  16.3824   0.0708     3.62    0.111  19.22   0      24.76     1118.279     57.81893
        53   1000.2459    898.9520     2492.573     158.6066  16.5084   0.0691     3.01    0.093  20.94   0      22.28     1009.224     57.52802
        54    782.0592    899.7291      1774.97     176.7371  16.8770   0.1081     4.04    0.439  19.66   0      14.99     712.9573     56.20313
        55    352.5828    896.8358     4604.879     131.5588  15.8420   0.0310     2.40    0.470 -63.06   1      56.81      3851.08     68.06803
        56     50.9380    896.2755     2381.313     185.2412  16.5580   0.0845     5.45    0.240   4.06   0       19.2      858.589     56.78897
        57    611.8910    893.8253     2075.966     130.2267  16.7069   0.0681     1.39    0.113  89.31   0      31.43     1489.033     58.85157
        58    914.1492    891.9492     1723.857     184.4328  16.9087   0.1162     2.82    0.186  -3.65   0      14.61     690.6981     56.39774
        59    352.2513    889.8966     8358.735     194.5047  15.1946   0.0253     3.40    0.148   5.34   0      63.99     3208.359     65.15381
        60    337.8305    882.0155     1470.435     112.6051  17.0814   0.0832     3.61    0.177  -6.37   0      16.73     799.9343     56.83624
        61    253.8288    881.9084      1494.02     155.8902  17.0641   0.1133     5.49    0.409   9.27   0      13.54     546.1232     54.94448
        62    162.0063    880.8212     3666.059     100.3716  16.0895   0.0297     1.02    0.092  89.14   0      70.69      3759.74     67.40692
        63    308.3465    877.3957     3741.304     197.3229  16.0674   0.0573     3.76    0.150   4.12   0       30.4     1387.879       59.005
        64    202.6505    876.0082     7158.719     245.9856  15.3629   0.0373     3.09    0.153 -22.93   0      53.12     2698.071     63.85242
        65     49.9204    871.0428     20483.57     230.1143  14.2215   0.0122     5.86    0.072 -77.36   3      125.6     7512.722     78.95301
        66     55.1361    869.1152     10541.11     193.9663  14.9428   0.0200     3.75    0.122 -12.31   3      73.94      3632.36     66.73651
        67    101.5278    873.5472     5350.957     253.1628  15.6789   0.0514     3.69    0.100   0.51   0      37.95     1722.307      60.0131
        68      7.8050    875.1924     2106.235     207.3589  16.6912   0.1069     5.84    0.460  11.53  16      14.81     513.5717     55.39099
        69    278.2142    869.6008     24624.26     242.5666  14.0216   0.0107     3.30    0.150  -2.78   0      145.8      9142.76     83.60933
        70    139.5826    872.1128     3540.771     234.2233  16.1273   0.0718     8.03    0.429  20.10   0      24.55     932.5179     56.94363
        71    595.8427    864.6080     8269.392     255.7694  15.2063   0.0336     3.58    0.143   7.85   0      56.15     2648.744     63.92762
        72    121.4273    863.1169     1821.875     182.3712  16.8487   0.1087     3.32    0.155 -13.37   0      17.72     781.1671     56.33632
        73    887.7980    857.3555     10693.42     210.9471  14.9272   0.0214     3.34    0.132  10.49   0       77.7     4125.372      68.8616
        74    437.5059    858.2402     4546.343     166.4064  15.8558   0.0398     3.59    0.079  11.74   0      39.13     1755.329     59.73722
        75    538.6498    858.4188      2565.48     243.3554  16.4771   0.1030     4.94    0.219  -9.06   0      17.14     676.6915     56.34126
        76    652.2571    854.8389     19014.79     236.4073  14.3023   0.0135     3.33    0.138  -9.87   0      120.4     7060.685     77.74395
        77    930.2631    855.2605      4224.84     234.0322  15.9355   0.0602     3.40    0.143   0.56   0       28.8     1342.119      58.6922
        78    141.3658    855.0073     2507.799     199.9429  16.5018   0.0866     6.88    0.155 -15.64   0      20.03     801.6307     56.84302
        79    870.0015    850.4736      2084.93     152.8699  16.7023   0.0796     3.28    0.176  -0.47   0      18.73     855.1608     56.77525
        80    806.2563    847.9962     5481.042     281.0067  15.6528   0.0557     6.16    0.245 -37.73   0      34.41     1595.396     59.79896
        81     85.0185    846.2214       5857.3     280.5983  15.5808   0.0520     6.14    0.289  -0.80   0      35.16     1464.006     59.43238
        82    698.8069    845.9914     4525.749     113.4351  15.8608   0.0272     0.00    0.255   4.42   0       83.5     4055.417     68.39658
        83    650.9086    844.4401     3619.126     230.8563  16.1035   0.0693     3.50    0.091 -28.64   0      26.08     1146.931     57.65433
        84    543.6490    839.3290      2409.18      227.912  16.5453   0.1027     4.03    0.153 -42.06   0      15.67      647.433     55.93753
        85    205.2439    835.1655     11071.14     226.0011  14.8895   0.0222     3.37    0.194 -13.34   0      77.97     4127.728     68.75301
        86    263.2014    830.3239     53385.81     274.8008  13.1814   0.0056     3.34    0.109  -1.96   0      245.3     19321.69     107.7836
        87    665.8602    831.7758     6420.596     220.3684  15.4811   0.0373     3.39    0.113   1.50   0      48.06     2313.375     62.33983
        88    999.2596    829.8829     4846.191     297.1286  15.7865   0.0666     9.58    0.345  43.39   0      27.91     939.5762     56.83106
        89    283.4844    828.9960     10407.12      203.877  14.9567   0.0213     3.82    0.154   0.03   0      75.93     4003.423     68.34086
        90    194.9343    827.4066     5460.157     232.6617  15.6570   0.0463     3.23    0.116  18.38   0      41.73     1970.947     61.07868
        91     65.1568    827.4426     4709.286     265.7184  15.8176   0.0613     3.90    0.281   2.58   0      26.38      1169.24      57.7422
        92    940.8381    824.0471      1500.88     163.4233  17.0591   0.1182     5.00    0.203  -2.30   0      14.45     625.1281     55.70327
        93    745.0220    823.1804     1977.509     192.1808  16.7597   0.1055     4.26    0.165  -0.16   0      16.22     731.5919     56.56229
        94    898.7789    822.3107     2234.395     194.5533  16.6271   0.0946     3.29    0.232 -22.37   0      18.45      826.668     56.23551
        95    911.8240    821.8571     1792.587     148.4425  16.8663   0.0899     4.12    0.100 -41.02   2      20.63     935.1071     57.09439
        96      6.2483    816.3899     3514.918     254.6731  16.1352   0.0787     4.58    0.213 -11.83  18      21.25     720.6237      56.5182
        97    675.3558    811.1554     5482.461     228.3411  15.6526   0.0452     3.40    0.172  -1.48   0       44.8     2134.248     61.68333
        98     92.6863    807.7847     4740.917     127.1551  15.8103   0.0291     0.00    0.470  33.81   0      82.16     3990.938     68.06444
        99   1004.8213    805.9905     1601.664      178.768  16.9886   0.1212     3.78    0.203   0.04   0      13.83     586.2534     55.83202
       100    514.8393    803.9100     1912.752     192.1042  16.7959   0.1091     3.10    0.201  -6.32   0      14.98     665.2663     55.72327
       101    282.3574    803.0259     5152.173     171.9535  15.7200   0.0362     3.55    0.247 -16.00   0      41.75     2006.899     61.47339
       102    918.9906    798.4613     2220.244     214.1313  16.6340   0.1047     4.82    0.323 -14.20   0      16.23     694.8222     56.27223
       103    874.4653    797.3702     7869.516     269.1526  15.2601   0.0371     3.47    0.120 -11.54   0      54.01     2599.761     63.37531
       104    744.5280    796.7953     1682.074     188.6743  16.9354   0.1218     3.67    0.254  -1.41   0      13.73     559.1997     55.43362
       105    763.6674    797.6128     2941.775     234.4966  16.3285   0.0866     3.07    0.120  38.78   0      17.06     773.6326     56.44795
       106    387.0579    792.5583      2199.45     211.2856  16.6442   0.1043     3.85    0.188  -0.38   0      17.28     718.2203     56.22441
       107     33.5752    792.3950     3621.701     203.1853  16.1027   0.0609     3.76    0.239 -12.53   0      27.53     1241.963     58.44026
       108   1001.8643    791.4379     3236.505     243.1593  16.2248   0.0816     4.89    0.252 -10.10   0      18.48     804.2446     56.57107
       109    471.2590    791.8563     1676.739     132.5831  16.9388   0.0859     3.72    0.358  -9.37   0      16.71     766.4439     56.70216
       110    507.5579    789.0018      2305.76     192.5686  16.5930   0.0907     4.60    0.373 -58.60   0      16.57     686.1318     56.37933
       111    717.7169    788.3271     2043.726     128.6233  16.7239   0.0683     0.98    0.064 -48.97   0      36.94     1785.241      60.1179
       112    603.3320    788.2720     2584.454     168.5256  16.4691   0.0708     3.15    0.161   6.05   0      23.57     1091.491     57.57462
       113     43.6752    786.3273     2322.447     112.5469  16.5851   0.0526     1.65    0.215 -43.92   0       43.4     2182.046     61.59974
       114    678.2981    784.6121     4157.685      217.102  15.9529   0.0567     3.42    0.199   0.25   0      32.34     1486.627     59.24913
       115    870.3673    784.2524      2369.07     207.6468  16.5636   0.0952     4.49    0.164  -0.31   0       17.7     761.1265     56.39758
       116    591.3108    782.7795     1961.433     145.9834  16.7686   0.0808     3.45    0.183  -8.47   0      18.56      817.507     56.34078
       117    382.3782    779.9321     1720.976     101.9386  16.9106   0.0643     2.42    0.188 -13.16   0      37.35     1643.413     59.98117
       118    267.2384    776.4108      4091.63     189.4531  15.9703   0.0503     3.65    0.180  -8.39   0      34.93     1642.064      60.2425
       119   1013.9283    774.3969     2656.647     194.0168  16.4392   0.0793     3.53    0.180   9.89   0       21.8     963.3295     57.20662
       120      8.4591    773.0677     10452.08     213.5184  14.9520   0.0222     3.79    0.151  -2.50  16      75.06     3831.685     67.64906
       121    545.0004    773.9412     7901.207     109.5423  15.2558   0.0151     0.00    0.043 -86.48   0      119.8     7910.525     80.18986
       122    829.3793    772.4312     3585.674     190.9536  16.1136   0.0578     3.76    0.248   4.39   0       30.4     1369.016     59.06802
       123    560.2587    771.6003     3524.925     199.0948  16.1321   0.0613     3.66    0.231  -3.20   0      28.17     1255.763     58.35685
       124    194.9622    766.9177     9343.921     114.2615  15.0737   0.0133     0.00    0.143  64.39   0      133.3     8946.176     82.97679
       125   1012.9526    765.0613      2410.63     99.51981  16.5447   0.0448    -4.75    0.161 -44.93   0      57.91     2129.531     61.66594
       126    435.2333    762.7196     4091.082     206.6368  15.9704   0.0549     3.48    0.086  -5.66   0      32.48     1511.614      59.3449
       127     49.6352    760.9225     2163.837     204.5061  16.6619   0.1026     5.22    0.243  13.24   0         15     656.8085     55.97562
       128    705.3531    754.6935      8484.96     298.5609  15.1784   0.0382     9.48    0.140 -51.84   0      49.78      2269.66      61.7927
       129    495.0876    756.8597     2260.976     185.0935  16.6143   0.0889     3.73    0.189  17.56   0       20.3     870.7405     56.55511
       130    342.4527    755.8828     8647.299     249.7733  15.1578   0.0314     4.01    0.330  19.09   0      56.13     2542.385     62.91517
       131    530.0106    756.3558     3081.924     108.6778  16.2779   0.0383     0.85    0.170 -89.90   0      58.15     2999.268     65.03887
       132    760.5512    753.1809     4486.677      184.581  15.8702   0.0447     3.32    0.151 -15.12   0      37.81     1801.348     60.70869
       133    692.9272    749.4772     19482.29     228.2478  14.2759   0.0127     3.24    0.166  -4.11   0      122.5      7156.75     77.81875
       134    966.8478    746.8727     5217.097     231.5612  15.7064   0.0482     3.56    0.165  14.98   0      40.02     1855.208     60.64649
       135    562.0115    742.2382     114328.3      333.503  12.3546   0.0032     3.50    0.084  -1.36   0      388.4     41360.16     147.2509
       136    370.0623    747.1590      3652.85     203.2201  16.0934   0.0604     3.45    0.065  24.80   0      29.05     1318.475     58.60057
       137     91.5423    746.1656      1729.19     186.5976  16.9054   0.1172     5.05    0.246   1.41   0      13.76      571.704       55.629
       138    828.9834    740.1675     2543.861      208.799  16.4863   0.0891     3.94    0.161   0.29   0      17.33     797.8738       56.828
       139    736.5414    740.7969      1312.56     131.9574  17.2047   0.1092     5.01    0.270   0.44   0      13.88     615.6223     55.95144
       140    110.1933    737.8660     2662.069     245.9002  16.4370   0.1003     6.36    0.385  75.47   0       17.1     746.5468     56.33879
       141    719.1434    733.5848     6905.774     267.5905  15.4020   0.0421     3.26    0.168 -20.05   0      42.66      2003.56     61.33062
       142    199.8571    731.0336       1243.3     152.9282  17.2636   0.1336     3.95    0.211   3.11   0       12.9     602.1939     55.75343
       143     84.7632    727.9243     27211.56     236.6659  13.9131   0.0094     3.38    0.106  -3.14   0      156.7     10017.48     85.95418
       144    404.8412    729.3035     2632.788     210.8037  16.4490   0.0870     3.60    0.230   1.69   0      20.27     904.4803     56.40732
       145    557.4002    726.3439     13902.02     224.4134  14.6423   0.0175     3.46    0.177   3.59   0      93.71     5006.083     71.48575
       146    129.3440    725.0797     1928.354     207.1638  16.7870   0.1167     4.59    0.294  17.09   0      13.94     573.6163     55.34821
       147     51.9314    720.3598     4739.448     198.4692  15.8107   0.0455     3.41    0.160 -14.06   0      39.35     1864.321     60.68063
       148    593.8311    721.0891     1689.789     167.3147  16.9304   0.1075     5.48    0.375  -8.26   0      14.95     593.7616     55.43087
       149    262.3593    716.4961     22348.46     227.5925  14.1269   0.0111     3.33    0.126   0.68   0      137.1     8170.285     80.52592
       150    316.9086    710.5885     60899.85     293.4925  13.0385   0.0052     9.13    0.230 -10.70   0      266.4     21557.24     112.2561
       151    585.0045    709.0219     2089.092     156.7554  16.7001   0.0815     3.20    0.231   0.15   0      19.19     890.0811     56.91487
       152    713.9561    705.9115     2424.975     97.52091  16.5382   0.0437     0.00    0.126  60.37   0      59.89     2283.272      61.9721
       153    142.3181    700.5142     2368.386     214.2885  16.5639   0.0983     6.32    0.248 -51.64   0      17.63     743.1798     56.18286
       154    196.4632    700.1448      2736.84     173.4119  16.4069   0.0688     3.90    0.188   8.83   0      23.07     1017.259     57.55976
       155    494.8220    695.9519     1611.028     174.2433  16.9822   0.1175     3.29    0.178   0.55   0      14.51     648.1689     56.22609
       156    381.0385    693.3818     3007.908     190.2647  16.3043   0.0687     3.22    0.169   1.05   0      23.86     1097.527     58.15189
       157    564.4694    689.4335     14834.71     227.1257  14.5718   0.0166     3.50    0.154  -1.87   0      96.53     5126.993     71.86913
       158    403.7970    686.8991     2745.578     187.8314  16.4034   0.0743     6.46    0.430 -55.10   0      22.89     1014.297     57.40875
       159    188.1982    686.1917     5233.683      229.842  15.7030   0.0477     3.44    0.129 -25.39   0      38.31     1751.887     60.25805
       160    255.3512    685.8090     2210.729     214.1212  16.6387   0.1052     5.94    0.224 -68.44   0      16.29     672.9765     56.18393
       161    440.0052    681.2316     14568.53     232.0935  14.5915   0.0173     3.38    0.145  -4.25   1      97.15     5421.879     73.01535
       162      1.9567    682.5998     2093.904     192.3183  16.6976   0.0997     5.55    0.700  76.35  24      12.93     385.2296     55.15302
       163    961.7455    681.6260     2699.748     162.6387  16.4217   0.0654     3.56    0.239   3.95   0      24.23     1088.412     57.70141
       164    430.8165    680.8879      5085.54      220.808  15.7342   0.0472     3.66    0.257  -2.64   1      38.97     1809.204     60.34128
       165    296.8106    681.1210     6478.379     118.9768  15.4713   0.0199     0.00    0.346 -27.65   0      102.4     5762.072     73.85014
       166    830.1059    674.3904     3848.771     123.9456  16.0367   0.0350     5.72    0.443  74.96   0      70.75     3242.267       65.639
       167    923.4058    674.9241     1200.349     102.7386  17.3017   0.0930     4.78    0.365   7.81   0      25.88     888.5117     56.76772
       168    399.6554    672.4506     5977.053     211.5589  15.5588   0.0384     4.31    0.168  15.21   0      45.98     2157.765     61.89941
       169    530.6345    668.1979      4186.42     236.5476  15.9454   0.0614     3.54    0.119 -42.12   2      28.21     1270.541      58.6879
       170    750.6381    668.4769     3155.487     195.6263  16.2523   0.0673     3.79    0.169  12.21   0      28.15     1250.573     58.33663
       171    508.2520    669.0588     1737.652     176.6891  16.9001   0.1104     3.04    0.207  -0.86   0       14.7     652.4075     56.10066
       172    882.6901    667.9706     2926.079     236.1827  16.3343   0.0877     3.36    0.338  -0.98   0      16.99     680.0043     55.78335
       173    793.2033    664.1187     2879.858     108.2544  16.3516   0.0408     4.87    0.297  30.52   0      63.29     2524.585     63.23191
       174    861.6216    667.3665     1880.168     129.8845  16.8145   0.0750     2.76    0.145 -30.45   0      17.76     790.7897     56.79965
       175    451.6646    661.9656     1541.171     172.9988  17.0304   0.1219     5.24    0.489 -25.04   0      14.25     603.4354     55.75849
       176    472.5679    659.7038     1360.648     106.9058  17.1656   0.0853     2.82    0.487 -68.51   0      21.43     1045.468     56.97255
       177    741.3387    656.2468     2066.634     151.5273  16.7118   0.0796     5.21    0.289  11.22   0      19.14     806.2779     56.57924
       178    371.9836    650.8524     1238.683     113.9076  17.2676   0.0999     4.12    0.194 -88.25   0      12.42     522.2339     55.57081
       179    884.6555    639.6160     17889.82     232.7572  14.3685   0.0141    10.41    0.239   2.26   0      111.9     6283.868     75.54494
       180    651.6142    639.6854     1634.872     189.6759  16.9663   0.1260     5.20    0.425 -34.91   0      13.67     519.2003     55.26938
       181    312.2656    638.6434     3484.818      230.724  16.1446   0.0719     3.39    0.098 -20.26   0      24.11     1092.214     57.71638
       182    181.5252    639.4800     2025.781     192.2378  16.7335   0.1031     5.41    0.018  67.19   0      16.33     703.9255     55.73724
       183    397.3971    636.0927     2400.593     129.2523  16.5492   0.0585     5.74    0.500  -9.48   0      38.54     1595.157     59.66399
       184    203.8645    628.8475     4267.739       111.13  15.9245   0.0283     0.00    0.293  48.96   0      81.54     3798.203     67.53648
       185    613.8172    627.0231     2288.869     224.2491  16.6009   0.1064     7.20    0.375 -63.90   0      16.53     580.4409     55.95166
       186    340.7637    628.0228     1706.702      180.017  16.9196   0.1145     3.72    0.174   3.85   0      14.98     656.9517     56.40373
       187    856.7260    620.3946     13749.39     236.4262  14.6543   0.0187     3.30    0.124  -1.90   0      92.24     4979.006     71.28737
       188    567.4438    622.0143     1269.171       96.878  17.2412   0.0829     2.21    0.319  22.14   0      28.33     1019.032      57.7057
       189    826.9275    619.3036     3369.282     178.7755  16.1812   0.0576     3.58    0.112  11.12   0       29.4     1315.314     58.17683
       190    653.4581    615.0543     13177.26     189.7853  14.7004   0.0156     0.00    0.135  20.09   0      98.53     6293.879     75.68095
       191    175.4570    616.3297     3432.295     196.9666  16.1610   0.0623     3.64    0.154   4.68   0      29.56     1363.461     58.63838
       192    629.4453    614.2033     3940.373     179.5001  16.0112   0.0495     3.71    0.122 -19.39   0      34.02     1567.053     59.69114
       193    679.3647    611.9617     4549.231     223.8614  15.8552   0.0534     3.71    0.154  -4.46   0      33.67     1536.862     59.44152
       194    338.3065    607.4051     23442.77     259.0559  14.0750   0.0120     3.37    0.138   3.26   2      136.9     8185.511     80.96547
       195    875.1247    606.6617      8033.34     227.3711  15.2378   0.0307     3.25    0.125  -0.85   0      58.54     2932.941     64.55908
       196    408.0053    608.0035     3155.523     99.20885  16.2523   0.0341     0.00    0.003  74.49   2      72.61     3151.193      65.3229
       197    743.2251    605.9185     3130.492     222.4164  16.2610   0.0772     6.05    0.478 -37.95   0      21.28     862.4291     56.80434
       198     51.8282    606.8787     2213.773     219.6624  16.6372   0.1078     4.20    0.027 -23.79   0      14.89     617.4509     55.81559
       199    598.6462    604.2770     3402.694     195.9133  16.1704   0.0625     3.42    0.111  11.14   0      28.77     1307.532     58.42121
       200    303.4613    603.4642     5785.335     197.6478  15.5942   0.0371     3.37    0.098  -8.65   0      45.43     2146.926     61.73002
       201    156.4030    603.2847     5706.921     218.7178  15.6090   0.0416     3.86    0.155  -3.45   0      45.33     2155.234     62.01937
       202    382.6139    591.9201     14134.17      228.185  14.6243   0.0175     3.48    0.168  -0.57   0      94.79       5124.1     71.85998
       203    657.8685    591.2861     6128.084      121.643  15.5317   0.0216     5.36    0.280 -61.20   0       94.8     5161.194     71.75435
       204    579.9994    592.9975     2739.419     98.25099  16.4059   0.0390     4.18    0.012  42.56   2      68.35      2809.94     64.12461
       205    343.0105    590.7690     15996.84     248.4422  14.4899   0.0169     3.40    0.128  -2.70   0      103.1     5710.035     73.90685
       206    219.3859    588.5015     1433.651     159.6104  17.1089   0.1209     2.72    0.220  -0.57   0      13.81     603.5612      55.6152
       207    785.2366    585.6649     2563.571     166.1042  16.4779   0.0704     3.41    0.203  13.34   0      24.29     1103.148     57.75942
       208    856.3807    588.8855     1694.065     173.1995  16.9277   0.1110     3.49    0.256 -12.13   0      16.42     733.4647     56.00074
       209    624.3101    584.5677     3660.168     250.0442  16.0912   0.0742     4.21    0.309  12.78   0      23.65     1002.377      56.9412
       210    190.1579    576.3115     39235.28     271.8235  13.5158   0.0075     3.29    0.092 -17.72   2      192.2     13019.55     93.38452
       211    330.5082    572.4928     1443.834     157.0966  17.1012   0.1182     3.52    0.255 -18.24   0      13.56      601.129     55.60526
       212    430.1350    570.8920     3433.605     210.7174  16.1606   0.0666     4.11    0.177 -22.35   0      26.29     1139.198     57.62384
       213     99.8555    566.2626     15591.41      223.446  14.5178   0.0156     3.31    0.137  -0.55   0      103.9     5815.562     74.12269
       214   1022.7599    564.1546     1465.286     116.0962  17.0852   0.0860     3.50    0.244 -48.30  24      16.83     804.0938     56.42873
       215     86.8005    559.4055     3914.514     211.2355  16.0183   0.0586     3.53    0.238  -8.57   0      32.95      1516.85     59.36495
       216    898.7968    557.4697     2317.335     205.6524  16.5875   0.0964     4.34    0.201  18.42   0      18.98     769.4692     56.43119
       217     87.3189    550.5106     2977.415     213.0625  16.3154   0.0777     3.77    0.233   4.67   0      24.31     1075.368     57.51094
       218    819.4973    546.4704     2329.569     214.2473  16.5818   0.0999     3.34    0.043   1.83   0      17.56     742.4127      55.7505
       219     54.0713    545.6265     4059.668     213.2772  15.9788   0.0571     3.64    0.104  12.69   0      32.03     1431.712     59.03811
       220    729.5289    544.5121     2500.256     210.6608  16.5050   0.0915     3.59    0.243  39.22   0      19.33     852.4971     56.48175
       221    708.2424    541.7465     18189.76     219.7874  14.3504   0.0131     3.29    0.163  -9.05   0      116.4     6755.911     76.95196
       222    151.0500    543.8604     7127.586     118.5335  15.3676   0.0181     0.00    0.287 -71.19   0      113.1     6617.846     76.43842
       223    345.3510    531.5804     16112.35     222.1804  14.4821   0.0150     3.41    0.140  -5.18   0      106.1     5938.568      74.6063
       224    879.8211    531.5881     3819.986     242.8812  16.0448   0.0690     3.91    0.198 -13.75   0      25.56     1137.061     58.03086
       225    681.0447    522.5067     2105.682     179.4076  16.6915   0.0925     3.31    0.177   2.50   0      17.81     776.5597     56.03263
       226    324.8354    519.8358     5720.229     189.2934  15.6065   0.0359     3.26    0.052 -10.15   0       45.2     2178.263     61.84529
       227    727.1088    509.1400         1277      102.908  17.2345   0.0875     3.52    0.280  44.00   0      34.78      1041.81     57.23844
       228    982.2372    506.0050     1753.448     187.6967  16.8903   0.1163     5.02    0.175   3.76   0      14.11     568.0907     55.90147
       229     68.7936    504.5473     8347.815      233.759  15.1961   0.0304     3.49    0.071 -11.37   0      59.74     2892.705     64.54147
       230    824.1348    498.8609      87257.4     351.2018  12.6480   0.0044     4.15    0.160  77.13   0      322.8     25351.23     119.8249
       231    472.6499    503.3318     3199.683      168.167  16.2372   0.0571     3.49    0.159 -10.54   0      27.77     1234.639     58.27452
       232    156.7002    495.3791      5237.32     193.9443  15.7022   0.0402     3.71    0.111   4.20   0      42.17     1937.332     60.42569
       233    659.3763    495.2133     2751.983     197.1979  16.4009   0.0778     3.82    0.244 -17.80   0      23.49     1009.232     57.52806
       234    416.0532    494.3062     6705.281     210.4458  15.4340   0.0341     3.58    0.168   6.02   0      48.87     2293.537     61.88046
       235    214.9217    493.7604     11313.26     129.4354  14.8660   0.0124     5.25    0.354  72.98   0      144.2     10355.27     86.84274
       236    513.1783    491.6226     10458.95     330.5364  14.9513   0.0343     3.60    0.086 -10.38   2      51.59     1993.541     61.42398
       237    735.8699    490.3186     2572.611      187.622  16.4741   0.0792     2.93    0.194  12.71   0      22.53     1055.374     57.29227
       238    119.7412    489.2273     1393.995     166.9124  17.1393   0.1300     5.29    0.397  -3.47   0      13.05     552.0173     55.69248
       239    929.0433    481.8484     2069.697     215.8346  16.7102   0.1133     3.92    0.310  13.13   0       14.1     609.8669     55.92806
       240    265.7517    472.7476     239703.5     417.8745  11.5508   0.0019     3.43    0.076 -14.19   0      586.1     85033.45     203.7211
       241    806.2305    473.1257     29708.33     270.4829  13.8178   0.0099     3.52    0.127 -47.83   0      162.1      10217.8     86.48222
       242    510.9851    474.7772     2848.631     206.2387  16.3634   0.0786     3.12    0.113  -0.02   0      23.91      1114.04     57.94064
       243    710.7141    471.0143     3803.162     174.8038  16.0496   0.0499     0.00    0.505  53.09   0      37.55     1755.501     60.13867
       244    338.4318    469.8378     2606.976     198.0441  16.4597   0.0825     3.37    0.149 -34.15   0       21.4     963.3254     57.34641
       245    351.3738    469.3975     2383.395     206.6962  16.5570   0.0942     3.24    0.097 -42.01   0      19.03     816.3683     56.76101
       246    150.1805    468.1563     2374.568     207.6528  16.5610   0.0950     6.08    0.509  29.81   0      16.13     662.5616     56.28424
       247      5.4884    468.3773     2173.029     194.4816  16.6573   0.0972     5.76    0.621   1.41  16      14.49     564.6282     55.31129
       248    384.0437    466.2782     2059.348     159.2467  16.7157   0.0840     6.69    0.628  17.77   0      17.02     532.6581      55.3247
       249    248.0033    461.8476     20192.04     132.6132  14.2371   0.0071     4.44    0.108 -89.66   0      190.7     20202.66     109.6255
       250    206.8154    461.9603     1755.154     154.9841  16.8892   0.0959     3.16    0.158   1.07   0      15.91     744.1046     56.75381
       251     98.8386    458.7957     4254.294     190.7008  15.9279   0.0487     3.53    0.136 -17.92   0      34.73     1629.261       60.061
       252    521.5035    457.9991     10863.99     141.9605  14.9100   0.0142     3.15    0.466   0.04   0      130.4     9056.738     83.37517
       253    865.6320    454.9951     4962.984     135.1712  15.7606   0.0296     3.27    0.506  -0.20   0      73.06     3639.653     67.23941
       254    973.5892    452.8141     1794.703     158.8685  16.8650   0.0961     3.87    0.243  31.01   0      16.12     677.6696     56.06025
       255    771.4646    445.5201     2012.843     159.1803  16.7405   0.0859     3.33    0.218 -42.55   0      17.99     787.0242     56.35994
       256    120.6463    431.4167     3883.434     203.4778  16.0270   0.0569     3.91    0.195  11.02   0      29.62     1280.638     58.72699
       257    885.4727    431.5150     3480.341     166.1534  16.1459   0.0518     3.45    0.280   1.23   0      29.41     1307.297      58.1455
       258    372.3357    431.0371     3740.959     252.5074  16.0675   0.0733     3.63    0.232 -35.19   0      24.16     1108.475     57.78038
       259    166.9500    431.3694     3884.389     214.0278  16.0267   0.0598     3.57    0.168 -20.53   0      29.88     1398.619     59.04635
       260     39.3246    432.0027     2273.899     217.8948  16.6081   0.1041     4.33    0.356  -0.03   0         16     676.7692      56.0566
       261    416.9864    430.2045     2489.136     97.67033  16.5099   0.0426     1.06    0.108  86.42   0      52.83     2437.118     62.78934
       262    289.0924    426.3569      49777.6     272.5358  13.2574   0.0059     3.33    0.101   1.18   0      233.9     17693.47     104.0632
       263    247.4755    421.7308     2190.942     180.6273  16.6484   0.0895     3.64    0.161 -52.86   0      20.32     890.0248     56.77377
       264    166.2001    423.0212     1927.145      196.245  16.7877   0.1106     5.06    0.222   2.55   0      14.58     608.6722     55.77983
       265    155.1177    417.6619     1477.797     159.6732  17.0760   0.1173     4.08    0.113 -14.99   0      14.65     653.9769     55.67721
       266    687.2546    413.7685     5976.931     152.1065  15.5588   0.0276     2.14    0.331  49.49   0      64.95     3781.703     67.48093
       267    449.3215    402.6860     26369.52     253.8434  13.9472   0.0105     5.68    0.091  16.12   0      149.8     9138.038     83.40469
       268     21.2969    400.2406     2052.221     154.1257  16.7194   0.0816     4.03    0.544 -18.39   0      32.09      1344.19     58.15199
       269      4.6794    392.2770     5426.903     206.1679  15.6636   0.0413     3.71    0.180 -19.61  16      40.83     1845.683     60.21313
       270    753.6569    391.3643      3449.63     131.0839  16.1556   0.0413     0.00    0.465 -44.45   0      60.46      2721.44     63.81018
       271    206.3075    390.0581     2768.502     233.4727  16.3944   0.0916     8.03    0.367  -4.83   0      20.61     788.1655     56.22229
       272    266.2633    389.3514     2492.661      192.789  16.5083   0.0840     3.14    0.126 -13.29   0      20.74      927.124      57.0626
       273    511.3705    388.7572     1716.858     183.3355  16.9132   0.1160     4.35    0.275   2.58   0      14.44     586.0137     55.97429
       274    474.6349    383.3926     4466.133     260.1789  15.8752   0.0633     7.52    0.293 -22.34   0      28.63     1309.114     58.83709
       275    909.6152    376.7828     2595.216     182.2371  16.4646   0.0763     3.51    0.122  -0.30   0      22.31     986.7781      57.2997
       276    584.9664    375.4771     2137.447     161.8511  16.6753   0.0822     3.23    0.196  -2.34   0      19.29     874.4594     56.85246
       277    257.6599    373.6827     2188.943     219.6367  16.6494   0.1090     4.76    0.330 -40.22   2       16.9     581.0267     55.37863
       278    156.2321    357.7253     5839.904     191.5389  15.5840   0.0356     3.46    0.136 -18.13   0      45.08     2126.255     61.65387
       279    516.2747    353.1428     4527.453     255.5751  15.8604   0.0613     3.56    0.157  16.39   0      29.59     1309.914     58.43047
       280    205.0045    352.9637      1703.73     95.82531  16.9215   0.0611     4.20    0.005 -64.71   3      48.33     1619.131     60.02266
       281    201.3821    349.8996     2411.253     135.3238  16.5444   0.0609     4.19    0.291  -8.17   2      22.89     1059.907     57.31025
       282     10.9838    352.9935     3537.365     100.0798  16.1283   0.0307     4.20    0.012  35.05   3      77.53      3473.56     66.43501
       283      6.7804    352.0297     2102.588     169.0628  16.6931   0.0873     3.83    0.346   0.34  19      16.68     736.3947     56.58158
       284     18.2062    354.4228     3028.015     180.5722  16.2971   0.0648     3.25    0.085  -0.99   0         26     1196.411     58.26284
       285    175.7839    346.5976     3332.473     207.7371  16.1931   0.0677     3.38    0.249  -4.97   0      27.22     1231.603     58.26268
       286     23.4911    346.3273     2240.627     213.2161  16.6241   0.1033     3.56    0.123 -14.59   0      15.31     654.7923     55.68054
       287    993.3232    343.6134      13060.3     219.9482  14.7101   0.0183     3.44    0.090   6.98   0      89.42     4720.187     70.68433
       288     65.5325    342.9740     1665.118     187.5897  16.9464   0.1223     4.30    0.335  27.60   0      14.15     641.2678     55.91248
       289    434.6147    340.3738     1944.914     210.0608  16.7777   0.1173     3.77    0.143 -43.91   0      14.31     610.2394     56.07256
       290    691.4399    338.6615     7390.401     237.0864  15.3283   0.0348     3.43    0.158   0.25   0      53.97     2595.789     63.36106
       291    405.7231    329.3977     15005.28     225.5279  14.5594   0.0163     3.46    0.144  -9.78   0      100.4      5421.86     72.79562
       292    375.6321    331.1817     3450.917     201.0121  16.1552   0.0633     3.23    0.155  -6.99   0      28.83     1359.922     59.03302
       293    524.1074    327.3044     48863.41     283.3132  13.2775   0.0063     7.07    0.113 -25.83   0      227.1     16835.07     102.3279
       294    213.7555    322.8876     15420.86     236.3395  14.5297   0.0166     3.38    0.136 -24.54   0      98.78     5322.377     72.26308
       295    781.4573    325.2091     2427.425      220.792  16.5371   0.0988     3.45    0.043  -4.21   0      16.16     673.1976     56.18482
       296    298.2284    320.6344     8057.629     275.1939  15.2345   0.0371     4.16    0.140  -0.16   0       50.5     2433.133     63.02952
       297    681.6693    320.1796     4031.664     207.5383  15.9863   0.0559     3.32    0.163 -21.26   0      33.24     1577.418     59.73059
       298    127.4991    317.9139     2626.618     202.0692  16.4515   0.0835     7.38    0.253 -67.55   0      22.51     820.2731     56.20966
       299    461.6888    316.1977     2269.427     172.7982  16.6102   0.0827     3.62    0.165  -7.24   0      20.08     877.5817     56.86494
       300    903.4141    312.3565      1981.85     202.3345  16.7573   0.1109     4.06    0.151  31.81   0      15.62     669.9629     56.31411
       301     65.5355    303.5325     4923.684     279.1248  15.7693   0.0616     4.12    0.198  28.06   2      27.76     1159.141     57.84105
       302    602.8944    302.7889      2398.49     158.4717  16.5502   0.0718     3.43    0.126 -42.16   0      22.46     1032.715     57.48161
       303    709.9199    300.9195     11801.27      119.049  14.8202   0.0110     4.47    0.118  44.57   0      148.6        11588     89.74379
       304     30.3513    300.7281     1414.181     182.9599  17.1237   0.1405     4.18    0.227 -28.28   0      14.15      589.334     55.70098
       305    853.3781    299.9024     1505.805     178.6461  17.0556   0.1288     3.53    0.256 -13.82   0      14.51     637.4528     55.46553
       306    296.5873    297.7711     9132.282     193.3466  15.0986   0.0230     3.23    0.093 -14.67   0      67.54     3442.394     66.44893
       307    417.1137    287.2858     2518.284     141.2895  16.4972   0.0609     3.08    0.119 -18.80   0       23.2     1068.764     57.48484
       308   1009.1149    279.5353     2836.215     223.9108  16.3682   0.0857     3.54    0.194 -13.77   0      21.03     931.9554     56.80058
       309   1015.9282    271.7564     7263.499     223.0385  15.3471   0.0333     3.20    0.072  21.20  16      54.43     2696.682     63.72194
       310    917.1010    268.3331     32302.74     244.7988  13.7269   0.0082     3.35    0.124  -5.70   0      177.2     11775.75     90.21799
       311    206.3540    264.0627     1894.485     196.2071  16.8063   0.1125     5.07    0.182 -31.88   0      15.96     733.1343     56.28466
       312    735.2218    263.4020     2067.607     196.4076  16.7113   0.1032     4.27    0.032 -35.73   0      15.76     710.1347     56.19171
       313    809.5717    260.8200     2537.925     203.9422  16.4888   0.0873     6.63    0.548  71.81   0      18.91     871.3411     57.12106
       314    106.9980    259.1504     4356.172     215.4593  15.9022   0.0537     3.54    0.156 -13.99   0      34.45     1582.152     59.61443
       315    870.8947    256.9568     3772.265     230.1387  16.0585   0.0663     3.82    0.232  11.61   0      28.57     1260.342     57.96168
       316    464.8303    256.6186     6364.992     244.4335  15.4905   0.0417     3.63    0.176 -18.44   0      44.73     2073.645     61.71966
       317    947.1168    254.4641     2319.891     191.5429  16.5863   0.0897     3.27    0.177 -16.09   0      20.48     942.9745     56.84465
       318    189.6820    250.7227     5775.139      175.077  15.5961   0.0329     3.37    0.144 -13.51   0      47.28     2209.658     61.57162
       319   1010.1683    249.1011     2643.162     190.8802  16.4447   0.0784     4.43    0.084 -72.34   0      22.73     956.5749     56.61683
       320     51.3203    238.4349     142709.5     356.8304  12.1139   0.0027     3.45    0.103 -14.19   0      439.3     49406.56     159.0354
       321    735.8472    240.9414     3334.981     171.8802  16.1923   0.0560     3.47    0.041  -4.11   0      29.09     1352.928     58.73404
       322    511.5848    238.8535     30042.47      249.203  13.8057   0.0090     3.45    0.127  -5.33   0      166.6     10761.89      87.9915
       323    783.9594    236.8938     1571.902     164.7418  17.0089   0.1138     4.97    0.196 -88.40   0      14.73     640.5385     55.33365
       324    216.0697    226.6427     18867.11     262.7432  14.3107   0.0151     3.34    0.105 -13.31   0      114.1     6431.995     75.88382
       325    709.9355    227.3150     3887.607     206.4129  16.0258   0.0577     3.70    0.104  -6.73   0      31.29     1399.636     58.64203
       326    265.7862    219.0707     24734.15     238.5091  14.0168   0.0105     3.37    0.117  -7.22   0      145.2     9032.368     83.40479
       327    440.7590    217.7854     5575.157     211.1267  15.6344   0.0411     4.01    0.117 -12.00   2      41.09      1890.59     61.17291
       328    445.9927    216.0103     7481.825     108.6687  15.3150   0.0158     0.00    0.006 -35.15   3      117.4     7192.616     78.12868
       329    731.4168    216.9247     4508.858     208.0602  15.8648   0.0501     3.62    0.155  -1.20   0      36.57     1712.649     60.24295
       330    688.4146    210.8496     4658.835     191.1823  15.8293   0.0446     3.64    0.148   0.58   0      38.38     1786.777     60.65412
       331    466.8376    193.3549     3211.451     244.7771  16.2332   0.0828     3.60    0.194  13.48   0      19.54     828.7109     56.66928
       332    392.6438    193.4334     2310.908      176.293  16.5905   0.0828     4.68    0.132  -7.83   0      21.86     965.6525     57.35563
       333   1002.1538    192.9619     1386.982     155.7341  17.1448   0.1219     4.75    0.206   3.43   0      12.89     538.0866     55.49149
       334    509.6012    191.6828     2595.484     203.0226  16.4645   0.0849     3.50    0.041   3.03   0      21.46     963.2994     57.34631
       335    776.5988    188.2169     43002.45     262.2858  13.4163   0.0066     3.95    0.136  -6.40   0      212.8     15224.35      98.7668
       336    286.3274    189.3509     6458.862     215.8187  15.4746   0.0363     3.57    0.160 -10.29   0      49.43     2344.568     62.32509
       337    461.5973    186.0316     28153.57      300.785  13.8762   0.0116     3.44    0.138   4.57   2      135.3     7593.255      79.4873
       338    593.9533    187.5573      4974.91     181.9091  15.7580   0.0397     4.47    0.210  -0.51   0      40.36     1837.933     60.71375
       339    983.5159    186.7012     2024.763     180.4181  16.7341   0.0968     3.56    0.035  -8.65   0      17.72     743.1562     55.89698
       340    991.3062    178.6240     2389.315     210.5411  16.5543   0.0957     3.42    0.134 -40.87   0      17.34     726.1605     55.82783
       341    344.0818    176.5526     7800.427     210.6771  15.2697   0.0293     3.33    0.140 -10.55   0      57.78     2779.882     63.76733
       342    511.0372    175.9981     4434.126     102.0959  15.8830   0.0250     0.00    0.048  -0.93   0      89.29     4378.813     69.69305
       343    256.1792    172.9941     2088.691     122.3227  16.7003   0.0636     0.00    0.015  22.47   2      42.21      1396.81      58.9036
       344    105.2657    175.1893     2616.811     167.3774  16.4556   0.0695     0.00    0.404 -20.26   0      29.92     1488.892     59.25782
       345     44.5087    167.2521     2873.709     201.3551  16.3539   0.0761     3.64    0.082 -70.91   0      20.36     856.5549     56.49807
       346    816.9037    165.8469     2137.046     227.6404  16.6755   0.1157     6.15    0.564 -81.92   0      14.58     530.1326     55.02402
       347    347.0549    166.3031     3254.104     211.4725  16.2189   0.0706     3.35    0.109 -20.48   0      28.44      1284.97     58.05817
       348    426.0217    159.5321     1571.915     126.2106  17.0089   0.0872     0.00    0.379  75.56   0      21.93     944.7913     57.27291
       349    255.7999    160.3417     1519.687     122.9008  17.0456   0.0878     3.58    0.220 -26.01   0      15.66     700.8024     56.15395
       350     65.9936    156.0269     2324.623     97.28676  16.5841   0.0454     4.22    0.006  86.45   2      56.77      2138.57      61.8289
       351    659.1154    157.4600     3142.699     228.6423  16.2567   0.0790     3.98    0.220 -15.98   0      22.81     998.1984     57.06501
       352    814.4654    156.9650     1716.056     186.5816  16.9137   0.1181     4.14    0.364  26.19   0      13.62     592.3597     55.71333
       353    250.2747    154.4682     3002.577     228.5029  16.3063   0.0826     3.56    0.183 -28.08   0       20.7      873.971     56.70947
       354    801.0920    149.7229      5014.87      119.545  15.7494   0.0259     0.00    0.385 -72.21   0      88.16     4381.652     69.24124
       355    278.8290    142.1750     5009.798     225.2191  15.7504   0.0488     3.73    0.197 -13.59   0      38.82     1834.403     60.83231
       356    408.7150    138.3934     4564.178     225.6579  15.8516   0.0537     3.64    0.072  22.73   2      29.72     1310.173     58.70493
       357    157.8883    139.6702     4566.595     243.5789  15.8510   0.0579     3.41    0.096 -22.01   0      30.93     1427.996     58.75183
       358    144.6306    130.4112     3420.086     249.8259  16.1649   0.0793     3.89    0.266  -3.24   2      21.31     947.8856      57.4248
       359     68.6391    126.0006     3613.027     265.5341  16.1053   0.0798     4.18    0.175 -51.55   0      21.11     900.0889     57.23532
       360    748.7175    122.8712     7975.246     245.9261  15.2456   0.0335     4.64    0.193 -40.71   0      50.13     2095.847     61.28089
       361    727.3673    123.6064     2416.152     187.4324  16.5422   0.0842     3.20    0.087  41.64   0      20.54     919.8874     57.31388
       362    902.3627    114.7754     6213.132     204.1113  15.5167   0.0357     3.57    0.089 -18.56   0      46.51     2221.298     62.38948
       363     85.6328    107.6384     2010.752     208.2179  16.7416   0.1125     3.84    0.140  43.40   0      15.31     651.7859     56.09814
       364     68.5284    101.7923     23274.54     232.8545  14.0828   0.0109     3.43    0.107  -2.33   0      137.7     8158.095     80.88847
       365    711.1186     98.0297     6390.361     203.3263  15.4862   0.0346     3.59    0.110  -4.97   0      49.38     2384.689     62.59928
       366    408.8977     98.6365     2040.262     220.3931  16.7258   0.1173     4.92    0.266  72.08   0      14.18     594.0342     55.14231
       367    297.3870     90.8103     2614.017     219.1646  16.4567   0.0911     4.14    0.196  -4.72   0      19.16     807.8276     56.58546
       368    842.3245     89.2204     2476.595     171.9099  16.5154   0.0754     3.44    0.048 -24.50   0      23.98     1089.758     57.84531
       369    776.1387     85.3638     7584.295     234.7274  15.3002   0.0336     3.51    0.145 -12.67   0      53.76     2556.142     63.21869
       370    786.8284     83.9816        11030     229.4763  14.8936   0.0226     3.61    0.147  -9.60   0      75.88     3860.203      67.9808
       371    978.6747     75.8203     1953.797     178.0946  16.7728   0.0990     3.72    0.112 -75.15   0         18     772.9811     56.58702
       372     87.3668     67.8064     4373.362     268.4308  15.8980   0.0667     4.07    0.103 -42.84   0      26.41     1141.758     58.18704
       373    985.9606     66.7268     2283.325     194.6104  16.6036   0.0926     4.40    0.120  -0.22   0      17.78     790.0617     56.51406
       374    884.8396     65.9176     3576.921     219.2497  16.1162   0.0666     3.97    0.050  -7.06   0      28.66     1262.469     58.10799
       375    998.2125     61.3489     16354.53     280.5392  14.4659   0.0186     3.44    0.145  -9.13   2       95.9     5104.363     71.90897
       376    579.8719     56.6145     53464.61     276.3187  13.1798   0.0056     3.16    0.029  -5.16   0        246     19965.14     109.2053
       377    365.2060     59.1813      16130.1     233.6176  14.4809   0.0157     3.62    0.191   0.74   0      102.4     5584.802     73.30257
       378     54.1645     58.9925     11484.72     305.4584  14.8497   0.0289     3.62    0.257 -15.71   2      58.63     2979.586     64.97005
       379    850.3045     56.6134     81336.67     307.6143  12.7243   0.0041     6.20    0.122  -2.16   0      314.2     27300.25     123.4014
       380    434.9393     59.9215     4771.964     104.7737  15.8033   0.0238     4.52    0.168  54.38   0      88.46      4323.97     69.05165
       381    383.8409     60.0012     2124.883     96.81902  16.6817   0.0495     1.23    0.113   1.83   0      45.52     2193.753     62.16037
       382    640.4360     52.9803     2077.417     106.5564  16.7062   0.0557     4.71    0.195   1.75   0      43.68     2017.983     61.64439
       383    189.6566     44.6572     6626.395     211.3101  15.4468   0.0346     9.87    0.370  34.51   0      46.58     1923.706     61.16504
       384    812.8218     41.9601     14548.69     221.4808  14.5929   0.0165     3.45    0.176   8.14   0      97.65     5411.921     72.98435
       385    155.5981     35.2812     18243.21     256.8028  14.3472   0.0153     4.01    0.116  33.05   0      107.6     5318.402     72.58231
       386    879.3459     33.3891     2044.744     204.3737  16.7234   0.1085     3.08    0.152 -16.76   0      15.13     639.4154       56.048
       387    882.9601     15.3798     2242.199     211.3316  16.6233   0.1024     4.47    0.226 -12.17   0      16.27     643.6652     56.35017
       388    789.4480   1017.6636     10360.87      206.751  14.9615   0.0217     3.34    0.175  -6.80  16      75.62     3926.978     67.96844
       389    636.9194   1018.4227     3133.606     201.6482  16.2599   0.0699     3.26    0.198 -11.93  16      25.08      1144.59     57.92226
       390    911.2599   1017.1247      3496.35     200.0653  16.1410   0.0621     3.52    0.163   5.43  16       28.4     1299.098     58.38839
       391    447.0798   1014.6744     4030.986     178.4967  15.9865   0.0481     3.59    0.019 -40.47   0      34.82     1639.416     59.42948
       392    244.3215   1011.3987     49023.41     268.1996  13.2740   0.0059     3.34    0.123  -5.86   0      234.1      17890.5     104.7223
       393    165.5553   1005.6923     2542.034     248.2206  16.4870   0.1060     6.54    0.146  58.74   0      16.99     691.0148     55.68457
