#   1 NUMBER                 Running object number                                     
#   2 X_IMAGE                Object position along x                                    [pixel]
#   3 Y_IMAGE                Object position along y                                    [pixel]
#   4 FLUX_AUTO              Flux within a Kron-like elliptical aperture                [count]
#   5 FLUXERR_AUTO           RMS error for AUTO flux                                    [count]
#   6 MAG_AUTO               Kron-like elliptical aperture magnitude                    [mag]
#   7 MAGERR_AUTO            RMS error for AUTO magnitude                               [mag]
#   8 FWHM_IMAGE             FWHM assuming a gaussian core                              [pixel]
#   9 ELLIPTICITY            1 - B_IMAGE/A_IMAGE                                       
#  10 THETA_IMAGE            Position angle (CCW/x)                                     [deg]
#  11 FLAGS                  Extraction flags                                          
#  12 SNR_WIN                Gaussian-weighted SNR                                     
#  13 FLUX_APER              Flux vector within fixed circular aperture(s)              [count]
#  14 FLUXERR_APER           RMS error vector for aperture flux(es)                     [count]
         1    300.1954     13.7278     2131.853     173.2902  16.6781   0.0883     7.41    0.498  -4.27   0      17.34     565.6213     53.35535
         2    632.5638     10.3902     3723.089     185.5568  16.0727   0.0541     8.21    0.464   2.27  16      27.34     1005.763     55.59676
         3    557.0258      6.8212     2771.198     244.4349  16.3933   0.0958     3.87    0.389  -1.05  16      15.65     595.6262      53.8941
         4    200.9858      5.9876     1887.193     92.64313  16.8105   0.0533     4.21    0.034 -44.64   3      50.99     1768.152     58.37904
         5    205.0547      2.9195     2367.249     159.2306  16.5644   0.0730     6.86    0.494   3.56  18      19.51     753.8617     54.01521
         6    404.5648      3.2577     4047.577      189.869  15.9820   0.0509     5.82    0.407   1.49  24      30.93     1192.781     56.09438
         7    165.5717   1005.3763     2662.228     267.3391  16.4369   0.1091     4.78    0.332  43.90   0      15.15     435.9305      53.2164
         8     71.3922   1005.3972     3580.403     198.7874  16.1152   0.0603     6.80    0.435   3.57   0      26.61     985.3628     55.24761
         9    688.1923   1000.7868     12013.36     275.8416  14.8008   0.0249     6.60    0.362  12.56   0      67.06     2627.697     61.63452
        10    765.7642   1002.3372     2032.065     205.2396  16.7302   0.1097     5.06    0.278   1.97   0       14.8     536.4452     53.36895
        11    819.4370    999.9318     4978.435     260.9766  15.7573   0.0569     6.17    0.417  10.37   0      32.24      1246.09     56.30996
        12    554.6577    999.1336     8130.385     269.2291  15.2247   0.0360     6.59    0.383  21.08   0      46.25     1550.163     57.52413
        13    912.3398    999.4731     2828.166     188.4037  16.3712   0.0723     6.92    0.452   7.90   0      22.34     794.9683     54.45875
        14    215.8719    983.3011     5032.565     328.9825  15.7455   0.0710     8.67    0.481 -13.94   0      22.37     669.5399     53.24633
        15    422.4942    978.2281     16727.52     266.9123  14.4414   0.0173     5.93    0.485   1.76   0      91.99     4017.177     66.11761
        16    504.3951    979.4975     3063.346     224.3145  16.2845   0.0795     7.48    0.434  12.74   0      22.22      782.636     54.40726
        17    971.0142    972.3554     3951.166     106.5842  16.0082   0.0293     0.91    0.169  88.57   0      69.38     3982.166     66.66266
        18    379.2994    970.8431      3142.76     108.2979  16.2567   0.0374     2.51    0.350 -25.88   0      62.74     2529.069      60.6664
        19      6.4850    969.7894     1576.026     163.8109  17.0061   0.1129     2.94    0.272  -1.69  16      13.41     562.1917     53.47848
        20    439.6123    968.0464     2540.234     192.8843  16.4878   0.0825     0.00    0.501   7.85   0      19.94     1029.902     55.69535
        21    715.7699    962.4759     2195.219     215.8975  16.6463   0.1068     6.33    0.508  13.83   0      15.58     623.9269      53.7402
        22    263.0753    960.1090      8641.05     116.1549  15.1586   0.0146     4.93    0.281  55.97   0      130.7     8545.286     80.36914
        23    826.0031    959.4883     1733.119     144.9819  16.9029   0.0908     5.62    0.422   0.72   0      14.13     543.3676     53.39842
        24    743.4570    957.6475     8225.729     217.1307  15.2121   0.0287     5.71    0.374   1.16   0       56.2     2256.354     60.37165
        25    360.3581    956.4036     2751.788     198.7653  16.4010   0.0784     7.36    0.462   3.25   0      18.89     661.4158     54.17083
        26    282.7708    956.0778     6174.823     112.8663  15.5234   0.0199     0.00    0.283 -19.72   0      99.84     5319.119     70.86739
        27    457.4728    954.8853     3670.974     228.9814  16.0880   0.0677     7.12    0.457   2.32   0      25.08     892.7824     54.46167
        28    771.6982    950.1693      52984.4     336.8565  13.1896   0.0069     5.67    0.434   2.18   3      221.6     12171.39     89.87769
        29    778.7468    947.5859     18749.44     229.4884  14.3175   0.0133     5.65    0.363   0.78   3      111.8     5218.021     70.64664
        30    511.3813    952.8883     3119.319     244.0057  16.2649   0.0850     6.39    0.347   0.51   0      21.75     776.1522     54.10891
        31    236.1733    952.2968     6604.801     228.6802  15.4504   0.0376     5.45    0.388   5.84   0      46.22     1812.924     58.04831
        32    141.0768    953.8866      10409.1     119.5643  14.9565   0.0125     4.93    0.289 -56.82   0      148.2     10639.02     86.08657
        33    941.5360    950.8643     8902.178     273.2662  15.1263   0.0333     5.67    0.362   2.77   0      53.83     2110.031     59.57178
        34    547.0202    950.6733     9815.547     253.8145  15.0202   0.0281     5.62    0.376   4.25   3      60.08      2373.91     60.69149
        35    546.2907    945.8347     8119.305     219.5471  15.2262   0.0294     5.89    0.400   8.98   3      53.45     2132.224     59.40923
        36    583.9941    950.0369     2565.463     231.8819  16.4771   0.0982     5.25    0.331  -0.63   0      15.45     556.6454     53.72947
        37   1011.6260    944.4260     14631.39     306.3201  14.5868   0.0227     5.93    0.186  10.14  16      77.76     2744.253     62.29946
        38    648.9096    945.8333     3745.829     218.3676  16.0661   0.0633     5.49    0.407   1.89   0      26.07     990.5175     54.86802
        39    189.5379    937.5847      5429.02     300.0283  15.6632   0.0600     8.98    0.549  14.08   2      26.03     975.7198     55.20793
        40    864.4742    937.0636     10010.73       269.45  14.9988   0.0292     5.81    0.323   3.71   0      58.66     2301.608     60.42013
        41    266.0002    935.0825     3546.271      96.6275  16.1256   0.0296     0.00    0.068 -87.25   0      74.06     3392.674     64.62166
        42     94.5818    934.1023     1726.188     206.6881  16.9073   0.1300     5.25    0.442  -8.79   0       12.6     438.2272     52.53054
        43    450.0528    928.5439     4708.056     264.2445  15.8179   0.0610    10.40    0.112  42.65   0      29.72     998.2893      55.5662
        44    870.1095    928.3765     33865.46     269.7751  13.6756   0.0087     5.62    0.339   5.36   0      170.5     8706.229      80.7319
        45    120.9953    926.0022     5189.178     137.5214  15.7123   0.0288     0.00    0.007 -56.05   2      99.28      5192.64     70.46061
        46    153.4827    926.9839     1526.547     177.7459  17.0407   0.1265     4.95    0.381  24.42   0      13.16     557.4686      53.4584
        47     85.8647    925.5307     3047.643     191.5705  16.2901   0.0683     7.08    0.458   4.67   0      22.59     791.2629     54.30798
        48    937.1419    918.9416     1989.693     140.2318  16.7530   0.0765     6.27    0.527   3.47   0      16.33     652.2889     54.13252
        49    321.9609    907.7329     14870.45      226.428  14.5692   0.0165     5.56    0.319   7.83   0       92.2     3921.064     66.23223
        50    735.5402    908.1656     2893.571     164.5146  16.3464   0.0617     7.02    0.401   1.89   0      22.94      818.092     54.55517
        51    611.7027    902.4148     52536.12     288.9159  13.1989   0.0060     5.62    0.291   2.83   0      231.3     13147.78     92.55245
        52    847.5615    905.4808     1659.332     180.9904  16.9502   0.1185     4.90    0.676   7.18   0      13.45     471.8049     53.09296
        53    703.0143    904.4854     3118.487     197.3287  16.2651   0.0687     7.36    0.406   6.84   0      22.49     829.9946     54.46983
        54    655.3968    904.0988     2916.727     204.4253  16.3378   0.0761     5.82    0.451   3.05   0      21.17     779.1866     54.39285
        55    677.4960    903.2247     1523.156     174.6096  17.0431   0.1245     4.96    0.277   0.34   0      12.99     518.6165     52.73788
        56    167.4366    902.6656     1922.649     201.4998  16.7903   0.1138     5.57    0.409  12.75   0       13.2     471.0807     53.08987
        57   1000.6707    898.5538     2786.592     225.6699  16.3873   0.0879     7.26    0.423   8.17   0      20.14      760.267     54.31374
        58    782.2401    899.2650     1581.329     158.1049  17.0024   0.1086     4.94    0.391  -8.99   0      13.79     511.4812     53.26254
        59    352.5884    896.8260     4681.262     126.9106  15.8241   0.0294     2.60    0.458 -63.95   1      58.06     3867.574     66.15972
        60     51.6253    895.8920      2397.49     147.2739  16.5506   0.0667     5.82    0.208  10.80   0      19.21      668.064     53.51569
        61    914.3962    891.6083     1387.196     169.0782  17.1447   0.1324     5.22    0.513   9.54   0      11.78      443.614     52.97215
        62    352.4084    889.5896     9215.532     206.0235  15.0887   0.0243     5.62    0.339   9.24   0      63.02     2593.917     61.50983
        63    162.0031    880.7824     3654.889     98.76285  16.0928   0.0293     0.88    0.134  88.97   0      72.35     3707.636     65.49577
        64    308.7125    877.0687     3790.679     210.6991  16.0532   0.0604     7.10    0.412  11.21   0       28.4     1081.452     55.37641
        65    202.9724    875.6049     8091.137     279.9145  15.2300   0.0376     5.98    0.380   7.58   0      49.76     1939.688     59.29174
        66     51.8081    870.1138     32475.33      320.435  13.7211   0.0107    10.80    0.505 -15.78   0      135.1      5028.65     69.92966
        67    101.9284    873.2708     6158.394     279.0009  15.5263   0.0492     5.94    0.339   3.84   0      35.72     1265.003     56.25561
        68    141.7011    872.4226     3632.177     265.4048  16.0996   0.0794     6.84    0.367   6.11   2      20.68     680.7964     53.43222
        69    278.4230    869.2368     27351.11     262.8342  13.9076   0.0104     5.53    0.303   5.45   0      144.8     7110.208     76.68417
        70    595.9430    864.3119     8791.212     237.9057  15.1399   0.0294     6.16    0.403   9.33   0       54.4     2046.289     59.20396
        71    122.1459    862.6128     2097.558     182.5502  16.6957   0.0945     4.89    0.277  -6.50   0      16.67      664.796     54.04906
        72    930.4986    855.1115     7186.575     400.8842  15.3587   0.0606     9.85    0.434 -11.62   2      30.07     945.4233     54.68091
        73    888.0978    856.9805     11484.75     217.1536  14.8497   0.0205     5.80    0.370   6.82   0         75     3139.744     63.14602
        74    437.8466    857.8611     5490.084     209.0338  15.6511   0.0413     5.13    0.287   0.44   0      37.94     1424.321     57.02478
        75    652.5030    854.5556     20550.75     251.0935  14.2179   0.0133     5.63    0.333   2.69   0      117.6     5238.273     70.18962
        76    539.0008    857.5678      2399.88      232.512  16.5495   0.1052     5.57    0.257 -18.01   0       14.6     522.4694     53.58471
        77    141.8025    854.4035     3355.038     286.5049  16.1858   0.0927     7.49    0.433  -4.35   2       17.4     543.7507     53.40005
        78    870.3433    850.0617     2209.968     149.4659  16.6390   0.0734     5.37    0.488   8.77   0      18.47     748.9476     54.40176
        79    806.6415    847.7747     5595.825      269.139  15.6303   0.0522     5.40    0.373  10.14   0      34.16     1322.185     56.87555
        80     85.3102    845.9866     7525.927     337.8534  15.3086   0.0488     6.65    0.401   3.70   0      34.23     1250.402     56.06552
        81    651.2279    844.0119     3597.684     237.5827  16.1099   0.0717     5.79    0.286   6.15   0      24.65     891.9048     54.99574
        82    544.5970    838.4114     2961.306      253.474  16.3213   0.0930     5.78    0.320 -19.32   0       17.2     619.1396     53.71995
        83    205.4352    834.8220     12133.54     242.5986  14.7900   0.0217     5.69    0.357   2.66   0      73.82     3006.092     63.36367
        84    263.3828    830.0084     58924.68     295.1474  13.0743   0.0054     5.53    0.282   4.68   0      249.5     15058.28     97.20637
        85     66.2265    833.3779      1632.84     95.93144  16.9676   0.0638     1.20    0.181 -85.58   0      31.65     1449.646     57.38261
        86    666.0537    831.4752     6685.551     248.7881  15.4372   0.0404     5.94    0.361   5.97   0      43.71      1664.65     57.84766
        87    999.5730    829.2946       4965.2     243.4631  15.7602   0.0533    10.68    0.441  31.33   0      30.15     885.4058     54.29555
        88    283.7519    828.6476     11733.48     224.0794  14.8264   0.0207     5.56    0.393   3.52   0      73.37     3086.266     63.53489
        89    195.1752    827.0412      6036.02     254.0534  15.5481   0.0457     5.83    0.398   6.07   0      38.88     1503.757     57.59653
        90    124.6259    828.4387     1584.148     191.7544  17.0005   0.1315     5.54    0.716  -0.29   0      12.65     392.0611     53.02871
        91     65.7421    827.2043     3826.934      243.911  16.0429   0.0692     6.11    0.378   4.35   0      24.61      916.602     55.09771
        92    745.7205    822.9393     1896.028      146.498  16.8054   0.0839     5.28    0.477  -5.47   0      15.67     604.6496     53.38369
        93    910.6112    821.5280     2467.744     184.0128  16.5192   0.0810     0.00    0.617  17.15   0      20.56     793.1807     54.58624
        94    899.3480    821.9557     2814.259     243.7214  16.3766   0.0941     5.87    0.481   3.70   0      16.65     647.0513     53.97439
        95      5.2199    815.2977      3695.34     207.9596  16.0809   0.0611     9.19    0.525  25.32  16      23.25     630.0757     53.35412
        96    675.8424    810.7872     6066.867       222.43  15.5426   0.0398     5.13    0.370   5.14   0      42.22     1686.983     58.31505
        97     92.7067    807.8018     4715.833     122.5498  15.8161   0.0282     5.65    0.456  33.58   0      84.42     4067.854     66.73403
        98   1004.8120    805.6179     2070.731     217.4646  16.7097   0.1140     6.48    0.367  17.88   0       14.6     438.3558     52.94959
        99    282.6404    802.6524     6667.902     272.7536  15.4400   0.0444     6.30    0.396   0.36   2      37.62     1323.292     56.75048
       100    874.6875    796.9647      10211.5      347.683  14.9773   0.0370     5.84    0.402   5.01   0      48.72     1880.377      58.5636
       101    919.6714    798.1174     1940.907     209.5737  16.7800   0.1173     5.21    0.280  -9.74   0      14.13      553.208     53.16424
       102    763.9394    797.3429     2567.208     235.8162  16.4763   0.0998     5.78    0.366   7.05   0      17.09     599.8956     53.77546
       103     33.9332    791.7988     4889.017     284.5049  15.7769   0.0632     5.85    0.414   5.04   0      26.51     999.5819     55.57149
       104   1002.9752    791.0151     3922.173     270.4561  16.0162   0.0749     6.92    0.506   3.41   0      20.19     735.0032     54.47868
       105    471.7205    791.6239     1610.894     161.5987  16.9823   0.1089     5.88    0.633   3.82   0      13.78     525.6434     53.32293
       106    386.7903    792.0261     2406.896     231.7265  16.5464   0.1046     6.98    0.567   0.29   0       16.2     551.3541     53.56992
       107    603.8851    787.9688     2855.912     155.2581  16.3606   0.0590     6.74    0.381   0.55   0      22.02     812.9512     54.39867
       108    507.5044    788.9765     2314.324     209.1005  16.5889   0.0981     5.76    0.430   0.69   0      16.38     592.9034     53.19554
       109     43.6215    786.3697     2524.198     110.3765  16.4947   0.0475     1.37    0.282 -44.28   0      44.53     2265.614     60.52817
       110    870.7549    783.9465       2988.4     234.6594  16.3114   0.0853     4.38    0.368   4.54   0      20.09     841.3373     54.78637
       111    678.6329    784.0044     4507.159     230.6088  15.8652   0.0556     6.53    0.428  13.90   0      31.44     1197.309     56.37434
       112    591.8959    782.5071     1910.289     149.0095  16.7973   0.0847     6.14    0.444  17.83   0      15.06     503.3442     53.08941
       113    267.6014    776.0424     5382.958     256.3546  15.6724   0.0517     5.82    0.380   5.72   0      34.83     1314.704     56.84565
       114   1014.7708    773.9951      3270.69     221.2235  16.2134   0.0735     6.50    0.389   0.10  16      21.93     882.1767     55.08924
       115      8.6022    772.7453     11346.15     235.6976  14.8629   0.0226     5.50    0.338   6.20  16      70.99     2899.107     62.62733
       116    545.0020    773.9431     7925.596     106.4306  15.2524   0.0146     0.00    0.042  88.47   0      120.2     7895.705     78.79135
       117    829.8553    772.1215     3776.272      231.482  16.0573   0.0666     6.47    0.445   7.12   0      25.71     929.9028      54.7509
       118    560.7243    771.3279      3565.57     206.0401  16.1197   0.0628     6.04    0.419   4.73   0      26.03     1032.115     55.17356
       119    194.9595    766.9084      9411.78     111.2244  15.0658   0.0128     4.54    0.157  64.15   0      133.3     8828.158     81.07443
       120    435.5121    762.2574     4201.158     208.5117  15.9416   0.0539     5.27    0.381   3.93   0      29.62     1108.028     55.48538
       121    705.9839    753.8363     9299.018     318.9171  15.0789   0.0372     5.83    0.367  -2.02   2      47.31     1801.109     58.88323
       122    529.9990    756.3683       3132.1     104.8231  16.2604   0.0363     0.82    0.178  88.47   0      59.69     3059.514     63.43913
       123    495.9144    756.4390     2757.447     222.3561  16.3987   0.0876     5.74    0.382  -6.54   0      18.76     729.9041     53.91431
       124    342.6367    755.6467      9829.54     300.2964  15.0187   0.0332     6.46    0.439   6.36   0      54.22     1946.648     59.06984
       125    760.7941    752.8867     4876.708     222.8673  15.7797   0.0496     5.75    0.407   4.74   0      34.15     1291.484     56.49287
       126    637.0061    753.4083      1895.52     203.2868  16.8057   0.1165     5.47    0.381  11.97   0      14.37     515.2385     53.27857
       127    693.1954    749.1238     21771.14     275.2123  14.1553   0.0137     5.74    0.321   3.24   0      119.4     5420.162      71.1907
       128    967.1151    746.5309     5590.501     218.6028  15.6314   0.0425     5.79    0.416   9.55   0      39.04     1503.346     57.08167
       129    562.2302    741.8936       124902     350.6955  12.2586   0.0030     5.78    0.261   4.30   0      400.7      31032.1     129.0389
       130    370.5239    746.7723     3778.687     197.1569  16.0566   0.0567     5.71    0.413   8.31   0      26.72     1000.347     55.30922
       131    737.8713    740.5638     2503.747     220.4342  16.5035   0.0956     3.72    0.310  23.61   0      16.08     643.1031     53.82124
       132    829.3084    739.8273     2717.167     221.4861  16.4147   0.0885     6.61    0.465   2.06   0      18.42      649.238     53.43568
       133    720.7301    732.9785     7824.168     303.0534  15.2664   0.0421    11.64    0.666  -8.72   0      39.24     1510.139     57.49389
       134    200.4241    730.8883     1811.304     185.1973  16.8550   0.1110     5.60    0.402   6.69   0      14.05     521.4685     53.02838
       135    405.1553    729.1511     3088.293     233.9714  16.2757   0.0823     7.25    0.487   8.41   0      20.22     734.9605     54.34329
       136     85.0066    727.5475     30353.26     261.2266  13.7945   0.0093     5.56    0.324   3.58   0        157     7812.995     78.55241
       137    557.6694    725.9993     15443.63     255.9465  14.5281   0.0180     5.59    0.347   5.71   0       90.6      3890.16      66.1261
       138    594.4526    720.7256     1744.453     137.1779  16.8959   0.0854     5.83    0.581   8.97   0      13.93      494.223     53.05034
       139     52.1949    719.9193     5084.026     199.5796  15.7345   0.0426     5.80    0.412   7.25   0      36.63     1350.799     56.86053
       140    262.5381    716.1251      24439.6     249.4807  14.0298   0.0111     5.74    0.329   5.13   0      133.5     6230.979     73.73377
       141    140.6843    715.1147     6901.904     111.0566  15.4026   0.0175     0.91    0.092  -8.00   0      94.29     6842.959     75.49919
       142    317.0532    710.2644     68068.87     311.6955  12.9176   0.0050     9.12    0.330  -1.36   0      271.7     17052.88      101.763
       143    585.7672    708.8951     2407.472     221.9981  16.5461   0.1001     6.27    0.531   8.07   0      16.61     576.3529     52.98611
       144    713.9717    705.9313     2649.613     96.42177  16.4420   0.0395     4.42    0.134  59.87   0      60.48     2293.633     60.39012
       145    142.6721    700.2015     2202.681     216.7555  16.6426   0.1069     6.67    0.260 -33.44   0      16.66     643.5137     53.82298
       146    197.4058    699.7133     2863.493     188.4463  16.3578   0.0715     5.98    0.469   3.23   0      20.53     754.9949     54.29167
       147    495.6067    695.6566     1645.499     191.8271  16.9593   0.1266     5.87    0.467  -1.80   0      13.46     492.3337     53.31893
       148    381.5602    692.9095     3089.631     204.6175  16.2752   0.0719     6.29    0.416   0.65   0      23.57     875.6986     54.52543
       149    564.5909    688.9816     16226.39     248.6323  14.4744   0.0166     5.69    0.314   2.26   0      94.91     4165.217      67.0648
       150    255.8684    685.4900     2489.156     255.2215  16.5099   0.1114     6.35    0.231 -55.09   0      15.97     567.7188     53.22623
       151    188.3629    685.6939     5170.891     192.1684  15.7161   0.0404     6.42    0.421   5.94   0       36.7     1352.966     56.21863
       152    404.6586    685.3759     1866.615     192.0889  16.8224   0.1118     5.70    0.248   5.75   0      14.91      567.398      53.5006
       153      2.0559    681.9058     2520.316     144.9473  16.4964   0.0625     6.20    0.581  67.00  24      21.19     763.9593     53.92141
       154    440.2272    680.9360     17053.97     286.4582  14.4204   0.0182     5.78    0.388   8.19   3      94.47     4023.009     66.47054
       155    431.7519    680.5872     7959.938     298.8781  15.2477   0.0408     7.36    0.479   7.00   3      39.97     1519.859     57.66003
       156    961.9874    681.2078     2842.724       174.22  16.3657   0.0666     5.38    0.257  -0.28   0      22.27     833.8896     54.62094
       157    296.9147    681.0663     5980.165     105.7303  15.5582   0.0192     4.60    0.164 -35.74   0      102.5     5673.973     71.89417
       158    399.9510    672.1499     6192.659     218.3873  15.5203   0.0383     5.60    0.423   9.73   0      42.91     1719.273     58.44076
       159    531.1676    667.7584     4618.248     262.7711  15.8388   0.0618     6.61    0.344   8.56   2      27.97     993.9414     55.54842
       160    750.9876    668.2774     3400.757     201.3413  16.1711   0.0643     5.93    0.428   4.86   0      26.42     1048.608     55.50718
       161    884.4575    667.4981     3805.709     281.0324  16.0489   0.0802     6.00    0.170 -46.02   0      19.22     595.7205     53.34566
       162    861.9294    666.8015     2141.317     137.8338  16.6733   0.0699     6.60    0.460   7.92   0       18.2      681.634      53.9837
       163    793.1956    664.1384     2781.559     104.0603  16.3893   0.0406    -0.99    0.291  28.97   0      63.25       2443.5     61.07211
       164    889.8964    663.8187     3110.717     257.2086  16.2678   0.0898     6.41    0.587   9.42   0         17     430.2388     52.49597
       165    452.4366    661.6900     1993.477     205.1969  16.7510   0.1118     5.29    0.493  -1.68   0      14.06     446.1639     52.70465
       166    472.7063    659.6309     1478.956     114.8011  17.0751   0.0843     3.41    0.435 -65.17   0      23.69     1085.365     55.12619
       167    741.6638    655.8560      2399.78     181.9178  16.5496   0.0823     6.74    0.414  22.35   0       18.8     715.0076     54.25978
       168    884.8486    639.2185     19897.93     251.9661  14.2530   0.0138    11.77    0.407   4.56   0      110.2     4789.958     69.36201
       169    312.7197    638.3712     3290.707     250.8533  16.2068   0.0828     7.87    0.569   5.12   0      20.99     768.2696     54.34721
       170    181.5898    639.3530     1819.247     204.1047  16.8503   0.1218     5.40    0.763   5.77   0       13.6     462.6183     53.33025
       171    397.6942    635.9974     2355.699     116.5238  16.5697   0.0537     0.00    0.378  -0.06   0      46.06     1735.074     58.25012
       172    203.9330    628.9040     4120.834      101.655  15.9625   0.0268     0.00    0.178  49.30   0      81.85      3745.78      65.4034
       173    341.2361    627.9691     1887.049     198.7018  16.8105   0.1144     5.37    0.455  15.66   0      13.65     492.3227     53.45669
       174    614.4776    626.6183     2205.029     166.9001  16.6415   0.0822     8.21    0.024  52.01   0      15.86     439.2502     53.09218
       175    857.0189    620.0611     15438.41       263.03  14.5285   0.0185     5.68    0.347   5.25   0      89.99     3912.361     66.20236
       176    567.2789    622.0414      1258.63     96.95669  17.2503   0.0837     2.30    0.255  13.81   0      31.22     993.7578     55.28214
       177    827.3597    618.9628     3397.604     179.0984  16.1721   0.0572     4.72    0.282   4.53   0      26.79     1025.768     55.41358
       178    653.6860    614.8351     14594.81     222.0474  14.5895   0.0165     0.00    0.342   8.53   0      97.79     5531.341      71.3388
       179    175.9551    616.0175      3919.97     179.7601  16.0168   0.0498     5.88    0.369   4.44   0      28.55      1063.06     55.83049
       180    629.7908    613.7399     5077.576     223.0721  15.7359   0.0477     6.01    0.410   3.78   0      34.53     1269.012     56.53268
       181    679.7072    611.5510     4615.738      249.115  15.8394   0.0586     7.58    0.504  -1.87   0       31.1     1118.211     55.39442
       182    338.4182    606.8923     25332.85     267.3483  13.9908   0.0115     5.51    0.322   9.74   0        135     6162.771     73.22243
       183    875.2968    606.2851     8569.284     241.5316  15.1676   0.0306     5.54    0.334   6.38   0      56.31     2246.444      59.9674
       184    407.9934    608.0123     3050.053     95.45324  16.2892   0.0340     4.18    0.015 -43.55   2      73.81      3115.68      63.4084
       185    743.8754    605.4963     3383.806     237.3781  16.1765   0.0762     7.21    0.536  -9.99   0      21.61     806.9141     54.23797
       186    599.0525    603.7871     3295.436     168.3783  16.2052   0.0555     6.96    0.466   0.99   0      25.47     998.1597     55.43311
       187    303.6758    603.0145     6891.264     258.4011  15.4043   0.0407     5.43    0.382  -0.41   0      43.07     1692.728     58.21119
       188    156.6057    602.9062     6562.877     216.2354  15.4573   0.0358     5.66    0.413  -0.40   0      44.92     1725.646     58.21332
       189    382.7652    591.5333     16318.74     271.3509  14.4683   0.0181     5.38    0.311  -0.08   0      94.13     3986.638     66.45686
       190    657.9623    591.1981     5991.769     110.8501  15.5561   0.0201     4.99    0.155 -72.47   0      96.07     5192.461     70.66856
       191    580.0062    593.0049     2927.113     122.2338  16.3339   0.0454     4.20    0.007 -31.60   2      70.42      3025.54     63.08448
       192    343.3047    590.3325     17078.39     271.9865  14.4189   0.0173     5.58    0.361   3.44   0      100.5     4403.333     67.64978
       193    856.9850    588.4587     2116.128     213.2421  16.6861   0.1094     6.19    0.420  18.31   0      14.92     551.5494     53.57075
       194    145.0242    589.0029     6537.833     103.4247  15.4614   0.0172     4.25    0.036   0.96   0        111     6357.854     74.22301
       195    785.4411    585.3486       3293.3     216.2013  16.2059   0.0713     4.96    0.340   0.30   0      23.95     896.1769     55.01339
       196    624.7768    584.3588     3367.668     239.6759  16.1817   0.0773     7.48    0.481   7.59   0      22.64     825.3688     54.85437
       197    723.1450    592.0348     2234.062     113.0788  16.6273   0.0550     0.00    0.185  16.84   0      43.41     1581.686     57.52079
       198    190.3838    575.9559     42604.55     287.4658  13.4264   0.0073     5.41    0.283   2.70   2      192.1     10276.62     85.46944
       199    429.8815    570.3921     3747.302     231.4535  16.0657   0.0671     6.31    0.380   2.10   0      27.86       998.46     55.30146
       200    100.1590    566.0322      16970.7     248.5729  14.4258   0.0159     5.55    0.362   4.10   0      100.5     4554.879     68.58743
       201     87.0409    559.0958     4912.723     259.5057  15.7717   0.0574     5.94    0.396   7.29   0      30.68     1103.435     55.20065
       202    899.3018    557.3058     2487.516     202.1359  16.5106   0.0882     6.31    0.436   1.36   0      17.69     673.4364     53.53851
       203     87.4378    550.2114     3582.138     248.1702  16.1146   0.0752     5.69    0.393   2.19   0      23.24     855.3867     55.11226
       204    820.6763    546.2811     2162.533     218.4043  16.6626   0.1097     6.24    0.440  -2.16   0      16.04     537.8158     52.95966
       205     54.3165    545.2244     4375.261     220.6948  15.8975   0.0548     5.92    0.399  -3.40   0      28.81     1053.433     55.39427
       206    730.4750    544.3987     2038.197     162.1986  16.7269   0.0864     6.81    0.493  -0.40   0      17.31     642.1444     53.81719
       207    708.3489    541.4139     19815.24     244.4806  14.2575   0.0134     5.67    0.329   0.37   0      112.6     5061.333     70.14076
       208    151.0298    543.8944     7776.388     114.4505  15.2731   0.0160     0.00    0.236 -76.04   0      119.7     7319.972     76.63426
       209    873.3856    540.9236     1599.952     186.9162  16.9897   0.1269     4.47    0.419  -8.75   0      13.28     530.4954     53.48135
       210    565.7087    535.2050     1640.374     172.6444  16.9626   0.1143     5.66    0.522  -5.95   0      13.19     486.1671     53.15441
       211    345.6071    531.2857     17761.75     251.4987  14.3763   0.0154     5.46    0.337   3.67   0      101.9     4523.125     68.26692
       212    880.7843    531.2233     3548.214     232.8432  16.1250   0.0713     6.24    0.300  -1.54   0      24.77     954.2219     55.38567
       213    770.9034    526.7090     1946.215        208.7  16.7770   0.1165     0.00    0.679  36.16   0      13.31     663.8157     53.63499
       214    681.7275    522.2749     1750.989     178.0327  16.8918   0.1104     5.85    0.536   5.34   0      13.86     499.2725     53.07197
       215    325.1228    519.4638     6943.406     238.4592  15.3961   0.0373     6.42    0.372   3.84   0         43     1641.765     57.75768
       216    727.2539    509.2281     1496.851     109.9266  17.0621   0.0798     3.45    0.425  38.97   0      19.65     1092.999     55.68864
       217    982.5223    505.5206     2175.697     231.4996  16.6560   0.1156     6.00    0.258  45.82   0      14.58     452.8737     52.59387
       218     68.9463    504.3533     8880.439     234.0949  15.1289   0.0286     5.51    0.340   6.26   0      56.98     2218.431     60.22872
       219    824.3317    498.4477     97115.91     376.3308  12.5318   0.0042     5.98    0.100  47.31   0      332.6     19942.66     108.0243
       220    473.0338    503.1926     3298.539     210.1675  16.2042   0.0692     6.78    0.441   6.70   0      22.33     774.0292     54.64125
       221    305.8730    503.9999      7608.72     115.7176  15.2967   0.0165     4.81    0.240   1.03   0      116.4     7089.948     76.33551
       222    156.8675    495.0160     5480.716     224.3039  15.6529   0.0444     5.72    0.351   4.79   0      37.79     1430.729     57.05031
       223    416.5117    493.8840     7442.068     260.3021  15.3208   0.0380     5.84    0.397   3.20   0      46.57     1814.197     58.43224
       224    659.6935    494.5453      3288.05     222.8978  16.2077   0.0736     4.89    0.384  13.46   0         23     828.5818      54.1931
       225    214.9112    493.7344     11178.74     126.9522  14.8790   0.0123     5.35    0.378  71.57   0      143.5     10171.62     84.84362
       226    513.8129    491.2915     9945.779     306.4463  15.0059   0.0335     5.47    0.326   3.11   2      55.56     1556.563     57.29316
       227    736.4301    489.9417     3193.674     232.4969  16.2393   0.0791     4.70    0.356  -0.67   0       21.3     815.8339     54.54576
       228    929.6647    480.9782      2447.24     215.3101  16.5283   0.0955     5.82    0.478   5.91   0      15.38     541.7334     53.52909
       229    265.9477    472.3630     263152.8     443.6938  11.4495   0.0018     5.58    0.235   3.35   0      611.5     65615.03     180.0817
       230    806.4869    472.8159     32269.53     291.4242  13.7280   0.0098     5.61    0.217  -9.42   0      160.7     7996.489     78.89525
       231    511.3110    474.3642      3341.63     241.9427  16.1901   0.0786     4.91    0.388   0.64   0      22.51     864.9144     54.48046
       232    710.9175    470.7722      3989.27     162.6638  15.9978   0.0443     7.48    0.539  32.07   0         40       1919.9     58.96684
       233    338.6009    469.4805     2811.812     224.0595  16.3775   0.0865     7.37    0.467  13.21   0      19.19     686.9055     54.00589
       234    150.4423    467.5166     4709.622     335.4056  15.8175   0.0773     7.36    0.333  27.22   2      20.53     489.8973      52.8929
       235    351.8492    469.1220     2634.845     208.5686  16.4481   0.0860     5.54    0.511  -6.22   0      18.57     697.8272     53.91555
       236      6.3996    467.5902     2589.288      207.635  16.4670   0.0871     5.23    0.433  -4.88  16      16.64     602.6388      53.6501
       237    384.5237    466.1200     2768.627     204.2606  16.3943   0.0801     7.11    0.520  25.47   0      19.64     615.9872     53.29407
       238    248.0040    461.8445      20323.6     130.2418  14.2300   0.0070     0.00    0.110 -89.46   0        191     20222.26     108.7464
       239    207.2772    461.2152     1720.576     155.9639  16.9108   0.0984     5.72    0.470  -8.71   0      14.98     572.8218     53.66092
       240     99.3329    458.2261     4793.598     206.5014  15.7983   0.0468     5.95    0.396  -0.94   0      34.71     1353.551     56.74202
       241    521.5131    457.9952     10748.03      137.346  14.9217   0.0139    -0.55    0.462   0.15   0      130.2     9017.145     81.96233
       242    865.6393    455.0064      5200.67     130.6832  15.7099   0.0273     3.27    0.502  -0.39   0       74.8     3789.659     66.00308
       243    974.1210    452.2760     1932.249     199.6768  16.7848   0.1122     5.55    0.455  -3.49   0      14.15     553.1204      53.0253
       244    772.1248    444.9261     2167.262     205.3893  16.6602   0.1029     4.95    0.410   6.61   0      15.53     588.9239      53.3167
       245    754.0514    441.7072     1299.374     95.13814  17.2157   0.0795     1.27    0.130 -80.86   0      30.13     1276.653      56.0407
       246    885.7938    431.0490     3734.198     173.2689  16.0695   0.0504     6.43    0.452   8.19   0       27.8     1048.449     55.63891
       247    372.8842    430.6878     5124.581     313.5909  15.7259   0.0665     5.40    0.378  11.28   0      22.77     802.0616     54.35316
       248    167.3425    430.9653     3958.669      226.035  16.0061   0.0620     5.18    0.308   6.56   0      29.41     1139.829     55.87943
       249    121.5459    431.0240     3503.236     226.3905  16.1388   0.0702     6.37    0.378  -2.08   0       26.4     1007.662     55.33927
       250     40.2957    431.5798     2272.739     225.1518  16.6086   0.1076     5.21    0.510  10.00   0      14.62     479.5108     52.70885
       251    416.9662    430.2784     2558.651     99.95759  16.4800   0.0424     0.90    0.160 -76.11   0      53.37     2530.202     61.27396
       252    289.4062    425.8605     55117.82     303.9257  13.1468   0.0060    10.05    0.225  -7.26   0      237.2     13761.69     94.20421
       253    247.5641    421.2953     2464.271      180.985  16.5208   0.0798     7.41    0.440   4.52   0      19.81     712.6269     53.56744
       254    155.5300    417.0348     1717.193     188.0394  16.9130   0.1189     5.03    0.282   2.41   0      13.77     486.0202     53.15378
       255    689.4846    413.8469     1954.373     188.3259  16.7725   0.1046     3.44    0.229  -0.31   0      14.86     602.5372      53.3747
       256    449.5117    402.3982     28043.83     261.3296  13.8804   0.0101     7.00    0.289  10.35   0      146.7     6951.859     75.92326
       257     21.2912    400.2338     1840.135     120.1958  16.8379   0.0709     4.07    0.548 -18.75   0      26.34     1324.683     56.10418
       258    826.0915    397.8031      1633.55      183.982  16.9672   0.1223     5.48    0.582  17.24   0      13.21     405.8882     52.81005
       259    753.6515    391.2513     3614.905     127.8957  16.1048   0.0384     5.96    0.336 -24.37   0      63.32     2801.301     62.50723
       260      5.0669    391.7722     6132.496     235.3521  15.5309   0.0417     6.00    0.333  -2.67  24      38.61     1417.316     56.99685
       261    206.4892    389.7791     2793.309     178.3299  16.3847   0.0693     7.99    0.519  -1.46   0      19.93     690.3879     53.74747
       262    266.7041    388.9925     2630.634     170.7415  16.4498   0.0705     6.81    0.344   1.26   0      20.78     754.5201     54.28969
       263    474.9136    382.9288     3885.826     228.3906  16.0263   0.0638     8.65    0.453  -2.51   0      28.62     1105.548     55.47522
       264    910.1396    376.5104     2959.417      251.286  16.3220   0.0922     7.67    0.413   0.30   0      20.47     680.1824      53.7043
       265    585.2232    375.0024     2694.449     189.2169  16.4238   0.0763     5.46    0.488   8.50   0      19.39     753.3904     54.28496
       266    256.5316    372.5169     3377.175     276.0606  16.1786   0.0888     7.61    0.556  12.04   0      18.07     475.0871     52.82922
       267    156.4934    357.3794     6099.734     213.1752  15.5367   0.0380     5.91    0.433   4.31   0      42.99     1652.139     57.54334
       268     18.6665    354.1180     4545.858     262.0074  15.8560   0.0626     5.82    0.381   8.63   0      26.23      938.167     54.78519
       269    516.7132    352.7720     4095.159     253.7649  15.9693   0.0673     6.43    0.437   8.79   0      26.46     974.1762     54.93437
       270    201.8390    349.2141     4357.777      291.115  15.9018   0.0725     5.92    0.400   7.29   2      28.68     788.4597     54.83557
       271     10.0702    352.6653     6100.031     178.4186  15.5367   0.0318     7.30    0.640  19.87  17      65.52     3624.258     65.09287
       272    141.9850    349.6822      2181.38     214.1722  16.6532   0.1066     6.01    0.408  27.72   0      15.48     564.0275     53.48628
       273    500.7723    347.9741      1550.92     184.8775  17.0235   0.1295     5.04    0.201   1.10   0       12.8     492.4142     53.45708
       274    175.9214    346.4067      3782.37     236.2071  16.0556   0.0678     6.20    0.487   7.06   0      24.83     907.7792     54.92753
       275    993.5554    343.2371     14192.93     229.7845  14.6198   0.0176     5.41    0.341   7.14   0      87.98     3876.666     66.19095
       276    792.7709    345.8612     1664.036     121.3871  16.9471   0.0792     0.00    0.328  19.01   0      29.94     1042.495     55.34938
       277     66.4239    342.2181     1949.086     197.8453  16.7754   0.1102     6.28    0.540   1.81   0      15.42     568.4525     53.77938
       278    691.6053    338.3474     7745.441       239.99  15.2774   0.0336     5.12    0.359   2.50   0      50.87     2043.024     59.56314
       279    405.8990    328.9801     16418.75     234.3421  14.4616   0.0155     5.62    0.298   7.03   0      98.36     4246.306     67.01047
       280    375.9696    330.8726     4066.004      203.903  15.9771   0.0545     5.68    0.382   1.27   0      29.25     1055.989     55.53739
       281    524.3042    326.9544     53545.41     300.3076  13.1782   0.0061     7.23    0.259  -2.40   0      230.2     12890.94     91.75938
       282    781.6653    324.7947     2599.706     228.7212  16.4627   0.0955     6.21    0.527   3.36   0       15.8     571.5062     53.65535
       283    213.9695    322.4040     15829.48     246.7831  14.5013   0.0169     5.66    0.338   3.98   0      95.46     4199.956     67.40108
       284    298.5039    320.2686     10343.45     345.6472  14.9633   0.0363     8.29    0.388   3.68   0      49.55     1800.451      58.2526
       285    682.0828    319.8289     4625.376     249.1237  15.8371   0.0585     5.69    0.398   9.68   0      31.11     1244.684     56.17346
       286    127.4662    317.4097     3421.322     254.6096  16.1645   0.0808     9.32    0.025 -15.59   0      22.22     660.1686     53.89326
       287    462.1569    315.8336     2630.537     210.3203  16.4499   0.0868     4.51    0.407   1.09   0      18.24     735.3947     54.34511
       288    903.6982    312.1237     1713.768     190.9472  16.9151   0.1210     6.11    0.257   3.40   0       14.2     470.2969     52.66911
       289     66.3390    303.2013     5538.203     299.4975  15.6416   0.0587     5.93    0.431   3.88   2      28.29     942.9101     55.20612
       290    603.2330    302.3488     2779.188     228.0945  16.3902   0.0891     7.43    0.469   6.63   0       20.5     712.5277     54.11361
       291    709.9146    300.9111     11843.86     116.0877  14.8163   0.0106     4.50    0.130  44.77   0      148.8     11572.57     88.59995
       292    296.7974    297.3106     10236.58     234.6252  14.9746   0.0249     5.96    0.366  -0.59   0      64.72     2568.264     61.41498
       293    892.3607    297.4286     7656.761     159.8486  15.2899   0.0227     7.42    0.589  11.22   0      65.79     3199.919     63.94015
       294    158.1516    289.9789     1209.306      92.9649  17.2937   0.0835     2.40    0.168   0.67   0      34.44     997.4429     55.56274
       295    417.2753    286.6816     2611.222       205.88  16.4579   0.0856     4.60    0.255  -3.92   0      20.73      813.571     54.13011
       296   1009.2017    279.4596       3096.1     249.9422  16.2730   0.0877     5.70    0.444   3.44   0      19.11     727.6138     54.31256
       297   1016.2466    271.2871     7879.556     261.3884  15.2587   0.0360     5.31    0.380   3.22  16      50.69     2124.287     59.50263
       298    917.3043    268.0158     35817.49     263.8551  13.6148   0.0080     5.28    0.288   6.23   0      178.3     9409.697     82.68857
       299    735.6782    262.9941     1942.741     195.9698  16.7790   0.1095     5.27    0.285  17.27   0      14.98     562.5568     53.61742
       300    107.0958    258.9052     5478.758     284.9756  15.6533   0.0565     6.19    0.424   3.94   0      31.68     1160.999     55.83385
       301    871.3922    256.4760      3215.04     217.8144  16.2320   0.0736     6.02    0.431   4.83   0      23.97      900.886       54.899
       302    464.6969    256.0771     6822.098     260.4674  15.4152   0.0415     6.14    0.455   5.93   0      41.52     1543.423     57.24102
       303    947.1534    254.0238     3084.664     221.0323  16.2770   0.0778     7.70    0.452   4.89   0      21.45     768.8701     54.61979
       304    270.5183    253.2806     1128.445     109.1623  17.3688   0.1051     2.91    0.479  66.64   0      18.47     906.1961     54.51762
       305    190.0103    250.4591     6640.521     222.1891  15.4445   0.0363     5.64    0.377   5.95   0      45.09     1766.603     58.49891
       306   1010.2614    248.9364     3173.652     230.8895  16.2461   0.0790     6.92    0.290   9.95   0      21.75     754.9373     54.29144
       307     51.5068    238.0164     155515.2     376.4101  12.0206   0.0026     5.55    0.246   2.27   0      455.4      38189.7     141.1876
       308    511.7950    238.4466     32868.77      271.656  13.7080   0.0090     5.70    0.296   5.56   0      164.8     8210.871     79.69526
       309    736.2560    240.5020     3494.882     228.8065  16.1414   0.0711     6.40    0.426   0.96   0      25.68     954.4078     54.85253
       310    435.5347    233.9631      2234.27     234.7128  16.6272   0.1141     5.93    0.446  -1.41   0      15.04     541.6805     53.39124
       311    216.2853    226.1912     20852.22     271.0809  14.2021   0.0141     5.37    0.285   0.00   0      113.2     5020.729     70.00907
       312    710.2540    226.8452     4216.051     264.5172  15.9377   0.0681     5.94    0.383   1.18   0      28.28     1084.343     55.78534
       313    266.0186    218.6352      27088.4     261.2025  13.9180   0.0105     5.53    0.297   3.01   0      143.5     6973.416     76.27767
       314    441.2372    217.4015     5957.177     248.1218  15.5624   0.0452     5.67    0.361   7.12   2      39.74     1524.928     57.68001
       315    445.9853    216.0051     7075.655     104.5999  15.3756   0.0161     0.00    0.012 -38.61   3        117     7074.976     76.29092
       316    731.6314    216.4813     5006.854     234.2626  15.7511   0.0508     5.53    0.376  -2.38   0      34.85     1312.194     56.57613
       317    237.1452    212.9078      2365.17      183.886  16.5653   0.0844     7.19    0.507 -13.91   0      15.94     557.2692      53.1816
       318    688.7075    210.4348     5161.054     218.1558  15.7182   0.0459     5.71    0.407   3.62   0      35.28     1345.011     56.18646
       319    486.3624    202.7669     1292.955     93.16917  17.2210   0.0783     1.73    0.345 -48.98   0      29.32     1266.171     56.52126
       320    467.3049    192.8483     7525.822     419.4572  15.3086   0.0605     7.40    0.495   2.86   2      54.86      663.227     53.49515
       321    462.1683    185.6784     30030.17     314.6302  13.8061   0.0114     5.60    0.319   4.51   2      136.4     5979.779     72.95538
       322    392.9500    192.9095     3031.416     240.1241  16.2959   0.0860     6.05    0.474   0.84   0      21.22     778.7163     54.11968
       323    776.7950    187.8398     47505.89     285.5762  13.3081   0.0065     5.75    0.293   5.33   0      214.8     12217.67     90.48382
       324    510.0531    191.3439     2799.453     222.3991  16.3823   0.0863     6.20    0.462   6.09   0      21.64     825.3094     54.85413
       325    286.6319    188.9561     7056.795     221.7868  15.3785   0.0341     5.81    0.433   4.39   0      47.12     1829.489     58.86782
       326    594.0804    187.0836     6134.368     258.4472  15.5306   0.0458     7.24    0.429   5.13   0      39.81     1441.458     56.70513
       327    983.9424    185.9910     2294.537     202.8277  16.5983   0.0960     6.35    0.478  -0.31   0      16.95     604.0327     53.79295
       328    991.7690    178.1924     2334.706     220.2598  16.5794   0.1025     6.40    0.406   8.04   0      15.63     551.1616     53.70626
       329    344.3364    176.1772     8306.189     223.0634  15.2015   0.0292     5.72    0.390   4.84   0       54.3     2175.099     60.06498
       330    256.0454    174.0745     2427.924     135.6198  16.5369   0.0607     3.50    0.568  89.35   0      32.05      1376.73     56.83479
       331    105.7333    174.9578     2694.855     166.4645  16.4237   0.0671     0.00    0.291   7.42   0      31.44     1460.766     57.16984
       332    347.5278    165.8831     4252.124     235.8802  15.9285   0.0602     5.38    0.342  -0.51   0      28.03     1021.672     55.13052
       333     45.0405    166.6438     2793.646      219.898  16.3846   0.0855     6.03    0.318   6.37   0      19.63     720.3242      54.0103
       334    426.3491    159.5146     1849.956     160.7948  16.8321   0.0944     0.00    0.237  49.53   0      20.33     955.4315     54.85677
       335    256.8235    160.0010     2376.557     212.6564  16.5601   0.0972     5.59    0.448   1.25   0      14.74     599.4307     53.63651
       336    659.3629    157.3044     2754.137     204.2445  16.4000   0.0805     5.62    0.431   8.29   0      21.16     798.7172     53.93147
       337     65.9175    156.2984     3229.471     139.6166  16.2272   0.0469     5.16    0.318 -71.27   0      57.89     2342.707     60.20906
       338    250.6193    154.1557     2286.517     197.3025  16.6021   0.0937     6.55    0.539  -1.68   0      16.79     555.3353     53.72392
       339    801.0837    149.7626     5045.861     113.8479  15.7427   0.0245    -1.55    0.359 -72.10   0      90.26     4473.025     67.88351
       340    279.4590    141.8590     5259.979       197.93  15.6975   0.0409     5.61    0.360   5.19   0      37.44      1445.07     57.36449
       341    409.4669    137.2903     5515.837     263.5462  15.6460   0.0519     9.76    0.323 -43.58   2      30.93     979.3084      54.9556
       342    158.3352    139.2935     4267.567     249.5353  15.9245   0.0635     5.97    0.467   3.51   0      28.98     1132.769     55.71882
       343    145.3581    129.9165     3676.537     265.4427  16.0864   0.0784     6.05    0.520   7.87   2      20.25     679.9774     53.70343
       344     68.7577    125.7846     3834.207     273.0896  16.0408   0.0773     7.54    0.379 -17.84   0      21.92     706.2885     54.35876
       345    749.0671    122.5300     9443.253     318.4428  15.0622   0.0366     6.46    0.296  -6.03   0      50.28     1739.185     58.13975
       346    727.7949    123.2675     2981.845     244.6307  16.3138   0.0891     6.35    0.432   1.91   0      20.01     773.9827      54.3711
       347    902.7682    114.2021     6243.277     211.5968  15.5115   0.0368     5.67    0.384  -0.69   0      43.56     1702.764     58.37652
       348     68.6457    101.4960     25691.16     264.1945  13.9755   0.0112     5.41    0.320   2.92   0      137.1     6408.811     73.98215
       349    711.4135     97.5695     6600.337     221.3185  15.4511   0.0364     5.12    0.373   9.14   0      45.84      1865.06     59.00499
       350    298.0101     90.5543     2297.646     224.3587  16.5968   0.1060     7.05    0.394  -3.07   0       16.8     606.5889     53.94031
       351    842.9883     88.9650     3592.835     250.3934  16.1114   0.0757     4.96    0.358  13.89   0      23.47     912.6032     55.34771
       352    776.3575     85.0893     8023.237     260.1029  15.2391   0.0352     5.69    0.415   2.04   3      51.26     2013.917     59.07956
       353    787.0760     83.6130     12438.56     256.8695  14.7631   0.0224     5.66    0.304   0.50   2      76.54     3086.934     63.42139
       354    979.4260     75.6241     2020.591     197.9274  16.7363   0.1064     5.26    0.417   8.91   0      15.27     578.8165     53.82317
       355     69.4751     71.8361     2097.796     210.6189  16.6956   0.1090     2.36    0.257   0.82   0      13.66     527.0363     53.32887
       356     87.4705     67.4337     4692.005     284.9936  15.8216   0.0660     6.85    0.414  -3.79   0      25.88     833.3194     54.61856
       357    885.2966     65.5997      3482.07     186.2515  16.1454   0.0581     5.81    0.419   1.92   0      25.87      972.079     55.19294
       358    998.4548     60.9678     17490.78     290.6269  14.3930   0.0180     5.64    0.372   2.21   0      95.92     4214.487     67.23156
       359    580.1096     56.2613     58552.95     300.4225  13.0811   0.0056     4.97    0.226   4.11   0      249.3     15984.56     99.20024
       360    365.4479     58.8237     17302.79     248.8764  14.4047   0.0156     5.50    0.342   2.70   0      99.65     4388.044     68.03235
       361    344.5470     61.9547     7028.575     112.9558  15.3828   0.0175     0.82    0.133   0.26   0      100.3       6881.1     75.80827
       362     54.6133     58.6081     12381.83     311.8072  14.7680   0.0273     5.96    0.414  -0.74   2      60.44     2316.303     60.47538
       363    850.4725     56.2817     88790.69     323.6261  12.6291   0.0040     6.97    0.281   5.97   0      323.4     22419.44     112.9851
       364    434.9507     59.8977     4780.414     101.3198  15.8013   0.0230     0.00    0.157  59.42   0      89.33     4327.624     67.28571
       365    189.8566     44.2536     7071.188      270.382  15.3763   0.0415    11.36    0.343  23.30   0       43.7     1573.055     57.86933
       366    813.1047     41.5943     15728.06     234.4571  14.5083   0.0162     5.49    0.336   6.42   0      94.36     4088.144     66.80309
       367    156.0000     34.8946     19066.13     252.6747  14.2993   0.0144     5.60    0.268  12.94   0      106.8     4431.279     67.96046
       368    883.3482     15.0506      1845.15     165.3003  16.8349   0.0973     5.60    0.367  -1.44   0      15.26     560.9753     53.74778
       369    789.8244   1017.3184     12023.23     231.6333  14.7999   0.0209     5.85    0.307   8.64  16      75.12     3139.162      63.4925
       370    637.7712   1018.3700     3350.123     239.6593  16.1873   0.0777     7.52    0.500   5.29  16      23.28     865.6824     55.02115
       371    911.6066   1016.9122     4425.293      236.047  15.8851   0.0579     5.96    0.393  12.43  16      30.44     1148.892     55.78455
       372    447.5498   1014.2289     4586.391     221.7432  15.8463   0.0525     5.34    0.395   6.79  16      32.38      1289.51     56.61503
       373    244.4991   1011.0757     53688.49     285.3441  13.1753   0.0058     5.57    0.287   4.46  16      235.8     13437.31     93.10281
