#   1 NUMBER                 Running object number                                     
#   2 X_IMAGE                Object position along x                                    [pixel]
#   3 Y_IMAGE                Object position along y                                    [pixel]
#   4 FLUX_AUTO              Flux within a Kron-like elliptical aperture                [count]
#   5 FLUXERR_AUTO           RMS error for AUTO flux                                    [count]
#   6 MAG_AUTO               Kron-like elliptical aperture magnitude                    [mag]
#   7 MAGERR_AUTO            RMS error for AUTO magnitude                               [mag]
#   8 FWHM_IMAGE             FWHM assuming a gaussian core                              [pixel]
#   9 ELLIPTICITY            1 - B_IMAGE/A_IMAGE                                       
#  10 THETA_IMAGE            Position angle (CCW/x)                                     [deg]
#  11 FLAGS                  Extraction flags                                          
#  12 SNR_WIN                Gaussian-weighted SNR                                     
#  13 FLUX_APER              Flux vector within fixed circular aperture(s)              [count]
#  14 FLUXERR_APER           RMS error vector for aperture flux(es)                     [count]
         1    273.9433     16.8708     3679.309     196.9679  16.0856   0.0581     7.56    0.478  -6.59   0      27.31     732.3981     48.24899
         2    606.7415     13.4326       6280.7     233.3058  15.5050   0.0403    10.04    0.381   1.68  16      43.53     1175.725     50.40648
         3     53.7574     14.5831     4682.371     258.3428  15.8238   0.0599     7.11    0.379 -10.07  18      21.74     585.4481       47.908
         4     42.4183     13.3878      4792.71     273.8784  15.7985   0.0621     4.01    0.176 -22.20  18      21.07     640.2966     47.93158
         5    530.7278      9.2685      4575.52       284.86  15.8489   0.0676     9.11    0.576  -2.55  18      22.48     648.4257     47.85181
         6   1008.0486     10.1047     3577.555     262.2771  16.1160   0.0796     6.89    0.321  -7.82  18       19.5     520.3563     46.99906
         7     60.2038      7.6155     4239.262     236.7576  15.9318   0.0607     3.81    0.236  -5.42  18      25.72     818.6449     48.76991
         8    378.2411      6.0485     7062.792     193.6502  15.3776   0.0298     9.58    0.516  -2.24  16      50.18     1498.029     51.94854
         9    220.9641      7.1512     1444.402     169.4462  17.1008   0.1274     5.34    0.468 -12.59  16      12.29     420.3801     46.87723
        10    178.8658      5.5795     4366.225     208.9086  15.8997   0.0520     9.40    0.535   5.95  16       29.7     799.3759     48.79632
        11    341.6602      2.8774     2339.671     156.7953  16.5771   0.0728     7.61    0.569   0.29  24      19.09     533.4507     47.18261
        12    915.9750   1007.6240     2765.991     215.2117  16.3954   0.0845     7.48    0.260  -4.32   0      18.29      545.152     47.71645
        13    139.4105   1007.3815     4005.287     256.0919  15.9934   0.0694     7.76    0.511  -3.64   0      22.23     648.4658      47.9703
        14    661.7624   1003.5457     17582.94     271.0259  14.3873   0.0167     7.50    0.440   1.97   0      96.24     2969.188     58.02895
        15    739.4224   1005.1567     2613.319     201.4421  16.4570   0.0837     6.59    0.574  -8.24   0      20.19       659.55     48.25826
        16    528.6364   1002.2291     13101.16     296.8801  14.7067   0.0246     8.71    0.351  11.72   0      69.37     1967.157     54.06687
        17    112.7724   1005.8738     2179.809     203.0567  16.6540   0.1012     7.87    0.613 -10.34   0      17.19     483.2547     47.18107
        18    865.1487   1004.0289      3415.48     86.62363  16.1664   0.0275     0.00    0.113  12.38   0      69.74     3342.293     59.47228
        19    792.9154   1002.5779     8492.066     307.0196  15.1775   0.0393     9.36    0.435  -3.38   0      47.37     1314.465     50.80556
        20    886.2798   1002.1261     5409.707     241.4261  15.6671   0.0485     6.70    0.471  -3.29   0      34.66     1098.366     49.71562
        21    229.5867   1001.9604     2597.178     214.3734  16.4637   0.0896     7.42    0.431 -11.07   0      18.92     558.4791     47.89837
        22    498.4146   1001.6492     2626.759     211.7448  16.4515   0.0875     7.40    0.511  -8.78   0      18.92     563.5949     47.80421
        23    682.0591   1002.9485     3275.748     210.4297  16.2117   0.0698     8.54    0.506  -4.59   0      23.63     690.7365     48.17015
        24    563.1869    990.9409     1722.887     178.7621  16.9094   0.1127     5.54    0.402 -10.11   0      13.93     465.0691     47.21359
        25    262.0593    987.2360     1188.129      84.0119  17.3128   0.0768     1.17    0.115  87.88   0      29.36     1097.037     50.05043
        26    189.0934    986.3571     4083.928     238.9919  15.9723   0.0636     5.82    0.458  -5.03   0      28.39      881.131     48.71242
        27    648.1582    986.0764     1637.479     191.6629  16.9646   0.1271     5.19    0.407  -7.78   0      12.38     402.6278     46.79108
        28    478.4167    982.5040      5200.81     224.8112  15.7098   0.0469     7.47    0.467  -8.72   0      35.05     1007.358     49.29782
        29    171.3439    982.4817     1921.752     129.3959  16.7908   0.0731     7.21    0.514   9.81   0      16.18     503.0615       47.036
        30    142.6720    979.4537      2100.59       155.54  16.6941   0.0804     7.18    0.467  -4.00   0      17.31     553.9567       47.401
        31    396.3235    981.0643     24782.97      253.493  14.0146   0.0111     7.16    0.511  -3.00   0      130.7     5201.602      66.1117
        32    971.0002    972.3647     3860.554      95.5139  16.0334   0.0269     0.88    0.169  88.21   0      71.39     3893.489     61.63466
        33    415.8260    970.7112     2969.419     229.4408  16.3183   0.0839     5.84    0.453 -15.37   2      19.16     670.1784     47.83668
        34    379.3256    970.8362     3045.048     96.53495  16.2910   0.0344     2.38    0.377 -28.32   0      66.54     2630.245     56.58585
        35    910.2538    968.0201     2124.449     150.0107  16.6819   0.0767     3.95    0.390  -6.76   2      19.23     750.7908      48.5695
        36    690.3169    966.1438     6074.231     190.2653  15.5413   0.0340     0.00    0.313  20.03   0      58.74     2859.235     57.30073
        37    800.1747    962.1537     2930.751     174.7032  16.3326   0.0647     7.86    0.556  -9.37   0      21.46     680.4093     48.35639
        38    263.0549    960.0822     11972.09     110.6489  14.8046   0.0100     0.00    0.231  56.58   0      155.7      11733.8     85.54104
        39    717.3543    960.4288     12739.44     226.7515  14.7371   0.0193     7.28    0.452  -2.44   0       82.3     2801.947     57.46891
        40    862.2253    960.9158     2529.892      87.5665  16.4922   0.0376     1.10    0.142  -6.38   0      51.58      2500.25     55.96011
        41    333.9452    959.3208     4879.079     274.4669  15.7792   0.0611     9.56    0.367  -6.21   0      28.71     730.9338     48.12446
        42    664.7754    958.8245     2332.069     87.05155  16.5806   0.0405     1.38    0.196  35.87   0      52.57     2175.965     54.93759
        43    431.4523    957.9997     4176.521     181.8548  15.9480   0.0473     7.55    0.505  -2.71   0      33.66      1087.19      50.0057
        44    210.1278    955.1713     11630.17     255.6655  14.8360   0.0239     6.85    0.403  -2.95   2      65.95     2111.792     54.46373
        45    747.5288    952.3380     99545.61     382.6458  12.5049   0.0042    12.82    0.560 -10.69   0      315.7     15299.25     94.66042
        46    282.7679    956.0961     6267.729     101.0795  15.5072   0.0175     0.00    0.269 -22.10   0      102.9      5479.36     66.72083
        47    915.1584    953.8105     18339.78     304.1426  14.3415   0.0180     7.34    0.467  -7.03   2      83.71     2614.971     56.82449
        48    521.0012    953.6773     14260.11     254.1192  14.6147   0.0194     7.03    0.440  -5.40   3      85.77     2939.517     57.81467
        49    520.3637    948.5533     12141.96     231.7222  14.7893   0.0207     7.57    0.490  -6.31   3       75.9     2645.577      56.6474
        50   1018.5961    954.5463     3103.961     174.1165  16.2702   0.0609     7.97    0.541   0.46  16      21.76     706.4586     48.36161
        51    141.0629    953.9080      10412.4     108.7089  14.9561   0.0113     4.82    0.253 -56.23   0      148.6     10617.37     82.52151
        52    557.7119    952.6606     3059.979     204.0395  16.2857   0.0724     8.19    0.541  -6.22   0      24.02     700.8229     47.98205
        53    622.9973    948.8986     5096.257     224.7055  15.7319   0.0479    10.76    0.377  11.22   0      36.59     1126.997     50.18629
        54    130.1272    952.0187     1471.419     115.8504  17.0807   0.0855     6.38    0.570  -6.50   0      13.53     478.2452     47.27697
        55    985.3453    947.2582     20732.62     254.3319  14.2084   0.0133     7.19    0.276   0.09   0        112      3152.97     58.84073
        56    226.8958    946.9159     2315.044     218.0093  16.5886   0.1023     7.24    0.543 -16.69   0      16.57     519.3184     47.11449
        57    838.1137    939.8610     14186.44     248.9831  14.6203   0.0191     7.42    0.395  -6.24   3      86.23     2758.528     56.89989
        58    843.8624    931.2962     50761.84     273.2221  13.2362   0.0058     7.19    0.364  -5.56   3      229.6     10444.65     82.04445
        59    194.7556    941.6270     1307.903     102.5334  17.2086   0.0851     5.05    0.504  58.02   0      38.56     1123.151     50.39431
        60    162.7652    940.2049     5681.981     234.5413  15.6138   0.0448     6.97    0.467   0.58   0      38.42     1180.959     50.65435
        61     68.4154    936.6919     3364.105     237.1142  16.1828   0.0765     8.24    0.517  -6.43   0      21.47     554.5065     47.28393
        62    423.8809    930.8047       5754.3     187.6307  15.6000   0.0354     7.66    0.467   0.91   0      40.96     1191.423     50.58936
        63    127.3726    930.3099     3337.728     354.8589  16.1914   0.1155     6.52    0.648  -3.56   0     -2.882     488.9489     46.84694
        64     59.8693    928.6802     4930.528     233.2052  15.7678   0.0514     7.79    0.469  -3.92   0      35.28     1027.898     49.50705
        65    121.0033    926.0056     5126.694     91.00263  15.7254   0.0193     4.18    0.007  50.31   2        101     5202.447     66.11461
        66    485.2274    955.9097     5234.197      268.501  15.7029   0.0557     6.61    0.466  -6.90   0       31.6      978.539     49.16479
        67    305.9496    924.0057     1648.753     131.0953  16.9571   0.0863     6.36    0.590  -9.85   0      15.52     484.3341     47.30624
        68    910.9135    921.8857     3662.533     228.8916  16.0905   0.0679     6.67    0.478   0.18   0      26.17     829.1516     48.70261
        69    669.6001    922.2455     1858.707     195.5816  16.8270   0.1143     6.63    0.637  -4.51   0      15.28     448.7103     47.25487
        70    295.7625    910.5500     22142.75     228.6696  14.1369   0.0112     7.55    0.428  -4.00   0      127.5     4501.593     63.65981
        71    937.0092    912.5825     1355.364     163.3641  17.1699   0.1309     5.01    0.690  -6.03   0      12.76     440.8247     46.97624
        72    709.5608    911.0981     4556.628     209.1156  15.8534   0.0498     7.68    0.499  -4.32   0      32.39     979.8182      49.0553
        73    584.0074    907.7717     33656.85     157.0044  13.6823   0.0051     0.00    0.064  11.79   3      236.7     29306.81     123.8507
        74    586.9955    905.2415     72478.28     296.5166  12.8495   0.0044     9.70    0.481   3.65   3      291.6     19817.65     105.0575
        75    822.2690    908.4830     2971.882     176.3708  16.3174   0.0645     6.90    0.510  -6.90   0       22.6     756.3246     48.24422
        76    676.5709    907.3076     4804.735     212.7418  15.7958   0.0481     6.17    0.492  -4.97   0      34.59     1070.947     49.47569
        77    629.0627    906.7264     4700.029     245.4202  15.8197   0.0567     6.98    0.525  -4.43   0      31.12      959.686      49.4228
        78    651.3666    905.9993     2683.209     183.1009  16.4284   0.0741     7.84    0.531  -9.71   0      20.11     617.3595     48.05915
        79    140.8937    905.2931     5298.323     306.0384  15.6897   0.0627     8.17    0.453  -6.16   0      25.44     667.7973     47.94373
        80    899.3460    904.3982     2030.567     194.3284  16.7310   0.1039     6.74    0.597  -7.10   0         15     450.8225     47.02459
        81    756.2872    902.1232      3485.52     213.9929  16.1443   0.0667     8.90    0.495   8.35   0      22.89     614.7754     47.57273
        82    123.7615    901.0306     6744.233     378.2322  15.4277   0.0609    10.70    0.623 -23.14   0      24.96     427.2097     47.03099
        83    974.0110    901.6283     5233.962     150.9406  15.7029   0.0313     0.53    0.503  -8.69   0      48.19     2169.536     54.80767
        84     25.0729    898.5485      3978.15     218.4427  16.0008   0.0596     8.45    0.517  -1.66   0      27.37     766.0793     48.40738
        85    352.5925    896.8161     4389.259     112.9774  15.8940   0.0280     2.56    0.459 -63.09   0      61.35     3770.471      60.9938
        86    887.3740    894.2798      2545.13     189.0246  16.4857   0.0807     8.28    0.615   0.05   0      19.45     509.5226     47.30744
        87    326.1799    892.4339     13965.06     209.8534  14.6374   0.0163     7.26    0.437  -5.79   0      89.82     3020.803       58.328
        88    862.9581    890.4550     3539.157     250.0746  16.1278   0.0767     6.78    0.434 -16.03   0      17.13     472.9089     47.25131
        89    312.0354    884.5497     2704.183     145.1426  16.4199   0.0583     8.10    0.555  -7.21   0      22.46     667.5178     48.06048
        90    227.9695    883.9981     2305.063     222.5022  16.5933   0.1048     6.49    0.502  -0.14   0      15.51     414.4694      47.0899
        91    282.4343    879.8522      6022.91     195.3491  15.5505   0.0352     7.01    0.450  -4.60   0      44.02     1358.294     51.33356
        92    176.6713    878.5347     11542.88     249.4151  14.8442   0.0235     7.09    0.420  -2.85   0      74.03     2282.701     55.06948
        93    162.0050    880.7637     4086.043      91.5163  15.9717   0.0243     0.88    0.143 -88.73   0      73.72     3844.755     61.45469
        94    465.5427    878.2956     2550.379     209.6449  16.4835   0.0893     5.45    0.504 -16.54   0      15.12      404.921     46.43749
        95     75.7140    876.1389     6635.241     185.6668  15.4454   0.0304     7.68    0.482  -2.46   0      47.61       1424.6     51.29588
        96     25.1543    873.0817     49330.91     326.4806  13.2672   0.0072    11.08    0.613 -15.39  16      194.6     8328.112     75.95543
        97    252.1620    872.1088     40421.02     257.4216  13.4835   0.0069     7.89    0.389  -5.26   0      196.3     7942.713     74.79335
        98    114.6870    875.0368     7708.551     320.8946  15.2826   0.0452     7.69    0.497  -3.49   0      35.99     955.0095      49.1713
        99    569.7703    867.1774     14409.66     273.5809  14.6034   0.0206     7.83    0.408  -2.66   0      81.42     2426.479     55.96435
       100     95.3484    865.6229     6958.671     343.4173  15.3937   0.0536    10.55    0.503 -12.12   0      29.31     691.9114     48.41042
       101    861.8320    859.9098     17528.08       229.04  14.3907   0.0142     7.15    0.445  -3.80   0      106.6     3818.847      60.8952
       102    513.1641    860.3995     5479.747     305.2461  15.6531   0.0605     7.33    0.372 -14.42   0      26.01     799.1038     48.91107
       103    411.7959    860.7202     8064.377     204.7513  15.2336   0.0276     7.77    0.459  -4.15   0      54.68     1684.669     52.75876
       104    626.3577    857.4410     33426.72     277.4396  13.6898   0.0090     7.18    0.398  -0.24   2      162.5     6273.363     69.61742
       105    904.0328    858.1550      7061.71     217.7579  15.3777   0.0335    10.94    0.515 -14.64   0      43.78     1159.372     50.44518
       106    443.5697    858.6797     2459.429     98.07948  16.5229   0.0433     2.92    0.164 -40.75   0      47.23     2263.552     55.09337
       107     85.8289    856.8519     5388.856     301.9108  15.6713   0.0608     7.65    0.531  -6.87   2      22.41     556.2259     47.65037
       108    115.8268    857.1453     3518.139     235.4634  16.1342   0.0727     8.72    0.479 -16.04   0      23.39     691.3193      48.1729
       109    844.0856    852.9714     3408.377     195.2086  16.1686   0.0622     8.53    0.487   0.44   0      26.16     753.6815     48.34914
       110    780.6669    850.5977     7563.172     249.1973  15.3032   0.0358    10.97    0.486  -6.12   0      48.47     1577.133     52.29346
       111     59.1188    849.0101     7213.626     211.3142  15.3546   0.0318     7.15    0.540  -2.62   0      48.09     1610.235     52.32893
       112    670.5931    848.5238     1666.361     163.7962  16.9456   0.1067     5.40    0.697  -0.40   0      13.33     431.4518     46.93087
       113    624.7435    846.8323     5391.805      264.381  15.6707   0.0533     6.79    0.470  -0.95   0      33.94     994.9623     49.47032
       114    179.2346    837.7136     18116.14     236.3132  14.3548   0.0142     8.15    0.442  -6.33   0      106.2     3367.729     59.28328
       115    518.5629    841.5596     3592.535     232.5078  16.1115   0.0703     7.29    0.452  -4.76   0      22.82     743.4584     48.41826
       116    237.1634    832.8375     86713.69     310.9016  12.6548   0.0039     7.67    0.320  -3.76   0        324     16985.83     98.62668
       117    639.8403    834.4211     10744.58     250.3901  14.9220   0.0253     7.78    0.474  -2.22   0      66.19     2009.252     54.24352
       118    257.4786    831.5469     18022.15     233.8111  14.3605   0.0141     7.40    0.412  -4.23   0      107.4         3623     60.25396
       119    169.2748    829.8760     9201.779     243.2284  15.0903   0.0287     7.57    0.435  -3.40   0      56.79     1603.289     51.97262
       120     99.6824    830.9412      2283.24     171.3963  16.6036   0.0815     7.67    0.555  -9.70   0      18.16     559.1049     47.30602
       121     39.3185    830.0809      4218.64      166.451  15.9371   0.0428     7.98    0.480  -5.82   0      32.78      979.309     49.16835
       122    915.5064    826.6908     2425.847     191.1184  16.5378   0.0856     7.25    0.504  -4.64   0      18.51      557.376      47.4174
       123    873.3268    824.7443     5218.815     300.8423  15.7061   0.0626    10.93    0.671   1.24   2         24     767.2725     48.41298
       124    719.6182    825.8576      3446.17     186.3409  16.1567   0.0587     7.39    0.497  -4.43   0      26.18      830.626     48.82571
       125    404.1436    825.5046     2110.628     189.9989  16.6890   0.0978     7.06    0.557  -0.46   0      15.86     414.9029     46.48632
       126    973.3400    832.6121     9248.316     342.0417  15.0848   0.0402    11.58    0.462   9.39   0      44.77     1203.817     50.64501
       127    649.4812    813.5788      9863.89     258.5133  15.0149   0.0285     7.25    0.488  -5.22   0      61.83     1877.453     53.47691
       128    155.5861    813.2411     1517.787     143.2729  17.0470   0.1025     5.85    0.561  -9.30   0      13.79     454.8156     47.40394
       129    696.3484    812.3164     1653.202     173.0332  16.9542   0.1137     6.07    0.655   2.79   0      13.23     349.0979     46.28609
       130    978.8910    808.6473     2732.384     181.6082  16.4086   0.0722     7.89    0.506  -6.59   0      20.31     581.3293     47.41268
       131    488.1674    806.4479     3573.314     195.4006  16.1173   0.0594    10.97    0.617  16.50   0      21.74     519.0001     47.35295
       132     92.5424    807.6897     4752.319     114.9448  15.8077   0.0263     6.12    0.518  33.22   0      78.82     3931.811     61.40772
       133    256.5531    805.5138     8422.373     209.9275  15.1864   0.0271     7.66    0.461  -6.76   0       56.1     1664.561     52.34826
       134    654.6320    805.0350     7200.169     363.6134  15.3566   0.0548    10.16    0.578  -8.81   0      23.77     709.5802      48.4933
       135    752.2084    804.5436     2939.667     226.3021  16.3293   0.0836     6.02    0.287   1.27   0      16.52      472.041     47.24714
       136    103.9422    802.4938     4481.953     129.5124  15.8713   0.0314     6.50    0.212  80.59   0      71.52     3231.732     58.66306
       137    893.5486    800.9831      2955.38     219.3228  16.3235   0.0806     6.97    0.433   2.44   0      21.89     699.0677     48.32687
       138    848.6962    799.7371     11138.16      229.504  14.8830   0.0224     7.76    0.425  -3.98   0       72.7     2390.093     55.40873
       139    193.5087    802.0948     1508.772     172.8434  17.0534   0.1244     6.14    0.657 -12.63   0      13.28     365.0615     46.48649
       140    738.0947    800.1234     4115.921     260.5771  15.9638   0.0688     8.25    0.418  -2.97   0      24.06     704.9409     48.11948
       141    719.1351    799.0778     1806.199     144.7121  16.8581   0.0870     6.45    0.487 -11.31   0      17.04     567.3128       47.465
       142    361.3557    795.3262     4345.992     245.6696  15.9048   0.0614     9.24    0.454  -8.28   0       26.2     700.4531     48.21597
       143    883.5590    823.5031     3292.506     244.1133  16.2062   0.0805     7.47    0.454  -6.33   3      24.09     704.3007     47.76177
       144      7.7324    794.8298     4968.067     179.7148  15.7595   0.0393     8.02    0.474  -4.41  16      38.11     1148.831     50.28507
       145    975.7371    793.9598     7265.736     321.9041  15.3468   0.0481    10.74    0.656  -3.57   2      30.89     805.9969     48.71093
       146    446.0677    794.1930     3078.762     196.2737  16.2791   0.0692     7.09    0.502  -6.38   0      22.94     748.8475     48.44355
       147    577.2852    790.9480     5413.269     281.0258  15.6664   0.0564     9.52    0.497  -9.82   0      30.97     891.2222     48.87558
       148    481.3753    791.4392     4483.784      262.522  15.8709   0.0636     8.49    0.533 -13.32   0      26.83     768.5967      48.7691
       149    138.9763    787.9971     2068.238     83.01368  16.7110   0.0436     4.21    0.008  24.48   2      55.03     1869.943     53.44499
       150    844.5577    786.8742     3435.865     238.3748  16.1599   0.0753     8.13    0.535  -4.61   0      22.79     667.6322     48.06102
       151    652.5377    786.9174      5844.29     180.0342  15.5832   0.0335     6.93    0.452  -4.26   0      42.43     1347.101     50.95135
       152    566.5177    785.4631     4769.204     210.0223  15.8039   0.0478     8.95    0.603  -0.35   2      33.27     831.7465     48.59823
       153     43.6435    786.3533     3203.132     126.1301  16.2361   0.0428     1.47    0.276 -43.69   0      48.25     2304.505     55.36452
       154    241.2920    778.9839     7408.761     212.8595  15.3256   0.0312     7.30    0.440  -7.39   0      51.13     1492.664     51.59656
       155   1011.9403    775.2014     15522.05     243.3085  14.5226   0.0170     7.38    0.446  -0.45  19      91.43     3016.812     58.21517
       156   1007.2913    770.3298     18188.19     342.1822  14.3505   0.0204     7.17    0.440  -4.99   3      77.27      2521.93     56.04809
       157    803.7999    774.9406     5436.058     219.3092  15.6618   0.0438     7.14    0.497  -5.48   0      37.74     1153.173     50.30469
       158    534.5930    774.1053     6215.048     270.9037  15.5164   0.0473     7.38    0.495  -5.29   0      38.38     1125.429     50.17919
       159    544.9941    773.9208     7682.214     97.17551  15.2863   0.0137     4.31    0.067  79.46   0      120.9     7766.768     74.48541
       160    988.3852    776.9730     4202.421     197.5705  15.9413   0.0511     6.92    0.465  -2.16   0      30.33     960.6774     49.65617
       161    409.4438    765.1325      6930.71     235.7482  15.3981   0.0369     7.36    0.440  -5.85   0      45.56     1347.141     51.17352
       162    194.9637    766.9186     9264.501     102.2042  15.0829   0.0120     4.52    0.151  64.58   0      134.6     8809.066     77.45436
       163     23.9851    763.1220     2841.213     232.9917  16.3662   0.0891     6.62    0.572  -7.01   0      16.92     428.3341     47.03643
       164    347.2265    760.9879     1428.398     81.24306  17.1129   0.0618     1.11    0.104   3.99   0      34.73     1384.644     51.45009
       165    469.2838    759.1685     3510.279     213.3561  16.1366   0.0660     9.00    0.543  -8.85   0      25.58     717.0391     48.17659
       166    316.7425    758.5317      16686.2     292.9163  14.4441   0.0191     7.88    0.490   1.34   2      85.91     2282.641     55.17206
       167    677.0911    757.8381     6320.808     113.1004  15.4981   0.0194     0.00    0.276  35.11   3      82.81     4641.624     63.98086
       168    681.0096    756.5314     8225.947     226.6018  15.2120   0.0299     4.09    0.189  21.67   3      62.02     2580.006     56.38371
       169    106.0421    757.4349     2172.451     203.0485  16.6576   0.1015     6.55    0.494  -2.67   0      15.43     459.0506     47.18461
       170    735.5742    755.9473     8389.757     239.5287  15.1906   0.0310    10.93    0.538   6.99   0      54.18     1790.277     53.10513
       171    610.9929    756.1774     2294.288     163.8024  16.5984   0.0775     7.95    0.526 -10.19   0      18.88     606.4307     47.88923
       172    529.9895    756.3298     3300.721     94.17236  16.2035   0.0310     0.99    0.173 -89.24   0      61.44     3056.897     58.27428
       173    666.9402    752.0615     30833.98     244.7946  13.7774   0.0086     7.34    0.418  -2.97   0      162.6     6435.281     70.30544
       174    875.2452    752.9152     1902.499     182.1293  16.8017   0.1040     5.99    0.497   2.72   0      15.13     509.2256     47.06578
       175    164.2353    752.6276     2097.483     210.5039  16.6958   0.1090     6.04    0.352  -1.09   0      15.41     412.9044     47.08235
       176    535.9882    744.8086     185211.5     384.6421  11.8308   0.0023     7.40    0.314  -5.25   2      505.4     36128.36     135.7512
       177    531.7951    728.9290     28962.73     300.4107  13.8454   0.0113     7.75    0.376  -5.32   2      131.2     4881.747     65.00283
       178    344.0842    749.7246     6319.997     218.9327  15.4982   0.0376     7.63    0.452  -6.24   0         43     1248.434     50.39698
       179     65.6972    748.9305     2958.428     233.7131  16.3223   0.0858     7.26    0.612  -2.68   0      18.62     498.8093     46.89475
       180    710.4075    743.3939     3701.558     228.3106  16.0790   0.0670     9.33    0.558  -5.30   0      24.67     661.8301     48.03357
       181    830.2963    742.0745     3720.719     260.7762  16.0734   0.0761     6.89    0.525  -2.57   0      20.74     597.9409     47.37275
       182    802.9753    742.6653     3679.839     225.1642  16.0854   0.0665     7.95    0.535  -3.98   0      25.63     711.9116     48.38723
       183    218.0372    742.9897     1444.774     156.4013  17.1005   0.1176     3.25    0.319   0.12   0      14.68      517.458     47.70333
       184    323.0035    741.1705     2470.992     201.9842  16.5178   0.0888     6.84    0.507  -0.69   0      18.75      576.341     47.86478
       185    940.7864    749.3663     8631.249     201.9005  15.1598   0.0254     7.11    0.428  -0.52   0      56.47     1750.047     53.25293
       186     84.6787    740.0166     3146.372     238.0987  16.2555   0.0822     7.40    0.455  -5.59   0       23.2     672.3522     48.20107
       187    755.1588    737.9788     1349.839     86.10977  17.1743   0.0693     4.44    0.122   2.70   2      36.31     1182.986     50.66344
       188    694.9847    735.7225      14238.9     344.5202  14.6163   0.0263    12.82    0.662  -9.47   0      64.38     2339.955     55.50985
       189    890.7117    735.5370     2914.573     229.3865  16.3386   0.0855     6.89    0.510  -1.64   0      16.82      540.154     47.21489
       190    187.5660    733.4699     1325.551     90.85163  17.1940   0.0744     4.95    0.273  36.56   0      26.89     1159.551      50.3335
       191    174.7200    733.6960     1912.096     179.0025  16.7962   0.1017     6.05    0.570   3.41   0      15.79     525.4185     47.14391
       192     58.7671    730.4495     44605.24       268.58  13.3765   0.0065     7.29    0.387  -5.04   0      210.2     8931.392     77.88528
       193    379.0499    731.7930     4160.829     242.5952  15.9521   0.0633     7.69    0.496  -4.06   0      29.73      839.319       48.982
       194    104.2071    727.9326       3806.7     254.2491  16.0486   0.0725     9.31    0.553   5.12   0       20.3     631.4855     47.88978
       195    901.9166    726.4705     2419.236     213.5221  16.5408   0.0959     6.54    0.463  -1.07   0       16.9     593.5583     47.47126
       196    413.8731    726.3825     2284.437      207.316  16.6031   0.0986     6.95    0.502  -9.54   0      16.63     465.0112     47.21331
       197    568.2028    723.5288     3518.774     225.6304  16.1340   0.0696     7.32    0.521  -9.79   0      23.88     706.2958     48.24351
       198     25.8458    722.7365     9168.269     260.0894  15.0943   0.0308     8.20    0.477  -3.30   0      56.41     1592.613     52.25235
       199    236.3292    719.0175     37389.05     254.7307  13.5681   0.0074     7.66    0.397  -5.50   0      185.9     7562.345     73.85904
       200    422.4183    720.2224     2922.353     219.2886  16.3357   0.0815     7.08    0.591  -8.85   0      19.18     586.6093     47.91351
       201    290.7181    713.1947     99073.19      319.809  12.5101   0.0035     7.50    0.340  -5.79   0      350.8     19263.45     103.7971
       202    559.4799    711.6542     3730.082       200.59  16.0707   0.0584     5.96    0.460  -1.37   0      28.82     905.6229      48.9425
       203    713.9639    705.9087     2715.285     86.42206  16.4155   0.0346     4.43    0.143  60.00   0      63.63     2389.803     55.20258
       204    722.1305    704.8352     1515.637     114.7085  17.0485   0.0822     0.00    0.246 -45.20   2      34.34     977.6235     49.50522
       205    170.7632    702.6059     4431.286     213.6729  15.8837   0.0524     7.83    0.519  -5.80   0      29.58     857.1993     49.18027
       206    679.5540    702.9114      1880.76     173.3318  16.8142   0.1001     6.58    0.577  -3.05   0      15.51     478.3651     46.91652
       207    116.6072    702.6566     3847.019     225.9608  16.0372   0.0638     8.45    0.538  -4.61   0      26.83     752.8708     48.57924
       208    469.3596    698.5392     2829.106     219.8374  16.3709   0.0844     7.73    0.557  -6.67   0      18.65     567.8286     47.58672
       209    355.5262    695.8978       4818.6     212.7566  15.7927   0.0480     7.19    0.466  -2.86   0      33.49     968.2407     49.11716
       210    538.3094    691.9312     24016.73      252.805  14.0487   0.0114     7.34    0.429  -2.30   0      131.5     4724.111     64.36133
       211    611.5137    693.7549     1874.143     181.3141  16.8180   0.1051     3.22    0.277  -0.42   0      14.16     510.8552     47.07365
       212    850.4176    691.9510     3697.452     137.7221  16.0802   0.0405     5.65    0.438  -7.59   0      54.95     2229.329     55.15791
       213    162.2352    688.6401     7889.521     213.3722  15.2574   0.0294     7.16    0.477  -4.64   0      53.54     1625.799     52.39649
       214    231.1459    687.8422     2135.156     178.4934  16.6764   0.0908     4.35    0.241 -47.41   3      20.03     738.2422     48.51075
       215    226.5293    687.6689      3303.25     220.9692  16.2026   0.0726     5.87    0.380  -9.57   3      20.87     698.5764     48.08941
       216    378.8557    687.9452     2879.812     236.6496  16.3516   0.0892     7.68    0.643   2.49   0      18.62     450.8234     47.26503
       217    268.3624    686.0699     2914.697     249.5064  16.3385   0.0930     9.17    0.306   3.84   0      19.48     469.2261     47.11345
       218    411.5357    683.7426      34350.5     343.8031  13.6602   0.0109    17.03    0.659  -0.17   0      134.8     3768.331     60.98582
       219    935.6345    684.1412     4529.593     188.4112  15.8599   0.0452     7.85    0.507  -5.77   0      35.05     1042.788     49.80348
       220    601.2139    684.1606     1899.271     110.4484  16.8035   0.0632     0.00    0.167  29.50   0      34.69     1205.642      50.8765
       221    565.9111    682.2606      3564.12     159.4513  16.1201   0.0486     0.00    0.501  -5.32   0      35.85     1504.625     51.64922
       222    296.9866    681.0628     6130.913     93.47696  15.5312   0.0166    -6.76    0.094 -59.53   0      104.4     5764.202     68.01826
       223    807.1420    680.1631     2503.539     204.8071  16.5036   0.0888     6.87    0.613   8.29   0       17.8     480.3225     47.16695
       224    750.6763    678.0808     2868.139     103.2256  16.3560   0.0391     2.23    0.179  67.55   0       51.4     2669.393     56.44242
       225    373.4599    675.1825     10229.04     241.8541  14.9754   0.0257    11.89    0.468 -12.95   0      62.64     1826.465     53.25978
       226    120.1660    678.3721     1605.018     185.6147  16.9863   0.1256     5.53    0.540  -4.59   0      12.97     358.5094     46.81904
       227   1023.1222    673.7045     6941.103     140.9787  15.3964   0.0221     3.93    0.439 -89.62  24       69.7     3335.988     58.96955
       228    858.3875    670.4021     8985.322     387.3363  15.1162   0.0468    10.13    0.335  -1.97   2      35.77     910.9504     49.19818
       229    865.0311    666.5082     6765.714     288.5729  15.4242   0.0463     7.53    0.501  -4.89   3       30.9      839.444     48.40057
       230    724.8383    671.2262     6963.283     222.1655  15.3930   0.0346     3.79    0.473  -5.29   2       43.8     1684.389     52.86488
       231    505.1355    670.5579     6158.608     241.5441  15.5263   0.0426     7.70    0.475   1.06   0      41.29     1234.395     50.67031
       232    483.0772    672.0010     2462.816      201.975  16.5214   0.0891     7.30    0.617  -2.25   0      17.77      542.667      47.4664
       233    226.5613    672.1833     2609.688     244.6379  16.4585   0.1018     6.94    0.612  -5.97   0      16.89     510.3282     47.66935
       234    914.8757    669.6887     1384.837     147.9312  17.1465   0.1160     5.89    0.561 -32.94   0      14.93     583.2984     47.42212
       235    835.7621    669.7148     3260.516     164.2773  16.2168   0.0547     8.22    0.562  -4.08   0      25.45     753.6365     48.23156
       236    212.6586    667.1327     2026.876     186.1305  16.7329   0.0997     6.56    0.581   0.30   0       15.1     461.3592     47.07549
       237    425.3056    664.6777     3499.834     251.7332  16.1399   0.0781     8.29    0.525  -6.80   0       21.9     573.9082     47.49657
       238    793.1351    664.0427     2711.469     88.03651  16.4170   0.0353     0.00    0.187  20.64   0       64.9     2362.292      55.4992
       239    472.7223    659.5568     1207.205     96.61149  17.2955   0.0869     3.07    0.439 -64.44   0      27.67     952.8898     49.39154
       240    715.2834    658.3995     2824.807     178.5777  16.3725   0.0687     7.17    0.452  -1.30   0      24.31     749.2075     48.67867
       241    346.3168    653.3728     2773.089     225.5073  16.3926   0.0883     6.84    0.580 -10.24   0      16.79     484.1874      47.0653
       242    858.9523    642.1770     31106.96      264.513  13.7679   0.0092     7.33    0.415  -2.74   2      155.9     6089.498     69.26051
       243    156.0192    642.3135      2724.88     198.7362  16.4116   0.0792     7.77    0.616  -5.66   0       20.3     583.0602     47.42097
       244    709.2664    641.5873     2095.756     194.4046  16.6966   0.1007     7.39    0.581  -3.70   0      17.08     485.4833     47.19181
       245    626.7194    641.7728     2744.828     209.8555  16.4037   0.0830     7.21    0.555  -2.74   0      17.67     543.8867     47.47224
       246    286.3386    641.1324     5141.674     245.2518  15.7222   0.0518     7.12    0.510  -4.19   0      33.88     1010.936     49.65792
       247    369.9933    639.0912     2095.221       200.15  16.6969   0.1037     6.46    0.582  -8.64   0      15.73     480.8482     47.16948
       248    567.6176    636.0836     5246.562     308.7658  15.7003   0.0639     8.00    0.547 -15.20   0      20.36     531.7225     47.41397
       249    275.1102    634.4911     1799.449      192.592  16.8622   0.1162     5.87    0.742  -0.04   0      14.15     396.9041     46.64191
       250    588.1990    630.2048     3007.928     210.1403  16.3043   0.0759     8.06    0.545   1.48   0      21.43     669.8128     48.07133
       251    315.1528    630.6442     4931.431     291.0458  15.7676   0.0641     8.42    0.545  -5.19   0      23.33      567.488     47.70406
       252    741.4187    628.6350     1960.408     204.2035  16.7691   0.1131     6.25    0.677   0.99   0      13.87     396.3181     47.12264
       253    203.8776    628.8643     4041.355      92.9425  15.9837   0.0250     0.00    0.278  48.19   0      82.35     3614.943      60.3176
       254    830.8445    622.9210     23168.25     257.6017  14.0878   0.0121     7.41    0.417  -5.22   0      127.5     4873.168     64.88554
       255    801.4056    621.8290     8295.837     157.2946  15.2028   0.0206     8.34    0.426  -6.50   0       81.8      4440.01       63.618
       256    567.3257    622.0895     1242.581     85.82621  17.2642   0.0750     2.34    0.285  17.04   0      31.94     985.9716      49.3142
       257    627.4741    617.9421      18571.8     266.5908  14.3279   0.0156    12.08    0.498  -2.21   0      105.8     3296.685     59.10626
       258    603.5842    616.6218     6526.951     185.5342  15.4632   0.0309     7.60    0.494  -3.82   0      47.26     1465.164     51.80455
       259    813.0854    617.0505     2515.625     226.5023  16.4984   0.0978     6.57    0.563  -6.35   0      17.11     537.8776     47.20393
       260    653.3522    614.2304     21407.25     333.8669  14.1736   0.0169     8.53    0.420  -2.40   2      108.8     4368.983     63.36375
       261    150.8161    618.7578     9518.581     232.2061  15.0536   0.0265     5.26    0.317  -9.72   2      60.35     1536.744     52.22627
       262    312.2318    609.8478     37665.06     268.5105  13.5602   0.0077     7.56    0.359  -3.50   0      185.3     7242.755     72.86899
       263    967.2520    610.4984      1814.37     200.5387  16.8532   0.1200     3.92    0.171 -25.29   2      14.89     501.6506     46.90852
       264    849.1533    609.1899     12099.54     205.7677  14.7931   0.0185     6.99    0.444  -4.42   0      79.59     2649.835     56.86417
       265    717.6420    608.3257     4942.463     227.0599  15.7651   0.0499     8.43    0.458 -14.40   0      32.08     923.4552     49.25591
       266     25.8005    609.6768     4137.872     263.8385  15.9581   0.0692     8.40    0.519  -3.92   0      23.62     599.7217      47.7388
       267    213.9320    608.8495     1659.638     145.4592  16.9500   0.0952     6.65    0.548  -8.70   0      15.16     555.3316       47.527
       268    572.8282    606.7307      5190.22     195.8304  15.7120   0.0410     7.63    0.504  -5.34   0      37.14     1084.206     49.99213
       269    407.9998    608.0001     3277.286      86.2603  16.2112   0.0286     4.19    0.004 -10.41   2      76.27     3248.806     59.01798
       270    277.5301    605.9933     9732.304     235.4437  15.0295   0.0263     7.15    0.434  -5.60   0      62.75     1974.239     53.88667
       271    130.4552    605.6912     9397.479     208.2768  15.0675   0.0241     7.79    0.480  -4.33   0      62.63     1868.317     53.22552
       272    443.8325    596.5492     2402.669     199.0804  16.5483   0.0900     3.85    0.112 -30.87   0      16.13     585.5954      47.6715
       273    356.5656    594.4290     23960.64     269.0475  14.0513   0.0122     7.18    0.418  -4.22   0      130.6     4763.672     64.76395
       274    631.6690    595.5380     2727.897     180.0353  16.4104   0.0717     7.32    0.461  -3.21   0       21.2       665.65     48.05164
       275    316.9917    593.2809     26303.25     260.3528  13.9500   0.0107     7.40    0.412  -3.96   0      142.5     5108.383     65.79046
       276    830.8729    591.5347     2479.152      140.821  16.5142   0.0617     6.54    0.538  -4.03   0      21.39     700.2214     48.09719
       277    613.0558    591.9525     2307.152     191.7177  16.5923   0.0902     6.55    0.592  -0.53   0      17.77     624.8566      47.9766
       278    194.0680    590.8885     2088.522     165.2407  16.7004   0.0859     6.61    0.575   5.18   0      16.61     489.6087     46.97096
       279    759.5128    588.2853      4927.25     223.9026  15.7685   0.0493     7.01    0.514  -4.49   0      34.16      1015.08     49.56265
       280    327.4035    588.3564      3736.76     252.5087  16.0688   0.0734     8.08    0.506  -5.43   1      21.35     570.4579     47.83683
       281    145.0225    588.9964     6678.964     94.80009  15.4382   0.0154     0.00    0.030  -4.57   0      114.3      6507.74      70.4589
       282    598.6137    587.0804     4942.317     231.3868  15.7652   0.0508     7.03    0.454  -0.85   0      33.72     1008.719     49.64777
       283    483.9830    583.3003     1978.589     186.8315  16.7591   0.1025     3.54    0.350  -7.07   2      15.89     524.5415     47.13968
       284    304.3365    575.2673     3585.588     243.8055  16.1136   0.0738     8.49    0.590 -10.05   2      22.41     496.4055     47.12426
       285      4.9879    578.6918     2230.988     183.3134  16.6288   0.0892     7.24    0.393 -10.09  16      16.29     497.4963     47.00911
       286    404.2809    573.4070     5330.097     202.3948  15.6832   0.0412     6.57    0.469  -9.22   0       38.5     1174.859      50.5149
       287     73.5843    569.0527     27345.17     260.7179  13.9078   0.0104    12.87    0.432 -14.93   0      141.8     4810.718     64.84148
       288    164.1840    578.9128     59407.46     288.2956  13.0654   0.0053     7.39    0.320  -7.51   0      253.2     11641.24     85.36117
       289    458.8585    569.5729     3231.275      237.584  16.2266   0.0798     7.92    0.511  -1.11   0      20.28      669.623     48.18819
       290    997.1429    566.4786     2875.344      209.321  16.3533   0.0791     7.34    0.484  -7.12   0      20.98     576.4858     47.38945
       291     61.1005    561.9138     7812.673     265.9217  15.2680   0.0370     7.76    0.451  -6.66   0      47.56     1393.786     51.04826
       292    361.1333    562.6330     2267.888     212.0286  16.6109   0.1015     6.46    0.502   2.46   0      15.94     455.9542     47.04938
       293    115.6357    562.9523     2092.974     175.2346  16.6981   0.0909     6.76    0.561   2.17   0      16.55     535.6615     47.43285
       294    936.9988    562.0498     1360.633     142.0292  17.1656   0.1134     3.50    0.020 -17.34   2      14.31     587.3511     47.67987
       295    185.3940    561.9963     2943.784     113.8289  16.3277   0.0420     5.96    0.513  -1.62   0       60.5     2519.285     56.13842
       296    873.0063    560.2189     3593.048     164.7367  16.1113   0.0498     8.26    0.538  -5.97   0      26.36     788.1888     48.62777
       297    838.0345    559.0053     1614.078     81.76084  16.9802   0.0550     0.00    0.009  18.19   2      44.33     1444.137     51.82171
       298    844.0155    558.6768     1371.448     142.0465  17.1571   0.1125     5.70    0.745  -3.40   3      12.43     401.1676     46.90498
       299    483.1544    557.6704     3777.235     264.0648  16.0571   0.0759     7.94    0.537  15.12   0      20.53     536.5853     47.43727
       300     61.4497    553.1125     5813.611     257.6917  15.5889   0.0481     7.21    0.426  -5.92   0      36.92     1049.258     49.60501
       301    794.1705    549.0847     3524.973     210.6987  16.1321   0.0649     8.49    0.467   0.24   0      24.38     692.2559     48.05953
       302     28.1828    548.1198     6762.396     241.5256  15.4247   0.0388     8.47    0.483  -5.41   0      43.39     1196.934     50.50201
       303    704.2058    547.1309     3820.836     184.5076  16.0446   0.0524     7.20    0.444  -5.49   0      28.96      828.662     48.81657
       304    682.2673    544.2869     29933.83     242.7931  13.8096   0.0088     8.73    0.417  -5.05   0      157.6     5955.675     68.48975
       305    847.7853    543.7996     2217.995     181.7446  16.6351   0.0890     6.99    0.530   2.30   0      18.57     598.5427     47.73319
       306    151.0385    543.9067      7094.15     101.5349  15.3727   0.0155     4.73    0.230 -68.90   0      116.4     6743.101     70.89497
       307    261.2717    539.6439      2369.43     200.4611  16.5634   0.0919     7.22    0.510   1.60   0      16.85     495.5692     47.24036
       308    539.3874    538.3530     2724.673      207.115  16.4117   0.0826     6.45    0.499  -7.68   0      20.49     636.7721     48.15086
       309    319.2635    534.2064      27373.1     254.1375  13.9067   0.0101    12.63    0.442  -7.21   0      145.6     5182.857     66.13299
       310    854.4373    534.1530     5525.753     248.4753  15.6440   0.0488     7.39    0.470  -4.99   0      37.18      1114.62     50.13021
       311    748.1133    531.4910     1940.748     159.8029  16.7801   0.0894     7.04    0.515   0.25   0      15.92     464.2376     46.96886
       312    989.9600    528.3895     3918.167     95.65089  16.0173   0.0265     0.95    0.058 -73.23   0      67.28     3725.202     61.10379
       313    425.0177    527.4261     3433.782     94.49295  16.1606   0.0299     0.53    0.200  85.95   0       63.5     3184.315     58.96168
       314    656.5495    525.3544     2607.333     204.2296  16.4595   0.0851     3.78    0.278  14.30   2      21.82     848.5743     49.02493
       315    652.5038    525.5075     1873.418      182.093  16.8184   0.1056     2.91    0.069   3.30   3      15.17     596.3517     47.48463
       316     45.6794    525.9763     2824.088     169.6242  16.3728   0.0652    -0.18    0.548  -2.71   0      23.57     1045.428     49.81553
       317    299.0841    522.3002      9592.78     245.3323  15.0451   0.0278     7.14    0.433  -5.36   0      62.51     1968.426     53.54554
       318    459.8335    520.7003     2395.479     225.7549  16.5515   0.1023     6.97    0.568   3.87   0      16.87     485.5658     46.58783
       319   1017.9709    519.1863     1938.415     165.8904  16.7814   0.0929     6.92    0.657  -4.43  16       16.2     557.2075     47.77384
       320    275.6456    514.2070     2091.321     197.2934  16.6989   0.1025     6.19    0.656 -15.55   0      14.48     431.6291     47.17265
       321    174.4607    513.5060         1305     152.5263  17.2110   0.1269     2.35    0.512   7.51   2      12.22     405.9964     46.44275
       322    727.4158    509.4183     1736.312     108.8182  16.9009   0.0681     2.88    0.529  44.75   0      34.62     1212.323     50.57122
       323    135.4462    510.9449     2100.796     159.1425  16.6940   0.0823     7.44    0.543   0.87   0      17.36     523.3185     47.49316
       324    956.3658    508.1611     3601.671     253.5075  16.1087   0.0764     8.62    0.313   1.04   0      22.83     613.3185     47.92191
       325    232.1111    508.8949     2780.369     231.1003  16.3897   0.0903     7.27    0.571  -0.76   0      16.64     493.1462     47.10854
       326     42.7611    507.2263     13942.09     235.2946  14.6392   0.0183     8.10    0.442  -3.51   0      83.26     2561.456     56.50983
       327    798.1718    501.3024     145601.7     399.2712  12.0921   0.0030    13.86    0.129 -11.14   0      426.9     22739.49     110.8927
       328    446.7473    505.9690     7268.658     300.5067  15.3464   0.0449     7.93    0.486  -0.44   0      38.85     1113.276     50.12411
       329    764.6802    504.5829     1658.442     187.9555  16.9508   0.1231     5.65    0.705 -19.83   0      13.46     378.8962     46.67567
       330   1004.1727    500.8561     3017.361     218.7402  16.3009   0.0787     7.80    0.508  -7.12   0      20.84     680.3177     48.12097
       331    653.1327    500.4805     2139.355     205.0946  16.6743   0.1041     6.46    0.610  -1.99   0      16.17     469.8991     46.87549
       332    633.6982    497.6437     4971.462     237.4595  15.7588   0.0519     7.98    0.454  -0.83   0      32.43     864.7967     48.51948
       333    390.1162    496.8929     9899.635      235.003  15.0110   0.0258     7.62    0.436  -3.68   0      65.93     2026.087     54.00005
       334    130.8202    497.8056     7316.355     191.0029  15.3393   0.0284     7.34    0.456  -3.03   0      52.77     1625.519     52.39528
       335    581.7930    495.0284     3055.198     243.3106  16.2874   0.0865     8.82    0.335  -9.26   0      20.56     547.4716      47.7275
       336    487.5037    493.8974     9283.949     231.3647  15.0807   0.0271     8.35    0.302 -11.08   0      58.58     1741.865     52.57511
       337    711.3424    492.7026     2984.737     177.9868  16.3127   0.0648     3.51    0.274  41.96   3      27.15     1109.054     49.87822
       338    708.0010    493.0000       3134.4     159.7272  16.2596   0.0553     2.80    0.383  16.68   3      28.71     1127.585     50.18895
       339    214.9950    493.5734     11807.78      137.731  14.8196   0.0127     0.00    0.274 -86.69   0        144     10350.08     81.98969
       340    998.5058    492.0515     1798.172     166.5511  16.8629   0.1006     4.94    0.384 -26.78   0       15.1     508.0609     46.93956
       341     94.4448    491.6153     2724.509     222.2937  16.4118   0.0886     5.92    0.540  -9.36   0      19.39     673.3029     48.32298
       342    276.4471    506.9851      2082.47     178.4263  16.7036   0.0930     6.99    0.579  -0.10   0      16.48     494.2694     47.47348
       343    902.2805    484.8170     9037.484     130.9344  15.1099   0.0157     6.46    0.344  -1.64   0      115.6      7020.82      72.0949
       344    239.7038    475.3058     388457.8     495.9858  11.0266   0.0014     7.40    0.301  -4.97   0      758.7     75914.58     191.0541
       345    325.9815    481.0399     3354.279     86.46291  16.1860   0.0280     4.33    0.074 -61.56   0      74.26     3148.376     58.91926
       346    780.2006    475.5991     48557.05     289.5689  13.2844   0.0065     7.32    0.279 -11.57   0      216.6     8979.988     78.02695
       347    956.3220    477.6535     1641.585      105.979  16.9618   0.0701     4.81    0.489 -38.46   0      37.69     1259.907     50.67289
       348    484.9926    477.2134     4682.957     194.5137  15.8237   0.0451     7.77    0.487  -5.61   0      33.66     975.6931     49.49636
       349    685.5835    474.9009     4157.391     201.7771  15.9529   0.0527     4.12    0.493   3.44   0      31.94     1117.591      49.9171
       350    325.5879    472.0183     4327.542     244.4961  15.9094   0.0614     7.75    0.475   0.31   0      28.16      836.883     48.85482
       351    312.5046    472.2340     5881.605     307.8552  15.5763   0.0568     8.96    0.487   1.11   0      29.65     747.7178     47.96793
       352    124.1187    470.0978     3642.803     245.5958  16.0964   0.0732     5.17    0.369  11.29   0      20.83     655.5828     47.64848
       353    357.1088    468.2087     3239.377     185.3255  16.2238   0.0621     8.11    0.478 -10.19   0      24.36     694.6741     48.18873
       354    181.1696    463.9724     3480.233     220.5095  16.1460   0.0688     6.56    0.455   3.60   0      24.07      752.723     48.69508
       355    297.5555    462.7657     2821.528     257.8021  16.3738   0.0992     7.36    0.510 -10.91   0      17.81     423.8891     47.01494
       356     72.9568    461.1432     7848.051     256.1824  15.2631   0.0355     8.45    0.410  -6.11   0      51.01     1491.976     51.92205
       357    487.2245    461.8162     1628.475     140.4538  16.9705   0.0937     6.41    0.423  -5.79   0      15.78     531.5301     47.65153
       358    248.0004    461.8494     20370.45     123.3307  14.2275   0.0066     0.00    0.108 -89.89   0      192.4     20227.17     105.8327
       359    521.5139    458.0022      10366.7     124.4223  14.9609   0.0130     3.16    0.463   0.03   0      130.1     8619.392     77.11659
       360    947.9710    455.5872     2609.998     185.3182  16.4584   0.0771     7.64    0.558  -4.25   0      19.63     629.5859     47.99899
       361    457.1638    454.1115     2280.746       179.47  16.6048   0.0855     6.51    0.554  -5.50   0      18.22     586.7224     47.43852
       362    745.8826    447.8525     3079.609     193.3654  16.2788   0.0682     6.02    0.472  -3.00   0      23.97     730.7658     48.12367
       363    860.6155    434.0029     7295.955     230.6356  15.3423   0.0343     6.81    0.447  -8.05   2       43.9      1625.93     52.39706
       364    141.3196    433.7991     7644.771     286.8047  15.2916   0.0407     6.76    0.444  -2.67   0      43.76     1295.824      50.9451
       365     94.6604    433.9278     5587.744     228.3263  15.6319   0.0444     7.89    0.508  -2.72   0      38.88     1164.007     50.35361
       366     13.4528    434.3638     4170.051     254.0165  15.9496   0.0662     9.24    0.496  -6.37  16      26.18     672.9311     48.08607
       367    346.3929    433.4752     5327.957     276.3806  15.6836   0.0563     8.52    0.561  -5.69   0      29.88      850.861     48.80381
       368    262.9886    428.7946      81222.5     310.0767  12.7258   0.0041    10.41    0.316   2.56   0      310.7     15808.32     95.87488
       369     30.4526    433.0739     3873.203     269.4582  16.0298   0.0756     7.17    0.606  -2.00   0      19.03      546.691     47.36616
       370    416.9780    430.2667     2350.083     87.09856  16.5723   0.0402     0.91    0.160 -75.75   0      55.24      2415.96     55.82018
       371    990.2553    427.6624     2173.852       203.05  16.6569   0.1014     5.82    0.598  14.76   0      13.95     449.3268     47.13775
       372    141.1197    425.7902     4231.849     271.8535  15.9337   0.0698     5.84    0.297  -6.31   0      20.24     650.8154     47.98143
       373    221.5686    424.1790     4467.547     232.7536  15.8748   0.0566     8.72    0.518  -7.43   0      30.17     860.2795     49.19451
       374    129.1418    420.1313     3617.716     258.5031  16.1039   0.0776     7.98    0.565   2.29   0      20.39     543.5839     47.47079
       375    425.3954    419.6496     2028.024     199.3642  16.7323   0.1068     2.92    0.131 -43.39   0      15.27     508.7669     47.30381
       376    662.9080    417.1667     3739.242     254.1888  16.0680   0.0738     8.12    0.330  -9.93   0      23.08      636.653     47.43878
       377     30.4020    415.7542     4599.015     288.8304  15.8433   0.0682    11.03    0.529 -30.45   0      24.45     554.1375     47.64041
       378    997.4778    408.2010     2019.154     201.4751  16.7371   0.1084     6.13    0.303  59.68   0      15.68     559.6153     47.54748
       379    423.3190    405.2986     41732.99     265.0715  13.4488   0.0069     7.69    0.370  -0.99   0      200.1     8513.759     76.43478
       380    125.6868    407.8808     2455.821     212.8965  16.5245   0.0941     6.28    0.587  -4.21   0      15.39     444.6195     46.87384
       381    801.8529    400.8417     3189.159     222.1313  16.2408   0.0756     4.07    0.116  38.41   2      20.11     604.7128     47.88108
       382     74.6709    415.4336     1698.306     163.8405  16.9250   0.1048     4.91    0.291 -51.91   0      17.05     727.2757     48.34224
       383    725.6676    396.0662     2641.622     207.7072  16.4453   0.0854     7.74    0.583  -3.05   0      18.76     520.0809      47.2383
       384    102.3095    396.3154     1613.644     158.4453  16.9805   0.1066     6.01    0.573  -9.00   0      13.74     471.2319     47.00269
       385    814.5322    392.8077     1831.121     185.1275  16.8432   0.1098     2.88    0.255   1.05   0      14.36     521.8711     47.36673
       386    240.5426    391.8747     4166.978     232.4599  15.9504   0.0606     7.40    0.491  -0.93   0      30.46     881.1903     48.94485
       387    179.9639    392.6458     3916.737     216.4235  16.0177   0.0600     7.07    0.539  -3.21   0      29.13      885.724      49.0815
       388    486.1058    391.1933     3282.062     227.8926  16.2096   0.0754     6.62    0.500 -10.26   0      22.54     754.8381     48.47165
       389    134.3622    388.9960     2055.799     189.9333  16.7175   0.1003     5.26    0.532  -7.74   0      15.79     569.9566     47.83445
       390    449.2381    385.9092      5957.38     226.2021  15.5624   0.0412     6.83    0.500  -5.71   0      41.35     1312.307     50.79591
       391    342.2405    384.0153     3495.657     155.7563  16.1412   0.0484     0.00    0.517  -0.23   0      43.59      1954.88     54.12006
       392    883.9583    379.2896     4134.844     185.6588  15.9589   0.0488     8.38    0.535  -1.74   0      30.56     891.2761     48.87583
       393    559.0488    377.9824     3265.654     186.8803  16.2151   0.0621     8.79    0.518   2.33   0       25.2     807.4348     48.94976
       394    231.3004    376.2290     4695.389      284.458  15.8208   0.0658     8.74    0.401  -6.09   0       23.2     613.5248     47.32785
       395    629.7101    374.6385     2850.281     236.6212  16.3628   0.0902     7.33    0.427 -25.13   0      18.22     514.0906     47.08926
       396   1023.1929    366.7960     7454.811     171.6401  15.3189   0.0250     3.94    0.538 -89.12  26       59.7     2699.145     56.36132
       397    160.0936    367.4023     3652.572     263.4201  16.0935   0.0783     8.29    0.528  -3.92   0      21.69       547.35     47.48882
       398    231.4454    365.2800      2147.95     178.5097  16.6699   0.0903     7.71    0.544  -0.05   0      17.33     532.9838     47.18036
       399    653.5909    361.3486     1273.469     147.7599  17.2375   0.1260     3.39    0.149  15.92   0      14.16     549.2407     47.61704
       400    130.3422    360.3851     9925.141     213.5481  15.0082   0.0234     7.20    0.439  -5.15   0      65.98     1966.314     53.95839
       401    490.1833    355.8151     6919.664     274.0913  15.3998   0.0430     7.45    0.498  -4.50   0      42.51     1210.255     50.56193
       402    175.6964    352.2314     4433.543     229.6559  15.8831   0.0563     6.71    0.457  -9.20   0       33.2     1017.125     49.22784
       403    115.4724    352.6714     3182.343     197.8313  16.2431   0.0675     8.56    0.583  -3.86   0      21.86     599.0344     47.61665
       404     11.0070    352.9805     3664.892     87.27556  16.0898   0.0259     4.23    0.003 -47.91   3      78.98      3470.08     59.86403
       405     12.2181    349.6008     4809.126      297.214  15.7948   0.0671     8.68    0.613  -6.91  18      20.51     629.5312     47.88051
       406    474.3591    350.8166     2347.994     193.2383  16.5733   0.0894     7.15    0.560  -7.75   0      16.81     496.5033     47.60339
       407    148.6858    349.2095     7716.217     303.1908  15.2815   0.0427    11.16    0.651  -4.19   0      38.12      926.152     49.15318
       408    967.2047    346.0590     21302.62     240.5392  14.1789   0.0123     7.45    0.419  -2.07   0      122.9     4393.091     63.36077
       409    335.7740    348.2270     2281.226     201.7705  16.6046   0.0961     4.06    0.351  -2.87   0      16.74     560.9606     47.79169
       410     40.1398    345.3525     2893.279     188.6933  16.3465   0.0708     8.37    0.485  -4.22   0      22.71     639.6614     47.92857
       411    665.4904    341.2988     11759.41     247.3313  14.8240   0.0228     7.16    0.419  -6.65   0      73.86     2327.625     55.04904
       412    410.1967    342.6353     2570.811      209.667  16.4748   0.0886     4.36    0.308  -8.30   2      19.35     656.7428     48.24503
       413    349.4016    339.0425     1763.279     90.38583  16.8842   0.0557     0.30    0.211   7.54   1      38.13     1460.539     51.89359
       414    986.9077    337.3489      1802.25     146.6512  16.8605   0.0884     3.93    0.353   7.04   0      16.76     617.6389     47.58641
       415    498.1248    329.9640     77473.23     303.6054  12.7771   0.0043     7.50    0.337  -4.22   0      300.4     15255.95     94.55642
       416    379.6631    331.9583     24518.27     237.0727  14.0263   0.0105     7.46    0.420  -4.61   0      136.4     4968.265     65.30463
       417    349.8557    333.5961     6125.164     242.0986  15.5322   0.0429     7.40    0.488  -7.76   0      42.24     1230.497      50.7646
       418    187.7414    325.3936     25834.02     261.5731  13.9695   0.0110     7.43    0.335  -6.47   0      137.2     4908.783      65.1843
       419     15.7832    329.3509     2431.907     227.0432  16.5351   0.1014     7.26    0.493  -6.07   0      16.03     485.8192     47.43301
       420    754.9414    327.6739     3908.085     274.6953  16.0201   0.0763     9.56    0.650  -4.91   0      21.69     481.6556     47.05307
       421    271.9612    323.3053     15386.76     331.0298  14.5321   0.0234     8.45    0.427 -11.79   0      74.04     2081.921     53.92011
       422    655.7206    322.7499     7216.612     263.8053  15.3542   0.0397     7.58    0.448  -2.83   0      44.77     1338.736     50.91402
       423    101.8515    319.6917     4481.567     217.6678  15.8714   0.0527     8.19    0.504   0.85   0      31.73      909.301     48.95958
       424    984.4014    319.1276     1352.925     115.6177  17.1718   0.0928     6.11    0.618  -3.10   0      12.89     419.8595      46.8747
       425    612.1351    314.4870      4463.78      283.774  15.8757   0.0690     7.83    0.556  -5.73   2      24.81     504.6221     47.04354
       426    436.1184    318.5621     3584.093     158.5888  16.1141   0.0481     7.68    0.504  -5.15   0      29.34     922.5128     49.13635
       427    155.4949    318.4800     1596.449     168.8128  16.9921   0.1148     3.30    0.284  33.40   3      17.92     468.8555      46.9912
       428    158.8165    317.6113     1990.009     190.5994  16.7529   0.1040     3.59    0.244   9.42   3      15.77     548.1367     47.49258
       429    877.3517    314.7710     3119.543     217.5476  16.2648   0.0757     9.23    0.357  14.76   0      22.87     642.6722      48.1787
       430     19.6349    307.8528     3951.068     262.0605  16.0082   0.0720     8.27    0.553  11.90   0      20.54     642.7087     47.94302
       431     39.8728    306.0660     4866.356     230.0838  15.7820   0.0513     8.36    0.524  -4.12   0      34.56     1016.068     49.56719
       432    577.2078    305.2957     4272.661     199.0799  15.9233   0.0506     9.26    0.558   0.35   0      31.29     942.5554     49.34396
       433    270.8254    300.3447     20677.32     325.6292  14.2113   0.0171     7.20    0.434  -3.43   2      98.24     3275.734     59.12159
       434      5.3290    303.0204      2763.37     127.5762  16.3964   0.0501     3.01    0.408 -15.52  16       31.3     1317.529     51.15276
       435    827.3802    302.5674     2811.387      187.086  16.3777   0.0723     7.08    0.505 -10.20   0       21.5       650.86     48.21731
       436    709.9149    300.9163     11928.38     107.9655  14.8085   0.0098     0.00    0.124  44.36   0      149.9     11656.97     85.40303
       437    837.7156    292.1657     1981.993     184.5464  16.7572   0.1011     4.50    0.290 -13.59   0      15.72     562.3495     47.44123
       438    391.6269    289.9389     5952.711      286.946  15.5632   0.0523    10.22    0.581  -6.31   0      32.24     1045.288     49.92854
       439    158.1141    290.0204     1131.729     80.40887  17.3656   0.0772     4.41    0.142   0.44   0      36.68     1002.079     49.38838
       440    464.6610    285.0545     2039.189     188.4153  16.7264   0.1003     6.35    0.604  -7.77   0      15.08     463.2197     47.20469
       441    982.9482    282.4052     7751.217     360.4368  15.2766   0.0505     9.29    0.572  -6.31   0      29.43     858.3942     49.07043
       442     19.1768    281.8772      8681.74     103.6705  15.1535   0.0130     0.00    0.022   9.26   0      111.2     8329.098     76.10746
       443    617.5227    280.2442     2144.904     185.5123  16.6715   0.0939     6.70    0.562 -10.40   0      15.68     472.9428     47.01096
       444    197.8248    281.1258     2161.972     196.6556  16.6629   0.0988     6.49    0.553  -7.90   0       16.8     482.0609     47.17532
       445    990.3305    274.2411      13538.4     251.2269  14.6711   0.0202     7.35    0.439  -5.83   2      80.27     2555.528     56.28495
       446    205.4079    275.2395     2068.382     202.2325  16.7109   0.1062     5.55    0.293 -10.17   0      15.83     551.7089     47.74767
       447    891.0429    270.9309     53299.09     273.2582  13.1832   0.0056     7.31    0.376  -2.41   0      236.8     10775.79     83.09319
       448    368.1386    273.3479     2188.814       213.94  16.6495   0.1061     5.88    0.496 -19.47   0      15.59     551.7444     47.50985
       449    710.6381    265.8106      5680.77     267.8227  15.6140   0.0512     7.87    0.501 -12.25   2      33.77     759.5829     48.84326
       450    180.8854    266.4210     4383.697     256.9795  15.8954   0.0637     7.21    0.476  -5.33   0      26.45     705.4733     48.00407
       451    438.8379    259.1390     11435.65     241.8163  14.8543   0.0230     7.94    0.477  -4.05   2      62.57     1901.675     53.57976
       452     80.9991    261.7450     7174.573     201.6643  15.3605   0.0305     9.17    0.464  -3.28   0       50.1      1473.76     51.73281
       453    783.4919    261.7878     2869.054       232.41  16.3557   0.0880     6.35    0.539   3.88   0      18.62     564.7258     47.33302
       454    845.2551    259.6169     4632.737      185.505  15.8354   0.0435     6.41    0.442  -6.37   0      36.63     1160.996     50.45249
       455    376.4760    261.5000     1498.045     175.2716  17.0612   0.1271     5.45    0.701   0.22   0      12.55     361.4489     46.22424
       456    921.4258    256.9885     3876.143     194.2994  16.0290   0.0544     7.22    0.510  -3.46   0      30.02     937.6918     49.43634
       457    163.6499    253.2680     10266.54     232.3279  14.9714   0.0246     8.25    0.451  -6.29   0      66.71     2030.525     54.12355
       458    270.5305    253.1258     1005.496     85.19608  17.4940   0.0920     1.94    0.527  63.81   0      20.33     961.4834     49.31627
       459    984.6390    251.9972     4244.282     210.8021  15.9305   0.0539     9.47    0.547  -0.92   0      30.43     945.8878     49.58843
       460    623.5715    250.0252     1913.114     196.3678  16.7956   0.1115     6.01    0.269  13.07   0      15.53     502.2148     47.51151
       461     25.3017    240.9265     230016.2     410.9526  11.5956   0.0019     7.53    0.313  -4.71   0      571.9     43844.45     147.9539
       462     93.6681    245.7903     1737.285     184.2448  16.9003   0.1152     5.89    0.264  -8.66   0      13.82     449.2111      47.0168
       463    536.3226    244.7534     2681.904     217.7416  16.4289   0.0882     6.88    0.486  12.68   0      17.48     593.2668     47.58911
       464    485.7158    241.4133     49702.19     280.0348  13.2591   0.0061    11.71    0.416  -4.32   0      222.2     9902.985     80.67062
       465    758.3804    239.4208     2520.494     216.2666  16.4963   0.0932     7.03    0.533  -3.01   0      18.29     595.4719     47.95552
       466    409.6566    236.7084     3016.687      206.751  16.3012   0.0744     8.63    0.565  -4.28   0      21.15      579.009     47.40155
       467    190.0660    229.1840     30134.88     272.1387  13.8023   0.0098     7.44    0.382  -6.02   0      154.8     5710.214     67.83763
       468    683.9658    229.9303     5483.553     203.2653  15.6523   0.0403     7.98    0.514  -3.16   0      40.15       1184.3     50.44513
       469    239.7513    221.6327     39667.05     256.7551  13.5039   0.0070     7.48    0.368  -4.20   0      194.8     8086.511     75.37957
       470    709.7662    243.3765     5824.498     218.4177  15.5869   0.0407     9.77    0.449   4.54   0      40.48     1219.052     50.82497
       471    415.2150    220.3568     8427.277     224.9216  15.1858   0.0290     6.67    0.418  -1.21   0      57.77     1893.063      53.7545
       472    705.6533    219.3621      7648.76     244.6857  15.2910   0.0347     6.82    0.411  -5.78   0      51.01     1632.316     52.53275
       473    620.0619    217.9259     1392.638     122.8244  17.1404   0.0958     4.37    0.012 -47.47   3      19.83     757.7631     48.48536
       474    625.2703    217.5621     2033.187     184.6095  16.7296   0.0986     5.68    0.736   2.56   2      13.88     432.4351     46.93563
       475    210.7998    215.8609      5240.51     301.3293  15.7016   0.0624     9.89    0.609 -11.53   0      25.01     616.4548      47.8184
       476    663.6064    213.3570     8986.291     251.0568  15.1160   0.0303     4.98    0.303   5.17   2      57.42     1919.059      53.8643
       477    140.0957    203.4361     2455.999     215.5425  16.5244   0.0953     8.38    0.532 -10.85   0      18.29     515.4623     46.85458
       478    486.2642    202.7121     1271.693     87.53719  17.2390   0.0748     1.93    0.296 -44.47   0      31.11     1222.822     50.39394
       479    855.5908    195.3541     2818.472      134.168  16.3750   0.0517     0.00    0.543 -39.23   0      48.98     1825.943     53.46997
       480    441.0463    195.7856     4107.209     221.7946  15.9661   0.0586     7.38    0.531  -3.07   2      27.03     856.5135     49.17711
       481    435.8020    188.5363     34257.22     257.4841  13.6631   0.0082     7.48    0.387  -4.76   2      173.1     6733.869     71.26414
       482    366.6862    196.0365     4068.195     203.0769  15.9765   0.0542     8.54    0.510  -2.59   0      30.83     888.9828     48.86517
       483    976.5582    195.1332     3161.646     238.1132  16.2502   0.0818     9.62    0.318 -29.90   0      22.71     648.7771     47.97178
       484    750.5621    190.7873     70969.48     292.9494  12.8723   0.0045     9.72    0.382  -3.67   0      285.1     14468.62     92.82805
       485    483.9124    194.0691     4178.229     208.7039  15.9475   0.0542     7.92    0.444  -1.60   0      30.77     865.0943     48.75393
       486    260.5322    191.8838     10420.33       209.39  14.9553   0.0218     7.43    0.444  -2.53   0      69.96      2161.96     54.46495
       487    567.8113    190.0177     8845.735     254.2951  15.1332   0.0312     7.01    0.446  -3.16   0      57.09      1821.48      53.2385
       488    957.8832    188.9180     3989.602      235.918  15.9977   0.0642     7.83    0.492  -1.43   0       26.6     796.8436     48.43473
       489    965.0403    181.2706     3543.933     240.2537  16.1263   0.0736     8.23    0.426   2.30   0      23.09     633.8792     47.90114
       490    318.1189    179.1296     13129.29     239.8846  14.7044   0.0198     6.95    0.425  -3.73   0      81.77     2650.792     56.46793
       491    878.8594    181.1029     1705.638     168.9597  16.9203   0.1076     6.46    0.539  -6.75   0       14.6      458.656     46.82095
       492     78.5163    177.8077     3144.058     205.5166  16.2563   0.0710     8.44    0.464  -6.15   3       23.5     705.3412     48.35636
       493     82.2606    173.5230     3612.874     233.1363  16.1054   0.0701     8.16    0.414  -0.66   3      24.15     704.0702     48.11537
       494    511.0405    176.0024      4550.02     89.55085  15.8550   0.0214   -13.57    0.049  -2.05   0      91.27     4343.639     63.27278
       495    256.0114    174.1104     2351.054     118.7626  16.5718   0.0549     3.59    0.562 -89.31   0      32.93     1166.161     50.13776
       496    533.7033    171.2257     2944.924     232.4842  16.3273   0.0857     6.13    0.528  -3.89   0      16.49     528.2155     46.91639
       497     18.6357    169.8682     4430.776     247.4717  15.8838   0.0607     9.32    0.448  -5.96   0      28.88     719.4885     48.30562
       498    321.5086    168.8686      5895.74     232.3214  15.5737   0.0428     7.41    0.474  -6.19   0      40.39     1260.374     50.56301
       499    791.7249    167.8349     4418.522     292.1039  15.8868   0.0718     8.21    0.248 -37.80   0      23.61     525.7463     47.38531
       500   1022.7708    164.3959     1238.317     116.6137  17.2679   0.1023     2.15    0.196  45.55  24      16.12     656.0193     48.24162
       501    678.9971    164.9871      2715.08     84.76609  16.4155   0.0339     0.00    0.007 -64.65   3      65.49     2544.774     56.24152
       502    682.2209    161.8441     1909.295     186.7472  16.7978   0.1062     7.23    0.684   1.46   2      13.57     366.3813     46.85723
       503    402.9916    163.1075     2218.135     168.8104  16.6350   0.0826     6.02    0.512  -8.00   0      20.11      952.932     49.39174
       504    229.5615    162.6751     4049.194     259.4289  15.9816   0.0696     8.59    0.594  -3.34   0      21.97     611.6248     47.79544
       505    632.9896    159.8680     4294.148     211.5268  15.9178   0.0535     7.95    0.450   2.80   0       31.4     875.0185     49.03191
       506    224.4130    157.1594     5020.496     249.7207  15.7481   0.0540     6.96    0.468  -6.67   2      31.16     916.0195     49.56583
       507     39.3060    161.4288      2037.45     194.3364  16.7273   0.1036     6.31    0.685  -1.29   0      14.68     417.3023       46.376
       508    789.0187    159.4895     3866.228     260.9029  16.0318   0.0733     7.49    0.414  -0.13   0      21.09     617.4753     47.46637
       509    967.8652    158.3212      2233.36     215.9647  16.6276   0.1050     7.10    0.700  -3.81   1      16.52     415.3448     46.61024
       510    314.2956    155.2740     1824.532     191.8846  16.8471   0.1142     5.81    0.543  -9.39   0      13.79     380.0999     46.31586
       511    263.1608    153.7157     1732.011     183.4676  16.9036   0.1150     5.58    0.458   3.40   0      14.64     466.2997     46.85804
       512    801.0923    149.7584     5038.566     103.8842  15.7442   0.0224     5.25    0.372 -71.83   0      92.16     4437.822     63.16311
       513    782.1144    147.3749     3599.681     245.5559  16.1093   0.0741     6.81    0.460   6.41   0      21.93     645.8359     47.72089
       514    297.6738    147.4158     1354.212     142.0189  17.1708   0.1139     5.71    0.599 -36.06   0      12.56     318.9182     46.50474
       515    186.2169    147.2823     1927.313     155.2866  16.7876   0.0875     3.79    0.306  -8.10   2      17.02     625.3623     47.86071
       516    991.1068    146.5178     1760.267     173.1738  16.8861   0.1068     6.86    0.687   6.01   0      13.84     383.4362     46.57624
       517    253.1211    144.6940     8467.416     238.4167  15.1806   0.0306     7.13    0.425  -3.70   0      55.07     1701.977     52.61827
       518    198.4466    143.9308     1560.937      168.765  17.0165   0.1174     6.17    0.565   2.19   0      13.93     417.5911      46.8637
       519    128.0300    142.9778     6026.266     93.22218  15.5499   0.0168     4.26    0.019 -41.03   3      100.4      5638.21     67.76346
       520    133.0482    142.0055       9315.7     313.1071  15.0770   0.0365     6.65    0.328   1.79   2       46.3     1661.208      52.6576
       521    382.5927    141.0911     5570.811     199.8487  15.6352   0.0390     9.01    0.516  -3.36   0      39.27     1184.889     50.44778
       522    795.6859    133.5970     2021.295     181.4985  16.7359   0.0975     3.57    0.513  55.67   0       16.2     669.1664     48.30352
       523    119.0555    132.8707     5194.382     251.0105  15.7112   0.0525     7.12    0.479  -0.96   0      32.01     987.7493     49.43717
       524   1002.1351    131.0951       6492.4     266.9228  15.4690   0.0446     7.75    0.504  -1.86   0      39.73     1170.944     50.15943
       525     41.0134    130.7699     3091.109     121.3438  16.2747   0.0426     5.70    0.340  38.78   3      50.91     1996.175     54.18871
       526     44.4844    128.5057     4103.022     225.5909  15.9672   0.0597     8.43    0.394   6.66   2      32.12     1136.097     50.11451
       527    598.0519    137.3192      2061.27     192.1648  16.7147   0.1012     5.79    0.530  -6.88   0       15.3     503.9744     47.04041
       528    722.8054    125.3908     13104.16     287.6713  14.7065   0.0238     6.93    0.377  -9.40   0      73.39     2257.118     55.06683
       529    701.8366    126.0627     8035.202       286.62  15.2375   0.0387     7.31    0.479  -1.87   2      41.14     925.3459     49.26463
       530    653.8776    126.8465     2125.809     202.9962  16.6812   0.1037     6.50    0.543   6.04   0      15.56     434.5295     46.82489
       531    876.6145    117.1801     10115.49     232.7896  14.9875   0.0250     6.89    0.433  -5.09   0      66.21      2077.17     54.42331
       532    259.8932    113.1727     1953.194     177.4649  16.7731   0.0987     6.37    0.583  -9.02   0      14.58     433.9241     46.45738
       533     59.7030    110.2003     5070.839     294.5416  15.7373   0.0631     8.68    0.474   1.39   0      23.72      706.556     48.24473
       534     42.4346    104.4294      38180.5     271.5679  13.5454   0.0077     7.62    0.364  -3.15   0      187.1     7412.397     73.47337
       535    685.2927    100.4689     10758.45     255.4447  14.9206   0.0258     7.42    0.451  -3.80   0      67.34     2124.159     54.30698
       536    383.2012    101.1556     3529.567     259.5198  16.1307   0.0799     7.98    0.558   3.19   0      19.53     551.8918     47.74854
       537    548.3282     97.0077     1888.537     184.4313  16.8097   0.1061     5.26    0.420 -15.59   0      14.23     509.8208     47.30887
       538   1003.7294     95.0230     1819.416     182.8024  16.8502   0.1091     2.59    0.135 -11.37   2      13.95     513.0219     47.44386
       539    273.3602     93.7332     5456.494     200.4269  15.6577   0.0399     8.47    0.601   4.98   0      46.68     1435.624     51.56499
       540    816.4163     91.6610     4556.201     227.2972  15.8535   0.0542     8.44    0.541   1.28   0      32.33     945.6279     49.35811
       541    750.3956     88.0028     13771.64     280.2213  14.6525   0.0221     8.46    0.455  -3.62   3      78.66     2582.841     56.39513
       542    760.8510     86.3936     18446.74      274.344  14.3352   0.0162     7.15    0.377  -2.41   3      105.1     3535.653     60.20667
       543    162.8587     83.9220     2204.048     168.7914  16.6419   0.0832     7.22    0.609  -2.23   0      17.32      540.249     47.21535
       544    952.9875     78.7017     3232.241     200.0252  16.2262   0.0672     8.22    0.543  -0.77   0      24.43      701.355     48.22023
       545    598.3781     78.2197     2324.395     136.4795  16.5842   0.0638     7.61    0.523   0.79   0      19.89     596.4063     47.95995
       546    977.8643     77.5076     3942.463     292.7031  16.0106   0.0806     8.39    0.480  -6.92   0      20.85     513.4005     47.08593
       547    634.9304     76.7335     1848.119      173.289  16.8332   0.1018     6.54    0.541  -5.77   0      15.57      519.432     47.23518
       548     42.6739     74.9094     2973.698     231.9021  16.3168   0.0847     7.45    0.628   0.56   0      18.33     543.2563     47.22982
       549     61.4424     70.3195     5869.743     261.5612  15.5785   0.0484     7.80    0.436  -5.29   0      36.62     1031.426     49.52324
       550    859.6147     68.8886     6561.742     250.5547  15.4575   0.0415    11.57    0.440  13.39   0       41.5     1264.791     50.58286
       551    960.3466     69.5005     3347.433     227.3354  16.1882   0.0738     6.95    0.458  -5.94   0      23.38     714.7469     47.92985
       552    972.2668     63.9015     25233.98     279.4036  13.9950   0.0120     6.98    0.390  -0.14   0      133.9      4893.96     64.87102
       553    824.1313     59.1691     128679.4     342.6886  12.2262   0.0029     7.09    0.334  -3.26   0        411     25542.09     116.6895
       554    339.1256     61.6673     25252.16     241.3242  13.9943   0.0104     7.36    0.405  -2.80   0      138.7     4880.215     64.91022
       555     28.2471     61.4391     13714.27     247.4089  14.6571   0.0196     7.38    0.443  -3.57   0      83.74     2623.233     56.45738
       556    553.8411     59.1354     84647.36     309.3875  12.6810   0.0040     7.08    0.358  -4.46   0      317.8     16777.99     98.14658
       557    434.9689     59.9595     4793.401     90.16641  15.7984   0.0204     4.34    0.101  61.01   0      92.95      4548.19      64.0033
       558   1003.3831     56.6243     2097.845     213.8434  16.6956   0.1107     5.81    0.232   1.55   0      14.44     478.7028      47.3989
       559    162.9534     46.7001     9081.142     207.2488  15.1046   0.0248     7.98    0.467  -4.44   0      60.51     1770.768     52.48438
       560    786.8303     44.4608     22988.93     230.1257  14.0962   0.0109     7.09    0.417  -2.82   0      131.3     4792.299     64.60166
       561    910.6495     45.4767     3784.857     279.7058  16.0549   0.0803     8.67    0.557   5.57   0      17.84     458.6813     46.94197
       562    300.0493     45.3347     2350.173     210.7765  16.5723   0.0974     6.65    0.511  -5.01   0      16.69       547.17     47.48796
       563    982.8318     45.6564      1810.72     158.7277  16.8554   0.0952     6.51    0.556  -3.97   0      15.89      532.052     47.29586
       564    490.7514     41.0775     2009.382     207.0142  16.7423   0.1119     6.29    0.553  -5.21   0      14.49     375.9885     46.53988
       565    129.6630     37.7861     28623.64     252.4625  13.8582   0.0096     7.10    0.328   2.56   0      149.5     5072.294     65.66567
       566    853.6647     36.0983     2944.165     174.7206  16.3276   0.0644     8.38    0.581   0.58   0      22.79     700.2209      47.9792
       567    509.0643     36.5716     1777.546     155.9783  16.8754   0.0953     5.64    0.602   5.53   0      14.94     488.2791     47.20527
       568   1015.7338     29.9685     3537.973     231.8441  16.1281   0.0712     8.16    0.496  -3.99  16      23.69     652.2885     47.98841
       569    857.2640     17.8813     4246.029     255.1974  15.9300   0.0653     7.53    0.512  -5.80   0      24.33     749.5652     48.32979
       570    763.4970   1020.0466     17230.53     237.2584  14.4093   0.0150     7.05    0.428  -5.88  16      103.2     3548.318     59.87702
       571    611.1770   1021.0485     5391.122     244.9049  15.6708   0.0493     8.10    0.527  -7.89  16      32.89     1003.691     49.85265
       572    885.2277   1019.6493     7437.608     253.5928  15.3214   0.0370     7.36    0.440  -5.51  16      46.27     1355.347     51.43083
       573    345.4521   1021.0894      2334.47     186.5057  16.5795   0.0868     6.07    0.521  -1.96  16      16.88     578.5914     47.39955
       574    550.6337   1019.7537     1948.062       194.96  16.7760   0.1087     6.49    0.644  -0.71  16      14.59     413.0067     46.96231
       575    421.4195   1017.1575     7149.931     238.3494  15.3642   0.0362     7.43    0.478  -2.44  16       49.5     1503.957      52.0834
       576    218.2682   1013.9436     79454.68     294.6902  12.7497   0.0040     7.23    0.358  -5.52  16      309.8     15853.65     95.92321
       577    385.1169   1010.6393     2203.168     203.0828  16.6424   0.1001     7.34    0.545   1.37   0      17.48     561.6028     47.31802
       578    169.0366   1010.1080     2727.958     215.8291  16.4104   0.0859     6.39    0.563  -7.21   0      16.49     454.1851      46.5564
       579     45.3667   1008.1108     5568.222     212.2247  15.6357   0.0414     7.18    0.453  -4.15   0      40.24     1281.915     50.65975
