#   1 NUMBER                 Running object number                                     
#   2 X_IMAGE                Object position along x                                    [pixel]
#   3 Y_IMAGE                Object position along y                                    [pixel]
#   4 FLUX_AUTO              Flux within a Kron-like elliptical aperture                [count]
#   5 FLUXERR_AUTO           RMS error for AUTO flux                                    [count]
#   6 MAG_AUTO               Kron-like elliptical aperture magnitude                    [mag]
#   7 MAGERR_AUTO            RMS error for AUTO magnitude                               [mag]
#   8 FWHM_IMAGE             FWHM assuming a gaussian core                              [pixel]
#   9 ELLIPTICITY            1 - B_IMAGE/A_IMAGE                                       
#  10 THETA_IMAGE            Position angle (CCW/x)                                     [deg]
#  11 FLAGS                  Extraction flags                                          
#  12 SNR_WIN                Gaussian-weighted SNR                                     
#  13 FLUX_APER              Flux vector within fixed circular aperture(s)              [count]
#  14 FLUXERR_APER           RMS error vector for aperture flux(es)                     [count]
         1    630.2648     10.8560      3711.83     264.1195  16.0760   0.0773     3.72    0.307  12.33  18      21.23     815.6817     54.68651
         2    201.0040      5.9750     2068.333     93.09799  16.7109   0.0489     0.00    0.025 -48.75   3      50.84     1802.357     58.64387
         3    197.8258      2.8405     2526.244       241.97  16.4938   0.1040     9.23    0.769   2.08  18      17.95     665.9629     54.19667
         4    402.1138      3.8347     2168.656     133.8348  16.6595   0.0670     3.43    0.130  18.50  19      21.71     951.0257     54.84505
         5    397.2770      3.2549      3020.62     168.0293  16.2998   0.0604     3.71    0.161   9.36  19      27.05     1168.263     55.86987
         6    904.2583   1016.8533     4417.546     279.5978  15.8870   0.0687     5.01    0.191  20.02  18      23.93       889.94     55.12791
         7    445.0300   1014.7699     2232.504     183.7468  16.6280   0.0894     3.52    0.170  -9.01   3      20.86     917.5198      55.2415
         8    440.1242   1014.1923     2458.547     189.9299  16.5233   0.0839     3.38    0.128 -22.66   3      22.53     993.8312       55.289
         9    241.9903   1011.5022     24608.88      197.865  14.0223   0.0087     3.19    0.077 -49.43   3      155.9     10223.84     85.16061
        10    237.1655   1011.0492     33728.29     252.0582  13.6800   0.0081     4.06    0.117 -35.87   3      180.6     11477.64     88.44344
        11     68.7207   1005.6957     2212.461     189.6352  16.6378   0.0931     5.01    0.151  -3.82   3      18.15     731.2326     53.92656
        12     63.8591   1005.5033     1858.173      121.766  16.8273   0.0712     3.26    0.212 -27.25   3      20.07     885.8569     54.57433
        13    685.5335   1000.9980     6130.762     226.6207  15.5312   0.0401     3.73    0.063 -75.99   3      43.71     1960.362     59.25305
        14    680.5640   1000.7673     7435.025     246.5375  15.3218   0.0360     3.71    0.102 -10.92   3      50.87     2338.241     60.80629
        15    816.9514   1000.4821     2371.942     198.3573  16.5622   0.0908     3.15    0.175   1.57   3      21.16     907.7054     54.66524
        16    812.1373    999.9814     3635.786     254.8355  16.0985   0.0761     5.40    0.258 -17.53   2      24.24     998.2645     55.30722
        17    549.0701    999.3699     8923.534     332.2583  15.1237   0.0404    10.77    0.494   8.49   0      43.87     1158.628     55.96231
        18    904.6116    999.1410     2958.213     242.3754  16.3224   0.0890     3.73    0.210 -18.69   2      17.47      714.793     54.26561
        19    207.4829    983.2370     5160.681     301.0902  15.7182   0.0634     5.42    0.345  24.53   2      21.78     619.8151     53.59242
        20    419.4907    978.7569     10483.07     278.6044  14.9488   0.0289     3.67    0.211   2.92   3      64.72     3039.686     62.90764
        21    414.5210    978.2170     8928.759     211.0302  15.1230   0.0257     3.43    0.107 -43.43   3      66.29     3267.862     64.07216
        22    501.8003    979.9929     2670.795     223.1238  16.4334   0.0907     4.01    0.283  -1.32   2       17.1     648.8665     53.85231
        23    971.0074    972.3378     3956.679     106.6084  16.0067   0.0293     0.99    0.168 -89.06   0      68.62     3894.108     66.25632
        24    379.2919    970.8706     3001.218     106.2968  16.3068   0.0385     2.44    0.331 -26.02   0      64.01     2555.987     61.25541
        25    263.0565    960.0923      8894.46     115.0732  15.1272   0.0141     4.80    0.244  59.96   0      131.2     8653.514     80.67906
        26    740.9933    958.0004     4440.196     197.9441  15.8815   0.0484     4.09    0.088  67.94   3      37.27     1695.499     58.10175
        27    736.1509    957.9188     5135.488     201.4988  15.7235   0.0426     3.45    0.100 -65.58   3      41.67     1923.742     58.73775
        28    357.5632    956.3558     3785.872     266.9543  16.0546   0.0766     5.20    0.373  -4.41   2      18.05     551.7584     53.57844
        29    282.7684    956.0979     6143.196     111.1721  15.5290   0.0197     4.96    0.265 -22.02   0      99.45     5377.302     70.64338
        30    454.8439    955.1736     1930.132     197.8504  16.7860   0.1113     5.10    0.267 -26.63   3      14.77     567.6258     53.78271
        31    450.1651    955.0450     2275.103     209.0863  16.6075   0.0998     3.72    0.286   2.24   2       17.5        738.9     54.36648
        32    769.1107    950.1812     58912.06     403.6361  13.0745   0.0074    12.63    0.504 -21.40   3      185.7     8929.307     81.36186
        33    504.1061    952.7580     3329.354     261.6895  16.1941   0.0854     5.08    0.360   1.46   2      17.71     581.6497     53.15415
        34    233.5606    952.6611     4153.017     217.9778  15.9541   0.0570     4.32    0.240   1.18   3      31.42     1354.131     56.75074
        35    228.5571    952.2241     4022.715      170.462  15.9887   0.0460     3.66    0.139 -62.58   3      33.52     1470.631     57.47205
        36    141.0664    953.9044     10425.54     118.0584  14.9548   0.0123     4.87    0.267 -55.93   0      147.1     10549.46     85.85398
        37    938.9926    951.4903      5182.89     242.9427  15.7136   0.0509     3.96    0.168 -28.30   3      33.78     1467.362      57.2024
        38    934.1293    951.0083     6984.483      287.495  15.3897   0.0447     3.85    0.139 -17.62   3      41.04     1803.526     58.52279
        39    543.2914    946.0208     4466.081     177.3881  15.8752   0.0431     3.48    0.175  47.97   3      34.52     1499.648     56.94414
        40    538.5244    945.7873     5236.747     206.1252  15.7023   0.0427     4.82    0.138   2.65   3      39.94     1642.992     58.02297
        41    544.0482    951.2979     4948.465     201.2878  15.7638   0.0442     4.00    0.107 -17.03   3      38.14     1560.233     57.18544
        42    539.4808    950.5779     5842.507      209.444  15.5835   0.0389     4.19    0.013  76.97   3      43.99     1813.329     58.56084
        43   1009.0312    945.3096     7669.507     246.7536  15.2881   0.0349     4.98    0.223  85.85   3      49.78     2074.693     59.19476
        44   1003.7825    943.7780     10165.12     228.2255  14.9822   0.0244     9.81    0.290  69.30   3      66.16     2166.698     60.16171
        45    641.6452    946.0603     3018.045     248.4284  16.3007   0.0894     3.52    0.258   6.80   2      20.28     748.9957     54.27324
        46    861.9659    937.4939     5309.214       219.18  15.6874   0.0448     3.40    0.134 -42.20   3      37.91     1722.391     57.69891
        47    857.1292    937.0396     6095.057     239.9916  15.5376   0.0428     3.30    0.199 -23.25   3      46.05     2167.912     59.92117
        48    181.4530    937.5347     3930.519     265.6962  16.0139   0.0734     5.45    0.141  -7.52   2      19.95     749.9771     54.27734
        49    266.0065    935.0667     3572.023     96.69918  16.1177   0.0294     0.00    0.056  83.83   0      74.62     3473.542     64.68396
        50    447.5168    928.4576     3452.375     239.0202  16.1547   0.0752     3.97    0.200  24.26   3      20.24     738.3723     53.95664
        51    442.8633    928.1198     3769.257     307.3082  16.0594   0.0885     5.14    0.259  26.80   2      21.29     787.8102     54.30017
        52    867.5164    928.9568     17211.58     223.9161  14.4104   0.0141     3.44    0.155 -64.78   3      112.9     6088.523     73.09724
        53    862.5664    928.4914     19691.29     220.6578  14.2643   0.0122     3.58    0.085 -60.02   3      129.4     7318.034     76.63313
        54    121.0053    926.0020     5124.649      100.282  15.7258   0.0213     0.00    0.003  66.30   2      99.78     5223.121       70.564
        55     78.6789    925.7782     3230.616     255.1958  16.2268   0.0858     4.06    0.164  -5.46   2      19.54     746.7116     54.26367
        56    319.6388    908.1069     7678.729     179.4183  15.2868   0.0254     3.95    0.134  62.89   3      61.53     2832.066     61.91576
        57    314.7515    907.9739     9328.722     196.1129  15.0754   0.0228     3.71    0.061   5.22   3      68.95     3295.578     64.28497
        58    732.5097    908.3718     3147.926     244.0655  16.2549   0.0842     3.93    0.202  12.38   2      17.14     623.6378     53.33337
        59    609.0256    902.7150        28329     245.6485  13.8694   0.0094     3.46    0.116 -83.88   3      159.4     9604.952     83.31616
        60    604.4467    902.5001     31767.78     235.9047  13.7450   0.0081     3.79    0.030 -49.06   3      176.6      10827.2     86.33073
        61    695.2274    904.5941     2621.966     239.0004  16.4534   0.0990     4.48    0.342  -2.88   2      17.13     677.7068     54.11006
        62    647.7283    903.9924     1596.108     176.8216  16.9923   0.1203     2.88    0.186  -0.47   0      14.66     647.3286     53.84582
        63    993.0317    898.5178     2394.244     211.8374  16.5521   0.0961     3.46    0.119 -27.15   2      18.27     692.1451     53.89828
        64    764.2548    950.1458     30167.46     242.8397  13.8012   0.0087     6.58    0.146 -26.94   3        164     10293.84     85.51951
        65    352.5827    896.8337      4526.99     126.6494  15.8605   0.0304     2.50    0.461 -63.14   0       59.1     3947.057     66.65886
        66    349.9966    890.0061     4405.966      163.266  15.8899   0.0402     3.60    0.187 -19.70   3      39.52     1823.125     58.59885
        67    345.0001    889.6914     5205.338     169.8792  15.7089   0.0354     3.54    0.134 -30.29   3      44.03     1997.399     59.27091
        68    161.9956    880.7725     3631.957     98.72148  16.0996   0.0295     0.84    0.144 -89.53   0      71.57     3674.708     65.61166
        69    306.0490    877.4810     1890.298     182.3167  16.8087   0.1047     4.58    0.272 -15.65   3      19.26     818.0435     54.29119
        70    299.6122    877.7466     5013.913     141.2125  15.7496   0.0306     6.66    0.379 -21.90   2      69.13     3601.948     65.24644
        71    200.1811    876.1598     4028.647     196.5371  15.9871   0.0530     3.67    0.059  38.55   3      32.45     1367.611     57.19203
        72    195.6381    875.8694     5238.441     247.4957  15.7020   0.0513     3.90    0.158  -3.14   3      38.48     1694.014     58.09594
        73     47.6353    870.4274      27157.8      314.932  13.9153   0.0126    10.91    0.360 -19.89   3      112.9     4768.145     69.29579
        74     42.6797    870.8680     12849.98     212.6317  14.7277   0.0180     3.59    0.142 -48.20   3      91.19     4705.985     68.66425
        75     99.0510    873.6812     4227.204     257.5147  15.9349   0.0662     4.16    0.160   7.78   3      24.13     973.3216     54.93737
        76     94.3780    873.5100     2971.177      208.963  16.3177   0.0764     4.04    0.110 -11.71   3      24.09       969.62      54.7879
        77    275.9749    869.6885        14195     200.7592  14.6197   0.0154     3.38    0.142 -52.88   3       97.8     5138.719     70.08192
        78    271.2341    869.3166     16734.58     227.5113  14.4410   0.0148     3.58    0.129 -55.56   3      109.7     5806.213     72.31598
        79    137.3715    871.5707     2876.837     202.6005  16.3527   0.0765     0.00    0.468  33.74   2      19.81      909.623       55.209
        80    593.5146    864.4889     4562.699     200.8517  15.8519   0.0478     3.81    0.080  44.36   3      35.49      1461.71     57.05109
        81    588.8625    864.1622     5968.577     224.8273  15.5603   0.0409     4.08    0.030  45.59   3      40.87     1725.373     58.21849
        82    114.4504    862.5107     1967.544     206.9816  16.7652   0.1142     5.15    0.268 -17.37   0      13.29     501.3954     52.94905
        83    885.4914    857.4882     5836.771     179.1357  15.5846   0.0333     3.52    0.060 -26.34   3      50.87     2355.717      60.5078
        84    880.5950    857.0995     7147.424     210.8553  15.3646   0.0320     3.60    0.111 -39.55   3      57.82     2778.489      62.1939
        85    435.1532    858.1517     2788.159     186.4172  16.3867   0.0726     3.39    0.130 -45.33   3      23.83     1020.532     55.53133
        86    430.2961    857.9329     3349.235     183.1245  16.1876   0.0594     3.90    0.228 -16.08   3      28.66      1255.84     56.09395
        87    649.8577    854.8466     10822.46     234.4384  14.9142   0.0235     3.45    0.107  45.89   3      77.03     3810.494     65.96888
        88    645.0000    854.6939     12796.46     227.6206  14.7323   0.0193     3.47    0.118  79.11   3      86.91     4517.369     68.25307
        89    136.1072    855.7564     3382.687     277.4323  16.1768   0.0891     0.00    0.218  -0.76   0      19.07      702.855     53.66988
        90    928.4553    855.3561     2766.118      217.375  16.3953   0.0853     3.76    0.096 -30.39   3      20.41     859.2407     54.86724
        91    923.4454    855.1772     3421.646     253.1953  16.1644   0.0804     3.60    0.246 -15.91   3       20.4     869.2165     55.04241
        92    803.6688    848.1074     4879.021     277.9943  15.7792   0.0619     4.56    0.224  37.11   3      23.92     898.1102     54.62534
        93    798.9823    847.7026     3170.641     224.4536  16.2471   0.0769     3.44    0.099  -8.27   3      24.76     1078.021     55.23573
        94     82.0454    846.4696     4792.376     263.6558  15.7986   0.0597     4.05    0.315   1.78   3      24.94     1008.798     55.35049
        95     77.4912    846.0061     4130.627       285.23  15.9600   0.0750     4.65    0.204 -32.81   3      22.22     871.2046      54.7826
        96    643.4910    844.0068      4384.65     276.2611  15.8952   0.0684     3.81    0.149  39.82   2       21.1     667.4259     53.93058
        97    203.0063    835.2800     6056.755     205.2423  15.5444   0.0368     3.50    0.067 -53.62   3      49.18     2266.893     60.41735
        98    198.2051    834.9865     8422.739     242.9444  15.1864   0.0313     3.80    0.083 -22.21   3      58.04     2664.075     61.77439
        99    260.9795    830.4863     28599.27     226.4225  13.8591   0.0086     3.48    0.089 -51.93   3      167.4     10715.66     86.29282
       100    256.0952    830.1276     35161.17      254.072  13.6348   0.0078     3.31    0.146 -67.29   3      187.2     12301.57     90.29174
       101    663.4674    831.9690     4016.962     193.6948  15.9903   0.0524     4.12    0.229 -23.81   3      31.33      1365.53     56.79636
       102    658.6976    831.6516     4493.886     227.4133  15.8684   0.0550     3.49    0.173 -35.99   3      33.35     1474.715     56.84454
       103    993.6318    830.0707     5181.242      316.012  15.7139   0.0662     9.62    0.434  13.97   2      25.38     919.5602     54.98285
       104    281.2604    829.0073     5987.042     186.3695  15.5570   0.0338     3.55    0.155  88.10   3      48.42     2362.836     60.77719
       105    276.3269    828.8757     7592.518     224.0125  15.2990   0.0320     3.97    0.096 -16.80   3      56.75     2621.773     61.37923
       106    193.0012    827.4879      3335.93     217.1242  16.1920   0.0707     4.39    0.195   0.34   3      25.22     1069.538     55.59933
       107    187.9948    827.0289     3121.808     210.8789  16.2640   0.0734     3.99    0.140 -24.39   3      26.63     1156.898     56.21771
       108     62.6839    827.7269     4086.915     274.6798  15.9715   0.0730     4.12    0.193  11.48   2      20.49     713.4225     53.71461
       109    931.2784    823.0884     1533.565     108.3317  17.0357   0.0767     4.96    0.342  22.49   0      34.09      1093.02     55.43034
       110    891.7397    821.6702     2059.918     210.6067  16.7154   0.1110     5.53    0.116  77.18   0      14.74     583.3762     53.57521
       111      2.6744    815.6602     1530.375     153.3262  17.0380   0.1088     5.52    0.556  30.79  24      12.61     410.1234     52.83513
       112    673.2905    811.0129     3109.718     221.9185  16.2682   0.0775     3.79    0.143 -72.74   3      25.16      1117.88     55.53218
       113    668.3505    810.8858     4629.339     293.8814  15.8362   0.0689     9.24    0.270 -62.70   3      31.14     1393.726     56.64986
       114     92.6015    807.7220     4700.303     125.5025  15.8197   0.0290     6.00    0.490  32.63   0      79.61     3903.394     66.17705
       115    280.0367    802.7381     2997.269     185.6838  16.3082   0.0673     3.94    0.183   7.76   3      25.47     1085.245      55.6635
       116    275.3150    802.8766     3940.407     202.8853  16.0111   0.0559     3.71    0.035   4.94   3      28.33     1154.038     55.54763
       117    872.0257    797.4935      4302.24     220.6491  15.9158   0.0557     3.67    0.145  -9.84   3      32.21     1366.592     56.41059
       118    867.4992    797.0063     5312.437     250.5187  15.6868   0.0512     4.68    0.240 -28.68   3      37.26     1605.405     57.74826
       119    884.5930    793.5828     1894.732     127.7318  16.8061   0.0732     4.74    0.577 -56.91   0      28.75     1351.355     56.73961
       120    380.2379    792.2987     2698.488     215.6043  16.4222   0.0868     3.58    0.195 -39.61   2      15.62     629.7828     53.22146
       121     31.5070    792.2394     2823.952     213.1628  16.3729   0.0820     3.40    0.204   8.04   3      19.21      790.999     53.90551
       122     26.7683    792.0380     2803.734     209.6601  16.3807   0.0812     4.30    0.269  -1.94   3      19.65     814.8317     54.68298
       123   1000.0268    790.9889     4030.297     269.9028  15.9867   0.0727     5.00    0.461  -4.58   2      19.41     722.6748     54.29861
       124    601.2772    788.0115     1440.092     164.7648  17.1040   0.1243     4.15    0.185   0.68   3      14.21     598.7401     53.64034
       125    596.6846    787.8467     2205.972     209.8895  16.6410   0.1033     4.00    0.412  -6.37   2      15.68     628.6366     53.49242
       126     43.6381    786.3137     2232.092     108.0987  16.6282   0.0526     1.60    0.316 -41.47   0      43.31     2108.831      59.4496
       127    675.8973    784.1420     3605.051     256.2481  16.1077   0.0772     4.59    0.128  13.81   3      20.57     835.2273     54.36308
       128    671.1226    784.1332     3101.139     247.0193  16.2712   0.0865     3.94    0.035 -10.40   3      20.67     855.5615     54.44802
       129    264.7671    776.4230     2458.549     191.8575  16.5233   0.0847     3.75    0.198 -15.22   3      22.06     921.4148     55.25751
       130    260.2112    776.2717     3224.517     235.7017  16.2288   0.0794     3.69    0.180 -22.75   3      23.57     1027.535     55.42737
       131   1007.4577    774.4913     2724.429     218.1763  16.4118   0.0870     6.46    0.552  11.65   2      16.88     549.4769     53.15503
       132      6.1753    773.3718     6530.759     212.7992  15.4626   0.0354     4.80    0.031  84.84  19      48.03      2105.58     59.93038
       133      1.9671    772.9782     4789.635      140.851  15.7992   0.0319     3.51    0.310 -78.73  27      47.45     2217.135     60.35194
       134    545.0074    773.9399     8006.464     106.6133  15.2414   0.0145     0.00    0.041  88.60   0      120.2     7970.383     79.01109
       135    827.3265    772.5458      2166.22     205.4161  16.6607   0.1030     3.67    0.269  19.24   3      16.61     679.7296     53.84591
       136    822.4408    772.2208     2390.492     187.9003  16.5538   0.0854     3.92    0.179  76.99   2      19.91     810.5637     54.79969
       137    553.2020    771.3005     3708.939     258.4844  16.0769   0.0757     4.26    0.247  -4.80   2      21.65     828.0004     54.60307
       138    194.9653    766.9164     9316.616     111.0399  15.0769   0.0129     0.00    0.153  64.54   0      133.6     8890.453      81.4342
       139    432.9858    762.6963     2173.746      192.478  16.6570   0.0962     3.64    0.224  14.48   3      18.56     788.1812     54.30173
       140    428.1736    762.1942     2763.917      209.617  16.3962   0.0824     4.18    0.133  -4.48   3      21.83     907.4896     55.06673
       141    695.7439    755.8146     52776.42     235.8676  13.1939   0.0049    -0.18    0.588 -10.01   0      314.9     48105.23     156.4796
       142    337.5773    755.8527     10317.84     340.8529  14.9660   0.0359    10.12    0.541   3.67   0      48.01     1375.973     56.96746
       143    530.0091    756.3698      3254.91     105.1017  16.2187   0.0351     0.80    0.184 -89.04   0      60.07     3045.107     63.39328
       144    487.9699    756.5029      1698.33     177.9896  16.9249   0.1138     4.67    0.346 -11.72   2      14.51     582.7684     53.02031
       145    758.4673    753.0318     2678.612     169.7477  16.4302   0.0688     3.55    0.146  -3.14   3      23.38     1030.967     55.44144
       146    753.6418    752.9088     2677.033     182.2883  16.4309   0.0739     3.69    0.167  -4.61   3      24.55     1071.366     55.34148
       147    690.6953    749.4370     11666.77     218.2156  14.8326   0.0203     3.85    0.173  49.02   3      80.36      3823.46     65.45377
       148    685.8464    749.1581     14318.07     242.4005  14.6103   0.0184     4.01    0.121  49.92   3      92.78     4649.057     68.69017
       149    964.4086    746.9205     3238.293      232.572  16.2242   0.0780     3.76    0.212 -40.84   3      25.44     1084.433     55.66018
       150    959.5247    746.5140     3471.402     210.3826  16.1487   0.0658     7.17    0.094  25.39   3      27.58     1169.659     55.61151
       151    559.5164    742.4739     63619.86     259.9106  12.9910   0.0044     3.46    0.096 -51.40   3      278.6     22129.63     112.3383
       152    554.7229    742.0090     73858.16     285.3178  12.8290   0.0042     3.52    0.144 -71.62   3      306.5     26580.63     121.1909
       153    362.8477    747.0104     3537.982       245.18  16.1281   0.0753     3.77    0.201  -3.17   2      21.38     865.0735      55.0253
       154    821.9869    739.9565     2202.229     219.3158  16.6428   0.1082     4.90    0.250  27.22   2      15.63     559.0857     53.74661
       155    717.0042    733.5037     5650.859     278.6246  15.6197   0.0535     7.42    0.293 -32.87   3      30.08     1156.421     55.95335
       156    711.9731    733.4923     3634.076     186.4616  16.0990   0.0557     3.80    0.159 -24.32   3      30.85     1338.561     56.29755
       157     82.2955    727.9992     15169.63     213.3793  14.5476   0.0153     3.60    0.100 -62.96   3      102.3     5404.136     71.14462
       158     77.6592    727.8532     17261.28     219.8209  14.4073   0.0138     3.69    0.153 -57.35   3      115.6     6465.053     74.65406
       159    402.1510    729.3347     2804.669     251.1803  16.3803   0.0973     5.12    0.491 -13.36   2      16.33     467.9143     53.08314
       160    555.0293    726.4940     8759.133     235.5744  15.1438   0.0292     3.49    0.151 -33.44   3      60.09     2789.789     61.76038
       161    550.2892    726.1071     9502.598     227.5648  15.0554   0.0260     3.70    0.180 -36.79   3      68.38      3264.67     63.83067
       162     49.5080    720.2355     3114.416     216.0423  16.2666   0.0753     3.93    0.219 -12.92   3      24.67     1015.489     54.84382
       163     44.7772    720.0004     4115.721     208.4463  15.9639   0.0550     8.48    0.522 -27.14   3      27.38     1165.587     55.99057
       164    260.0151    716.5058     12217.55      198.508  14.7825   0.0176     3.37    0.118 -48.21   3      89.62     4641.428     68.45024
       165    255.2969    716.1398     15246.71     225.2047  14.5421   0.0160     3.79    0.149 -41.14   3        102     5204.318     70.29434
       166    314.1638    710.8331      36854.1     243.7926  13.5838   0.0072     3.51    0.142 -76.66   3      194.8     12524.24     91.17393
       167    309.5633    710.3602     38750.84     240.2525  13.5293   0.0067     3.62    0.082 -56.92   3      203.7     13865.46     94.38016
       168    713.9708    705.9205     2576.742     94.33097  16.4723   0.0398    -4.75    0.124  61.46   0      60.55     2302.783     60.43055
       169    135.7345    699.9775     2004.441     188.4118  16.7450   0.1021     2.56    0.191  -3.72   0      14.03     578.0933     53.69003
       170    374.0732    693.2429      3015.61     251.3711  16.3016   0.0905     3.49    0.134  23.87   2      18.78     771.3915     54.36694
       171    561.9880    689.4972     7657.573     195.1118  15.2898   0.0277     3.49    0.098 -14.41   3      61.31     2940.998     62.78494
       172    557.2584    689.1373     10071.25     224.8831  14.9923   0.0242     3.66    0.213 -41.96   3       68.8     3366.035     64.41945
       173    185.6037    686.1501     3890.376     243.2479  16.0250   0.0679     5.39    0.395  -6.38   3      25.32     1067.165     55.58963
       174    181.1825    685.6307     2739.441     153.9173  16.4058   0.0610     3.65    0.293 -31.95   3      24.35     1045.465      55.7654
       175    423.6930    680.6833      5531.16      278.527  15.6430   0.0547     8.31    0.466  -9.53   3      30.81     1265.186     56.26276
       176    437.7180    681.4290     8580.559     212.3944  15.1662   0.0269     3.42    0.065 -31.97   3      63.22     2961.071     62.85756
       177    432.7789    681.0211      14235.9     284.8965  14.6165   0.0217     6.30    0.260  -9.67   3      75.66     3413.733     64.70135
       178    959.3171    681.5682     3023.707     262.1268  16.2987   0.0941     5.43    0.309   0.90   2      17.11     594.1943     53.48366
       179    397.5204    672.3705     4254.136     227.9819  15.9280   0.0582     3.72    0.130  16.60   3       28.6     1241.121     56.29634
       180    392.6090    672.1172     3805.379     205.4384  16.0490   0.0586     3.50    0.133  -2.43   3      31.38     1395.585      56.9165
       181    523.3718    667.8772      2407.86     202.9821  16.5459   0.0915     4.34    0.298  -9.93   3      18.26     787.0284     54.43227
       182    528.5078    668.3002     2726.265     237.5556  16.4111   0.0946     6.13    0.179  43.20   3      17.15     673.6936     53.54625
       183    743.4963    668.2238     3103.054     246.2752  16.2705   0.0862     3.99    0.210   9.93   2      20.38     779.9249      53.8588
       184    882.5040    664.1294     4909.293     273.3476  15.7725   0.0605     4.56    0.433 -45.15   2      20.38     542.6012     52.84785
       185    854.4701    666.9596      1837.52     186.2451  16.8394   0.1101     3.69    0.352  25.29   0      14.38     562.0734     53.48476
       186    793.2051    664.1163     2748.301     104.0005  16.4023   0.0411     0.00    0.299  29.56   0      62.78     2376.771     60.82927
       187    472.7666    659.6593     1309.847     102.6168  17.2069   0.0851     2.97    0.496 -59.62   0      23.58     1011.426     55.36128
       188    882.5039    639.5264     10061.25     200.6616  14.9934   0.0217     3.44    0.069  76.44   3      73.19     3440.614     64.22532
       189    878.2006    639.2830      13048.3     230.2813  14.7111   0.0192     3.48    0.139 -20.35   3      88.11     4633.099     68.85145
       190    305.2803    638.8342     3026.509     245.4561  16.2976   0.0881     5.24    0.306   6.71   2       17.3     601.4272     53.65173
       191    203.8724    628.8612     4176.211     105.3432  15.9480   0.0274     4.90    0.291  49.26   0      80.82     3648.506     65.29581
       192    854.2487    620.4097     9577.673     227.6398  15.0469   0.0258     3.78    0.188  24.01   3      63.01     2699.838     62.02459
       193    849.7873    620.0349     9913.195     235.9066  15.0095   0.0258     4.23    0.087  26.19   3      68.17     3281.244     64.34875
       194    567.1327    622.0370       1258.5     93.09719  17.2504   0.0803     2.43    0.166  -0.08   0      31.26     972.1746      55.1999
       195    824.3668    619.1244     2670.657     242.1056  16.4335   0.0985     4.51    0.270 -13.94   3       17.3      681.094     53.98815
       196    819.8274    618.7971     2744.105     206.9454  16.4040   0.0819     4.18    0.104 -13.48   3      19.91     812.5239     54.80782
       197    626.9166    614.1496     2560.104     191.9778  16.4794   0.0814     3.57    0.078  34.12   3      20.56     856.4557     54.45175
       198    622.3615    613.6490     2991.981     215.0597  16.3101   0.0781     3.58    0.255 -54.94   3      22.94     990.3691     55.27476
       199    652.4463    614.4640     7883.219     160.1895  15.2582   0.0221     7.49    0.302 -49.69   3      76.23     4662.635     68.73508
       200    646.6429    615.1254     6379.625     189.7786  15.4880   0.0323     3.64    0.139  -5.29   3       53.4     2511.268     61.20962
       201    168.6066    616.1010     4281.766      289.193  15.9209   0.0733     7.18    0.112  68.28   2      23.29     832.9599     54.62371
       202    676.8369    612.0392     2417.797     186.9518  16.5415   0.0840     3.34    0.243 -15.62   3      22.36     975.9952     55.21563
       203    672.1884    611.3429     2261.405     199.1566  16.6141   0.0956     3.49    0.303 -32.86   3      20.87     915.8123     55.10107
       204    335.9889    607.4927     11891.69     198.1346  14.8119   0.0181     3.53    0.123 -41.47   3      88.21     4561.529     68.39996
       205    331.2758    607.1312      16088.7     222.7735  14.4837   0.0150     4.71    0.273 -44.41   3      103.4     5294.491     70.58528
       206    872.9389    606.5201      4192.76     184.1684  15.9438   0.0477     3.42    0.086 -58.59   3      37.26     1661.064     57.71243
       207    868.0777    606.1673      4790.01     183.9063  15.7992   0.0417     3.73    0.217 -35.36   3      40.62     1835.684     58.64754
       208    408.0027    607.9894     3071.184      95.5148  16.2817   0.0338     0.00    0.006  63.13   2      72.97     3095.495     63.34173
       209    736.1344    605.3871     3297.405     250.1591  16.2046   0.0824     5.80    0.443 -35.65   0      17.65     483.3189     53.14906
       210    591.6573    603.8646     3593.069     261.2151  16.1113   0.0790     3.79    0.266 -19.00   2      21.25     821.9578     54.57792
       211    301.0350    603.4954     3705.266     208.8809  16.0780   0.0612     3.72    0.094 -55.43   3      28.69     1216.376     55.67007
       212    296.4656    603.1974     3959.771     215.2269  16.0058   0.0590     3.82    0.099 -15.15   3       33.1     1420.536     57.14498
       213    154.0507    603.3035     3216.021     188.8962  16.2317   0.0638     3.64    0.060  23.12   3      28.08     1210.606      55.7786
       214    149.1893    603.0039     4641.506     236.2867  15.8334   0.0553     3.76    0.162 -15.70   3       32.5     1479.653     57.25121
       215    380.2890    591.9879     7704.643      207.059  15.2831   0.0292     3.34    0.128 -81.55   3      59.49     2863.021     62.26611
       216    375.5048    591.7804      10202.7       246.85  14.9782   0.0263     4.05    0.045 -29.14   3       69.9     3199.355     63.36583
       217    580.0141    593.0035     2715.242     121.8548  16.4155   0.0487     0.00    0.013 -46.88   2      70.45     2845.124     62.43693
       218    340.5352    590.8071     9797.426      240.431  15.0222   0.0267     3.70    0.104 -36.79   3      68.68      3247.77     63.88576
       219    335.8259    590.5323     10700.18     224.7005  14.9265   0.0228     3.39    0.194 -54.98   3      75.82     3767.376     65.70826
       220    145.0268    588.9987     6561.318     103.4867  15.4575   0.0171     4.24    0.033   3.54   0      111.3     6410.385     74.48744
       221    778.4451    585.5009      3031.41     236.2953  16.2959   0.0847     3.26    0.014  -1.72   2      18.08     689.4335     53.47558
       222    621.9815    584.5139     2017.888     196.0836  16.7378   0.1055     3.81    0.244 -35.95   3      14.46     581.2381     53.42857
       223    617.4811    584.2225     2053.178     182.5197  16.7189   0.0965     5.31    0.286  -7.94   3       17.5     719.3267     54.14885
       224    187.9786    576.4786      19187.9     215.0659  14.2924   0.0122     3.40    0.115 -42.69   3      124.4     7266.469     76.95967
       225    183.1567    576.0148     25779.87     255.0918  13.9718   0.0107     5.38    0.165 -32.65   3      146.2     8531.132     80.69917
       226    423.0544    570.3539     3005.032     244.6855  16.3054   0.0884     3.64    0.084   5.50   2      19.03     728.8579     54.32448
       227     97.5146    566.4820     8212.675     202.2292  15.2138   0.0267     3.37    0.064 -54.12   3      64.17      3039.03     63.02214
       228     92.9554    566.0175     11100.64     240.1323  14.8866   0.0235     3.59    0.087 -38.94   3      75.31     3712.323     65.74183
       229     84.8316    559.1906     2512.826     213.6935  16.4996   0.0924     3.65    0.236 -60.62   3      19.11     774.9774     54.65191
       230     79.8467    559.1062     4158.265     272.7224  15.9527   0.0712     5.04    0.323 -22.99   2       23.5     962.5573     54.75859
       231    381.7854    559.0910     2055.111     142.9539  16.7179   0.0755     4.79    0.227 -11.92   0      22.13     1005.402     55.06992
       232    892.7845    557.0707     2978.536     151.8661  16.3150   0.0554     0.00    0.302  -8.89   2      28.15     1362.482     56.91362
       233    442.3918    551.0787      1697.99     97.99371  16.9252   0.0627     1.20    0.222  13.60   0      34.31     1517.795     57.40242
       234     80.2957    550.0527     3764.568     262.7683  16.0607   0.0758     6.62    0.321   1.61   2      20.29     675.8377     53.55536
       235     46.9733    545.3381     4041.514     252.2969  15.9836   0.0678     3.15    0.182  -1.92   2      21.79     897.1843     55.02419
       236    724.2331    544.4144     2294.839     211.7308  16.5981   0.1002     7.35    0.694   6.04   0      15.35     484.3733     53.56731
       237    705.6098    541.8501     10550.64     211.0333  14.9418   0.0217     3.92    0.042   2.26   3      76.48     3685.671     65.53743
       238    700.9911    541.5098     10786.02     181.2937  14.9178   0.0183     3.45    0.123 -73.40   3      83.34     4330.163     67.62682
       239    864.3802    540.2019     1950.116     160.9579  16.7748   0.0896     0.00    0.370  29.05   0      28.24     1128.872     55.84134
       240    343.0113    531.6971      9357.39     207.0961  15.0721   0.0240     3.45    0.029  57.62   3      69.03     3336.615     64.20105
       241    338.4253    531.2441     11199.36     226.0203  14.8770   0.0219     3.65    0.077 -63.08   3      79.55     3815.062     66.09605
       242    873.2905    531.1187     3576.753     236.8192  16.1163   0.0719     5.73    0.372 -18.77   2      20.98     902.6778     54.77884
       243    322.0472    519.9698      4315.23     245.1501  15.9125   0.0617     4.46    0.277 -24.63   3      27.86     1121.913      56.0761
       244    317.6552    519.7186     3857.063     228.3927  16.0344   0.0643     4.04    0.267 -21.20   3      29.04     1224.753     55.96786
       245    727.1299    509.0974     1375.718      95.3327  17.1537   0.0753     0.00    0.270  45.92   0      40.96     1257.985     55.97132
       246     66.2332    504.6127     5447.042     238.6074  15.6596   0.0476     4.01    0.102 -36.39   3      37.44     1475.487     57.61912
       247     61.9323    504.3340     5324.394     193.3288  15.6843   0.0394     3.73    0.118 -24.98   3       41.9     1857.268     58.60569
       248    819.2396    498.7867     101955.9       406.44  12.4790   0.0043    13.15    0.211  13.00   2      319.8      11549.6     88.87692
       249    465.4506    503.1295     3355.032     259.5943  16.1858   0.0840     4.42    0.239 -41.86   2      20.15     759.0983     54.31553
       250    154.6809    495.4258      3364.39     221.3496  16.1827   0.0715     3.57    0.223  18.02   3      23.95     1018.657     55.39095
       251    149.7661    495.0090     3342.847      211.117  16.1897   0.0686     4.14    0.269 -23.65   3      27.02     1129.661     56.10749
       252    652.4775    494.9637     2441.348     234.1609  16.5309   0.1042     3.80    0.329   6.35   2      17.45     718.8185     54.14672
       253    413.9736    494.3000     3628.678     200.7108  16.1006   0.0601     4.07    0.047 -26.05   3      30.54      1249.39     55.67266
       254    408.9904    494.0229      3919.14       193.58  16.0170   0.0536     3.50    0.153 -31.81   3      33.09     1504.294     57.47713
       255    214.9132    493.7413     11185.29      126.976  14.8784   0.0123     5.34    0.377  70.89   0      143.3     10163.71     84.82666
       256    510.9925    491.6982     4441.019     264.0504  15.8813   0.0646     4.05    0.137 -66.41   3       24.6     1001.182     55.31921
       257    506.4174    491.2312         3703     233.8138  16.0786   0.0686     3.72    0.179 -14.72   3      28.17     1184.765     56.33026
       258    733.5377    490.1855      1592.91     172.6053  16.9945   0.1177     3.13    0.247  -0.01   0      13.95     566.0994     53.50187
       259    263.1613    472.8710     145698.2     336.6376  12.0914   0.0025     3.52    0.094 -75.27   3      449.5     46568.43     154.1837
       260    258.5594    472.6162       156428     351.2171  12.0142   0.0024     3.78    0.126 -82.94   3      469.1     54451.67     165.5296
       261    803.9641    473.4877     22929.52       352.83  14.0990   0.0167     3.55    0.111 -49.62   3      104.5     5715.245     71.92728
       262    798.9855    473.0347     25637.45     300.0468  13.9778   0.0127     3.39    0.318 -58.76   3      121.8     6967.724     76.26555
       263    503.9611    474.2849     3527.461     270.8411  16.1313   0.0834     4.73    0.218 -22.95   2       19.1     607.5984     53.40296
       264    709.9402    470.3217     2535.096     116.8881  16.4900   0.0501     5.04    0.335 -78.32   0      51.59     1957.585     58.86855
       265    331.2731    469.6690     3009.304     238.5986  16.3038   0.0861     4.03    0.312  19.99   2      16.01     595.9705     53.49121
       266    145.6788    465.9811      2542.12     248.7334  16.4870   0.1063     3.51    0.545  38.45   0      14.75      613.447     53.83948
       267    248.0005    461.8428     20387.98     130.3624  14.2266   0.0069     0.00    0.113  88.97   0      191.5     20336.57     108.9884
       268     96.5469    458.8134     2405.405     168.2918  16.5470   0.0760     4.45    0.229 -14.74   3      22.65     957.3808     55.27226
       269     92.0709    458.1656     3319.288     214.5495  16.1974   0.0702     4.26    0.196 -40.02   3      25.41     1061.411      55.5661
       270    521.5106    458.0030     10358.16     136.7136  14.9618   0.0143     5.74    0.463   0.04   0      126.7      8743.86     81.11481
       271    865.6958    454.9840     4884.274     130.1475  15.7780   0.0289     3.18    0.515  -0.46   0      71.07     3643.789     64.94032
       272    878.4692    431.1718     3538.451     245.9297  16.1280   0.0755     3.76    0.304  -3.31   2      21.17     909.2933     54.94039
       273    164.7237    431.4520      2812.11     239.1811  16.3774   0.0924     4.61    0.244  10.08   3      19.13     773.0914     54.23853
       274    159.9906    430.9837     2357.551     203.8304  16.5688   0.0939     4.18    0.200 -46.35   3      18.01     756.6558     54.30531
       275    113.6460    431.1037     3415.445     251.7323  16.1664   0.0800     4.36    0.405   6.32   2      20.55     724.1364     53.75993
       276    417.0036    430.1926     2528.453     94.21455  16.4929   0.0405     1.09    0.109  89.48   0      53.76     2471.034     61.06004
       277    365.3961    430.8313     4290.131     271.4803  15.9188   0.0687     3.47    0.174   2.41   2      20.65     787.2936      54.7031
       278    286.9585    426.4962     26009.95     217.9782  13.9622   0.0091     3.46    0.074 -80.24   3      156.7     9657.942     83.28405
       279    281.8705    426.1396      32652.5     242.8926  13.7152   0.0081     4.03    0.065 -69.00   3      178.6     11535.39     88.59171
       280    985.3198    421.1903      2951.13     106.1897  16.3250   0.0391     1.92    0.134 -16.71   0      51.02     2684.825     61.85068
       281    240.3359    421.0897     2426.313     219.5479  16.5376   0.0983     5.20    0.466   6.60   2      15.73     629.0008     53.49397
       282    446.9737    402.5281     15827.22     250.5107  14.5015   0.0172    10.51    0.311  36.68   3      98.28     5037.568     69.96381
       283    442.0002    402.3329     17215.15      236.701  14.4102   0.0149    10.31    0.283 -66.76   3        109     6033.521     73.32856
       284     21.2551    400.2719     1895.689     123.3368  16.8056   0.0707     3.90    0.531 -20.95   0      33.56     1358.908     56.64008
       285    714.0214    393.8240     1458.491     91.59714  17.0902   0.0682     1.47    0.129  83.29   0      31.99     1406.338     57.21724
       286    685.2374    393.9973     1207.624     92.97291  17.2952   0.0836     1.21    0.138   0.64   0      26.95     1096.939     55.97479
       287      2.6574    392.4561     2434.717     148.5941  16.5339   0.0663     3.75    0.163  30.95  24      22.97     979.1116     55.49431
       288    198.8673    389.8875     2951.928      232.292  16.3247   0.0855     5.81    0.392   1.67   2      16.59     596.0941     53.35398
       289    259.2809    388.9537     2269.188     224.3604  16.6103   0.1074     3.93    0.381  -8.70   2      14.81       594.86     53.34872
       290    467.7805    383.0076     3800.959     266.2771  16.0503   0.0761     5.05    0.260  -6.84   2       21.8     820.9766     54.57383
       291    907.6724    377.1281     2778.903     257.6653  16.3903   0.1007     5.73    0.463  20.02   2      17.15     579.0447     53.41924
       292    577.5481    375.3363     2406.854     226.9451  16.5464   0.1024     4.83    0.520  -0.28   2      14.31      582.552     53.57171
       293    153.9993    357.7135     3433.257     192.0531  16.1607   0.0607     3.51    0.053 -46.00   3      27.93      1187.55     56.21072
       294    149.4132    357.3948     4148.055     218.8151  15.9554   0.0573     4.00    0.114 -20.32   3      33.75     1468.915     57.20857
       295     11.7325    353.4665     7493.793     215.5393  15.3132   0.0312     0.00    0.535  16.26  16      71.11     4064.521     66.61774
       296    513.7225    353.4386     2503.476     203.0891  16.5036   0.0881     4.48    0.265  22.61   3      19.95      807.726     54.51862
       297    509.0185    352.9566     2824.069     220.7941  16.3728   0.0849     3.86    0.066 -45.04   3      22.29     981.6027     55.50452
       298    198.6698    349.3391     2196.183     209.0005  16.6458   0.1033     5.12    0.387  28.54   3      14.51     526.3883     53.33291
       299    194.4808    349.4698     1954.704     233.6881  16.7723   0.1298     3.88    0.380   6.67   3      13.65     569.9903     53.24266
       300    168.4954    346.4806     4777.996     279.8907  15.8019   0.0636     3.94    0.128 -23.92   2      22.53     817.0227     54.28691
       301    990.9794    343.5138      7261.28     199.3195  15.3475   0.0298     3.47    0.040   4.08   3      56.77     2658.776     61.51609
       302    986.1995    343.2790     8679.359     229.1624  15.1538   0.0287     3.61    0.097 -38.22   3      64.84     3116.755     63.41797
       303    689.1248    338.8469     3872.706     197.2915  16.0300   0.0553     3.64    0.092  28.41   3      32.82     1412.104     56.85314
       304    684.4579    338.4816      5485.96     238.6444  15.6519   0.0472     4.40    0.028  16.36   3      39.15     1660.673     57.71088
       305    368.6267    330.9091     4195.626     287.8498  15.9430   0.0745     3.51    0.170  -0.80   2       23.4     856.1914     54.31533
       306    521.7872    327.5915     25782.35     224.3985  13.9717   0.0095     4.63    0.106 -22.36   3      154.4     9274.836     82.58914
       307    517.0016    327.2984     36187.58      292.617  13.6036   0.0088    12.76    0.276 -38.44   3      176.2     11306.99     88.00382
       308    403.0511    329.4923     9335.777     215.7742  15.0746   0.0251     3.92    0.102  11.80   3      66.08     2926.024     62.49565
       309    398.6440    329.1235     9704.681     223.6913  15.0325   0.0250     3.76    0.058  13.12   3      72.33     3479.304      64.7042
       310    211.3023    322.9635     8389.976     220.6905  15.1906   0.0286     3.58    0.038 -74.13   3      62.65     2923.755     62.25141
       311    206.7020    322.6803     11121.46     239.3847  14.8846   0.0234     3.58    0.042 -24.04   3      74.03     3558.544      64.6413
       312    295.8358    320.8146     4803.392     241.8278  15.7961   0.0547     3.48    0.036  42.35   3      30.36     1378.066     57.23356
       313    291.4377    320.2404     6311.117     281.7865  15.4997   0.0485     4.09    0.121   8.94   3      39.15     1630.081     57.84529
       314    679.0018    320.4849     3380.361     245.7836  16.1776   0.0790     5.06    0.297  -1.15   3      20.62     832.6423     54.89118
       315    674.4825    320.0066     3140.361     226.8689  16.2576   0.0785     3.52    0.069 -35.42   3      23.42     1046.066     55.63573
       316    120.6417    316.9036     3879.278     255.0526  16.0281   0.0714     3.64    0.153   5.77   2      18.85     693.3024     53.49202
       317    454.2836    315.9659     1280.015     155.3417  17.2320   0.1318     3.37    0.261 -15.04   0      13.72     579.4024     53.42076
       318     58.5957    303.1387     3475.646     251.7867  16.1474   0.0787     4.31    0.256   1.24   2      19.53     756.7886      54.4412
       319    595.9556    302.6895       2417.5     214.4517  16.5416   0.0963     3.51    0.154   6.59   2      17.31     665.0659     53.64698
       320    709.9166    300.9146      11779.8      115.972  14.8222   0.0107     4.50    0.128  46.16   0      148.3     11541.35     88.52391
       321    289.4634    297.6348     5862.389      218.072  15.5798   0.0404     3.37    0.044 -72.32   3      47.54     2181.159     59.97139
       322    294.0533    297.5213     5619.285     215.2697  15.6258   0.0416     3.94    0.145  17.65   3      44.18     1904.935     58.66494
       323    409.8008    286.9952     2193.497     200.9188  16.6472   0.0995     3.43    0.309  -2.32   2      16.42     701.9302     54.07579
       324   1002.0015    279.9234     3139.529     250.7504  16.2578   0.0867     5.81    0.420  -9.46   2      17.14     651.0773     53.86164
       325   1008.7349    271.6642      5964.44     278.8803  15.5611   0.0508     4.92    0.143   2.08   3       39.6     1730.107     58.11046
       326   1013.7710    271.6015     3655.277     201.6553  16.0927   0.0599     4.04    0.095  26.69   3       30.3     1300.632     56.79582
       327    317.7849    271.8556      2024.68     115.8914  16.7341   0.0622     4.26    0.425  62.16   0      28.08     1356.787     56.89087
       328    914.5175    268.4967     18650.12     216.2054  14.3233   0.0126     3.56    0.028  -8.07   3      120.1     6356.082     73.92444
       329    909.8819    268.1551     22221.38     232.9279  14.1331   0.0114     3.26    0.063 -68.73   3        135     7895.584     78.51495
       330    104.8629    259.1553     2496.354     195.6995  16.5067   0.0851     3.49    0.123  37.17   3      21.28      932.929     55.03808
       331    100.1813    258.8170      3380.06     218.0159  16.1777   0.0700     3.79    0.253 -32.44   3      24.83     1061.502     55.69875
       332    462.0658    256.5172     3620.385     227.3493  16.1031   0.0682     4.08    0.019 -87.13   3      24.83     1058.594     55.42195
       333    457.5096    256.2178     5668.071     263.7128  15.6164   0.0505     4.08    0.125  -7.26   3      33.26     1429.806      56.6647
       334    864.0068    256.5136     3569.863     259.0732  16.1184   0.0788     3.92    0.251 -13.03   2      21.26     780.9696     54.40697
       335    944.0419    254.4740     2388.719     228.5426  16.5546   0.1039     4.45    0.443 -13.34   2      16.56      563.204     53.48957
       336    270.5642    253.1600     1101.516     98.48655  17.3950   0.0971     2.23    0.528  62.86   0       19.1     980.7719     55.23529
       337    181.5996    251.3949     5908.933     193.0642  15.5712   0.0355     7.93    0.419 -45.00   3      56.27     3179.983     63.64415
       338    187.3488    250.8500     3512.382     167.5989  16.1360   0.0518     3.93    0.131  -5.96   3      30.71     1339.176     56.94984
       339   1003.0025    249.2048     1744.316     178.0483  16.8959   0.1109     2.87    0.182 -82.00   0      15.18     620.7227      53.7334
       340     48.9971    238.5036     77149.74     272.1607  12.7817   0.0038     3.66    0.064 -37.63   3      315.9     27501.31     122.9054
       341     44.1193    238.1584      91554.2     311.7322  12.5958   0.0037     3.32    0.186 -66.65   3      342.2      32402.7     131.5454
       342    509.2676    239.0035     16200.06     209.2638  14.4762   0.0140     3.61    0.049 -79.00   3      112.9     6041.572     73.15259
       343    504.4890    238.7768     20046.77     231.5921  14.2449   0.0125     4.98    0.103 -75.28   3        124     6741.781     75.10088
       344    728.4584    240.4980      3423.67     263.8715  16.1638   0.0837     4.49    0.338  17.24   2      21.35     765.3924     54.07033
       345    213.7753    226.5982     9643.654     215.2452  15.0394   0.0242     3.44    0.094  58.30   3      72.32     3578.147     65.16349
       346    208.9724    226.3112     13837.24     270.6617  14.6474   0.0212     3.91    0.076  30.64   3      83.51     4123.707     66.70912
       347    707.8580    227.3242     2164.868     197.1891  16.6614   0.0989     4.73    0.192  50.31   3      18.32     750.4237     54.14347
       348    703.0085    226.9819     2540.299     190.0277  16.4878   0.0812     4.20    0.281 -17.32   3      20.79     875.1345     54.79891
       349     17.0573    223.8215     1701.862     98.00269  16.9227   0.0625     0.00    0.200 -72.07   0      44.38     1427.576     57.04411
       350    263.2339    219.3791     14201.61      207.082  14.6192   0.0158     3.74    0.160  -7.00   3      97.25     4763.196     69.27956
       351    258.6597    218.8897     18059.47     256.8618  14.3582   0.0154    11.47    0.359 -42.39   3      108.2     5798.133     72.18871
       352    438.5844    217.8448     4380.341     266.7712  15.8962   0.0661     6.96    0.152 -17.88   3      26.93     1146.543     56.17583
       353    433.9617    217.6912     3715.301     226.6338  16.0750   0.0662     3.81    0.062  38.19   3      28.38     1188.285     55.81957
       354    729.0266    217.0030     2744.073     205.1596  16.4040   0.0812     4.09    0.068  36.34   3      22.48     936.1437     55.31807
       355    724.3978    216.6441     3251.717     241.8911  16.2197   0.0808     6.20    0.303  13.81   3      24.63     1021.939     55.66943
       356    686.0367    210.9994      2679.81       188.25  16.4297   0.0763     3.21    0.084  50.31   3       22.2     983.5436     55.51246
       357    681.4370    210.4938     3124.869     198.2925  16.2629   0.0689     4.13    0.227  14.39   3      25.96     1063.356     55.04182
       358    486.2842    202.7197      1409.98     102.8383  17.1270   0.0792     1.74    0.303 -45.16   0      29.43     1244.308     56.04721
       359    537.7788    200.9677       2026.2     94.95284  16.7333   0.0509     2.48    0.155  -2.57   0      40.86     1926.643     59.24791
       360    156.0221    199.0271     6567.736     103.5008  15.4565   0.0171    -9.58    0.064  45.04   0      110.9     6390.987     74.42824
       361    385.6078    193.0929     2749.685        231.3  16.4018   0.0914     3.69    0.349  -2.09   2      16.77     665.4801     53.92237
       362    459.4889    186.0132     19499.28      298.459  14.2750   0.0166     3.92    0.270 -83.27   3      99.68     4104.133      66.6424
       363    454.6855    185.8509     20072.37     333.7899  14.2435   0.0181     3.59    0.089 -64.60   3      95.13     4815.932     69.02721
       364    774.0405    188.4803     24635.07     228.9299  14.0211   0.0101     9.63    0.291 -20.73   3      144.7     8369.142     80.05802
       365    769.3345    188.0882     29088.97     247.0963  13.8407   0.0092     3.50    0.232 -45.98   3      161.2     9968.395     84.30174
       366    507.0323    191.4959     1840.598     193.9904  16.8376   0.1145     3.16    0.092  -4.14   3      14.17     577.9198     52.99952
       367    502.6749    191.1351     2219.483     215.9524  16.6344   0.1057     5.92    0.247   7.22   2      16.45     617.2286     53.58145
       368    284.0109    189.4966     3396.664     192.0098  16.1724   0.0614     3.81    0.119  14.70   3      29.49     1307.137     56.56223
       369    279.3323    189.1114     4801.899     204.7486  15.7965   0.0463     8.35    0.233 -60.02   3      36.63     1537.032      57.2219
       370    591.0509    187.4882     3187.881     214.4103  16.2412   0.0730     3.90    0.220  -4.71   3      25.34     1042.024     55.22085
       371    586.5132    187.0327     4290.363     267.3835  15.9188   0.0677     4.35    0.217 -37.46   3      26.98      1214.91      56.0593
       372    976.8090    186.1249     2028.344     197.0317  16.7321   0.1055     3.20    0.251  19.67   2      13.98     566.8676     53.50513
       373    341.7858    176.5980     3846.461     199.1178  16.0373   0.0562     3.54    0.034 -82.22   3      33.49      1482.33     57.26184
       374    337.2766    176.1534     5916.949     233.6052  15.5698   0.0429     4.40    0.299 -13.00   3      42.07      1828.34      58.4934
       375    272.5995    169.3135      2734.49     130.6334  16.4078   0.0519     6.27    0.565  60.01   0      44.13     1970.447      59.4157
       376    342.1536    166.2871     4149.545     276.0677  15.9550   0.0723     9.55    0.551   2.70   0      23.31     603.0255      53.3835
       377    656.7003    157.4057      2754.68     238.3559  16.3998   0.0940     5.25    0.430   6.66   2      14.18     462.3217     53.05919
       378    243.2943    154.1039     2051.356     197.0582  16.7199   0.1043     3.74    0.261  14.72   0      14.68     562.2575     53.34777
       379    801.0041    150.0066     4496.373     98.84782  15.8678   0.0239     0.00    0.002   6.28   2      90.74     4411.076     67.89821
       380    276.6819    142.1407     3702.882      240.026  16.0786   0.0704     3.62    0.127  42.08   3      24.58     1004.591     55.06657
       381    271.7922    141.9996     3228.928     200.2576  16.2274   0.0674     3.17    0.188 -27.06   3      27.13     1263.538     56.38676
       382    404.9952    139.8357     2825.051     205.2493  16.3724   0.0789     2.57    0.489 -45.02   3      20.04     601.3024     53.92483
       383    401.6248    138.2156     2041.854     185.5051  16.7249   0.0987     3.91    0.249 -17.17   3      18.24     773.2983     54.64492
       384    151.0998    139.1561     5530.341     300.1457  15.6431   0.0589     7.88    0.066 -11.95   2      26.92      870.204     54.10257
       385    137.2316    130.4824     3699.714     268.9411  16.0796   0.0789     6.02    0.439 -37.40   0      17.79     598.8083     53.50326
       386   1020.8438    128.2551     2271.585     149.5795  16.6092   0.0715     4.16    0.272   5.48  16       20.7     885.9471     54.97775
       387     61.5145    125.9722     2484.748     217.9265  16.5118   0.0952     3.27    0.247  -4.68   0      16.55     662.5596     53.77338
       388    746.1561    123.1788     5752.691     262.3871  15.6003   0.0495     5.05    0.178 -62.10   3       33.7     1230.826     56.51579
       389    741.6538    122.8708     6682.394     297.9451  15.4377   0.0484     4.94    0.149 -29.09   3      35.52     1376.889     56.71218
       390    724.5353    123.5089     2992.625     251.3503  16.3099   0.0912     6.09    0.281  -0.89   2      17.13     519.9172     53.02849
       391    900.0386    114.7007     4586.217     249.8589  15.8464   0.0592     3.82    0.040 -13.78   3      29.97     1214.057      55.6606
       392    895.4812    114.2417     5301.104      257.748  15.6891   0.0528     3.66    0.243  -1.20   3      33.19     1473.432     56.96874
       393     66.0216    101.7275     13643.66     230.0698  14.6627   0.0183     3.64    0.092  78.57   3       91.5     4495.622     68.28847
       394     61.4722    101.7740     15783.35     219.9668  14.5045   0.0151     3.87    0.038 -52.49   3      104.9     5460.538     71.32457
       395    709.1177     97.9074     3648.056     212.3136  16.0948   0.0632     3.53    0.203  55.47   3      29.24     1294.196     56.37983
       396    704.2516     97.7515     4936.362     238.1205  15.7665   0.0524     3.88    0.065  -7.10   3      36.49     1554.194      57.6741
       397    835.4527     89.0150     2638.632     231.9852  16.4466   0.0955     5.84    0.376  10.94   2       16.9     613.9572     53.84163
       398    771.1848     85.2409     9227.081     339.5835  15.0873   0.0400    11.84    0.589   2.38   3       45.6     1164.922     56.38082
       399    784.3589     83.8848     6300.333     228.4074  15.5016   0.0394     4.05    0.119  77.37   3      47.24     2085.706     59.36113
       400    779.5797     83.6123     7620.457      244.461  15.2950   0.0348     3.99    0.106  12.10   3      55.18     2478.082     61.20662
       401     80.1956     67.6253     3800.668     269.0264  16.0504   0.0769     4.85    0.311  -6.72   2      20.79     700.5699     54.20601
       402    995.5178     61.4896     10157.88     259.1714  14.9830   0.0277     4.13    0.118 -60.70   3      65.32     2831.637     62.26974
       403    991.1089     61.1253     10962.56     283.5737  14.9002   0.0281    10.47    0.183  62.66   3      70.64     3415.602      64.2514
       404    980.0342     66.4827     2018.428     201.6352  16.7375   0.1085     4.64    0.626   0.29   0      13.63     541.6263     53.25981
       405    882.7668     66.0353     2413.399     245.6379  16.5434   0.1105     6.75    0.380  -2.81   2      16.17     634.6743      54.0653
       406    877.3737     65.8974     2214.419      204.572  16.6369   0.1003     4.13    0.063 -16.70   3      16.74     676.0512     53.41867
       407    577.9930     56.5007     27612.44     223.7916  13.8972   0.0088     3.81    0.152  83.29   3      167.4     11187.41     87.69446
       408    572.9438     56.3178     35128.94     251.1297  13.6358   0.0078     3.54    0.103 -62.90   3      186.2     11857.28      89.2489
       409    854.9680     56.9897     2118.427      93.2202  16.6850   0.0478     0.00    0.092  -1.82   3      52.77     1981.337     59.45735
       410    847.8281     56.8156     41633.28       243.72  13.4514   0.0064     3.40    0.164 -84.76   3      213.4     15533.12     98.46358
       411    843.1772     56.3079     53107.61     264.1333  13.1871   0.0054     4.18    0.051 -63.00   3      246.6     18080.24     103.8233
       412    362.8343     59.1697     9132.767     212.1189  15.0985   0.0252     7.78    0.060  36.29   3      64.46     3043.062     63.38595
       413    358.0070     58.9944     10070.05     204.3059  14.9924   0.0220     3.72    0.142 -38.98   3       73.9     3772.434     65.72575
       414    434.9774     59.9293     4805.971     99.55711  15.7955   0.0225     4.40    0.114  68.90   0       90.2     4380.959     67.90578
       415     51.8476     58.8493     5043.319      235.113  15.7432   0.0506     3.79    0.178  14.01   3      36.68     1606.105      57.8783
       416     47.0854     58.8470     5390.396     201.7861  15.6709   0.0407     3.74    0.103 -39.20   3      41.34     1812.463     58.30559
       417    182.1332     43.9936     5870.876     255.3844  15.5782   0.0472     4.12    0.154  -6.48   2      34.83     1384.818      56.8735
       418    810.4866     41.9964     8024.956     189.8101  15.2389   0.0257     4.04    0.076 -32.05   3      62.13     2840.804     62.53898
       419    805.6787     41.8425     10138.68     221.6556  14.9850   0.0237     5.79    0.085 -21.34   3      69.71     3367.502     64.19576
       420    150.6808     35.1037     19765.91     281.5389  14.2602   0.0155    10.13    0.412   7.48   0      95.89     2580.129     61.22484
       421    787.0280   1017.5176     6488.123      220.399  15.4697   0.0369     3.77    0.104  13.38  19      48.07     2170.414     59.93066
       422    782.4357   1017.2342     7275.744     217.0115  15.3453   0.0324     3.59    0.022 -28.94  19      55.13     2579.424     61.70116
       423    634.7355   1018.4213     1926.471     190.2616  16.7881   0.1073     3.78    0.360 -15.18  19      14.77     617.3441     53.85593
       424    629.8618   1018.1641     2238.505     221.0245  16.6251   0.1072     3.81    0.266  -2.39  18      16.27     672.1825     53.95062
