#   1 NUMBER                 Running object number                                     
#   2 X_IMAGE                Object position along x                                    [pixel]
#   3 Y_IMAGE                Object position along y                                    [pixel]
#   4 FLUX_AUTO              Flux within a Kron-like elliptical aperture                [count]
#   5 FLUXERR_AUTO           RMS error for AUTO flux                                    [count]
#   6 MAG_AUTO               Kron-like elliptical aperture magnitude                    [mag]
#   7 MAGERR_AUTO            RMS error for AUTO magnitude                               [mag]
#   8 FWHM_IMAGE             FWHM assuming a gaussian core                              [pixel]
#   9 ELLIPTICITY            1 - B_IMAGE/A_IMAGE                                       
#  10 THETA_IMAGE            Position angle (CCW/x)                                     [deg]
#  11 FLAGS                  Extraction flags                                          
#  12 SNR_WIN                Gaussian-weighted SNR                                     
#  13 FLUX_APER              Flux vector within fixed circular aperture(s)              [count]
#  14 FLUXERR_APER           RMS error vector for aperture flux(es)                     [count]
         1    299.0029     14.3339     2781.516     227.9807  16.3893   0.0890     5.67    0.356   1.88   0      20.17      801.483     54.59578
         2    631.6188     10.6970     3658.145     205.1451  16.0918   0.0609     5.78    0.398  -0.55  16      28.75      1066.61      55.1581
         3    556.2047      6.9096     2691.951     237.3692  16.4248   0.0958     5.48    0.387  -9.16  16      15.83     584.5636     53.54811
         4    201.0365      5.9713     1909.615     92.65464  16.7976   0.0527     0.00    0.015 -46.94   3      51.57     1795.813     58.71428
         5    204.5303      3.0192     3028.581     204.4465  16.2969   0.0733     5.71    0.499  -0.30  18      20.17     753.9233     54.39743
         6    403.6222      3.5492     4683.139     167.9854  15.8237   0.0390     5.16    0.405  -4.16  16      35.63     1389.776     57.12096
         7     84.3952      5.1059      1668.13     175.7578  16.9444   0.1144     4.67    0.405  10.33  16      13.09     518.1565     53.26552
         8     70.6548   1005.8163     3968.584     203.6926  16.0034   0.0557     4.99    0.317  -6.28   0      29.81     1159.273     56.06541
         9    764.4412   1002.8466     2250.206     214.1359  16.6194   0.1033     4.27    0.251  19.98   0      16.05     622.3935     53.70843
        10    687.0004   1000.8943     12444.19     276.0629  14.7626   0.0241     5.20    0.450   6.83   0      70.68     2936.774     62.74223
        11    138.4425   1003.0099     1770.922     196.6072  16.8795   0.1206     4.98    0.415 -27.70   0      13.74     501.6808     53.60805
        12    707.1230   1000.7900     2367.001     209.9284  16.5645   0.0963     6.57    0.118 -18.87   0      16.98     559.8961     53.44331
        13    818.3820   1000.0981     5089.251     253.8026  15.7334   0.0542     5.33    0.337   2.65   0      34.63     1226.662     55.81368
        14    553.7046    999.3681     8537.168     278.1629  15.1717   0.0354     5.60    0.243  15.26   0      48.65     1685.184     57.52293
        15    911.2614    999.5358      2933.43     217.4101  16.3316   0.0805     5.51    0.390  -0.27   0      23.75     922.6454      54.9643
        16    409.7046   1008.5693     1599.347     185.8339  16.9901   0.1262     5.26    0.480  -3.00   0      13.22     443.7298     52.38883
        17    214.6917    983.6678      6234.68     346.4924  15.5130   0.0604     9.18    0.459  -8.65   0      25.23     820.6512     54.40601
        18    503.6581    980.0837     3167.205     235.4947  16.2483   0.0807     5.63    0.359  -1.88   0      21.55     805.1301     54.20572
        19    421.6162    978.5634     17325.51     258.2063  14.4033   0.0162     5.67    0.426   2.15   0      97.51      4292.21     67.79964
        20    971.0005    972.3619     3920.626     106.4722  16.0166   0.0295     0.95    0.171  89.34   0       69.3     3931.529     66.46913
        21    379.2877    970.8635     3094.641     108.1472  16.2735   0.0380     2.53    0.340 -26.86   0      63.08     2521.532     60.97903
        22      4.3906    970.0168     1975.972     185.3051  16.7605   0.1018     5.75    0.374  -1.31  16      14.77     537.9675     53.34998
        23    440.1269    967.9280     1985.724     214.7125  16.7552   0.1174     5.13    0.380   8.05   0      13.34     519.8162     53.13446
        24    934.0737    965.6288     2296.858     210.7262  16.5972   0.0996     6.31    0.462  22.35   0       15.8     528.6754     53.31038
        25    714.6479    962.9703     2302.964      180.691  16.5943   0.0852     6.97    0.438 -27.37   0      18.79     726.4181     54.41762
        26    263.0726    960.1094     8767.505     116.3592  15.1428   0.0144     0.00    0.276  56.11   0        131     8622.901     80.57166
        27    825.3311    959.3271     1843.456     191.0041  16.8359   0.1125     6.58    0.362  -3.68   0      15.88     559.9638     53.30591
        28    742.5055    957.9145     8734.444     227.4672  15.1469   0.0283     5.12    0.246   0.47   0      60.64     2513.141     61.06822
        29    359.3465    956.4583     2721.151     217.1881  16.4131   0.0867     4.94    0.322   5.04   0      21.22     831.0839     54.85301
        30    282.7504    956.1003     6275.482     114.6371  15.5059   0.0198     5.03    0.303 -22.61   0      99.64      5441.83     70.72308
        31    456.6566    955.4380     3052.246     200.8463  16.2885   0.0715     5.06    0.337   3.92   0      24.55     948.0762     55.06935
        32    770.7176    950.4680     52600.27     310.3238  13.1975   0.0064     5.34    0.283  -6.54   3      227.5     12939.99     91.94621
        33    777.5264    948.0154     21531.63     267.4362  14.1673   0.0135     5.24    0.285   1.76   3      119.5     5550.489     71.68918
        34    510.2159    953.4397     3055.932     229.8584  16.2871   0.0817     6.57    0.424  -4.17   0      22.07     800.5031     54.86029
        35    235.4173    952.6591     7262.346     244.7274  15.3473   0.0366     4.99    0.321  -3.06   0      48.29     1949.991     59.05971
        36    141.0806    953.8818     11125.25     122.3872  14.8842   0.0119     0.00    0.292 -56.89   0      148.3     10744.46     86.26376
        37    940.4771    951.3248     9013.931       250.05  15.1127   0.0301     5.20    0.346   0.48   0      55.96     2258.995     59.86993
        38    546.0682    951.2069     9450.865     223.2984  15.0613   0.0257     5.16    0.346   2.82   3      61.69     2484.335     61.08136
        39    545.1943    946.1516     8675.232     243.0305  15.1543   0.0304     5.25    0.285   9.02   3      55.38     2214.771     60.19221
        40    582.9525    950.7651     2162.807     184.5411  16.6625   0.0927     5.07    0.356 -10.35   0      16.54     611.0433     53.66038
        41   1010.7477    944.7335     14965.21     301.5842  14.5623   0.0219     5.28    0.171  17.77  16      80.76     2870.122     62.50032
        42    647.8230    946.1824     3343.883     188.9304  16.1894   0.0614     4.98    0.287   0.22   0      26.44     1035.811     55.69479
        43    863.4971    937.4250     10803.85     278.0332  14.9161   0.0279     5.06    0.271  -8.38   3      64.79     2583.449     60.96876
        44    869.2455    928.7395     34970.38     262.3192  13.6407   0.0081     4.89    0.236  -1.93   2      177.5     9594.775      83.4443
        45    188.5978    937.7991     3812.389     228.2024  16.0470   0.0650     8.85    0.579   6.36   0      25.01     994.0173     55.25863
        46    266.0023    935.0745     3388.948      96.2149  16.1748   0.0308     4.29    0.058 -89.54   0      73.49      3334.93     64.16827
        47     30.1635    933.8772     8447.715     114.1342  15.1832   0.0147     0.92    0.040  34.47   0      106.4     8246.891     79.68862
        48    449.2269    928.9906     4730.854     208.9845  15.8127   0.0480     9.61    0.248  55.73   0      32.05       1089.7     55.78267
        49    121.0046    926.0000     5190.452     100.3801  15.7120   0.0210     4.18    0.005  23.07   2      100.4     5287.545     70.74686
        50    152.4790    927.2316     1471.241     155.5212  17.0808   0.1148     2.66    0.287  -0.20   0      12.85      497.857     53.17883
        51     85.2389    926.0832     3321.002     188.9028  16.1968   0.0618     4.83    0.336  -9.59   0      24.27     935.5785     54.74993
        52    936.0002    919.1744     1890.668     157.3053  16.8085   0.0904     4.28    0.389   0.39   0      16.07     674.2822     54.19944
        53    321.1338    908.0434     15894.44     235.2942  14.4969   0.0161     4.91    0.310  -0.19   0      97.24     4360.967     67.70486
        54    734.6874    908.5037     2795.021     159.7608  16.3840   0.0621     4.73    0.331  -6.02   0      22.76     902.7972     54.61368
        55     92.9892    905.8077      7557.32     170.7573  15.3041   0.0245     6.35    0.674  59.06   0      59.11     2884.744     62.55347
        56    610.7122    902.7700     53687.58     286.5245  13.1753   0.0058     5.00    0.228  -5.46   0      238.2     14161.03     94.91641
        57    400.1420    906.8809     2196.658     95.30386  16.6456   0.0471     0.98    0.011  56.67   0      44.07     2064.512     59.25122
        58    847.0710    906.1000     2146.526     205.2617  16.6707   0.1038     5.12    0.381 -10.00   0      13.91     479.9618     52.40572
        59    701.8259    904.7300     2627.605     189.0412  16.4511   0.0781     5.95    0.433  -9.21   0      22.26     849.3351     54.66032
        60    654.3376    904.1559     3568.231     226.3414  16.1189   0.0689     4.83    0.307  -7.29   0      26.12      1012.89     55.33619
        61    676.2032    903.0430     1792.698     184.0847  16.8662   0.1115     3.20    0.203   1.35   0         14     535.3669     53.61377
        62    166.4214    902.8970     1752.086     182.0269  16.8911   0.1128     5.22    0.289 -13.55   0      14.83     597.0258     53.18805
        63    999.9467    898.8199     3111.657     224.2497  16.2675   0.0783     5.44    0.302  -7.16   0      24.11     904.8586     55.02443
        64    781.6400    899.5306     1829.625     189.0538  16.8441   0.1122     3.92    0.234   8.34   0      14.93     585.6542     53.55274
        65    352.5862    896.8429     4687.865     125.4083  15.8226   0.0291     2.62    0.461 -63.95   1      58.61     3923.827     66.44279
        66     50.1319    896.0076     2675.356     171.7885  16.4315   0.0697     7.50    0.423  -2.57   0      20.83     752.3572      54.2556
        67    351.6507    889.8356     9620.361     204.5846  15.0420   0.0231     5.00    0.289  -5.54   0      65.73     2737.098     61.89609
        68    615.6072    888.8834     1554.119     111.6488  17.0213   0.0780     1.77    0.212  16.28   0      27.69     1241.985     56.39971
        69    337.1470    882.0039     1856.736     156.0835  16.8281   0.0913     6.14    0.482  -1.59   0      16.02     636.4486     53.90439
        70    161.9947    880.7768     3901.021     99.28513  16.0221   0.0276     0.88    0.144  89.43   0      71.99     3824.103     65.98952
        71    307.8743    877.4172     4392.885     203.2636  15.8931   0.0503     4.90    0.268  -6.92   0      32.64     1255.651     56.45475
        72    201.9324    875.9956      7998.01      237.031  15.2425   0.0322     5.12    0.317  -1.60   0      53.91     2172.613     59.91027
        73     50.9257    870.4205     32678.72       313.48  13.7143   0.0104    10.28    0.490 -17.54   0      140.1     5074.526     70.16403
        74    101.0333    873.5122     5800.338     253.7154  15.5914   0.0475     5.18    0.319   5.53   0      36.82     1431.471     56.77113
        75    277.5050    869.5419     28305.06     254.3211  13.8703   0.0098     4.96    0.244  -6.49   0      151.8     7429.025      77.0352
        76    138.9798    872.1019     4312.563     260.9691  15.9132   0.0657     8.29    0.406  14.36   0      25.14     775.1712     53.94389
        77    595.0714    864.5797     9155.552     222.9976  15.0958   0.0265     5.19    0.313   1.00   0      58.19     2255.387     60.34538
        78    121.0432    862.9893     2321.117     178.6688  16.5858   0.0836     3.74    0.403   1.02   0      18.65     785.2352     54.66272
        79    887.1437    857.3654     12355.03     226.2349  14.7704   0.0199     4.99    0.287  -4.40   0      80.12     3509.115     64.78226
        80    436.9011    858.1319     5561.572     199.1042  15.6370   0.0389     5.31    0.338  -3.11   0      40.42     1517.842     56.98703
        81    651.5642    854.8651     21229.27     260.9165  14.1827   0.0133     4.94    0.233   0.56   0      122.6     5803.131     72.38423
        82    537.7971    857.9648     2886.356     232.0781  16.3491   0.0873     6.77    0.461 -13.30   0      17.72     605.0825     53.90849
        83    141.1749    854.5558     3276.666     265.6573  16.2114   0.0880     8.02    0.330   1.97   2      18.79     579.3046      53.7997
        84    929.7568    855.1960     4884.229     249.9704  15.7780   0.0556     5.45    0.307  -3.44   0       28.8     1072.988      55.8463
        85    393.1606    855.1406      2362.22     101.2941  16.5667   0.0466     2.03    0.187  47.64   0      41.73     2023.113     59.34043
        86    869.5304    850.4776     2144.612     139.0983  16.6716   0.0704     5.23    0.359   4.66   0      18.46      698.338      53.7561
        87    805.4866    848.1472     6693.914     310.4515  15.4358   0.0504     5.46    0.308  -0.29   0      34.72     1279.938     56.16121
        88     84.1605    846.2414     6692.583     292.7847  15.4360   0.0475     5.78    0.385   0.87   0      36.93     1357.599     56.73429
        89    650.3045    844.3964      4380.41     268.6595  15.8962   0.0666     4.99    0.375  -0.18   0      26.25      1000.73     55.28623
        90    543.0801    839.0674     2427.698     220.2434  16.5370   0.0985     6.49    0.403   3.61   0      16.91     617.6782     53.41399
        91    204.5930    835.1052     13273.54     261.7315  14.6925   0.0214     5.20    0.332  -6.61   0       80.3     3402.603     64.40751
        92    665.2065    831.7623     6928.734     240.6294  15.3984   0.0377     5.13    0.298   2.78   0      47.29     1870.975      59.0045
        93    262.5201    830.2626     60604.37     291.9594  13.0437   0.0052     4.96    0.234  -3.15   0      257.4     15841.41     98.85814
        94    998.7122    829.7829     5469.022     320.6327  15.6552   0.0637    10.57    0.345  23.03   0      30.56     919.3428     54.81673
        95    282.8105    828.9568     12539.62     217.3107  14.7543   0.0188     5.04    0.292  -2.27   0      80.36      3526.61      65.0699
        96    194.6043    827.2179     6127.923     260.4374  15.5317   0.0462     4.99    0.306   4.25   0      40.87     1611.942     57.74418
        97    124.2414    828.8690     1624.099     193.6111  16.9735   0.1295     5.20    0.550 -16.08   0      12.98     436.9231     52.91778
        98     64.5680    827.5219     4689.754     284.2012  15.8221   0.0658     5.66    0.376   2.46   0      24.92     920.6364     54.95599
        99    940.6720    824.1322     1705.377     146.1284  16.9204   0.0931     4.29    0.295 -13.82   0      14.29     552.7314     53.27506
       100    744.6243    823.1553     1922.039     186.2281  16.7906   0.1052     6.75    0.462  -6.53   0      17.18       627.24     54.00182
       101    898.1204    822.2038     3328.374     255.1181  16.1944   0.0832     5.96    0.361  -6.17   0      18.05     713.9047     54.22998
       102    911.8782    822.0687      1349.43     125.2184  17.1746   0.1008    -2.30    0.160  47.61   2      30.13      909.851     54.64303
       103      4.6282    815.6426     3482.218     223.8055  16.1454   0.0698     8.80    0.485  29.60  24      22.51     629.8462     54.01278
       104    674.9109    811.0329     6915.064     261.1234  15.4005   0.0410     5.05    0.302  -4.41   0      43.85     1721.136     57.79211
       105   1004.0861    806.3011     1557.998     190.6641  17.0186   0.1329     5.14    0.547  11.78   0      12.96     437.0842     52.50017
       106    281.7899    802.8806     5520.896     237.7554  15.6450   0.0468     5.48    0.321  -7.39   0      39.49     1498.361      57.2954
       107     92.5772    807.6899     4970.053     127.3695  15.7591   0.0278     6.00    0.515  35.94   0      80.72     4046.929     66.31068
       108    512.8668    803.3027     2320.369     209.0006  16.5861   0.0978     6.72    0.739   9.18   0      14.79     412.2628      52.5327
       109    873.9961    797.1978     8027.405     264.1845  15.2386   0.0357     6.05    0.281  -6.72   0      52.29     2065.258     59.50163
       110    763.2571    797.6414     3101.856     250.5543  16.2709   0.0877     6.06    0.358  -0.28   0      18.89     673.7666     53.92538
       111    743.3424    796.5790     2296.908     236.9907  16.5971   0.1121     6.13    0.442  -4.46   0      15.42     557.5335     53.43327
       112    918.9393    798.2940      1854.46     178.0742  16.8295   0.1043     4.67    0.457   3.91   0      15.14     582.4373     53.12568
       113    386.7833    792.5239     2421.567     198.2867  16.5398   0.0889     6.78    0.358 -16.34   0       17.9     663.4291     54.01802
       114     33.0724    792.1024     5683.251     301.2908  15.6135   0.0576     5.55    0.286  -0.18   0      30.15     1059.856     55.13026
       115   1002.2836    791.3746     3807.964     276.9383  16.0483   0.0790     7.66    0.549  -6.05   0      19.46     704.2687     53.91765
       116    470.8626    791.9877     2242.991     212.4052  16.6229   0.1028     6.33    0.483  -0.44   0       16.8     609.9214     53.65563
       117    602.6965    788.3084     3074.348     188.6058  16.2806   0.0666     6.97    0.408  -0.94   0      23.57     851.3112     54.39901
       118    506.6566    788.8290     2672.041     228.6765  16.4329   0.0929     6.67    0.432 -16.35   0      17.52     613.2089     53.53244
       119     43.6484    786.3692     2420.676     108.4294  16.5402   0.0486     1.53    0.286 -45.51   0      44.24     2241.402     60.41445
       120    869.6221    784.3811     2681.468      212.009  16.4291   0.0859     6.72    0.416  -3.02   0       18.1     622.2608     53.98086
       121    677.4954    784.2967     5057.011     241.1517  15.7403   0.0518     5.32    0.376   0.34   0      32.39     1237.505     55.98923
       122    590.5353    783.0840     1983.863     164.2929  16.7562   0.0899     6.66    0.190   8.25   0      16.67     584.9712     53.27465
       123    266.4928    776.5458     4889.669     183.9158  15.7768   0.0408     4.92    0.275   0.95   0      36.19     1382.287     56.57388
       124   1013.4710    774.4656     2719.188     163.0688  16.4139   0.0651     5.14    0.403  -5.75   0      21.36     799.0314     54.31562
       125      7.8862    773.0037     12474.99     250.9897  14.7599   0.0218     4.88    0.249   4.03  16       76.1     3237.109     63.93592
       126    829.1003    772.2917     4121.426     230.9095  15.9624   0.0608     5.14    0.285   0.53   0      28.32      1009.28     54.92137
       127    545.0039    773.9393     7762.852     106.0445  15.2749   0.0148    -6.76    0.046  86.70   0      119.3     7824.737       78.569
       128    559.8366    771.6570      3708.64     203.4024  16.0770   0.0596     5.20    0.368  -4.00   0      27.02      1016.96     55.35291
       129    194.9615    766.9193     9411.041     111.1849  15.0659   0.0128    -3.32    0.148  63.46   0        134     8937.932     81.63569
       130    434.6714    762.8036     4466.374     234.4054  15.8751   0.0570     5.18    0.318  -0.33   0      31.72      1230.14     56.22139
       131     49.5027    760.9635      2067.92     196.0151  16.7112   0.1029     5.05    0.266  -1.63   0      15.72     573.6282     52.94936
       132    704.9308    754.5109     10452.48      349.248  14.9520   0.0363    10.71    0.114 -42.39   0      49.61     1886.349     58.56384
       133    342.0204    755.9553     9697.462     275.7982  15.0334   0.0309     5.61    0.298   5.71   0      57.32     2190.125     60.22125
       134    530.0079    756.3435     3134.753     104.7813  16.2595   0.0363     0.95    0.177  88.61   0      58.85     2999.797     63.08671
       135    494.4066    756.8463     2902.985     207.8729  16.3429   0.0778     7.16    0.458  -0.50   0      20.57     778.4572     54.63453
       136    760.0720    753.0847     4973.036     225.3143  15.7584   0.0492     4.80    0.292  -5.18   0      36.67     1463.315     56.89847
       137    635.4742    753.9452     1494.095     143.2569  17.0641   0.1041     4.93    0.378  24.29   0      13.72     554.4657     53.28246
       138    692.2374    749.3889     23018.73     264.5623  14.0948   0.0125     5.05    0.271  -2.99   0      126.8     6069.246     73.51553
       139    966.0739    746.7908      5803.22     193.7718  15.5908   0.0363     5.57    0.306   1.92   0      41.16      1541.84     57.59536
       140    561.3236    742.2078     129420.8     351.9515  12.2200   0.0030     5.06    0.190  -2.87   0      412.7     34102.81     134.5473
       141    369.3058    747.0533     4431.935     242.0846  15.8835   0.0593     5.96    0.317  -1.69   0      29.01     1066.326     55.15693
       142    828.6613    740.2177     3497.181     258.1315  16.1407   0.0802     5.82    0.396  -6.70   0      19.79     691.5227     54.00017
       143    736.1635    740.7649     2327.209     211.6289  16.5829   0.0988     6.15    0.361   9.25   0      17.21     660.6508     53.87008
       144    109.3812    737.4432     2377.715     203.7216  16.5596   0.0930     4.56    0.280 -22.08   0      17.78     665.3559     54.16199
       145     84.1018    727.8950     30502.82     260.5437  13.7892   0.0093     4.86    0.252  -2.98   0      160.6      8150.22     79.13431
       146    403.9282    729.4910     2884.034     206.9663  16.3500   0.0779     6.26    0.458 -14.18   0       20.5     742.7429     53.94351
       147    556.6851    726.3160     16476.61      257.458  14.4578   0.0170     5.15    0.265  -2.57   0       97.4     4253.296     67.23323
       148    720.1238    733.2133     7787.797     280.1854  15.2715   0.0391    11.81    0.652 -10.83   0      41.92     1333.661     56.76793
       149    439.0545    723.8848     1718.724     192.7713  16.9120   0.1218     5.11    0.411   6.93   0      12.68     482.9746     52.83773
       150    593.2226    721.1665     2156.939     168.9399  16.6654   0.0851     6.06    0.402  -7.35   0         18     693.9633     54.28191
       151     51.3001    720.2572     6097.432     244.3961  15.5371   0.0435     5.23    0.276   3.83   0      41.11     1578.098     57.22683
       152    261.6552    716.4470     25321.37     244.9812  13.9913   0.0105     5.06    0.252  -1.20   0      140.5     6746.581     75.38578
       153    316.1719    710.6028     69379.63     310.7707  12.8969   0.0049    10.57    0.286  -6.92   0      280.2     18379.73     104.8118
       154    351.0090    711.7677     3804.136     111.2915  16.0494   0.0318     5.01    0.306 -89.81   0      75.01     3301.021     64.27715
       155    584.4573    709.1165      2610.99     196.6438  16.4580   0.0818     6.08    0.385  26.00   0      19.42     689.0034     53.71662
       156    713.9623    705.9223     2473.043     94.02652  16.5169   0.0413     4.39    0.114  63.16   0      60.03     2263.487     60.25402
       157    196.3420    700.0266     2489.767     144.8279  16.5096   0.0632     4.66    0.283 -10.90   0      21.17     844.0507     54.63835
       158    142.0159    700.2144     2642.928     225.4103  16.4448   0.0926     5.09    0.286  -4.13   0      18.36     697.8657     54.02686
       159    494.4348    695.6163     2214.181     218.3464  16.6370   0.1071     4.75    0.208  -2.72   0       15.5     525.7681     53.71007
       160    380.6887    693.3985     3230.313     216.0258  16.2269   0.0726     5.02    0.388  -2.14   0      23.99      936.455     55.02137
       161    563.6897    689.3676     16788.07     243.0571  14.4375   0.0157     5.75    0.226  -4.99   0      99.86     4314.968     67.22308
       162    253.9633    685.5746     3329.697     289.5286  16.1940   0.0944     8.17    0.496  18.87   0      17.38     571.6922     53.90405
       163    439.2417    681.3118     16928.74      252.092  14.4284   0.0162     5.18    0.290  -1.23   3      99.35     4318.613     67.34462
       164    430.2269    680.8958     7355.141     291.4132  15.3335   0.0430     5.43    0.377  -6.19   3      41.17     1550.133     56.98684
       165    296.6531    681.1840      6701.41       133.21  15.4346   0.0216     0.00    0.491 -27.04   0      101.6     5660.793     72.03802
       166    960.7499    681.5138     2752.922     158.5462  16.4005   0.0625     4.80    0.323   1.93   0      23.97     934.5495     54.74566
       167    923.3156    674.9700     1511.098     131.2365  17.0518   0.0943     5.00    0.339   1.02   0      28.72     977.5609     55.05758
       168    398.8726    672.4722     6247.772     195.2359  15.5107   0.0339     5.36    0.345   4.04   0      45.59     1812.908     58.40411
       169    530.3342    668.0930     4789.951     237.0556  15.7992   0.0537     6.10    0.326   9.07   2      30.15     1054.526     55.37437
       170    187.5315    685.8378     5748.257     246.3192  15.6012   0.0465     5.15    0.323  -3.54   0      39.55     1500.989     57.30582
       171    750.0829    668.5207     3449.264     214.5501  16.1557   0.0676     5.67    0.396  -0.48   0      25.84     986.0526     54.82516
       172    273.2451    668.0509     5782.086     144.9198  15.5948   0.0272     6.82    0.589  27.70   0      57.41     2564.406     61.49819
       173    882.6951    667.8545     3874.399     305.3869  16.0295   0.0856     8.41    0.538   8.80   2      19.35     587.3592     53.14673
       174    889.2101    664.4470     5023.708     323.7402  15.7474   0.0700     4.97    0.355 -32.38   3      20.45     678.7835     54.21831
       175    860.7982    667.2463     2154.444     186.5115  16.6667   0.0940     6.71    0.383  -2.57   0      18.02     685.9319     53.97663
       176    793.2348    664.1087     2824.032     105.8553  16.3728   0.0407     4.92    0.293  26.00   0      61.17     2384.881     60.22401
       177    451.0378    661.8468     2038.134     220.6752  16.7269   0.1176     5.65    0.396   1.40   0      14.41     511.7832     53.23832
       178    472.7237    659.7135     1256.248     104.2122  17.2523   0.0901     2.76    0.503 -59.85   0      22.89     1017.497     55.08893
       179    740.8112    655.9620     2271.093     162.4431  16.6094   0.0777     6.50    0.502   5.11   0      18.91     719.2355     54.52258
       180    884.0837    639.6111     20417.79     239.6235  14.2250   0.0127    10.45    0.326   2.21   0      116.4     5342.906     70.92449
       181    651.4843    639.3998     1746.278     167.2918  16.8947   0.1040     6.20    0.477 -29.40   0      14.27     498.1946     53.45596
       182    181.1854    639.4054      1828.33     205.8038  16.8449   0.1222     5.93    0.361   2.95   0      14.64     583.6437     53.54421
       183    311.7162    638.5519     3734.611      253.313  16.0694   0.0737     5.66    0.349   0.14   0       22.8     827.5153      54.2995
       184    397.6569    636.0555      2209.49     116.1822  16.6393   0.0571     0.00    0.357 -11.99   0      44.22     1649.018     58.14328
       185    203.8656    628.8669     4013.488     103.1678  15.9912   0.0279     4.86    0.279  40.42   0      79.91     3637.488     65.11831
       186    340.2269    628.1094     2497.491     237.9564  16.5062   0.1035     5.50    0.395  10.54   0      14.25     490.9519     52.73285
       187    613.3444    626.5803     2456.147     214.3544  16.5244   0.0948     7.51    0.326 -56.26   0      16.76      500.196     53.32682
       188    856.1686    620.3482      16208.7     249.9763  14.4756   0.0167     4.93    0.258  -1.57   0      96.19     4239.182      67.2948
       189    825.9550    619.3463     4175.919     226.9507  15.9481   0.0590     5.85    0.354  -1.54   0      29.96     1124.541     55.92444
       190    174.9452    616.3381     4168.059      181.003  15.9502   0.0472     5.45    0.249   8.25   0      30.85     1130.012     55.94667
       191    653.0514    615.0204     28267.15     372.1875  13.8718   0.0143     9.66    0.226  -3.15   2      123.4     6135.951     73.52181
       192    628.7445    614.0938     4803.599     225.1433  15.7961   0.0509     5.60    0.344  -0.34   0      35.66     1388.842     56.47021
       193    678.6288    611.9411     5237.837     253.9356  15.7021   0.0527     7.17    0.419 -13.61   0      33.28     1216.297      56.1654
       194    337.5500    607.2697     26047.92     270.5688  13.9606   0.0113     6.11    0.236   3.71   0      140.4     6656.714     75.01646
       195    874.6709    606.5146       9061.1     231.7912  15.1070   0.0278     5.29    0.342  -4.32   0      59.98     2430.398     60.63842
       196    407.9994    608.0033     3163.864     95.68174  16.2495   0.0328     4.19    0.007 -47.78   2      74.02     3143.085     63.48515
       197    742.4871    605.7834     3914.872     243.1149  16.0182   0.0674     5.67    0.236 -29.05   0      24.12      825.926     54.42804
       198     51.0273    607.0455      1894.58     185.2052  16.8062   0.1062     5.25    0.322   0.07   0      15.27     604.6328     53.90659
       199    598.3242    604.0722      3482.28     178.0882  16.1453   0.0555     5.06    0.318  -9.55   0      26.95     1030.579     55.14288
       200    302.8371    603.4687     6512.543     252.1762  15.4656   0.0421     5.42    0.309   0.73   0      44.04     1725.122     58.18793
       201    155.8502    603.1021     6591.407     205.7071  15.4526   0.0339     5.31    0.318  -6.63   0      46.32      1798.84     58.09688
       202    381.8772    591.8259     16586.97     249.5849  14.4506   0.0163     5.13    0.239  -0.78   0      99.15     4309.693     67.53252
       203    130.7752    594.5793      1863.56     98.31764  16.8241   0.0573     1.17    0.193  55.58   0       37.4     1784.665      58.6711
       204    342.3980    590.7490     18661.07     273.1794  14.3227   0.0159     5.06    0.251  -1.75   0      107.3     4769.761     69.06347
       205    580.0123    592.9878     2880.588     95.00649  16.3513   0.0358     4.18    0.012  44.92   2      70.23     2907.789     62.63715
       206    856.0261    588.8932     2205.615     202.6248  16.6412   0.0998     4.93    0.376  -2.51   0      16.34      610.603     53.24603
       207    784.8405    585.7524     3414.143     223.7364  16.1668   0.0712     6.79    0.274  -1.57   0      25.59     914.6528     54.93124
       208    657.7684    591.3300     6302.281     128.3007  15.5013   0.0221     0.00    0.325 -47.16   0      94.92     5181.071     70.40399
       209    623.8264    584.3976     3691.855     234.4383  16.0819   0.0690     6.42    0.361   3.24   0      25.86     900.9645     55.14178
       210    189.5200    576.2712     43221.11     278.7584  13.4108   0.0070     4.99    0.219  -4.91   2      198.6     10705.87     86.24728
       211    429.4354    570.9993     3407.551     207.5404  16.1689   0.0661     5.10    0.265  -1.48   0      26.54     1021.587     55.63672
       212     99.2002    566.2505     17779.02     260.0222  14.3752   0.0159     5.04    0.290  -1.95   0      105.6     4768.972     69.06087
       213   1021.9457    563.9454     1875.412      152.539  16.8173   0.0883     5.94    0.421  -8.37  24      15.92     597.9136     53.87825
       214    185.8664    562.0148     2480.123     94.04362  16.5138   0.0412     0.94    0.098   1.50   0      56.11     2372.918     60.66538
       215     86.4052    559.3596      4938.52     256.5485  15.7660   0.0564     5.21    0.323  -0.20   0      34.22     1321.806     56.84988
       216    382.2245    559.0463     1261.848     120.5713  17.2475   0.1038     4.31    0.039  34.12   2      28.82     895.7715     55.12038
       217    898.3622    557.6232     3327.628     224.4685  16.1947   0.0733     6.30    0.477 -10.22   2      19.74     675.4108     54.33959
       218     86.6262    550.3302     3342.694      229.342  16.1898   0.0745     6.06    0.212  -5.40   0      23.75     840.1376     54.62207
       219    819.4390    546.3838      2667.29     231.8634  16.4348   0.0944     6.88    0.490  -0.71   0      17.23     604.7272     54.04315
       220     53.3224    545.5534     3793.792     180.5324  16.0523   0.0517     5.03    0.311   7.88   0      30.11     1127.375     55.67256
       221    729.1625    544.5742     2824.795     180.3302  16.3725   0.0693     5.28    0.297 -11.01   0      21.73     848.9088     55.06046
       222    707.5420    541.6976     19992.21     239.2195  14.2478   0.0130     4.98    0.271  -2.08   0      118.9     5547.935     71.37283
       223    151.0428    543.8710     7685.171      115.823  15.2859   0.0164     0.00    0.260 -71.62   0      119.3     7286.655     76.90127
       224    872.2734    541.1914     1824.715     197.6014  16.8470   0.1176     5.76    0.460 -10.62   0      14.07        556.4     53.42844
       225    563.8643    535.6336     1924.301     216.3526  16.7893   0.1221     6.01    0.350  -0.12   0       13.8     460.9478     53.02086
       226    344.6956    531.4940      19069.6     256.1755  14.2991   0.0146     4.99    0.284  -3.39   0      110.3     4918.158     69.44434
       227    879.6863    531.5980     3737.907     213.9988  16.0684   0.0622     4.34    0.339   7.73   0      25.82     1036.048     55.69576
       228    770.1296    526.1124     692.7113     76.33428  17.8986   0.1197     3.63    0.211  42.33   2      24.34     642.9263     53.52132
       229    680.4752    522.4240     2723.701     235.0663  16.4121   0.0937     6.70    0.445  -9.95   0      17.61     575.2713     53.50866
       230    324.0398    519.6898     6910.569     228.8715  15.4012   0.0360     6.08    0.316  -6.05   0      46.43       1698.2     57.82907
       231    727.1151    509.1369     1362.007     97.15132  17.1646   0.0775     3.40    0.271  45.39   0      37.81     1089.593     55.38557
       232    981.8561    505.8699     2496.266     230.9014  16.5068   0.1005     5.45    0.339  42.48   0      15.99     571.7324     53.35606
       233     68.1412    504.6510     8860.041     239.3961  15.1314   0.0293     4.70    0.237  -0.76   0      60.33     2473.884     61.16274
       234    823.4749    498.8004     100651.4     373.4375  12.4930   0.0040     5.25    0.069  70.45   0      343.2     21659.11      111.565
       235    472.1791    503.2151      3999.38     245.4499  15.9950   0.0666     5.78    0.356 -12.89   0      25.67     976.0769     55.31781
       236    156.1653    495.3091     5289.286     199.7153  15.6915   0.0410     5.22    0.231   5.33   0      38.41     1476.693     56.82269
       237    658.9512    495.1496     3715.811     242.9287  16.0749   0.0710     5.63    0.306  -5.82   0      25.03     923.1002     55.23294
       238    415.3894    494.1280     7307.354     236.3679  15.3406   0.0351     5.11    0.275  -0.13   0       51.3     2054.455     59.46035
       239    214.9113    493.7364     11227.11     126.9935  14.8743   0.0123     5.33    0.374  70.90   0      143.6      10185.3     84.86445
       240    512.5325    491.5653     10635.06     335.4145  14.9332   0.0343     5.38    0.218   1.83   2      53.41     1535.638     57.44307
       241    735.0916    490.2306     2880.044     201.5649  16.3515   0.0760     5.61    0.430  -7.07   0      22.32     816.3311     53.98105
       242    928.5627    481.6851     2403.661     227.6037  16.5478   0.1028     4.80    0.376  15.71   0      14.58     540.0775     53.08278
       243    265.0327    472.6661     271432.6     442.8742  11.4158   0.0018     5.03    0.176  -4.83   0      627.2     70604.53      186.265
       244    805.5843    473.1450     33338.41     281.8885  13.6926   0.0092     4.97    0.204 -15.69   0      168.1     8713.273      81.0985
       245    510.2526    474.4866     3541.487     242.0076  16.1270   0.0742     4.59    0.319  -0.03   0      23.97     889.0815     54.55658
       246    741.9153    474.0197     2638.224     94.42493  16.4467   0.0389     4.43    0.093  18.20   0      49.95       2399.2     60.52138
       247    710.4568    471.1112     4322.222     175.0066  15.9107   0.0440     0.00    0.287  54.95   0      39.93     1749.607     58.03075
       248    351.3317    469.4953     2393.726     211.7003  16.5523   0.0960     4.33    0.353 -16.40   0      17.68     701.7361     53.77047
       249    337.9384    469.7010     2948.175     233.7162  16.3261   0.0861     6.04    0.364   5.70   0      20.48     718.3777     53.70408
       250    148.7336    467.1880      3051.02     240.7846  16.2889   0.0857     8.14    0.723  30.83   0       17.8     583.8647     53.54515
       251      4.6163    468.0351     1889.263     164.1619  16.8093   0.0944     5.89    0.454  -1.08  16      15.52      600.519     54.02545
       252    382.2878    466.0006     2356.259     215.1043  16.5694   0.0991     5.52    0.372  -8.98   2      16.61     532.8036     53.32798
       253    248.0021    461.8500     20297.69     130.1656  14.2314   0.0070     0.00    0.108  89.21   0      191.3     20218.04     108.5896
       254    206.1217    461.6671     2229.726     193.3729  16.6294   0.0942     4.27    0.287  18.96   0      17.05     663.5823     53.60896
       255     98.1317    458.5645      4994.27      228.574  15.7538   0.0497     4.65    0.236   4.31   0      36.21     1448.715     57.09813
       256    521.5308    457.9965     10570.86     136.9993  14.9397   0.0141     5.70    0.455   0.28   0      131.4      8992.84     81.78841
       257    865.6946    454.9895     5186.975          132  15.7127   0.0276     3.24    0.514  -0.94   0      73.28     3672.891     65.35431
       258    973.0121    453.0521     1784.855     190.9343  16.8710   0.1162     5.69    0.447  13.99   0      14.51     547.6813     53.52882
       259    771.0430    445.1716     1839.283     180.1069  16.8384   0.1063     5.73    0.409   1.70   0      15.21     564.6505     53.73776
       260    885.0228    431.5450     3831.392     232.2118  16.0416   0.0658     5.50    0.361  -0.07   0      28.05     1087.944      55.6436
       261    372.0465    430.9603     4916.177      298.873  15.7709   0.0660     5.14    0.325  -3.50   0      25.34     962.3542     54.99477
       262    166.5213    431.2081     4278.829     249.4194  15.9217   0.0633     5.42    0.336   3.87   0      29.82     1136.433     55.84129
       263    120.3406    431.2450     4382.632     237.4399  15.8957   0.0588     5.27    0.367  -7.46   0      28.58     1059.157     55.52589
       264     38.6839    431.7107     2077.651     206.9686  16.7061   0.1082     6.10    0.571   3.72   0      14.85     500.4144     53.05141
       265    417.0116    430.2724     2770.718     100.3927  16.3935   0.0393     0.85    0.152 -88.87   0      55.35     2588.947     61.58882
       266    288.4592    426.2882     56316.36      287.326  13.1234   0.0055     4.96    0.224  -2.96   0      245.6     14909.95     96.69304
       267    165.9730    423.0190     2004.551     182.3418  16.7450   0.0988     6.28    0.485  -1.07   0      16.38     631.2626     54.01875
       268    246.8460    421.4857     2506.781     206.5517  16.5022   0.0895     6.32    0.396   0.39   0      20.54     763.1826     54.02956
       269    687.8175    414.3719     1990.981      201.474  16.7523   0.1099     5.28    0.552  28.44   0      14.29     561.4184     53.72409
       270    448.6529    402.6985     29519.59     261.7986  13.8247   0.0096     6.68    0.241   6.59   0      155.1     7728.274     77.91306
       271    147.0824    404.9966      1319.88     95.14075  17.1987   0.0783     4.25    0.023  42.56   2      35.08     1073.959      55.7185
       272     21.2733    400.2379     1942.627     146.4969  16.7790   0.0819     4.05    0.551 -18.50   0      29.18     1361.519     56.74999
       273    824.9224    398.2939     2663.792     241.9425  16.4362   0.0986     6.09    0.417  28.30   0      15.77     490.6552     53.00958
       274      4.0833    392.3174     5786.691     187.9765  15.5939   0.0353     4.66    0.250 -12.06  24         42     1702.826     57.97416
       275    753.3197    391.4123     4013.543     152.1105  15.9912   0.0412     6.82    0.550 -28.62   0      56.86      2760.65     62.10097
       276    204.5875    389.9185     3112.398     225.8832  16.2673   0.0788     6.52    0.318  11.61   0      21.52      747.736     54.23624
       277    265.6970    389.3355      2971.94     205.2805  16.3174   0.0750     6.51    0.428   0.23   0      22.18      793.113     54.15531
       278    510.6964    388.6923     1987.588     197.7887  16.7542   0.1081     6.14    0.574   4.73   0      14.51     476.7229     52.81083
       279    474.2482    383.2941     4123.083     231.7055  15.9619   0.0610     8.52    0.405  -6.81   0       29.5     1108.368     55.32989
       280    909.0296    376.7189     2730.786     195.8463  16.4093   0.0779     6.72    0.459   2.00   0      22.01      851.892     54.67096
       281    584.5048    375.3043     2433.135     149.7306  16.5346   0.0668     5.31    0.450   2.82   0       19.6     702.2159       53.909
       282    256.2787    373.0197      2865.89      219.861  16.3569   0.0833     1.40    0.409  28.53   0      19.72     564.4863     53.60012
       283    155.6709    357.6571     6698.123     222.9648  15.4351   0.0362     5.26    0.296  -4.77   0      46.07     1766.472     58.22313
       284     17.5212    354.4276     3603.826     235.1356  16.1081   0.0709     5.88    0.395  -9.21   0       25.7     982.6818     55.21198
       285    515.8571    353.0965     4117.658     243.3044  15.9634   0.0642     5.18    0.357   0.14   0      30.87     1211.923     55.75363
       286    200.9579    349.6293     4695.824     273.6669  15.8207   0.0633     4.49    0.396   0.57   2      27.83     949.6035     55.34189
       287      5.6335    352.0491     2047.672     180.3696  16.7218   0.0957     6.53    0.495  -3.33  17      17.29     615.5531     53.67948
       288    175.0269    346.5849     4113.312     239.4947  15.9645   0.0632     5.81    0.389  -5.39   0       27.7     1072.654     55.84494
       289    992.7341    343.5403     14566.48     221.0887  14.5916   0.0165     4.78    0.264   6.27   0      92.88     4183.835     67.10762
       290    140.3793    350.1588     2599.467     230.2062  16.4628   0.0962     5.93    0.317   7.99   0      17.46     661.0626     54.14398
       291     65.0033    342.8242     2023.577     188.3136  16.7347   0.1011     5.78    0.402   2.01   0      14.65     492.8383     53.29546
       292    433.8005    340.3274     2101.833     219.9069  16.6935   0.1136     6.43    0.246   5.02   0       14.8     512.9789     53.24342
       293    690.6894    338.6902     8167.836     244.0658  15.2197   0.0325     5.24    0.348   5.52   0      54.54     2155.328     59.72173
       294    375.0757    331.0849     4904.662     259.3677  15.7735   0.0574     5.58    0.268  -4.66   0       31.3     1220.948     55.79041
       295    523.4496    327.2677     55222.34     293.4299  13.1447   0.0058     7.56    0.198 -13.06   0        240     14270.95     95.33354
       296    404.9862    329.2415     17626.34     262.7014  14.3846   0.0162     5.56    0.240  -7.92   0      102.7     4607.979        68.85
       297    213.1134    322.7636      17161.6      248.634  14.4136   0.0157     4.96    0.223  -5.71   0      102.6     4493.464     67.93214
       298    911.0453    324.2271      1852.12     129.0081  16.8308   0.0756     0.00    0.193  75.62   0      37.57     1252.855     56.57355
       299    781.0020    325.0480     2804.898     241.3148  16.3802   0.0934     5.90    0.522  -0.75   0      17.06     631.0984     53.74525
       300    297.3730    320.6190     9489.356     302.9377  15.0569   0.0347     6.09    0.351   3.55   0      51.19     1986.948     59.44952
       301    681.0290    320.1656      5098.15     251.6295  15.7315   0.0536     5.53    0.389  -3.74   0      32.08     1247.154     56.55064
       302    127.1177    317.5308     3342.096     236.4418  16.1900   0.0768     8.72    0.113 -71.20   0      23.54     736.2996     53.91636
       303    461.0202    316.1641     2431.203     180.8522  16.5354   0.0808     6.22    0.316  -4.47   0      20.75     772.6386     54.74473
       304    902.9957    312.6935     2158.508     207.9428  16.6646   0.1046     5.57    0.470   5.61   0      14.89     569.8722     53.48572
       305    637.8411    312.0775     2293.166     226.6843  16.5989   0.1074     5.48    0.396 -10.30   0      14.46     493.3932     53.15975
       306    276.0153    310.7459     2756.651     253.8856  16.3990   0.1000     5.69    0.459   6.86   0      15.05     461.8776     53.16327
       307     65.0276    303.8126     5283.974     288.5226  15.6926   0.0593     5.88    0.367  14.52   2       28.9     1001.149     55.42072
       308    602.6359    302.6429     2634.395     172.8008  16.4483   0.0712     5.27    0.351  -7.80   0       21.4     822.2632     54.68221
       309    709.9152    300.9144     11866.47     116.0956  14.8142   0.0106     0.00    0.129  44.79   0      147.9     11481.97     88.35195
       310    852.6745    299.8448     2517.825     221.1687  16.4974   0.0954     6.38    0.545   8.02   0      17.08     604.0713     53.63084
       311    295.9288    297.7083     10543.76     229.2679  14.9425   0.0236     4.91    0.260  -0.69   0      68.85     2884.858     62.43629
       312    158.1235    290.0125      1145.42     90.76079  17.3526   0.0861     2.38    0.146   2.39   0      34.58     1022.988     55.51021
       313    416.2365    287.3791     3050.628     214.9838  16.2890   0.0765     5.48    0.370   6.14   0      23.05     860.5536      55.1085
       314   1008.4374    279.7225     3565.062     258.9019  16.1198   0.0789     6.84    0.414  -1.11   0      21.95     786.4617     54.39827
       315   1015.3218    271.6134     8931.204     262.8723  15.1227   0.0320     4.80    0.312  -1.69  16      55.76     2235.456      60.1482
       316    916.4487    268.3567     37245.14     263.5865  13.5723   0.0077     5.02    0.225  -2.02   0      186.7     10214.71     85.20234
       317    205.7703    263.9644     2271.123     199.0395  16.6094   0.0952     7.09    0.247 -21.72   0      17.51     565.2747      53.7404
       318    734.6370    263.5000     1945.092     192.0839  16.7776   0.1072     4.50    0.243  31.21   0      15.34      569.846     52.79409
       319    809.8712    261.8449     2042.947     167.6944  16.7244   0.0891     4.15    0.195  41.25   2      16.45     736.6643     54.18982
       320    106.3696    259.2327     5179.778     244.2945  15.7142   0.0512     4.98    0.308  -2.85   0      33.56     1318.277     56.83576
       321    870.7370    256.8877     4072.006     230.8609  15.9755   0.0616     7.09    0.365  -2.81   0      25.27     922.2473     54.69456
       322    464.0371    256.5640     7424.025     235.7018  15.3234   0.0345     5.57    0.394  -1.14   0      45.35     1705.412      58.1109
       323    946.1988    254.4384     3034.188     233.0126  16.2949   0.0834     5.72    0.426   3.28   0      21.25     829.1851     54.84514
       324    270.5932    253.1996     1221.359     98.70116  17.2829   0.0878     2.47    0.515  62.64   0      19.79     996.3983     55.26842
       325    189.1618    250.6443     7086.451     216.6797  15.3739   0.0332     4.95    0.311  -5.70   0      49.52     2033.687     59.38091
       326   1009.5945    249.2355     3545.186     218.0487  16.1259   0.0668     7.00    0.341   0.83   0      24.46     881.5679     55.06178
       327     50.5813    238.3291       161275     377.3476  11.9811   0.0025     4.99    0.194  -7.25   0      467.5      42822.9     148.5979
       328    735.0206    240.8770     3755.621     193.2659  16.0633   0.0559     5.44    0.304   6.53   0      28.47     1063.844     55.67723
       329    510.8411    238.7474     34138.24     263.6959  13.6669   0.0084     4.94    0.220   2.19   0        174     9145.182         82.3
       330    783.0750    236.6089     1982.328     190.2057  16.7571   0.1042     5.66    0.278  -8.01   0      15.38     569.5413     53.48431
       331    434.5739    234.1353     1882.641     157.2937  16.8131   0.0907     3.49    0.133   8.43   0      16.48     655.2688     53.84737
       332    215.3825    226.5824     20572.66     257.5055  14.2168   0.0136     5.07    0.251  -5.92   0      116.3     5313.899     70.83147
       333    709.1581    227.0776     4554.487     251.8685  15.8539   0.0601     5.82    0.342   1.91   0      32.25     1181.817      56.0257
       334     17.0506    223.8904     1634.012     93.95253  16.9669   0.0624     0.00    0.163 -60.59   0       43.9     1421.927     56.73291
       335    265.0814    219.0311     27878.88     250.2962  13.8868   0.0098     4.87    0.247  -3.13   0      151.7     7770.012     78.31675
       336    440.3518    217.8389     6935.234     248.1535  15.3973   0.0389     4.99    0.229  -4.68   2       44.2     1732.861     58.09178
       337    445.9959    216.0069      6988.95     104.3727  15.3890   0.0162     0.00    0.006 -30.86   3      116.3     6871.012     75.66292
       338    730.7241    216.8790     5670.758     235.5702  15.6159   0.0451     5.06    0.338  -5.73   0      38.68     1506.193     56.94055
       339    236.5068    213.1534     2572.062     214.4772  16.4743   0.0906     6.87    0.567  -5.63   0      16.79     563.8282     53.04601
       340    687.7701    210.7540     5236.046       214.73  15.7025   0.0445     5.43    0.390   4.55   0      38.32     1503.546     57.57184
       341    391.9060    193.5095      3044.98     225.0002  16.2910   0.0802     8.13    0.430 -14.09   0      21.65     739.3397     54.06528
       342   1001.3504    192.9548     1921.112     167.5292  16.7911   0.0947     6.15    0.484   4.77   0      15.07     542.6685     53.50753
       343    465.8670    193.0517     7962.402     300.5699  15.2474   0.0410     8.95    0.724  20.90   3      66.42     716.1719     54.10381
       344    461.2264    186.0011     30907.92     297.1162  13.7748   0.0104     4.85    0.257  -0.48   2      145.5     6627.932     75.12512
       345    775.9581    188.1843     48921.84     281.4162  13.2762   0.0062     5.47    0.241  -3.07   0      223.3     13366.02     93.30889
       346    508.9866    191.4788     3315.654     244.0644  16.1986   0.0799     5.04    0.410  -3.79   0      21.62     820.0582     54.53846
       347    285.7808    189.3027     7328.476     216.9334  15.3375   0.0321     5.37    0.325  -4.28   0      49.99     1873.666     58.38887
       348    593.0789    187.2027     5643.834     231.6112  15.6211   0.0446     8.60    0.384  -3.91   0      40.21     1627.254     57.80442
       349    983.2327    186.3640     2491.776     223.6206  16.5087   0.0975     5.56    0.481  -1.19   0      17.32     677.8793     54.21452
       350    990.3852    178.7634      3004.43     252.6571  16.3056   0.0913     5.84    0.523   3.86   0      15.61     517.9076      53.6768
       351    256.0027    174.0144     2126.091     135.0463  16.6810   0.0690     3.66    0.574 -89.86   0      32.94     1485.187     57.24312
       352    105.1116    175.0391     3084.487     190.5563  16.2770   0.0671     0.16    0.477  -4.32   2      27.16     1429.882     56.76476
       353    106.8981    170.5881     3095.863     247.5982  16.2730   0.0869     5.98    0.176 -27.01   3      17.97     586.3591     53.55573
       354     43.8384    167.0724     3302.056     232.4848  16.2030   0.0765     5.60    0.226   0.82   0      21.35     760.1229     54.28812
       355    346.5284    166.0474     4382.641      249.514  15.8957   0.0618     5.71    0.351  -7.83   0      28.79     1033.759     55.42184
       356    816.7717    165.3454     3233.193     255.7527  16.2259   0.0859     5.88    0.521  78.77   1      14.79     403.8468     52.77553
       357    255.0618    160.1051     2805.722     223.9394  16.3799   0.0867     4.87    0.418  -7.56   0      17.16     659.3497     53.59101
       358     65.7929    156.4924     3203.957     145.9443  16.2358   0.0495     0.00    0.490 -65.87   0      54.17     2268.048     60.27122
       359    658.4792    157.1920     3135.814     211.6291  16.2591   0.0733     8.07    0.326   3.80   0      23.64     831.2565      54.5851
       360    814.3336    156.8644     2176.244     212.3338  16.6557   0.1060     5.36    0.395  -1.64   0      14.18     534.6525     53.19788
       361    343.4871    176.5043     8806.023     232.3331  15.1381   0.0287     4.99    0.283  -1.69   0       59.9     2449.178     60.82971
       362    249.7677    154.4528     2845.098     223.1576  16.3648   0.0852     7.34    0.379  -7.85   0      21.69     762.0796     54.29631
       363    801.1132    149.6986     5383.561     119.1894  15.6723   0.0240     5.45    0.415 -70.26   0      90.41      4539.15     67.97678
       364    807.2054    144.9135     1842.242     195.7533  16.8366   0.1154     5.97    0.423   6.62   0      14.17     511.2498     53.23604
       365    210.3034    144.7402     1652.136     182.9093  16.9549   0.1202     5.11    0.387 -16.77   0      13.56     505.7262      52.9355
       366    278.4508    142.1119     5585.719     249.8732  15.6323   0.0486     5.46    0.371   0.85   0      38.46     1513.473     57.09846
       367    408.2616    138.3982     5000.427     252.2706  15.7525   0.0548     5.56    0.314 -22.65   2         30     1087.205     55.77251
       368    157.5078    139.2692     5726.886     288.2345  15.6052   0.0547     5.07    0.350  -1.47   0      33.16     1235.102     55.97948
       369    143.8032    130.2555      4084.31     270.4547  15.9722   0.0719     5.38    0.284   3.79   0      23.86     828.6592     54.70879
       370     68.0674    126.0575     3998.439     282.9994  15.9953   0.0769     6.01    0.254  -2.39   0      25.26     834.4565     54.59843
       371    748.1280    122.8333     8818.166     286.8439  15.1366   0.0353     5.39    0.281 -12.72   0       53.5     2037.959     59.39726
       372    726.8126    123.3963     3141.917      231.536  16.2570   0.0800     6.81    0.380   8.31   0      20.92     770.7606     54.33263
       373    901.9410    114.6121     7078.355     246.0544  15.3752   0.0378     5.19    0.328   2.10   0      48.19     1890.036     58.95333
       374     85.1805    107.5801     2230.252      192.421  16.6291   0.0937     4.38    0.137 -14.62   0      17.75     673.0305     54.19419
       375     67.7539    101.7891     26536.39     248.3354  13.9404   0.0102     5.00    0.252  -2.75   0      144.3     7214.526     76.87923
       376    710.5522     97.8437     6809.083     236.6659  15.4173   0.0377     5.16    0.332   1.84   0      48.28     1902.058     58.99966
       377    296.8201     90.9897     2206.362     199.8868  16.6408   0.0984     6.29    0.477  -0.21   0      17.78     655.0343     53.84638
       378    841.8785     89.3190     2780.546     230.3849  16.3897   0.0900     5.95    0.397  -4.36   0      20.59     779.7144     53.96303
       379    775.3828     85.4331     8512.368     261.8091  15.1749   0.0334     5.32    0.356  -5.89   3      55.05     2172.424     60.27646
       380    786.2499     83.8803     12659.89     259.7874  14.7439   0.0223     4.80    0.285   1.28   2      79.78     3420.037      64.2406
       381    187.7296     81.0400     1626.224     170.3948  16.9720   0.1138     3.68    0.449 -14.50   0      13.44     522.9157     53.28582
       382    978.5164     75.8923     2092.242     206.9846  16.6985   0.1074     6.35    0.490  -0.40   0      16.34     611.0167     53.52313
       383    623.9410     75.4922     1420.281     162.3838  17.1191   0.1242     4.89    0.631   0.04   0      13.39     526.8387     53.02607
       384     68.1179     72.1138         2000     198.7296  16.7474   0.1079     4.25    0.424  -7.66   0      16.03     629.8893     53.60321
       385     86.6880     67.7915     4379.575     267.2875  15.8964   0.0663     5.17    0.278   1.63   0      27.01     995.8159     55.13288
       386    985.5636     66.7772     2940.931     248.1973  16.3288   0.0917     6.43    0.266   2.53   0      17.31     633.9447     54.16588
       387    884.5118     65.8175     3747.309     181.4891  16.0657   0.0526     5.09    0.265   1.03   0      28.52     1095.791     55.54348
       388    997.4828     61.4608     19056.69     305.8558  14.2999   0.0174    10.43    0.249 -19.24   0        103     4459.374     67.81799
       389    579.2153     56.5812     61456.82     296.3656  13.0286   0.0052     4.45    0.151   0.53   0      260.9     17916.07     103.7307
       390    849.6286     56.5971     91409.01     320.8069  12.5975   0.0038     7.49    0.245  -0.84   0      332.5     24602.74     117.5336
       391    364.5239     59.0206     18065.32     254.5622  14.3579   0.0153     5.32    0.306  -4.08   0      104.4     4756.566     69.12643
       392    135.0221     61.6769     1665.086     95.96183  16.9464   0.0626     1.83    0.122  88.02   0      34.85      1549.75     57.62656
       393     53.5867     58.9084     11135.21     264.0762  14.8833   0.0258     4.86    0.320  -8.13   2      61.62     2512.684     60.94605
       394    434.9473     59.9278     4696.488     101.0896  15.8206   0.0234     0.00    0.150  54.07   0         89     4329.202     67.48933
       395    188.3620     43.9734     8084.056      278.453  15.2309   0.0374     5.19    0.380  10.86   2      46.17     1834.236     58.98754
       396    812.1561     41.8649        16505     227.9609  14.4560   0.0150     4.95    0.308  -0.60   0      100.8     4526.276     68.25751
       397    936.1932     43.0167     1911.158     204.1027  16.7968   0.1160     5.04    0.207   0.29   0      12.77     480.9138     53.10637
       398    154.9784     35.1845     20018.78     254.1406  14.2464   0.0138     5.06    0.199  10.39   0      112.8     4950.784     69.76206
       399    940.9554     36.0670     1724.439     94.17102  16.9084   0.0593     0.00    0.143 -61.82   0      48.04     1579.802     57.61755
       400    878.9162     33.5118     2210.627     178.5282  16.6387   0.0877     3.63    0.204  -1.48   0      17.04     678.3644     53.80835
       401    882.5197     15.4881     2113.358     194.1846  16.6876   0.0998     5.33    0.274   9.51   0      16.01     597.3636     53.46512
       402    788.8857   1017.5652     12607.48     251.1096  14.7484   0.0216     4.95    0.294  -2.33  16      77.84     3292.265     63.90207
       403    636.3084   1018.3986     3164.435     242.4123  16.2493   0.0832     7.14    0.468  -1.14  16      22.15     786.2259     54.39729
       404    910.6047   1017.1464     4839.365     225.1794  15.7880   0.0505     4.98    0.356  -6.71  16      32.23     1281.792     56.55989
       405    446.6316   1014.6799     4737.631     210.7428  15.8111   0.0483     4.84    0.277  -1.14  16      36.68       1464.5     57.16092
       406    243.5923   1011.4116     55289.68     285.2273  13.1434   0.0056     4.91    0.224  -6.86  16      243.7      14966.8     96.97825
       407    165.0532   1005.6093     2738.929     250.2249  16.4060   0.0992     7.18    0.377  32.34   0      17.64      519.601     53.40946
