#   1 NUMBER                 Running object number                                     
#   2 X_IMAGE                Object position along x                                    [pixel]
#   3 Y_IMAGE                Object position along y                                    [pixel]
#   4 FLUX_AUTO              Flux within a Kron-like elliptical aperture                [count]
#   5 FLUXERR_AUTO           RMS error for AUTO flux                                    [count]
#   6 MAG_AUTO               Kron-like elliptical aperture magnitude                    [mag]
#   7 MAGERR_AUTO            RMS error for AUTO magnitude                               [mag]
#   8 FWHM_IMAGE             FWHM assuming a gaussian core                              [pixel]
#   9 ELLIPTICITY            1 - B_IMAGE/A_IMAGE                                       
#  10 THETA_IMAGE            Position angle (CCW/x)                                     [deg]
#  11 FLAGS                  Extraction flags                                          
#  12 SNR_WIN                Gaussian-weighted SNR                                     
#  13 FLUX_APER              Flux vector within fixed circular aperture(s)              [count]
#  14 FLUXERR_APER           RMS error vector for aperture flux(es)                     [count]
         1    621.9598     11.3496     4527.135     266.2528  15.8604   0.0639     6.88    0.350  -4.16   2      25.63     971.8523     55.59571
         2    392.9937      4.1574      4506.56     199.9987  15.8654   0.0482     7.82    0.541  -5.42  16      28.63     1052.121     56.05579
         3    194.1728      3.8951     1999.053     179.3389  16.7479   0.0974     6.28    0.528   2.71  16      15.86      606.838     53.39058
         4    899.7363   1017.9961     4100.773     241.6992  15.9678   0.0640     7.80    0.552  -0.37  16      25.37     890.1575     55.26073
         5    565.0406   1016.1567     1385.475     99.65685  17.1460   0.0781     0.00    0.168  61.76   0      34.58     1054.092     55.53032
         6    232.6542   1012.1960     52547.01     311.7412  13.1986   0.0064     7.54    0.348  -4.52  16      218.8     10675.08     86.61085
         7    435.8491   1015.3556     4659.323     219.6689  15.8292   0.0512     6.66    0.495  -4.76  16      30.34     1118.516     56.19206
         8     59.8445   1006.5340     3673.498     228.6289  16.0873   0.0676     7.27    0.515  -4.39   0      24.06     808.7004     54.78905
         9    675.8679   1001.7378     12456.84     312.9462  14.7615   0.0273     9.44    0.532   6.78   0      61.38     1998.243     59.51925
        10    542.9321   1000.3279     8554.098     288.3382  15.1696   0.0366     8.13    0.413   1.71   0      44.21     1349.216     56.85637
        11    900.7565   1000.3498     3326.776     250.8058  16.1949   0.0819     8.16    0.575  -0.32   0      20.04     661.6248     54.31271
        12    807.4786   1001.0353     4391.505     281.0951  15.8935   0.0695     8.39    0.500  -7.00   0      28.03     901.4665     55.17252
        13    245.0704   1000.7079     1886.305     212.4468  16.8110   0.1223     5.30    0.624  31.04   0       13.7     437.9727     53.08903
        14    203.9342    984.5841      4441.74     306.4637  15.8811   0.0749     6.01    0.199  -0.91   0      18.69     609.9481      53.9583
        15    493.6591    981.3425     2326.408     200.3115  16.5833   0.0935     6.20    0.327 -37.71   2      17.14     577.7048     54.09813
        16    410.4745    979.4170     16570.62       297.73  14.4517   0.0195     7.52    0.546  -0.15   0      82.11     3271.747     64.31399
        17    970.9891    972.3690     4140.553     107.4982  15.9574   0.0282     0.92    0.178 -87.75   0      71.07     4029.907     67.05066
        18    379.2953    970.8610     2966.083     106.7431  16.3195   0.0391     2.46    0.342 -26.91   0      62.91     2518.294      61.2304
        19    263.0676    960.1047     8817.549     116.9691  15.1366   0.0144     0.00    0.275  56.26   0        131       8665.5     80.89096
        20    731.8831    958.7656     8589.121     245.8834  15.1651   0.0311     7.62    0.470  -3.06   0      50.81     1886.972     58.96678
        21    446.0887    956.4031     2797.864     214.2896  16.3829   0.0832     8.07    0.536  -3.59   0      19.08     677.7172     54.24299
        22    348.7349    957.1967     3039.447     236.0162  16.2930   0.0843     6.84    0.629  -7.15   0      18.36     646.5705     54.24968
        23    282.7200    956.1219     6563.812     115.7648  15.4571   0.0192     5.15    0.314 -24.45   0      100.2     5498.303     71.33603
        24    761.7775    950.6047     65587.55      388.246  12.9579   0.0064    12.39    0.578 -12.70   0      219.2     9843.486     84.31228
        25    500.0645    954.1107     2864.425     249.6424  16.3574   0.0946     6.71    0.459  -0.11   0      17.65     657.3403     53.88204
        26    225.7961    953.1605     6904.133     242.7933  15.4022   0.0382     5.24    0.340  -5.48   2      40.16     1628.524     58.34597
        27    929.8318    952.1037     14568.42     372.9324  14.5915   0.0278     7.48    0.515  -0.57   2      52.94     1769.514     58.12953
        28    141.1904    953.7502     11242.23     136.0316  14.8729   0.0131     0.00    0.448 -50.61   0      147.2      10731.6     86.75905
        29    534.9834    951.3762     10637.54     289.9758  14.9329   0.0296    12.19    0.429  17.45   3      57.07     1781.634     58.93936
        30    535.1237    946.8854     8076.239     247.6726  15.2320   0.0333     7.71    0.457   7.04   3      47.14      1703.55      57.9995
        31    638.2825    946.9523     2549.093     212.2801  16.4840   0.0904     5.51    0.508  -4.49   2      18.23     765.1795       54.335
        32    852.6147    938.1075     10003.19     309.3604  14.9997   0.0336     7.38    0.494  -4.45   2      52.01     1865.109     58.75594
        33    858.3101    929.5496     32947.48     284.3103  13.7054   0.0094     7.43    0.425  -3.60   2      155.3     6734.736     75.27103
        34    438.7958    929.1725     4323.406     270.2413  15.9104   0.0679     5.39    0.412   1.52   0      23.88     904.0289     55.45211
        35    121.0013    925.9999     5075.354     100.6003  15.7363   0.0215     0.00    0.001  70.77   2      100.1      5208.51     70.72308
        36    142.0801    927.1923     1566.153     149.3047  17.0129   0.1035     0.00    0.199  59.40   0      18.99     802.1942     54.76206
        37     74.6242    927.0085     2845.647     227.8044  16.3645   0.0869     7.48    0.696  -6.50   0      18.15     678.0109     54.38123
        38   1000.7729    945.9515     15094.72     309.4927  14.5529   0.0223     8.39    0.381   5.12   2       72.4     2559.355     61.86565
        39    925.6444    920.0720     2053.993     196.2463  16.7185   0.1038     4.54    0.290 -15.80   0      14.35     523.1638     53.59152
        40    684.1599    918.2564     2665.392     112.8968  16.4356   0.0460     0.00    0.377  59.24   0      55.88      2110.66     59.94698
        41    310.1429    908.8315     18764.47     321.5695  14.3167   0.0186     7.39    0.476  -3.18   2      86.79     3126.467     63.56483
        42    724.4872    909.2051     2349.572     191.7984  16.5725   0.0887     6.74    0.490   1.52   0      18.76     725.6696     54.58005
        43    177.2605    938.7432     4266.225     286.8904  15.9249   0.0730     9.17    0.447   1.23   0      24.17     719.5345      54.5545
        44    599.8751    903.5312     51012.33     304.5724  13.2308   0.0065     7.27    0.390  -4.49   0      214.2     10362.12     85.61204
        45    692.2975    905.5194     2486.768     231.4996  16.5109   0.1011     4.25    0.211  -9.33   0      16.06     616.5651     53.70978
        46    643.9750    905.2749     3320.739     270.7744  16.1969   0.0886     7.24    0.488   1.34   0      18.43      686.632     54.28033
        47    988.8844    899.5989     2874.121     173.0773  16.3537   0.0654     8.19    0.572   5.08   2      18.37     612.8141     54.24543
        48    352.5908    896.8245     4147.612     125.1073  15.9555   0.0328     2.45    0.466 -62.89   0      58.36       3886.6     66.45125
        49     39.9608    896.7761     2202.648     218.8193  16.6426   0.1079     5.74    0.528   0.53   0      14.77     573.3395     54.07979
        50    340.6364    890.6259     8121.767     213.8586  15.2259   0.0286     7.27    0.514  -2.41   0      52.71      1943.54     59.56041
        51    162.0031    880.7786     3681.781     99.29278  16.0849   0.0293     0.87    0.144 -87.43   0      71.26      3624.25     65.43421
        52    298.0395    878.0900     6624.717     163.7793  15.4471   0.0268     7.69    0.526  -7.08   0      70.66     4065.309     66.72594
        53    191.1607    876.6971     7915.091      287.187  15.2539   0.0394     7.68    0.482  -4.67   0      45.45     1527.927     57.17718
        54     90.0369    874.3661     4737.745     266.4325  15.8111   0.0611     8.01    0.543  -1.42   0      30.17     1003.149      55.7235
        55     40.0145    871.1998     30472.74     314.7301  13.7902   0.0112    10.37    0.580 -12.87   0      125.9     5531.032     71.75204
        56    700.9990    872.9315     4867.401     100.1294  15.7818   0.0223     0.00    0.052  88.64   0      87.38     4812.759     69.54675
        57    266.4830    870.2272     27495.65     282.5642  13.9018   0.0112     9.80    0.375  -0.65   0      132.9     5205.688      70.6087
        58    130.1477    872.9982      3119.31     247.6307  16.2649   0.0862     6.24    0.301  -5.73   0      17.78      631.204     54.04776
        59    584.4887    865.3704     9395.407     294.1053  15.0677   0.0340     7.83    0.449  -6.36   2      47.62     1573.574     57.61723
        60    110.8860    863.8422     2671.626     232.4826  16.4331   0.0945     3.54    0.373   7.30   0      15.83      596.061     53.62295
        61    876.3607    858.1813      11359.7     232.9734  14.8616   0.0223     7.81    0.488  -2.37   0      66.94     2550.255     61.95243
        62    426.4406    858.9875     5310.756      228.629  15.6871   0.0468     6.74    0.507  -3.78   0      34.43     1287.108     57.13096
        63    640.6584    855.6694     20528.81     291.9475  14.2191   0.0154     7.17    0.428  -2.99   0      104.3     4093.695     67.04491
        64    918.5594    856.3508     4408.897     268.2406  15.8892   0.0661     9.02    0.574  -5.82   0      22.85     661.6555     54.31284
        65    130.9784    855.1095     2835.183     242.8156  16.3685   0.0930     5.27    0.378  -3.03   0      16.64     629.7198     53.62683
        66    859.1227    851.2595     2414.037     216.4758  16.5431   0.0974     4.67    0.455  -5.06   0      14.81     611.1085     53.82512
        67    795.0247    848.8337     5652.491     311.5684  15.6194   0.0599     7.70    0.601  -5.23   0      27.04     1024.416     55.94335
        68     73.4412    847.1708     5194.891     295.2847  15.7111   0.0617     7.42    0.499  -2.79   0      28.53     996.1706     55.82848
        69    639.6098    844.9936     4170.953     298.8848  15.9494   0.0778     7.73    0.430  -1.76   0      19.92     676.8443     54.23933
        70    533.8187    840.0150     2589.238     237.1564  16.4671   0.0995     5.04    0.209   1.00   0      13.98     469.1655     53.36203
        71    193.7850    835.9367     12191.91     268.5929  14.7848   0.0239     7.57    0.469  -1.31   0      66.22     2385.828     60.98128
        72    251.6321    831.0994      56804.2     310.6657  13.1140   0.0059     7.28    0.391  -4.72   0      231.7     11668.14     88.76044
        73    654.3649    832.6296     7053.442     285.2028  15.3790   0.0439     7.19    0.506  -3.57   0      39.91     1500.714     57.84598
        74    988.0977    831.1409     4876.063     308.5995  15.7798   0.0687     9.24    0.508   8.61   0      24.73     673.4542     53.94997
        75    271.8470    829.7195     11840.48     281.1613  14.8166   0.0258     7.14    0.507  -2.93   0      65.74      2461.83     61.02047
        76    183.8214    828.1279     6721.235     309.9554  15.4314   0.0501     7.82    0.500   0.54   0      33.21     1101.737     55.99142
        77     54.0790    828.4355     3102.312      257.919  16.2708   0.0903     7.83    0.576  -1.55   0      18.97      584.355      53.8504
        78    881.3450    827.1245     2503.191     198.6477  16.5038   0.0862     2.80    0.482 -23.86   0       15.3     838.1554     54.77541
        79    735.1746    823.9393     1745.752     181.0841  16.8950   0.1126     3.26    0.380  -8.61   0      13.67     569.0795     53.92406
        80    930.9574    823.2200     2072.333     146.3071  16.7089   0.0767     0.00    0.210 -73.51   0      33.52     1218.494     56.72632
        81    664.1633    811.8057     6400.118     274.7046  15.4845   0.0466     7.36    0.513  -0.87   0      37.23     1374.913     57.34959
        82     92.7027    807.7973     4577.118      122.894  15.8485   0.0292     0.00    0.461  33.81   0      82.74     3964.106     66.60417
        83    504.3208    804.6816     1568.922     173.5125  17.0110   0.1201     5.52    0.318 -30.82   0      12.93     499.3893     53.07161
        84    270.7885    803.8290     5474.772     211.9066  15.6541   0.0420     7.59    0.521  -4.54   0      33.34     1174.214     56.41689
        85    863.1659    797.9651     7170.442      276.016  15.3611   0.0418     7.36    0.481  -8.33   0      43.92     1656.019     58.45298
        86    753.5262    798.2187     3659.892      257.689  16.0913   0.0765     5.16    0.278   0.31   0      16.55     433.6165     53.35007
        87     21.9334    793.7160      4525.95     231.0904  15.8607   0.0555     9.11    0.443 -10.66   0      29.43     1015.343      55.3715
        88    991.2064    792.3268     4259.574     316.4844  15.9266   0.0807     8.44    0.568   1.17   0      20.43     689.7614      54.1562
        89    376.9503    793.2390     2928.977      247.456  16.3332   0.0918     3.92    0.444   6.81   0      14.87      550.696     53.70815
        90    496.5452    789.6923     2191.544      225.507  16.6481   0.1117     2.94    0.121 -25.13   0       15.1     552.5537     53.43823
        91    592.3978    788.8941     2998.618     241.4323  16.3077   0.0874     8.05    0.586  -5.18   0      17.51     628.2811     54.03546
        92    286.9115    784.9255       4162.8      143.163  15.9515   0.0373     6.75    0.574  86.14   0      43.51     1900.079     58.89105
        93     43.6064    786.3713     2287.611      108.765  16.6015   0.0516     1.42    0.290 -46.44   0      44.12     2264.053     60.77113
        94    667.8602    785.0087      5855.54     272.2111  15.5811   0.0505    10.17    0.504  -4.88   2      29.15     1019.798     55.79137
        95    859.7112    785.1564     2652.752     234.0593  16.4408   0.0958     4.61    0.460  -4.65   2      15.85     628.2903     53.75937
        96    581.9650    783.4664      2095.62     204.6464  16.6967   0.1061     4.91    0.638  -1.56   0      14.49     534.6347     53.64014
        97    420.3663    781.0061     2752.174     116.3154  16.4008   0.0459     5.44    0.426  -0.68   0      56.15     2181.073        60.46
        98    255.6236    777.2213     5121.508     251.6889  15.7265   0.0534     6.58    0.480  -5.29   0      31.85     1148.381     56.44472
        99   1002.4991    775.0541     2981.093     231.1811  16.3141   0.0842     7.06    0.587   0.56   0      17.05      580.226     53.41666
       100   1022.9916    773.4793     2389.512     138.9875  16.5542   0.0632     3.43    0.170  71.02  27      26.06     1234.646     56.52833
       101   1021.6174    768.4881     6748.925     217.5865  15.4269   0.0350     7.78    0.399  -1.81  27      43.57     1626.336     57.95351
       102    818.6036    773.2365     3524.998     215.0594  16.1321   0.0663     7.82    0.500  -6.34   0      22.33     806.8563     55.05241
       103    545.0085    773.8693     8499.477     108.0595  15.1765   0.0138     0.00    0.107 -87.51   3      120.5     8234.372     79.85703
       104    550.0496    772.3960     3201.663      203.142  16.2366   0.0689     4.93    0.371  -1.76   3      24.94     1006.777     55.60463
       105    194.9592    766.9161     9305.924     111.4248  15.0781   0.0130     4.52    0.146  64.15   0      133.5     8901.392     81.55103
       106    424.1525    763.4798     4701.459     254.2531  15.8194   0.0587     7.50    0.497  -5.36   0      28.08      967.873     55.17632
       107    485.3282    757.5949      2046.47     209.0889  16.7225   0.1110     4.19    0.164 -40.11   0      15.92     671.8419     54.21837
       108    331.0658    756.7380     9226.065     308.7889  15.0875   0.0363     8.70    0.485  -3.87   0      48.21     1522.428     57.67375
       109    529.9998    756.3276     2872.666     104.7834  16.3543   0.0396     0.98    0.162  89.89   0      58.72      3053.55     63.42102
       110    694.9269    755.9036     51766.73     187.2551  13.2149   0.0039     5.48    0.213   9.97   0        322     49086.41     157.8024
       111    749.2687    753.9099     5310.391     254.7968  15.6872   0.0521     7.80    0.518   0.72   0      30.78     1112.889     55.77044
       112    681.4588    750.2542     20817.42     283.1176  14.2039   0.0148     6.99    0.453  -3.39   0      107.5     4432.322     68.40107
       113    955.2953    747.7623     5805.314     244.8212  15.5904   0.0458     7.15    0.473  -2.36   0      34.41      1149.76     55.65371
       114    550.4926    743.0051     121590.3     369.2957  12.2878   0.0033     7.21    0.389  -4.95   0      380.3     25000.61     118.3138
       115    359.0186    747.8312     3209.989     210.3498  16.2337   0.0712     8.11    0.551  -6.46   0      21.38     780.2731     54.94255
       116    818.4326    740.8496     2055.442     200.9319  16.7177   0.1062     3.67    0.305 -16.72   0      14.92     614.8825     53.97908
       117     99.7096    738.2355     1813.873     194.0601  16.8535   0.1162     5.10    0.380 -16.30   0      13.31     509.2978     53.25394
       118    708.9467    734.0877     8691.422     319.0686  15.1523   0.0399    10.66    0.659  -9.26   0      38.87     1492.682     57.29725
       119    187.8737    732.9839     2193.065     174.3281  16.6474   0.0863     2.96    0.302 -18.57   0      24.83      1258.05     56.75362
       120     73.1560    728.6915     28930.14      285.024  13.8466   0.0107     7.41    0.433  -2.18   0      140.9      5821.01     72.45963
       121    393.2198    730.1606     2850.015     263.4086  16.3629   0.1004     7.26    0.656  -4.54   0      16.49     464.8102     53.76035
       122    545.7210    727.2510     15571.56      274.843  14.5192   0.0192     7.77    0.456  -5.07   0      82.91     2910.612     62.66968
       123    581.5722    723.4678     4034.066     145.5378  15.9856   0.0392     6.77    0.532 -41.54   0      54.78     2683.248     62.07985
       124     40.4190    721.1285      5671.97      252.922  15.6157   0.0484     5.82    0.488  -0.29   0      36.54     1497.743     57.70549
       125    250.7561    717.2804      23811.3     264.5417  14.0580   0.0121     7.02    0.442  -3.70   0      121.8      4923.55     69.58779
       126     11.3617    718.8004     3589.072      102.767  16.1125   0.0311     1.19    0.145 -24.09   0      57.27     3130.642     63.92991
       127    305.1491    711.4552     64165.23     317.1802  12.9818   0.0054     7.16    0.376  -5.72   0      251.5     13130.91     92.91183
       128    326.0016    714.0676     4968.125     100.3578  15.7595   0.0219     4.34    0.048  89.03   0      83.66     4824.213     69.69102
       129    574.2807    709.9250     1975.838     171.8936  16.7606   0.0945     5.97    0.496   2.92   0      14.63     570.3973     53.37483
       130    713.9521    705.9114     2696.166     97.01056  16.4231   0.0391     0.00    0.148  60.87   0      61.25     2377.646     60.70611
       131    104.2985    704.4910     2305.024     108.8014  16.5933   0.0513     1.94    0.131  36.22   0      40.49     2107.975     59.56317
       132    185.8003    700.9346     2068.055     160.8373  16.7111   0.0845     6.77    0.476  -2.99   0      17.53     737.0541     54.76348
       133    131.3636    700.8027     1966.622     187.4147  16.7657   0.1035     5.32    0.397  -2.36   0      14.85     582.9073     54.11998
       134    369.6353    694.1452     2786.413     196.1465  16.3874   0.0764     7.45    0.619  -8.40   0      18.35     619.3675     53.99796
       135    977.5065    691.3342     2305.917     105.3281  16.5929   0.0496     1.04    0.260  36.02   0      42.65     2145.217     59.95386
       136    552.7385    690.2348      14922.8     271.5797  14.5654   0.0198     7.29    0.442  -3.06   0      82.87     3153.397     63.77783
       137    176.7847    686.9247      5392.65     217.0242  15.6705   0.0437     6.16    0.469  -6.22   0      34.89     1309.155      56.9579
       138    426.0526    682.0101     21283.99     364.9677  14.1799   0.0186    15.59    0.699   0.32   0      83.36     2143.602     60.19548
       139    949.6638    682.2498     3197.604     246.9504  16.2379   0.0839     8.52    0.645  -1.46   0      17.76     493.2653     53.46457
       140    388.1934    673.2596     6072.709     261.9476  15.5415   0.0468     8.72    0.574  -2.29   0      36.17     1199.842     56.52004
       141    739.3321    669.3817     3810.149     249.7582  16.0476   0.0712     8.55    0.570   2.32   0      22.28     794.4102     54.86554
       142    519.3616    668.7786     3656.192     221.1666  16.0924   0.0657     8.07    0.559  -4.69   0      23.62     859.8908     55.40538
       143    850.3676    668.0684     2091.788     204.6421  16.6987   0.1062     6.65    0.619 -10.02   0      15.44     566.9644     53.77695
       144    793.1339    664.0465     2868.251     97.41288  16.3560   0.0369     0.00    0.162  18.23   0       62.9     2456.335     61.24349
       145    472.7780    659.7320     1265.548     104.8484  17.2443   0.0900     2.87    0.491 -60.75   0       23.6     1087.463     56.06633
       146    872.4472    668.5278     5931.022     337.5568  15.5672   0.0618     7.01    0.387 -26.29   2      20.22     519.4868     53.57592
       147    873.5792    640.3022     18926.67     265.9672  14.3073   0.0153    12.09    0.500  -4.83   0      98.53     4062.257     66.60391
       148    301.7610    639.3818     3597.745     262.6401  16.1099   0.0793     4.17    0.127 -12.90   2      17.87     705.0152      54.7664
       149    603.6243    629.6666     1864.164     171.7459  16.8238   0.1001     1.89    0.398  76.51   0      15.42     591.9811      54.0205
       150    333.4218    628.8173     2255.859     202.0811  16.6167   0.0973     0.00    0.516  13.00   0      16.99     928.4507     55.55212
       151    203.8727    628.8586     3978.574     107.1552  16.0007   0.0292     4.98    0.309  47.07   0      80.08     3595.721     65.22105
       152    845.3361    621.1335     14519.36     264.2942  14.5951   0.0198     6.94    0.468  -2.93   0      79.07     3084.779      63.4156
       153    815.7102    620.0095     4259.709     286.8853  15.9265   0.0731     7.29    0.504  -8.79   0      24.44     790.6085     54.57778
       154    642.0341    616.2979      11862.5     303.4537  14.8146   0.0278    11.60    0.460  -8.19   0       63.5      2248.84     59.97431
       155    618.1579    615.3970     5076.525      236.401  15.7361   0.0506    11.59    0.439   6.47   0      29.63     981.9379     55.77051
       156    165.1525    617.0987     5187.674     295.2791  15.7126   0.0618     8.71    0.548  -5.50   2      26.39     907.1705     54.65408
       157    668.4822    612.5958     4136.175     253.7473  15.9585   0.0666     7.39    0.525  -5.08   0      26.87     987.7406     55.66062
       158    326.7410    608.1313     23857.99     272.8889  14.0559   0.0124     7.39    0.401  -4.74   0      121.3     4973.415     69.96351
       159    863.6995    607.3288     7911.083     240.6616  15.2544   0.0330     7.39    0.475  -4.80   0      47.11     1634.091     57.46828
       160    407.9949    607.9943     2904.255     95.56969  16.3424   0.0357     4.17    0.005  32.24   2      73.09     2999.602      63.2274
       161    731.9974    606.6368     3114.078     234.5068  16.2667   0.0818     6.68    0.521 -20.46   0      19.64     710.6199     54.65367
       162    587.3871    605.1066     3340.518     174.7564  16.1905   0.0568     8.33    0.523  -0.18   0      22.79     729.1404     54.18405
       163    291.9613    604.3162     6312.132     277.9981  15.4996   0.0478     7.33    0.535   0.00   0      37.12     1300.388     56.52937
       164    145.1810    603.9481     6254.936     242.9518  15.5094   0.0422     6.65    0.442  -0.13   0      38.87     1482.568      57.6457
       165    370.9836    592.7626     15568.35     287.4135  14.5194   0.0200     7.13    0.437  -5.44   0      82.76     3143.355      64.0913
       166    331.5447    591.4939     17075.72     296.8646  14.4191   0.0189     7.10    0.430  -3.87   0      90.89     3507.925     64.68471
       167    580.0072    592.9916     2693.868     95.06805  16.4241   0.0383     0.00    0.004  43.69   2       69.6     2846.602     62.67503
       168    774.1932    586.5785     3112.531     198.4082  16.2672   0.0692     7.88    0.581   2.86   0      19.58     756.4778     54.57199
       169    613.6540    585.2049     2857.381      226.177  16.3601   0.0860     7.01    0.579  -2.63   0       18.9     703.8484     54.48911
       170    178.6434    577.0482     38297.21     287.2628  13.5421   0.0081     7.17    0.419  -4.09   0      174.9     8127.074     79.64456
       171    418.2831    571.7065     3406.331     215.7978  16.1693   0.0688     8.42    0.580  -4.81   0         22     692.9858     54.16973
       172     88.3537    567.1208     17023.18     285.3199  14.4224   0.0182     7.31    0.462  -2.75   0      89.19     3389.568     64.49867
       173    185.8702    562.0087     2606.009     94.85778  16.4601   0.0395     0.94    0.086   2.44   0      56.88     2483.889     61.34566
       174     75.3843    560.3450     5684.525     310.9941  15.6133   0.0594     8.85    0.598  -0.32   0       27.9     968.4514      55.5818
       175    888.2495    558.3351     2521.516     211.3722  16.4958   0.0910     5.02    0.493   6.56   0      15.16     604.0518     53.93346
       176     76.6805    551.1088     3668.397     285.1144  16.0888   0.0844     6.20    0.334  -2.60   0      20.13     761.0189     54.45442
       177    719.0693    545.8765     2659.119     204.3629  16.4382   0.0835     7.14    0.321 -53.57   0      18.63     663.6531     53.90866
       178    809.5273    547.2160     1993.375     211.6843  16.7510   0.1153     3.96    0.293   0.22   0      12.32     539.8624     53.80078
       179     42.9108    546.3978     4640.361     291.0474  15.8336   0.0681     8.18    0.518  -6.40   0      24.36     841.2996     54.92411
       180    696.3868    542.5396     19470.98     266.4319  14.2765   0.0149     9.39    0.468  -0.33   0      100.3     3772.545     65.94727
       181    151.0254    543.9510     6931.931     104.7107  15.3979   0.0164     4.47    0.137 -69.57   0      116.6     6959.951     76.33891
       182    863.5688    540.6008       2626.7     194.0534  16.4515   0.0802     5.96    0.438 -51.63   0      23.98     1238.208     56.80525
       183    333.8137    532.3685     17052.11     261.5305  14.4206   0.0167     6.99    0.447  -5.47   0       92.5     3630.486     65.79604
       184    869.0811    532.4676     3444.602     213.2367  16.1572   0.0672     7.24    0.503  -0.53   0      23.03     886.5156     54.84018
       185    313.2995    520.5316     6723.738     307.5471  15.4310   0.0497     7.10    0.486  -4.39   0      37.04     1231.141     56.11782
       186    727.1356    509.0971     1250.015     95.52893  17.2577   0.0830     3.44    0.277  45.87   0       37.7     1176.942     56.03086
       187     57.3715    505.4265     8258.427     258.8543  15.2078   0.0340     6.92    0.466   0.35   0      49.04     1824.234      59.1034
       188    812.4078    499.6856       100764     404.1975  12.4917   0.0044    17.25    0.090  -0.30   0      322.2     15294.96      97.9107
       189    461.2435    504.2324     3756.739     275.9011  16.0630   0.0798     7.63    0.559   0.86   0      21.94     774.5613     54.91892
       190    145.5444    495.9836     4817.006     242.3717  15.7931   0.0546     6.87    0.517   0.31   0      30.87     1241.491     56.68726
       191    648.3116    495.7838     2811.182     233.4174  16.3778   0.0902     7.70    0.605  -0.05   0      18.37     613.5854     53.83557
       192    404.7158    494.9244     6733.584     258.9529  15.4294   0.0418     7.51    0.469  -4.45   0       41.7     1476.969     57.10473
       193    214.9111    493.7367     11302.47     127.6697  14.8671   0.0123     0.00    0.376  70.82   0      143.7     10216.73     85.13783
       194    501.7817    492.2201     5277.916     256.2241  15.6938   0.0527     7.59    0.520  -3.20   0      32.19     1086.299     56.19419
       195    724.7646    490.6781     2830.375     242.0437  16.3704   0.0929     7.44    0.554   3.79   0      18.06     680.7792     54.25582
       196    254.1871    473.5051     253931.3     452.8708  11.4882   0.0019     7.14    0.339  -3.94   0        589     50515.86      159.941
       197    794.7901    474.1359     36476.55     319.6187  13.5950   0.0095     8.00    0.449  -4.73   2      161.6     6626.902     75.14304
       198    500.8132    475.8767     3226.362      228.184  16.2282   0.0768     6.84    0.151  40.85   0      24.02     1135.404     56.26033
       199    700.6786    473.0073     2610.631      225.929  16.4581   0.0940     6.08    0.475   4.12   0      16.99     621.8494      54.0084
       200    327.8069    470.6428     2864.432     238.9819  16.3574   0.0906     5.26    0.381  -2.95   0      17.68       705.71     54.63325
       201    340.3225    470.0978     2368.433     224.8594  16.5638   0.1031     6.19    0.575  -2.26   0      14.01     500.4832     53.21631
       202    248.0044    461.8455     20438.21     130.7805  14.2239   0.0069     0.00    0.109 -89.49   0      191.6     20253.58     108.8821
       203    196.4883    462.1790     1486.398     160.0133  17.0697   0.1169     4.72    0.235   2.64   0      14.38     640.7277     53.81192
       204     87.3512    459.4609     5161.594     259.7273  15.7180   0.0546     7.77    0.547  -4.63   0      29.41     934.0479     55.30656
       205    521.5030    458.0023     10472.58     137.4732  14.9499   0.0143     5.74    0.459  -0.22   0        129     8798.129     81.44568
       206    865.7195    454.9858     4540.243     131.6001  15.8573   0.0315     3.23    0.516  -1.22   0      65.87     3408.207     64.67947
       207    963.7280    453.8833     2168.438     232.7907  16.6596   0.1166     5.25    0.515 -16.04   0      13.81     468.0747     53.07772
       208    761.0283    446.0093     2247.017     218.0138  16.6210   0.1054     4.07    0.338   0.25   0      14.27     593.6912     54.02769
       209    109.5805    432.2531     6233.744     339.4088  15.5131   0.0591     7.33    0.448   0.86   2      28.95     840.8683     55.05765
       210    874.4573    432.3958     3408.483        215.8  16.1686   0.0688     6.68    0.515  -3.26   0      22.38     803.7062     54.90403
       211    361.4754    431.9861     2988.199     243.7233  16.3115   0.0886     7.47    0.482 -15.68   0       18.1     638.0765     54.21408
       212    155.6156    432.0966     3879.424     240.7193  16.0281   0.0674     7.81    0.664  -3.14   0      22.85     807.7263     54.51268
       213    416.9688    430.2372     2446.153     98.33349  16.5288   0.0437     0.99    0.148 -77.44   0      53.14     2437.975     61.29684
       214    277.5567    427.0902     51838.52     305.7972  13.2134   0.0064     7.13    0.390  -4.46   0      217.2     10644.11     86.27116
       215    236.7676    422.2366     2153.186     195.4114  16.6673   0.0986     6.13    0.508  -2.72   0      16.86      693.168     54.44454
       216    678.4636    415.2129     2419.736      222.416  16.5406   0.0998     5.07    0.280  -0.32   0      13.89     449.5062     53.27823
       217    437.7452    403.5762     27810.65     286.0875  13.8895   0.0112    10.08    0.364  -0.41   0      134.5     5683.492     72.23333
       218     22.0030    400.0365     1295.651     91.66451  17.2188   0.0768     4.19    0.018  43.94   2      42.03     1370.068     57.33038
       219    194.9978    390.8811     2976.671     230.3706  16.3157   0.0840     5.34    0.414  -5.04   0      18.77     731.7646     54.60542
       220    255.6743    390.1147     3076.955     241.5061  16.2797   0.0852     6.66    0.568  -4.46   0      18.78     623.8491     53.60194
       221    463.5152    384.0273      4097.95     250.0199  15.9686   0.0663     6.56    0.490  -0.46   0      24.62     922.0192     55.12228
       222    898.7624    377.3047     2562.078     229.9612  16.4785   0.0975     6.52    0.467   1.76   0      16.78     570.6876     53.23647
       223    573.9866    376.0134     1736.145     195.8778  16.9010   0.1225     5.23    0.337  -1.57   0      13.66     541.9437      53.6711
       224    174.2060    366.5868     2937.714     127.3503  16.3300   0.0471     0.00    0.337 -52.47   0      50.35     2036.149     59.66382
       225    144.8386    358.4859     6392.581     249.1279  15.4858   0.0423     7.62    0.490  -5.56   0      38.91      1315.43     56.58981
       226    504.8373    353.8164     3622.661     232.6121  16.1024   0.0697     8.19    0.542  -2.93   0      24.03     807.8036     55.19131
       227    190.9540    350.2747     2624.242     217.5532  16.4525   0.0900     5.59    0.483  -8.71   0      17.92     812.3276      54.8041
       228      9.6953    353.7103     6532.839     236.2272  15.4622   0.0393     0.00    0.654 -23.77  16      56.26     1916.304     59.07972
       229    164.0432    347.2973     4393.232     295.2977  15.8930   0.0730     8.02    0.486  -6.86   0      22.74     803.6508     54.22189
       230    981.7780    344.3406     14075.68     272.9225  14.6288   0.0211     7.02    0.478  -3.30   0      77.06     2943.523      63.0255
       231    679.8857    339.5004     7695.431     258.3596  15.2844   0.0365     7.33    0.493  -4.51   0      45.15     1628.436     57.70441
       232    364.2357    331.8436     3644.386     231.8323  16.0959   0.0691     8.51    0.580  -2.71   0      23.27     795.5321     54.87019
       233    512.5864    328.2420     52772.07     306.4903  13.1940   0.0063     7.64    0.395  -6.52   0      217.8      10438.7     86.07484
       234    394.2120    330.1679     15794.14     251.7173  14.5038   0.0173     6.99    0.455  -4.90   0      86.51     3384.872     64.94209
       235    201.9031    323.7902      17708.6     302.9272  14.3795   0.0186    12.71    0.453 -16.06   0       87.8     3045.038     63.39051
       236    771.0359    325.9662     2080.672      209.126  16.7045   0.1092     4.21    0.328  -0.39   0      14.16     559.8381      53.8851
       237    286.7467    321.3015     10256.89     366.7619  14.9725   0.0388     8.04    0.540  -3.92   0      43.69     1465.804     57.06028
       238    670.5938    321.0653     5722.131     310.4229  15.6061   0.0589     9.38    0.585  -3.91   2      27.18     960.3855     55.41469
       239    119.9973    320.9936     4380.778     99.01875  15.8961   0.0245     0.00    0.012  47.24   3      87.77     4280.103     67.67385
       240    116.9177    317.8912     2249.221     202.0737  16.6199   0.0976     5.69    0.407  -1.73   2      15.81     622.1478     53.87171
       241    451.3441    316.9977     2171.414     209.2246  16.6581   0.1046     4.20    0.363  -1.32   0      15.42     603.2466     54.06787
       242     54.2663    304.4700     3355.046     237.8891  16.1858   0.0770     8.22    0.524  -6.60   0      22.19     760.5572     54.45249
       243    591.9588    303.4097      2366.49      173.485  16.5647   0.0796     7.41    0.569  -5.32   0      17.24     693.2177     54.71742
       244    709.9119    300.9070     11750.66     116.3045  14.8248   0.0107     4.51    0.141  45.33   0      147.8     11491.24     88.55879
       245    284.8039    298.5604     11090.24     304.7119  14.8876   0.0298     9.12    0.533  -3.87   0      57.74     1940.878     59.55024
       246    405.5593    287.9305     3418.057     260.3497  16.1656   0.0827     7.33    0.647   2.82   0      18.23     646.0477     54.11014
       247    997.9173    280.7696      5746.73     356.7286  15.6014   0.0674     7.82    0.548  -5.78   2      25.48     711.4874      54.2473
       248   1004.6128    272.5479     7576.847     263.2494  15.3013   0.0377     7.54    0.457  -7.12   0      45.67     1614.139     58.16211
       249    905.5719    269.1304      34805.2     291.5911  13.6459   0.0091     7.16    0.411  -4.56   0      161.9     7288.455     77.11798
       250    195.0345    264.6554     3021.221     259.2865  16.2995   0.0932     6.79    0.519  -4.39   0      15.82     547.5916     53.55625
       251    724.7911    264.0294      1827.35     210.6245  16.8454   0.1252     5.02    0.209  -3.62   0      13.85     527.9624     53.88875
       252     95.6369    260.0810     4584.094     248.9715  15.8469   0.0590     7.34    0.520  -2.15   0      28.18     1011.379     55.62344
       253    860.1307    257.6778     3099.424     227.2403  16.2718   0.0796     6.86    0.501  -7.41   0      19.68      783.032     54.40962
       254    452.9048    257.2173     6854.896     288.9339  15.4100   0.0458    10.37    0.537  -1.07   0      37.74     1105.206     55.60546
       255    935.9543    255.3231     2285.743     221.4405  16.6024   0.1052     6.40    0.647  -7.72   0      15.38     530.0842      53.4819
       256    178.9639    251.6948     8653.688     227.8824  15.1570   0.0286     0.00    0.531   2.90   0      59.29     1586.431     57.40926
       257    999.1125    250.0279      2653.99     208.8593  16.4403   0.0855     7.10    0.632  -6.60   0      17.05     596.3045     53.62398
       258     39.7525    239.2750     150942.5      400.174  12.0530   0.0029     9.25    0.294  -3.90   0      432.4     29827.83     127.1907
       259    499.8585    239.5966     33298.95     298.6262  13.6939   0.0097    11.60    0.411  -6.32   0      152.2     6320.535     74.31085
       260    724.1946    241.4699     3597.838     262.6402  16.1099   0.0793     8.54    0.535  -1.31   0      22.37     695.7518      54.3185
       261    423.1067    235.0450     2241.449     193.6017  16.6237   0.0938     3.46    0.555  -3.03   0      16.49     669.3323     53.79445
       262    204.5629    227.3065     19688.55      306.237  14.2645   0.0169     7.22    0.433  -6.28   0      97.94     3677.553     65.16389
       263    698.5526    227.9262     3913.681     231.2932  16.0185   0.0642     8.51    0.535  -3.23   0      25.65     901.3517       55.037
       264    254.3092    219.9547     26768.51     269.8421  13.9309   0.0109     7.48    0.394  -4.66   0      132.8     5456.334     71.30663
       265    720.0378    217.4923      4471.23     231.0366  15.8739   0.0561     8.02    0.513  -2.87   0      28.75     981.4811     54.96222
       266    429.4201    218.4672       6075.8     258.3749  15.5410   0.0462     7.58    0.504  -4.02   0      34.98     1169.918     56.39958
       267    677.1455    211.5790     4922.471     232.2823  15.7695   0.0512     6.83    0.483  -7.66   0      32.01     1167.739      56.3908
       268    380.8713    194.2466      2886.13      251.148  16.3492   0.0945     7.58    0.620 -10.92   0      17.43     510.3478     53.53714
       269    455.7189    194.0029     3113.334     252.8295  16.2669   0.0882     6.92    0.554   0.11   0      17.09      553.359     53.85776
       270    275.1523    190.2761     7131.202     236.0152  15.3671   0.0359    11.05    0.456   5.15   0      42.21     1442.669     57.22871
       271    498.3001    192.1926     3043.497     252.7667  16.2916   0.0902     6.83    0.591  -1.94   0      18.12     574.7829     53.80998
       272    582.4066    188.0779     5636.261     245.4234  15.6225   0.0473     8.56    0.484  -5.55   0      32.94     1147.678     56.17759
       273    450.2730    186.6872     22066.89     282.1477  14.1406   0.0139     7.30    0.422  -3.40   0      111.6     4339.474     67.54324
       274    973.9445    187.1875     2965.378     249.7343  16.3198   0.0915     5.77    0.413  -2.71   0      15.47     532.6866     53.77046
       275    332.6708    177.3116     7979.471     269.1836  15.2451   0.0366     7.55    0.504  -4.25   0      47.66     1645.637     57.90078
       276     91.0232    177.9564     2220.998     93.93079  16.6336   0.0459     4.46    0.127 -26.95   3      52.19     1912.084     59.44025
       277     93.0242    174.0058     3278.634      137.759  16.2108   0.0456     0.00    0.296  73.95   2      50.34     2029.145     59.76178
       278    511.0415    176.0089     4654.555     99.64515  15.8303   0.0232     4.27    0.049  -2.06   0      90.39     4451.404     68.57305
       279    764.9725    188.8953     45065.41     296.9863  13.3654   0.0072     7.13    0.380  -4.70   0        196     9171.376     82.11897
       280    335.9831    166.9470      3838.44     232.0224  16.0396   0.0656     8.66    0.500  -2.61   0      23.66     802.1108     54.89743
       281     31.1231    163.1807     6568.765     161.4128  15.4563   0.0267     0.91    0.069  60.92   2       74.1     4093.308      67.1545
       282    648.3349    158.3129     2573.455     229.1621  16.4737   0.0967     5.33    0.323  -2.99   0      17.07     677.3912     53.96655
       283    239.3947    155.5161     3252.203     255.1511  16.2196   0.0852     4.88    0.303 -29.53   0      16.42     618.0681     54.13014
       284    801.0834    149.7688     5075.019     114.4414  15.7364   0.0245     0.00    0.362 -72.07   0      90.96      4501.13     68.30325
       285    267.6716    143.0356     5178.432     247.2665  15.7145   0.0519     8.87    0.513   0.42   0      30.77     1086.547     55.92973
       286    146.8214    140.0307      6100.45     338.2213  15.5366   0.0602    10.10    0.449 -16.98   0      28.23     957.9796     55.67279
       287    397.4652    139.2328     3585.222     263.3367  16.1137   0.0798     8.36    0.528  -8.90   0      21.64     782.5803     54.68059
       288    133.5486    131.0088     3788.219     265.6213  16.0539   0.0761     6.74    0.428   5.36   0      20.86     688.0828     54.42331
       289   1017.3512    129.0677     3815.721     251.2485  16.0461   0.0715     8.81    0.503 -11.54  16      22.98     816.0832     54.81967
       290     58.1008    126.8888     3286.815     266.5913  16.2081   0.0881     5.20    0.247 -13.40   0      19.74     694.4348      53.9004
       291    737.4421    123.6032     8706.031     328.2751  15.1504   0.0409     7.61    0.459  -7.43   0      44.56     1461.697     57.69248
       292    716.5379    124.1542     3052.545     255.7018  16.2883   0.0910     6.93    0.610  -6.45   0      15.97     551.2274      53.7104
       293     38.3997    117.8847     3592.938     106.3341  16.1114   0.0321     1.13    0.060  10.36   0      60.48     3386.826     64.83426
       294    891.0679    115.3296     6552.355     246.2703  15.4590   0.0408     6.75    0.480  -0.89   0      40.06     1489.161     57.41304
       295     33.1530    110.7217      1023.94      112.888  17.4743   0.1197     5.66    0.686  29.92   0      12.64     469.9501     53.22575
       296     75.3986    108.7675     2036.901     158.4625  16.7276   0.0845     5.29    0.423   3.48   0      21.24     1013.937     55.90076
       297     56.9432    102.6000     25074.47     290.3842  14.0019   0.0126     7.43    0.432  -3.44   0      122.5     4874.473     69.64136
       298    699.6620     98.7297     6673.226     277.6239  15.4392   0.0452     7.04    0.451  -4.49   0      38.71     1296.704     56.77728
       299    831.1390     90.1822     3222.287     244.7029  16.2296   0.0825     7.67    0.615  -5.13   0      19.05     611.6365     53.96541
       300    765.0967     86.2136     9330.872      311.863  15.0752   0.0363     7.96    0.455  -1.68   3      48.47     1740.557     58.39973
       301    775.3390     84.6391     12454.79     322.3158  14.7617   0.0281     7.56    0.498  -2.30   3      64.24      2274.84     60.56622
       302    435.6658     79.7589     1476.644     97.98397  17.0768   0.0721     1.49    0.187  33.98   0      31.43     1509.752     57.62378
       303    968.4813     76.9379      2231.98     209.2904  16.6283   0.1018     2.96    0.086 -31.36   0       15.4     623.4575     53.73894
       304    996.5889     74.2012     2716.914     140.8489  16.4148   0.0563     0.00    0.487 -25.99   0      45.98     1916.635     59.20681
       305     75.9849     68.4554     3519.214     270.2534  16.1339   0.0834     7.86    0.488   3.62   0      19.44     631.7902     54.18772
       306    873.3844     66.6690     3837.899     262.8478  16.0398   0.0744     8.17    0.524  -1.35   0      23.23     815.1913     54.95155
       307    986.8452     62.0807     17393.85     314.1515  14.3990   0.0196     7.21    0.436   0.98   2      85.44     3257.546     63.91546
       308    838.6940     57.4096     83690.01     336.4504  12.6933   0.0044     7.08    0.368  -4.41   0      300.5     16858.07     101.4742
       309    353.6452     59.8481     16950.99     283.2992  14.4270   0.0182     7.61    0.458  -4.90   0       88.3     3255.056     64.25498
       310     42.8049     59.8022     9372.418     298.4827  15.0704   0.0346     6.55    0.426  -5.24   0      51.29     1899.713     59.14182
       311    568.3028     57.2664      54773.6     308.5744  13.1536   0.0061     7.20    0.390  -2.86   0      225.1     10831.62     86.76373
       312    434.9251     59.8494     4779.172     107.1171  15.8016   0.0243     4.72    0.233  63.73   0      89.23     4327.585     67.72334
       313    177.6492     44.7400     5895.287     227.5803  15.5737   0.0419     8.28    0.484  -3.78   0      36.29     1273.952     56.68613
       314    801.2642     42.5877     15260.83     250.4937  14.5411   0.0178     7.32    0.422  -2.82   0      83.97     3028.939     63.33277
       315    144.2041     35.9685     18722.79     271.3346  14.3191   0.0157     7.28    0.405   0.50   0       95.9     3477.759     65.15224
       316    288.7056     15.0366     1959.079     191.3351  16.7699   0.1061     6.19    0.551 -11.57   0      15.37     521.1149     53.02441
       317    778.6560   1018.3578     13442.44     288.3201  14.6788   0.0233     8.64    0.496   3.43  18      69.75     2690.162     62.22485
       318    625.5046   1019.2332     3415.535     258.1949  16.1664   0.0821     7.35    0.497  -5.31  16       20.1     698.1689     53.77795
