#   1 NUMBER                 Running object number                                     
#   2 X_IMAGE                Object position along x                                    [pixel]
#   3 Y_IMAGE                Object position along y                                    [pixel]
#   4 FLUX_AUTO              Flux within a Kron-like elliptical aperture                [count]
#   5 FLUXERR_AUTO           RMS error for AUTO flux                                    [count]
#   6 MAG_AUTO               Kron-like elliptical aperture magnitude                    [mag]
#   7 MAGERR_AUTO            RMS error for AUTO magnitude                               [mag]
#   8 FWHM_IMAGE             FWHM assuming a gaussian core                              [pixel]
#   9 ELLIPTICITY            1 - B_IMAGE/A_IMAGE                                       
#  10 THETA_IMAGE            Position angle (CCW/x)                                     [deg]
#  11 FLAGS                  Extraction flags                                          
#  12 SNR_WIN                Gaussian-weighted SNR                                     
#  13 FLUX_APER              Flux vector within fixed circular aperture(s)              [count]
#  14 FLUXERR_APER           RMS error vector for aperture flux(es)                     [count]
         1    599.4370     14.0155     5674.691     242.0013  15.6151   0.0463     8.19    0.508   0.13  16      37.72     1111.298     50.71767
         2     33.6739     14.3414      4436.57     274.8002  15.8824   0.0673     6.83    0.521 -11.61  16      18.51     471.5002     47.28137
         3    522.0425     10.7876     4771.078     229.5625  15.8035   0.0523    10.35    0.687 -20.88  18      22.94     686.2098     48.65775
         4    999.1650     10.8581     2907.642     252.2363  16.3411   0.0942     4.53    0.243   4.34  18      17.32     477.3717     47.43081
         5    213.7616      9.7727     3796.971     107.1794  16.0514   0.0307     0.00    0.380  40.10   0      71.91     3066.883     58.73415
         6     50.0081      8.5077     6324.527     277.3942  15.4974   0.0476     3.90    0.226 -18.47  18      26.51     638.5611     48.19698
         7    371.2565      6.8442     7058.242     244.4744  15.3783   0.0376     7.98    0.509  -2.47  16      45.58      1293.63     51.30489
         8    171.9550      6.4497     4398.627     227.3066  15.8917   0.0561     9.66    0.524  -8.15  16      29.26     749.1769     48.83353
         9    333.0024      3.7680     3000.219     203.8584  16.3071   0.0738     8.16    0.654  -3.61  26      22.79     608.2262     48.29212
        10    131.7736   1008.3857     3155.036     250.7475  16.2525   0.0863     7.54    0.457  -3.80   0      19.12     555.8572     48.04503
        11    878.0629   1020.6931     7222.363     257.2131  15.3533   0.0387     7.96    0.424   0.13  24      43.47      1260.82     50.82151
        12    756.2913   1020.8793     16228.59     220.0737  14.4743   0.0147     7.96    0.418  -3.13  24       97.9     3335.716     59.47642
        13    603.9335   1021.6516     5814.208     252.5785  15.5888   0.0472     8.08    0.577  -1.58  24      32.17     871.4843      49.2831
        14    654.6177   1004.4400     17246.15     260.4685  14.4083   0.0164     8.36    0.474   6.97   0       92.4     3045.008     58.74726
        15    731.8342   1006.0641     3721.686     265.1593  16.0732   0.0774     8.80    0.515  -5.12   0      21.89      560.012     47.82515
        16    105.8204   1006.8250     2286.097     215.4101  16.6023   0.1023     6.92    0.597  -1.92   0      16.13     437.7131     47.48287
        17    785.8487   1003.4348     7448.459     283.4245  15.3198   0.0413    11.01    0.446  -7.01   0      45.85     1330.556     51.35652
        18    521.2178   1002.9972     11757.55     287.8582  14.8242   0.0266     7.93    0.429   8.44   0      65.24     1914.758     53.87986
        19    878.8742   1002.8755     4793.848     237.5744  15.7983   0.0538     7.49    0.490  -5.60   0      33.52     1001.858     49.64993
        20    674.5635   1003.6963     2954.978     214.1127  16.3236   0.0787     8.36    0.538  -2.76   0      22.28     691.2708     47.96844
        21    490.5550   1002.8242      2423.97     214.2195  16.5387   0.0960     7.07    0.637  -5.86   0      15.95     419.7462      47.3968
        22    221.3928   1002.8676       2368.5     214.8298  16.5638   0.0985     4.68    0.497   1.23   0      16.24     549.5913      47.7756
        23    181.1516    987.2861     3724.094     218.2415  16.0724   0.0636     8.73    0.559   0.18   0      26.41     765.5062     48.55598
        24    471.1060    983.2468     4853.726     244.1864  15.7848   0.0546     7.79    0.504  -2.95   0      29.64     859.0776     48.87465
        25    389.1214    981.9694     24112.84     265.8532  14.0444   0.0120     9.54    0.515  -2.74   0        125     3993.964     62.03332
        26    134.5484    980.2150     1991.257     145.9091  16.7522   0.0796     8.11    0.542  -7.58   0      16.34     469.3452     47.51334
        27    971.0131    972.3450     4017.753     96.38956  15.9900   0.0261     0.93    0.173  88.90   0      72.22       4010.2     62.18518
        28    406.9045    971.7066     3576.775     262.3129  16.1163   0.0796     7.68    0.555   9.00   2      18.56     601.5209     47.90228
        29    379.3789    970.8347     2969.174      99.8135  16.3184   0.0365     2.39    0.361 -21.73   0      60.39     2557.671     56.83066
        30    901.5190    968.7090     2567.296     196.1898  16.4763   0.0830     7.62    0.581  -2.51   0       19.8     606.7117      47.9269
        31    682.2133    965.9669     3005.059     218.8075  16.3054   0.0791     8.01    0.611  -0.11   0      21.99      647.751     48.59608
        32    792.3299    963.0925     2813.234      214.632  16.3770   0.0829     8.31    0.570  -3.60   0      21.26     611.0649     47.94754
        33    710.0757    961.4252     12352.89      227.681  14.7706   0.0200     7.66    0.468  -1.82   0      76.33     2473.402      56.1869
        34    263.0817    960.1364      9315.25     110.7841  15.0770   0.0129     5.07    0.309  59.19   0      132.4     8673.571     77.15088
        35    326.8643    959.9457      3847.56      226.121  16.0370   0.0638     9.12    0.540  -4.22   0      26.16     727.4204     48.61419
        36    845.8029    960.3638     1458.038     154.6549  17.0906   0.1152     5.43    0.546   3.28   0      13.51      434.693     47.46841
        37    423.8038    958.8388     4626.221     173.0661  15.8369   0.0406     7.86    0.467  -1.97   0      33.78     1007.155     50.13442
        38    740.3460    953.1981     96093.83     380.4464  12.5433   0.0043    15.75    0.551 -11.07   0      308.1     11512.78     85.23951
        39    477.7002    956.7950     3830.755     206.1795  16.0418   0.0585     8.87    0.539  -3.82   0      27.64     779.5567     48.85732
        40    202.8221    956.2446     11666.82     203.6619  14.8326   0.0190     2.28    0.436  -2.97   0      79.82     3693.464     61.11063
        41    908.1729    954.6023     12118.04     250.8564  14.7914   0.0225     7.34    0.484  -3.49   2      71.61     2263.784     55.53967
        42    513.3027    954.4602     13513.52     248.0998  14.6731   0.0199     7.88    0.451  -7.10   3      80.85     2475.145     55.98921
        43    512.5337    949.3799     12068.62     219.6911  14.7959   0.0198     7.74    0.451  -5.06   3      73.34     2195.994     55.15757
        44    282.7342    956.0958     6238.252     105.6484  15.5123   0.0184     5.09    0.282 -21.35   0      102.1     5478.521     67.08176
        45   1010.9276    955.3192     2432.798     190.0854  16.5347   0.0849     7.68    0.548  -2.69   0      19.38     544.1247     47.50848
        46    550.1837    953.6841     2729.907     201.4301  16.4096   0.0801     8.21    0.540  -2.91   0      19.92     566.5969     47.85643
        47    141.0701    953.8991     10388.76      109.086  14.9586   0.0114     4.88    0.269 -55.93   0      148.7     10588.32     82.39021
        48    120.6476    952.8749     1609.876     165.6273  16.9830   0.1117     3.55    0.385  -7.05   2      13.31     511.9343     47.47533
        49    978.3376    948.1675     19642.03     253.6517  14.2670   0.0140     7.63    0.283   0.04   0      106.3     3120.291     58.74528
        50    615.2277    949.5538      4808.56     181.3996  15.7950   0.0410     9.16    0.527  -2.93   0      33.66      1038.38     50.27577
        51    219.3898    947.9720     1988.809     172.9204  16.7535   0.0944     7.03    0.558   3.62   0      16.26     523.3867     47.77114
        52    831.0595    940.8456     15031.02     306.3082  14.5575   0.0221    12.46    0.421 -15.02   3      79.36     2512.676     56.34554
        53    836.6848    932.1491     49718.74     276.2025  13.2587   0.0060     9.43    0.370  -2.98   2      223.4     9579.015     79.77357
        54    194.6380    941.5099         1412     106.1351  17.1254   0.0816     4.70    0.545  54.43   0      33.02      1145.58     50.30352
        55    155.5280    941.0765     4692.632     204.3363  15.8215   0.0473     7.76    0.494  -0.89   0      34.44     1082.453      50.0175
        56     61.1799    937.9092     2713.488     224.3393  16.4162   0.0898     7.27    0.620   3.24   0      18.49     504.1191      47.1952
        57    416.4539    931.7361      6108.32     212.7624  15.5352   0.0378     9.56    0.482   2.01   0       39.8     1114.899     50.39312
        58    118.0094    929.1828     3851.104     111.2355  16.0360   0.0314     5.74    0.339  49.42   2      73.64     3179.609     58.97432
        59    121.0053    925.9921     5221.874     91.66655  15.7054   0.0191     4.18    0.004  42.50   2      101.4     5236.959      66.4314
        60     52.4896    929.4581       4659.5     230.0767  15.8292   0.0536     8.29    0.583  -1.41   0      32.41     908.5625     49.22102
        61    661.3705    923.4066     2352.683      207.332  16.5711   0.0957     6.95    0.570 -10.99   0      16.87     524.7039     47.89743
        62    903.6653    922.6325     4359.081     264.6223  15.9015   0.0659     8.72    0.554  -3.54   0      25.88     715.9936     48.56074
        63    288.5649    911.4296     21278.43     229.0207  14.1802   0.0117     7.86    0.425  -3.40   0      121.5     4358.297     63.53508
        64    701.9357    911.8047     4465.181     217.0366  15.8754   0.0528     7.80    0.504  -5.77   0      30.87     877.8912     49.42894
        65    577.6966    906.0449     102093.2     354.4666  12.4775   0.0038     9.19    0.347  -7.16   2      341.4     15551.48     95.16099
        66    814.2457    909.4711     3533.611     230.2124  16.1295   0.0708     8.44    0.522  -6.28   0      22.58     641.9135     48.21279
        67    669.2833    908.1740     4788.625     236.3578  15.7995   0.0536     7.76    0.537  -6.36   0      29.06     852.1906     49.07718
        68    621.7267    907.6420     4336.327     234.7024  15.9072   0.0588     7.31    0.539  -3.55   0      30.26     884.1738     49.34158
        69    133.1473    906.8232     5733.896     289.5801  15.6039   0.0548     0.00    0.439 -17.54   0      29.05     761.8232     48.89235
        70    643.8068    906.7726      2324.12     183.8103  16.5844   0.0859     7.53    0.597  -2.41   0      17.74     478.4023     47.55664
        71    891.2095    904.9276       2687.1     257.6702  16.4268   0.1041     6.91    0.628  -4.59   0      15.99     409.9244     47.10651
        72    748.7667    902.7705     3367.092     220.4892  16.1819   0.0711     8.80    0.565   2.56   0      22.01     643.7638     48.45908
        73    966.7602    902.2930     4758.101      168.194  15.8064   0.0384     8.62    0.554  -3.37   2      27.84     853.1686     48.84716
        74    116.7580    901.1267     3291.499     247.9936  16.2065   0.0818     6.94    0.436 -20.05   0      18.05     455.8839     47.32773
        75     17.5212    899.4652       4380.1     266.8013  15.8963   0.0662     7.34    0.510  -3.69   0      25.76     727.4109     48.37734
        76    352.4988    897.0007      5281.08     115.3708  15.6932   0.0237     5.81    0.471 -63.41   0         63     4438.842     63.64236
        77    879.3455    895.0990     2589.992     211.0211  16.4668   0.0885     4.57    0.363  -1.50   2      18.41     594.9484     47.75099
        78    319.1058    893.2889     13675.95     212.0739  14.6601   0.0168     8.00    0.462  -4.42   0         87     2937.958     57.93656
        79    855.7250    891.1585     3910.664     280.5733  16.0194   0.0779     7.22    0.540  -7.31   0      16.94      379.762     46.96076
        80    304.7260    885.3497     2565.033     144.8312  16.4773   0.0613     8.15    0.534  -6.55   0      21.52     652.4586     48.14335
        81    220.0667    884.9581     1972.521     177.0017  16.7624   0.0975     6.54    0.547  -5.03   0      15.41     446.5755     47.28301
        82    275.1475    880.7664     5800.407     216.4498  15.5914   0.0405     8.61    0.483  -2.64   0      40.67     1150.842     50.55496
        83    169.6748    879.3564     15673.49     307.7189  14.5121   0.0213     8.28    0.503  -5.52   0      70.36     2122.997     54.75119
        84     68.3655    877.0629     6706.472     191.4145  15.4338   0.0310     9.88    0.500  -3.40   0      45.87     1349.587     51.44067
        85     17.9321    873.9479     48950.85     341.2043  13.2756   0.0076    12.34    0.630 -14.23  24      188.8     5687.709     67.95599
        86    107.3679    875.9191     6967.151     305.9486  15.3924   0.0477    10.36    0.527  -4.54   0      33.99     839.8669     49.13707
        87    244.9729    872.9377     39011.29     259.0641  13.5220   0.0072     8.12    0.403  -5.91   0      188.5     7677.211     74.31242
        88    562.7094    867.9326     13562.25     236.8981  14.6692   0.0190     8.24    0.418  -0.10   0      77.27     2250.227     55.06865
        89     88.4504    866.4896     4291.965     262.3853  15.9184   0.0664     8.99    0.535   1.35   0      26.73     740.5247     48.43891
        90    854.7001    860.8231     17351.76     235.0729  14.4016   0.0147     7.99    0.432  -2.45   0      102.7     3329.549     59.06526
        91    404.5087    861.6106     7121.605      188.891  15.3686   0.0288     7.80    0.487  -5.33   0      49.75     1469.979     51.85925
        92    619.0112    858.3471     32337.46     273.3194  13.7257   0.0092     8.13    0.421  -3.30   2      160.5     5849.024     68.57715
        93    505.3897    861.4255     5408.234     301.9492  15.6674   0.0606     9.03    0.470  -9.02   0      25.12     600.8603     48.13831
        94    896.9217    858.9359     6420.767     219.0749  15.4810   0.0371     8.49    0.503 -15.66   0      39.42     1186.397      50.6012
        95    108.0135    858.1121     3767.468     243.1732  16.0599   0.0701     8.83    0.452   3.19   0      24.09     603.2689     47.91058
        96   1021.5450    855.8362     17314.82     177.2368  14.4040   0.0111     4.43    0.082 -20.17  24        124     6165.724     69.61882
        97    836.3085    854.1105     3845.372     191.0169  16.0377   0.0539     5.11    0.511  -3.47   0      29.22     1021.097     49.85324
        98    773.1144    851.5700     5889.529     226.9024  15.5748   0.0418     7.50    0.502  -5.74   0      41.92     1185.701     50.59808
        99    661.8531    850.5899     1930.768     153.4888  16.7857   0.0863     5.33    0.124  79.78   0      21.46     895.1613     49.50828
       100    314.3497    850.8004     1738.811     193.0092  16.8994   0.1205     5.46    0.472 -14.72   0      12.77     396.9528     47.04389
       101     51.7920    849.8154     6667.673     212.6852  15.4401   0.0346     8.29    0.538  -3.52   0       43.9     1231.176     50.91483
       102    617.5619    847.6249     10128.82     406.6719  14.9861   0.0436     8.06    0.469  -4.92   0      45.76     940.2634     49.94536
       103    510.8157    842.4083      3440.29     235.6677  16.1585   0.0744     9.04    0.585  -1.88   0      20.41     527.5045     47.67042
       104    172.1628    838.4984     18012.42      256.141  14.3611   0.0154     7.91    0.453  -5.80   0      102.3     3417.728     59.50017
       105    594.4081    839.3365     2484.713      223.466  16.5118   0.0977     7.49    0.525   3.16   0      17.69     500.9047     47.66405
       106    230.0401    833.6817     83390.12     310.1397  12.6972   0.0040     7.80    0.355  -3.03   0      313.2     15652.73      95.5228
       107    966.3265    833.4335     8796.329     338.8515  15.1392   0.0418     9.19    0.486   8.39   0      41.54     1190.774     50.73416
       108    250.3536    832.4061     17508.29     248.2875  14.3919   0.0154     7.67    0.431  -5.01   0      100.3     3330.798     59.74664
       109    162.0471    830.7280     8820.109     271.6161  15.1363   0.0334     8.52    0.453  -3.90   0      51.03     1409.114       51.703
       110     91.7304    832.0734     2104.252     183.5383  16.6923   0.0947     6.72    0.564  -4.04   0      15.57     504.9728       47.442
       111     32.0940    830.8353     3940.525     178.7094  16.0111   0.0493     7.91    0.523  -4.68   0      29.31     873.9459     48.82628
       112    907.4128    827.4944     2246.882     158.5497  16.6210   0.0766     7.29    0.591  -1.78   0      17.95     542.5975      47.6219
       113    711.9683    826.5471     3047.267     155.1332  16.2902   0.0553     8.73    0.534   1.37   0      22.72     662.8036     48.31116
       114    865.6748    825.4406     6052.499     332.2875  15.5452   0.0596     9.04    0.598  -3.91   2      21.77     684.5312     48.41327
       115    396.0599    826.3276     2104.269     188.1726  16.6922   0.0971     6.77    0.677  -0.42   0      16.44     482.0186     47.45307
       116    632.7571    835.3058     10354.18     250.4025  14.9622   0.0263     7.64    0.473  -1.64   0      62.76     1867.268     53.35729
       117    551.4445    818.1803     1808.598     180.8054  16.8566   0.1086     5.39    0.324 -45.70   0      13.88     409.1251     47.34584
       118    642.2859    814.3865     10335.01     284.2186  14.9642   0.0299     8.01    0.499  -2.93   0      59.55     1819.686     53.36984
       119    971.6005    809.9545      2536.96     196.1546  16.4892   0.0840     5.89    0.553   9.77   0      20.64     550.2107     48.01831
       120    481.1406    807.1735     3526.938      232.069  16.1315   0.0715     8.52    0.552  -0.28   0      22.54     648.7163     48.36372
       121    249.2411    806.3690     8288.265     238.4986  15.2038   0.0313     8.32    0.472  -3.97   0      52.54     1605.255     52.77617
       122     92.6165    807.7366     4934.035     112.1538  15.7670   0.0247     5.85    0.506  33.90   0      84.85     4081.858      62.3545
       123    646.3736    805.8929     7840.899     358.0042  15.2641   0.0496     9.35    0.598 -12.71   1       24.5     627.2204     47.78433
       124    885.7322    801.9030     2688.875      195.598  16.4261   0.0790     6.94    0.593  -5.68   0      18.97     581.3119     47.68604
       125    841.4301    800.5777     10846.88     239.7298  14.9117   0.0240     7.24    0.441  -1.07   0      69.48     2262.716      55.5353
       126    730.5436    800.9866     3141.352     236.5958  16.2572   0.0818     7.91    0.649   0.35   0       20.2     506.2668     47.68962
       127    710.2953    800.1042     1684.811      138.349  16.9336   0.0892     6.28    0.600  -4.09   0      14.04     466.3375     47.25655
       128     85.8332    799.4982     2691.187      231.869  16.4251   0.0936     5.87    0.742  -0.14   0      13.17      399.565     46.56585
       129    353.6842    795.9325     3508.727     228.9372  16.1371   0.0709     8.26    0.561   1.90   0      21.87     614.1626     47.84235
       130    971.0238    794.4627     4640.819     236.2157  15.8335   0.0553     2.11    0.410   1.41   3      28.53     1113.849     50.50221
       131    967.1782    794.1248     4267.966     232.1761  15.9244   0.0591     3.02    0.087  65.82   3      28.97     1061.967     50.26819
       132    884.9969    792.9998     1509.693     88.67815  17.0528   0.0638     4.21    0.016  58.13   2      45.81     1398.542     51.65651
       133    438.0331    795.3392     3494.576     242.3264  16.1415   0.0753     8.33    0.571  -8.57   0      21.77      681.686     48.39991
       134      2.8424    795.4716     2161.737     110.3615  16.6630   0.0554     4.36    0.205   8.65  24      24.18     885.6298     49.34829
       135    570.2724    791.6938     4299.188       225.94  15.9165   0.0571     9.60    0.570   4.02   0      29.82     863.9333     49.01451
       136    474.1888    792.2948      4425.93     281.5008  15.8850   0.0691     9.83    0.489 -11.85   0      24.35      590.153     47.96817
       137    645.1718    787.7536     5782.787     184.9593  15.5947   0.0347     8.77    0.463  -4.62   0      41.15     1274.509      51.3321
       138    837.2646    787.6903     3438.359     238.0899  16.1591   0.0752     8.04    0.524   4.56   0      22.34     629.9301      47.9172
       139    558.0754    786.1108     2995.292     194.4831  16.3089   0.0705     8.13    0.548  -4.91   0       24.1     705.0614     48.27223
       140     43.6202    786.3994     2882.398     126.3031  16.3506   0.0476     1.30    0.279 -46.82   0      47.96     2307.331     55.51109
       141    233.7685    779.8950     7049.701     196.9905  15.3796   0.0303     7.60    0.454  -1.89   0      46.82     1411.234     51.26624
       142    981.0444    777.8847     3782.742      171.118  16.0555   0.0491     8.44    0.491  -2.64   0      28.86     858.3328     48.98854
       143   1004.6682    776.0550     14798.09     259.9854  14.5745   0.0191     8.55    0.479  -0.68   3      84.08     2696.614     56.98196
       144   1000.0361    771.0350     12335.89      264.421  14.7721   0.0233     7.61    0.491  -3.07   3      71.48     2265.265     55.44226
       145    796.4548    775.8276     5121.274     220.9947  15.7266   0.0469     7.38    0.485  -0.36   0      35.24     1092.789      50.2933
       146    527.1072    775.0204     5752.033     250.8113  15.6004   0.0474     9.11    0.517  -1.72   0      36.06     962.2703     49.35218
       147    544.9980    773.9271     7859.199     97.98745  15.2616   0.0135     4.31    0.065  78.26   0      121.6     7887.482     74.95274
       148    402.3455    766.0123     6923.948     265.1971  15.3991   0.0416     8.40    0.497  -1.37   0       41.3     1203.835     50.90556
       149   1012.8765    765.1910     2439.028     95.64284  16.5320   0.0426     5.10    0.340 -57.39   0      59.67     2086.258     54.59847
       150    194.9561    766.9089     9409.105      102.923  15.0661   0.0119     0.00    0.167  64.19   0      134.8     8914.957     77.85871
       151     15.9676    763.8997     2322.649      210.733  16.5850   0.0985     6.64    0.585  -5.60   0      15.93     452.3562         46.7
       152    462.0776    760.1397     3504.247     184.4873  16.1385   0.0572     8.96    0.573  -4.96   0      25.99     726.3035     48.37214
       153    309.3127    759.3269     11982.42     234.1546  14.8036   0.0212     8.07    0.510   4.20   0      72.82     2464.604     55.84368
       154    676.8544    757.8983     5120.052     98.95449  15.7268   0.0210     4.89    0.155 -24.73   3      80.99     4293.633     62.84818
       155    671.0034    757.9874     8189.935     207.4992  15.2168   0.0275     9.70    0.300 -23.34   3       59.6      2175.72     54.96961
       156    727.4973    756.6240     7961.909     252.2374  15.2475   0.0344     8.06    0.461  -2.96   0      49.51      1412.66     51.27256
       157    602.9506    757.0732     2548.207     177.7393  16.4844   0.0757     5.65    0.544  -6.00   0      20.02     636.7761     48.06926
       158     97.8257    758.2634     1640.821     178.1938  16.9623   0.1179     5.62    0.475   2.64   0      13.33     416.6353     47.26053
       159    529.9962    756.3472     3129.814     94.27268  16.2612   0.0327     0.88    0.183  88.59   1      60.99       2991.5     58.34339
       160    659.8145    752.8394     28575.06     241.5596  13.8600   0.0092     7.71    0.424  -2.63   0      153.2     5867.951     68.80695
       161    866.7929    753.8686     2686.759     236.1587  16.4269   0.0955     7.12    0.611  -0.49   0       17.1     501.8114     47.54777
       162    933.7557    750.3723     8156.574     212.2509  15.2212   0.0283     7.88    0.456  -5.85   0      53.02     1541.042     52.49891
       163    528.8450    745.6216     178901.2     380.8618  11.8685   0.0023     8.13    0.345  -2.25   0      496.9     34468.58     133.1285
       164    336.9303    750.5081     6304.628     254.1516  15.5009   0.0438     8.52    0.492  -4.14   0      38.88     1040.203     49.94026
       165     58.6782    749.4355     2601.876     237.8943  16.4618   0.0993     7.03    0.613   0.21   0      15.94     410.0475     47.10711
       166    703.9343    744.2096     4305.799     245.4368  15.9149   0.0619     9.20    0.531  -1.24   0         26     716.4778     48.56301
       167    795.9720    743.5464     3187.516     173.6642  16.2414   0.0592     8.72    0.541  -0.99   0      23.49     658.9933     48.29324
       168    822.9219    742.9687     3828.633     272.1955  16.0424   0.0772     7.45    0.618   1.05   0      20.15     501.8423     47.54792
       169    315.4215    742.0212     2104.089     213.2076  16.6923   0.1100     7.21    0.610  -0.72   0      15.55     420.4109     47.39998
       170     76.8143    740.8992     2922.308     200.2182  16.3357   0.0744     8.08    0.577  -0.38   0      21.09     638.9241     48.07941
       171    753.7200    738.3005     2571.213     137.7286  16.4747   0.0582     7.67    0.535  -6.02   0      28.15     1028.878     49.65796
       172    687.9828    736.5768     14501.36     348.4724  14.5965   0.0261    14.39    0.652 -10.50   0      63.57     1725.313     53.29067
       173    882.8898    736.2702     2607.469     224.2319  16.4595   0.0934     6.75    0.614  -0.51   0      16.19     421.6298     47.04105
       174    167.1395    734.3808     2297.991     202.3659  16.5966   0.0956     7.27    0.553 -11.25   0      17.02     502.9848     47.55338
       175     51.5464    731.3039     42800.81     271.5097  13.4214   0.0069     7.93    0.423  -4.56   0      199.7     8068.374     75.27074
       176    371.7479    732.6686      4511.16     266.9129  15.8643   0.0643     7.67    0.556  -2.40   0      26.48     818.8757     49.03989
       177    524.3729    729.3898     27845.15     267.4194  13.8881   0.0104    11.96    0.361  -7.46   0      150.6     6240.879     69.86373
       178     96.8670    728.5567     4775.015     307.6001  15.8026   0.0700     9.00    0.567 -12.13   0      19.95     555.1453     47.80202
       179    893.8270    727.3539     1881.158     184.8218  16.8139   0.1067     5.42    0.540   4.47   0       13.8     418.1389     47.38909
       180    406.7446    727.2678     2547.107     224.8102  16.4849   0.0959     6.74    0.619   2.74   0      16.42     474.8146      47.2973
       181     18.7312    723.6306     8452.904     264.3408  15.1825   0.0340     8.38    0.483  -4.45   0      52.53     1455.604     51.90696
       182    560.7759    724.4684     2798.941     198.6379  16.3825   0.0771     8.64    0.525  -0.83   0      20.74     588.5457     47.96056
       183    229.3323    719.8596     35603.16     257.1756  13.6213   0.0078     7.99    0.442  -4.43   0      176.7     6896.848     71.88619
       184    414.7472    721.2950     3342.336     257.1334  16.1899   0.0835     7.85    0.557 -10.46   0      18.85     473.0516     47.04535
       185    283.6163    714.0206     94967.73     320.7565  12.5561   0.0037     8.09    0.366  -5.84   0      339.1     18437.29     102.1017
       186    713.9716    705.8800     2691.458     86.83128  16.4250   0.0350     0.00    0.155  69.74   0      62.73     2347.361     55.67474
       187    721.9872    704.9039     2056.285     120.1189  16.7173   0.0634     0.00    0.204 -73.52   2      37.79     1218.712     50.85916
       188    670.7720    703.4873     2063.186     185.0455  16.7137   0.0974     5.54    0.622 -11.14   0      14.34      467.278     47.13942
       189    163.7924    703.4006     4316.443     225.9574  15.9122   0.0568     9.24    0.526  -3.71   0      28.67     777.8568     48.84941
       190    108.9265    703.6204       3597.9     232.1385  16.1099   0.0701     8.53    0.561  -1.13   0      23.94     735.3442      48.7691
       191    461.2070    699.1244     2590.006     236.0656  16.4667   0.0990     6.79    0.535   6.56   0      16.58     516.4942     47.49716
       192    348.1458    696.6946     4839.178     225.2113  15.7881   0.0505     7.37    0.533  -3.91   0      33.14     961.2405     49.34743
       193    602.0659    696.7759     5864.126      112.757  15.5795   0.0209     5.52    0.146 -53.05   0      98.68     5188.516     66.35205
       194    531.1360    692.7498     22777.98     249.0628  14.1062   0.0119     7.86    0.407  -2.84   0      125.5     4361.616     63.36597
       195    155.0663    689.4069     7760.706     229.3956  15.2752   0.0321     8.35    0.481  -3.40   0      50.53     1494.069      52.0751
       196    371.7306    688.8210     2413.953     234.0633  16.5432   0.1053     7.18    0.653  -3.84   0      16.27     470.7067     47.51985
       197    220.4818    688.7975     3771.496     224.7709  16.0587   0.0647     4.44    0.366  -5.06   2      22.84     821.2327     49.16773
       198    404.4176    684.5449     31910.57     334.4143  13.7402   0.0114    15.33    0.681   1.30   0      129.9     4615.151     64.35817
       199    928.6643    684.9525     4142.226     174.0865  15.9569   0.0456     9.00    0.512  -3.97   0      30.45     883.4532     49.33826
       200    551.8354    712.5052     3678.145     213.5386  16.0859   0.0630     8.76    0.553  -1.90   0      25.93     709.0131     48.05243
       201    557.0193    682.9629     2656.601       229.97  16.4392   0.0940     7.45    0.657   6.89   0      16.55     434.8763      47.5901
       202    798.3016    681.1119     2392.571     161.4483  16.5528   0.0733     7.62    0.505   7.59   0      16.86      508.503      47.2163
       203   1020.5587    674.3141     77158.55       270.66  12.7815   0.0038    10.97    0.182   7.94  24      314.1     20606.58       106.66
       204    366.6785    675.9750     9408.694     225.9969  15.0662   0.0261    10.20    0.382  -2.46   0      60.41     1772.999     53.27854
       205    735.7914    677.1559     1718.063     155.9597  16.9124   0.0986     2.55    0.219 -24.94   0      15.85     645.2302     48.46596
       206    828.4811    670.5300     6626.282     295.1835  15.4468   0.0484     8.69    0.576  -3.77   2      49.18     685.4642     48.17987
       207    853.2543    669.5787     9584.996     474.7912  15.0460   0.0538    17.38    0.474 -29.51   0      34.81     607.1217     48.16786
       208    717.5662    671.6649     6316.099     198.3258  15.4989   0.0341     2.05    0.483   0.49   2      44.86     1918.686     53.89642
       209    497.7646    671.3947     5446.557     234.5542  15.6597   0.0468     7.90    0.497  -4.45   0      36.69     1086.234     50.49164
       210    473.9812    672.5428     2472.183     206.0744  16.5173   0.0905     7.77    0.646   4.52   0      20.19     552.2559     47.78828
       211    218.5260    672.9184      2619.49     207.6242  16.4545   0.0861     7.41    0.553   7.20   0      19.01     522.4856     47.28356
       212    204.5444    667.9763     1722.334      170.898  16.9097   0.1078     6.16    0.590   0.51   0      13.85     438.4191     47.24379
       213    416.5258    665.6492     2761.746     221.1663  16.3970   0.0870     4.07    0.312 -32.54   2      19.55     647.1364     48.11822
       214    793.2311    664.1129     2883.689     93.67744  16.3501   0.0353     0.00    0.293  27.06   0      64.75     2458.461     56.02403
       215    706.8331    659.8243     3161.225     171.9682  16.2504   0.0591     8.64    0.501 -18.32   0       26.7     781.0376     49.09867
       216    472.7306    659.5862     1306.577     98.90003  17.2097   0.0822     3.01    0.450 -64.06   0       27.4      986.462      49.8105
       217    851.7510    643.0686      30206.6     274.6954  13.7997   0.0099     7.82    0.400  -2.25   2      146.8     5335.625      66.7681
       218    248.3337    645.3803     2577.449     223.5603  16.4720   0.0942     6.03    0.642   2.57   0      14.74     362.1286     46.99768
       219    148.7436    643.1428     3167.169     236.6206  16.2483   0.0811     7.76    0.526  -4.28   0      20.53     574.8386     48.13474
       220    618.6929    642.3361      2242.29     131.8489  16.6233   0.0639     4.90    0.511  -1.81   0      19.22     680.7227     48.15751
       221    278.8672    642.0657     4964.056       257.45  15.7604   0.0563     8.55    0.539  -6.86   0      29.38     864.6246     49.13473
       222    701.7809    642.3408     2211.225      200.128  16.6384   0.0983     6.61    0.669   3.53   0      15.64     435.2465     47.22852
       223    361.3937    640.1738     2333.589     215.4602  16.5799   0.1003     7.33    0.618 -17.53   0      15.99     445.5605     47.39943
       224    559.7848    637.0159     3944.256     275.4371  16.0101   0.0758     8.31    0.437  -4.51   0      20.12     481.4968     47.45057
       225    306.2326    631.5847     3342.449     245.7144  16.1898   0.0798     3.99    0.367 -33.49   2      21.74     595.7746     48.35239
       226    580.0063    631.1459     4502.958     269.0487  15.8663   0.0649     7.55    0.596  -1.04   2      23.49     716.2256     48.67993
       227    733.1904    629.1832     2126.596     217.2333  16.6808   0.1109     6.10    0.498  -2.24   0      14.71     404.4692     47.08018
       228    203.9353    628.9218     3881.874     91.47607  16.0274   0.0256     0.00    0.181  49.25   0      83.11     3666.206     60.72617
       229    823.8528    623.8029     21945.49     251.7469  14.1466   0.0125     9.81    0.454  -3.46   0      120.2     4095.156     62.40295
       230    793.4547    622.5895     6051.037     255.6151  15.5454   0.0459     9.56    0.483  -3.76   0      38.34       1108.6     50.47858
       231    145.9681    619.0316     4717.443     90.40724  15.8157   0.0208     0.00    0.085  81.80   3      83.27     4290.955     63.29373
       232    141.1844    619.6221     4971.411     208.8125  15.7588   0.0456     9.95    0.235 -13.26   2      37.86     1314.435     51.39697
       233    620.6143    618.7399     18582.06     268.1349  14.3273   0.0157     7.03    0.406  -3.95   0      106.3     3867.531     61.56836
       234    596.2709    617.4317     6362.063     201.2522  15.4910   0.0344     8.45    0.491  -6.64   0      43.81     1317.663     51.29943
       235    646.3298    615.3043     9315.199     273.0835  15.0770   0.0318     7.74    0.521  -3.51   2      47.29     1287.917      50.8297
       236    304.9638    610.8440      36488.7     279.8447  13.5946   0.0083    13.07    0.427  -7.74   0      176.6     7118.615     72.66301
       237    958.4681    611.3654     1878.272     209.5694  16.8156   0.1212     8.09    0.654  -9.73   0      15.41     419.4603      47.1525
       238    842.0500    609.9243     12051.55     207.5778  14.7974   0.0187     7.70    0.464  -5.44   0      75.89     2508.374     56.22615
       239    709.9499    609.4012     5011.692     244.3333  15.7500   0.0529     9.76    0.482 -12.00   0      31.06     804.7228     48.97425
       240     17.2459    610.7571     2575.172      203.384  16.4730   0.0858     4.65    0.336 -19.58   2      18.09     641.4582      48.3296
       241    205.8488    609.7184     1608.588     119.2688  16.9839   0.0805     6.41    0.650  -6.42   0         14     438.0422     46.99826
       242    565.6092    607.6075     5004.715     205.3833  15.7516   0.0446     7.79    0.499  -3.76   0      36.19     1081.029     50.24013
       243    270.3599    606.7426     9726.152     266.5127  15.0301   0.0298     8.37    0.480   1.33   0      60.01     1815.423      53.4592
       244    123.0851    606.6960     9915.604     230.2773  15.0092   0.0252     8.02    0.445  -5.40   0       61.4     1802.247     53.18768
       245    408.0053    607.9995     3244.598      86.6256  16.2221   0.0290     4.20    0.003 -26.97   2      75.96     3184.953     58.99492
       246    199.5856    600.5768      1978.94     135.6939  16.7589   0.0745     0.88    0.265  42.09   0      26.58     1130.984     50.57926
       247    349.4210    595.3121     23146.74     271.4481  14.0888   0.0127     8.52    0.433  -3.74   0        125      4295.62     62.94665
       248    624.1785    596.3088     2543.087     154.3928  16.4866   0.0659     8.64    0.584  -5.97   0      19.72      528.818     47.31399
       249    434.4770    597.4933     1689.615     159.5585  16.9305   0.1026     2.89    0.550 -18.71   2      13.36     395.6515     46.91536
       250    310.2893    593.8825     27476.86     306.6381  13.9026   0.0121     8.85    0.522 -17.61   0      137.5     4452.439     63.60068
       251    823.3323    592.1207     3167.225     201.9229  16.2483   0.0692     7.77    0.609  -9.69   0      21.07     656.4959     48.04303
       252    604.4131    592.7441     2533.219     228.5955  16.4908   0.0980     7.27    0.562  -4.51   0      16.67     495.0827     47.63629
       253    186.5869    591.9133     2044.425      184.245  16.7236   0.0979     7.38    0.633  -1.98   0      15.93     408.3923     46.97705
       254    751.9142    589.0842     5707.507     286.0681  15.6089   0.0544     9.50    0.544  -5.05   0       31.1     974.9072     49.64222
       255    591.3824    587.9883     6428.127     284.6297  15.4798   0.0481     9.91    0.498  -3.91   0      31.89     877.3247     49.31002
       256    145.0177    588.9990      6641.07     95.12016  15.4444   0.0156     0.00    0.029   1.47   0      112.7     6391.154     70.26923
       257    157.0314    579.7442     57724.34     290.7239  13.0966   0.0055     7.82    0.332  -3.73   0      244.9     10857.09     83.47296
       258    474.9043    584.0718     2079.076     178.7519  16.7053   0.0934     6.78    0.604  -4.06   0      14.43     444.2722     46.90612
       259    295.8562    575.9049     2310.949     211.4005  16.5905   0.0993     5.89    0.366 -40.92   2      17.43     637.1436      47.8315
       260    397.2191    574.3288      5740.57     232.9979  15.6026   0.0441    10.41    0.548  -6.82   0      37.21     967.7983     49.84061
       261     66.9633    569.8594     25527.63     259.4255  13.9825   0.0110    12.47    0.361  -1.44   0      137.4     4499.372     63.85815
       262    450.7321    570.3214     2778.236     219.2276  16.3906   0.0857     7.10    0.518  -4.46   0      18.73     530.8504     47.44493
       263    989.6683    567.4623     2983.788     223.3311  16.3131   0.0813     7.53    0.536  -1.15   0      20.49     639.5156     48.20148
       264    353.0258    563.6383     1955.205     209.6528  16.7720   0.1164     6.16    0.692  -4.73   0      14.42      387.296     47.36233
       265    107.8211    563.9172     1932.696     156.2722  16.7846   0.0878     6.84    0.604  -8.46   0      16.18     442.4866      47.1417
       266     53.8045    562.8463     7347.726     262.2966  15.3346   0.0388     7.74    0.506  -2.39   0      44.54      1309.78     51.37638
       267    865.9064    561.0239     4733.534     264.9437  15.8120   0.0608     8.37    0.578  -6.14   2      27.85     717.0051     48.20947
       268    185.8746    561.9916      2312.83     84.14549  16.5896   0.0395     0.95    0.086  -5.16   0      57.59     2369.205     55.76384
       269    476.0015    558.8201     2986.191     234.0056  16.3122   0.0851     6.98    0.616  -0.25   0      17.51     449.2465     47.29585
       270    610.0046    556.8405     3591.872      95.3801  16.1117   0.0288     0.00    0.218 -87.22   0      73.85     3108.388     58.89454
       271     54.1540    553.9629     5687.111     274.7897  15.6128   0.0525     8.37    0.552  -4.12   0      32.68     962.7556     49.70222
       272    786.6973    549.9984     3294.172     185.7802  16.2056   0.0612     8.80    0.530  -0.37   0      22.05     592.4794     47.97919
       273     21.1201    549.0669      6354.97     246.1635  15.4922   0.0421     7.56    0.504  -1.56   0      39.89     1113.253     50.15725
       274    696.5483    548.0685     3819.096      204.067  16.0451   0.0580     9.47    0.483  -2.60   0      28.18     817.7945     49.03487
       275    675.0125    545.1315     28234.71     248.8548  13.8730   0.0096     7.84    0.403  -3.68   0      149.3      5625.84     67.74876
       276    838.4969    544.5011     3362.701     262.1274  16.1833   0.0847     8.11    0.589   0.16   2      19.98     548.0203     47.16327
       277    151.0283    543.8972     6793.421     102.7259  15.4198   0.0164     4.74    0.229 -75.35   0      111.4     6356.733     69.82966
       278    253.0837    540.8817     2170.834     210.5692  16.6584   0.1053     7.55    0.669 -11.56   0      16.51     451.8246     47.06486
       279    312.0785    535.1609     26915.53      263.378  13.9250   0.0106    12.98    0.393 -14.15   0      141.1     5648.904     67.82609
       280    532.0720    539.0385     2176.225     178.8754  16.6557   0.0893     7.53    0.631  -1.04   0      15.78     465.7725     47.37519
       281    846.9543    535.0670      5124.54     257.0338  15.7259   0.0545     9.04    0.472  -6.02   0      32.57     937.4897     49.58655
       282    739.3209    532.3102     1690.043     167.4606  16.9303   0.1076     2.99    0.134 -38.79   2      14.27     447.3104     47.16496
       283    647.7314    526.6539     3448.989      251.585  16.1558   0.0792     9.80    0.478 -18.79   0      22.52     570.4861     47.75481
       284     38.0517    526.7987      1980.68     206.2289  16.7580   0.1131     5.63    0.645  -4.99   0      13.94     349.0289     46.81179
       285    291.6938    523.2166     8527.729     209.9304  15.1729   0.0267     7.82    0.494  -5.84   0      57.51     1816.606     53.14105
       286    952.9507    524.1294     1702.241     182.2538  16.9224   0.1163     5.17    0.635 -19.59   0      12.58     420.1375     47.15576
       287    452.0389    521.6472     2396.855      216.192  16.5509   0.0980     7.16    0.631  -3.07   0      15.75     390.3136      46.8895
       288   1009.8809    519.9701     2249.724     185.2745  16.6197   0.0894     5.77    0.573  -7.13   0      16.15     523.7964     47.65274
       289    224.0727    510.0183     3678.801     246.0253  16.0857   0.0726     7.05    0.658  -7.30   2      19.94      444.553      47.3946
       290    127.8975    511.5950     2086.818     165.4149  16.7013   0.0861     6.97    0.519  -5.85   0      17.27     511.7993     47.59549
       291    948.3587    508.8587     4465.568     159.9134  15.8753   0.0389     0.00    0.380   0.89   0      42.29     1954.344     54.04658
       292    727.1088    509.0984     1392.916     85.06779  17.1402   0.0663     3.52    0.280  45.43   0      41.39     1160.202     50.25541
       293     35.7068    508.0112      12733.9     234.8829  14.7376   0.0200     7.86    0.441  -3.56   0       77.4     2421.181     55.97527
       294    439.3120    506.8789     7122.245     307.4677  15.3685   0.0469     9.71    0.483  -4.97   0      36.13     991.0787     49.60057
       295    790.9496    502.1867     137631.5     390.4142  12.1532   0.0031     7.76    0.127   1.27   0      414.8     21902.77     109.5444
       296    267.6189    508.0483     1804.903     182.3818  16.8589   0.1097     5.26    0.296 -14.44   0      13.34     472.1664     47.64749
       297    996.8485    501.9625     2970.931     217.4558  16.3178   0.0795     7.75    0.642  -8.34   0      19.62     569.1736     47.74857
       298    626.3535    498.4983     4550.217     229.3437  15.8549   0.0547     7.91    0.517  -2.43   0      31.94     881.4186     48.86105
       299    383.1171    497.6445      10045.3      220.862  14.9951   0.0239     8.21    0.462  -3.18   0      64.64     1885.806     53.54354
       300    123.5587    498.6456      7484.29     193.0808  15.3146   0.0280     8.34    0.479  -3.98   0      50.05     1481.107       51.908
       301    574.1478    495.8404     3556.848     263.9324  16.1223   0.0806     9.11    0.349  -6.80   0      20.42     455.5317     47.44722
       302    480.0397    494.8250     9164.191     246.4244  15.0948   0.0292    11.46    0.425  -7.67   0      56.24     1602.529     52.76443
       303    703.3026    493.3767     4455.217     213.6934  15.8778   0.0521    10.02    0.624  -3.90   0       29.6     752.6804     48.25852
       304    214.8906    493.6875     11741.11     120.5163  14.8257   0.0111     5.49    0.405  70.41   0      144.6     10290.97     81.84696
       305     86.0793    492.4333     2357.044     194.4753  16.5691   0.0896     7.31    0.548  -8.40   0       17.6     527.4368      47.6701
       306    895.9802    484.9348     3247.426     236.0904  16.2212   0.0790     7.50    0.536  -1.50   0      19.91     591.4063     48.09365
       307    232.5327    476.1628     372649.2     491.9586  11.0717   0.0014     8.14    0.314  -5.64   0      744.1     71021.91     185.2441
       308    325.9686    481.0336     3319.856     86.82282  16.1972   0.0284     4.32    0.063 -61.33   0      74.31     3111.199     58.90538
       309    773.1542    476.4860     46721.62     290.0221  13.3262   0.0067     7.92    0.348 -11.12   0      209.5       8299.5     76.04095
       310    477.7140    478.1859     4219.729     226.4948  15.9368   0.0583     8.76    0.534  -2.27   0      29.26     848.7968     49.06146
       311    678.7545    475.7626      3748.33     228.5477  16.0654   0.0662     9.22    0.619  -7.92   2       23.7     667.7459     48.33441
       312    304.1156    473.9926     5757.375     250.2432  15.5994   0.0472    11.32    0.512 -20.55   0      32.71     866.1717     49.37502
       313    318.3503    472.8945     4288.395     249.4815  15.9193   0.0632     8.33    0.610  -0.60   0      23.45     603.9332     47.67344
       314    116.9455    470.8170     2916.608     236.9864  16.3378   0.0882     8.02    0.619   2.16   0      17.79      438.611      47.3661
       315    350.0671    469.1745     3300.094     222.3654  16.2037   0.0732     8.29    0.534  -4.45   0      23.36     637.8495     48.19363
       316    173.4617    465.0255     3110.235     220.8752  16.2680   0.0771     8.50    0.510 -11.23   0      21.53     571.6639     48.00027
       317     65.7423    462.0598      8239.22     282.5378  15.2103   0.0372     7.59    0.473  -3.93   0      48.37     1384.389     51.81631
       318    955.9947    477.9322     1287.391     81.32868  17.2257   0.0686     1.06    0.027  62.30   2      37.26      1263.56     51.05918
       319    247.9999    461.8442     20165.56     123.2694  14.2385   0.0066     0.00    0.110  89.89   0      192.3     20190.75     105.9871
       320    563.2189    458.0857     2333.495     87.54464  16.5800   0.0407     0.86    0.131  11.11   0      51.04     2316.235     55.44407
       321    521.4925    457.9969     10828.55     125.8253  14.9136   0.0126    -0.55    0.467   0.07   0      131.4     8967.696     78.15958
       322    940.8437    456.4052     2408.416     175.1183  16.5457   0.0790     7.55    0.461  -3.99   0       18.6     569.5059     48.10955
       323    865.6863    454.9927     4575.841     116.4649  15.8488   0.0276     3.27    0.505  -0.49   0      73.33     3476.254     60.10665
       324    448.9171    454.8167     2004.979     187.2877  16.7447   0.1014     6.33    0.427  -0.41   0      15.87     505.4138     47.56498
       325    738.1088    448.8904     3132.066     185.5818  16.2604   0.0643     8.56    0.501  -2.52   0      22.73     611.9923     47.95194
       326    133.9184    434.8993     6409.087     253.6797  15.4830   0.0430     8.34    0.527  -4.74   0      41.39     1188.664     50.38396
       327    851.0223    434.7714     6254.021     224.0867  15.5096   0.0389     8.34    0.453   8.99   2       43.7     1319.658     51.53161
       328    338.7548    434.7145      5267.52     277.5631  15.6960   0.0572     9.73    0.468  -6.75   0      30.82     901.8459        49.19
       329     87.6518    434.8031      5211.29     237.3695  15.7076   0.0495     9.36    0.528  -9.55   0      36.24     1080.306     50.23686
       330      5.9447    435.2316     4782.516     251.0774  15.8009   0.0570     8.77    0.615  -2.01  16      23.49      613.193     48.07721
       331    255.8997    429.6281      78833.9     314.1804  12.7582   0.0043     9.21    0.310  -7.19   0      299.6     14151.21     91.75581
       332    378.6015    434.3366     3273.078     241.5249  16.2126   0.0801     5.68    0.602   5.01   0      17.25     376.9543     47.06932
       333     23.3917    433.8704     4701.938     281.7235  15.8193   0.0651     6.95    0.661  -7.15   0      17.56     423.9059     47.17392
       334    416.9811    430.2555     2392.822     87.69852  16.5527   0.0398     0.94    0.145 -77.07   0      54.86     2413.644     56.04721
       335    391.1600    430.5367     1942.514     91.36551  16.7791   0.0511     0.97    0.029 -87.55   0      43.52     1869.605     53.68906
       336    981.0035    428.2570     2429.253     216.8889  16.5363   0.0970     5.11    0.436   6.99   2      14.72     405.1601     47.20532
       337    131.3793    426.6349     3766.769     249.5817  16.0601   0.0720     4.04    0.271  -0.82   2      18.65      662.734      48.6661
       338    135.4889    426.4791     2147.244     186.6929  16.6703   0.0944     3.40    0.159  42.58   3      13.58     463.7129     47.12223
       339    214.6129    425.2584     3951.663     225.5902  16.0081   0.0620     8.86    0.568  -3.77   0      27.51     763.3552     48.89947
       340    122.0388    421.2713     3402.887      250.972  16.1704   0.0801     7.92    0.530 -10.56   0      19.66     530.4797      47.6846
       341    654.8866    417.9901     3086.866     212.9084  16.2762   0.0749     6.77    0.604  -5.70   0      21.23     626.1094     47.89907
       342     23.5263    415.8800      4325.85     284.9683  15.9098   0.0715    10.69    0.570 -22.07   0      21.68     510.4767      47.2258
       343    943.2993    409.7868     1433.589      167.969  17.1089   0.1272     5.70    0.569 -15.38   0      12.51     369.2062     46.90965
       344    416.0462    406.0312     40288.62     262.9265  13.4870   0.0071     8.16    0.386  -4.39   0      192.4      8032.03     75.54195
       345    117.4290    408.7195     1813.987     188.5844  16.8534   0.1129     5.50    0.487 -16.01   0      13.71     437.5106     47.23942
       346    996.9973    406.2953     1407.444     154.5806  17.1289   0.1193     2.35    0.180 -88.60   0      14.55      600.817     48.01867
       347    792.2831    401.4160     3144.872     243.7713  16.2560   0.0842     7.11    0.399   0.38   0      18.95     533.5096     47.69904
       348     21.2693    400.2521         1752     108.1957  16.8912   0.0671     3.97    0.555 -19.22   0       17.6     1300.958     51.11316
       349     94.0793    397.7101     1955.727     201.2691  16.7717   0.1118     5.41    0.234  15.15   0      13.77      471.365     47.28072
       350    805.3419    396.1526     3504.158     157.6331  16.1385   0.0489     0.00    0.428 -68.78   0       47.2     2239.438     55.23242
       351    718.7191    396.5725      2268.67     197.3041  16.6106   0.0944     6.90    0.633  -6.98   0      16.68      464.885     47.37093
       352    172.4980    393.5385     3780.133     172.7843  16.0562   0.0496     7.89    0.541  -6.15   0      28.17      861.303     49.00232
       353    232.8827    392.8227     4252.137     211.4503  15.9285   0.0540    10.04    0.565  -7.26   0      29.76     897.6656     49.40369
       354    478.4196    392.2338     3287.053     257.0845  16.2080   0.0849     7.75    0.547  -2.89   0       18.6     537.2199     47.95679
       355    125.6445    389.7952     1791.818     182.3655  16.8668   0.1105     5.07    0.568 -23.59   0      13.31     439.2743     47.36928
       356    441.5614    386.6736     6199.202     217.5291  15.5192   0.0381    10.01    0.494  -2.52   0      40.91     1209.028     50.81587
       357    332.0832    385.0054     3435.091     244.0417  16.1602   0.0772     6.47    0.509  -1.04   0      16.11     406.5644     47.21208
       358    876.6815    380.1066     3848.658     196.2108  16.0367   0.0554     7.61    0.505  -1.99   0      27.02     769.0427     48.69061
       359    551.4871    378.8283      3118.57     169.3883  16.2651   0.0590     8.34    0.555  -5.74   0      22.65     662.1564     48.06981
       360    234.1001    378.0108     3429.507     87.10938  16.1619   0.0276     0.99    0.128  15.72   0      61.47     3275.948     59.34443
       361    223.8409    377.0627      4237.73     269.8904  15.9322   0.0692     8.66    0.499   1.42   0      22.35     591.5244     47.97467
       362    620.3187    375.8425     2183.141     211.2631  16.6523   0.1051     5.53    0.430  -1.91   0      15.39     405.6033     46.84113
       363   1020.7795    367.7232     70349.64     258.8508  12.8818   0.0040     7.12    0.102 -29.70  24      297.8     19684.58     104.8414
       364    153.0014    367.8326     3639.116     251.7567  16.0975   0.0751     8.56    0.529   0.20   0      21.37     524.9949     47.89882
       365    223.3516    366.5589      2238.66      204.417  16.6250   0.0992     6.91    0.612  -6.17   0      16.04     441.4572     47.37975
       366    123.2987    361.1962     9608.653     214.4705  15.0433   0.0242    11.63    0.491  -0.90   0      60.05     1754.065     53.19771
       367    645.1659    362.2358     2068.586     216.5106  16.7108   0.1137     6.74    0.695   4.10   0      13.51     367.8275     47.14718
       368    483.0582    356.5112     6133.409     266.6807  15.5307   0.0472     7.93    0.505  -3.88   0      39.29     1151.468     50.33011
       369    400.5187    356.6808     2010.268     99.06549  16.7419   0.0535     2.64    0.249  58.33   0      38.57     1835.518     53.22188
       370    168.1478    353.0925     4053.555     205.7283  15.9804   0.0551     7.91    0.504  -6.73   0      29.03     886.2879     49.11806
       371    107.8481    353.4831     2754.943     177.1952  16.3997   0.0699     8.36    0.564  -7.18   0      21.09     570.4166     47.63409
       372    465.0226    351.4731     1867.108     185.5797  16.8221   0.1079     3.40    0.336  -8.71   2      16.15     511.5031     47.71457
       373    142.0268    349.9627     6790.384     280.8592  15.4203   0.0449    10.66    0.589  -5.22   0      37.34     1180.414     51.02645
       374      6.5146    350.5095      3248.53     219.0603  16.2208   0.0732     3.53    0.344 -22.03  18      17.73     466.1577     47.25568
       375    959.6101    346.1704     27611.88     276.2026  13.8973   0.0109    12.97    0.287  14.46   0      144.8     3889.453      61.7423
       376    327.6808    349.3257     2239.018     210.6428  16.6249   0.1022     6.61    0.658   3.48   0       15.2     411.5369     46.74723
       377     32.2931    346.2635     2948.056     205.9025  16.3262   0.0759     8.30    0.574  -3.56   0      21.44     611.7424     47.83086
       378    658.3505    342.0791     11295.03     242.5335  14.8678   0.0233     7.69    0.456  -5.44   0      68.87     2133.624     54.69039
       379    400.8721    343.5291     3076.796     224.0673  16.2798   0.0791     8.08    0.558   2.32   0      19.85      579.972     47.79993
       380    755.0362    348.9981     4785.329     90.57774  15.8002   0.0206   -13.57    0.045  -2.45   0      88.01     4354.535     63.52162
       381    491.0221    330.8056      73944.8     301.7151  12.8277   0.0044     8.02    0.357  -5.01   0      289.5     13847.04     91.25133
       382    372.5350    332.8050     23907.84     238.3354  14.0536   0.0108     8.28    0.427  -4.49   0        131     4656.261     64.50318
       383    342.7247    334.4505     5969.033     214.6296  15.5602   0.0390     8.08    0.517  -3.44   0      40.85     1221.618     50.75915
       384    180.4412    326.2817     24592.92      255.253  14.0230   0.0113    12.18    0.392  -5.34   0      131.6      4584.71     63.98191
       385    748.4377    328.5929     4926.597     298.2359  15.7686   0.0657     8.68    0.569  -0.98   0      22.97     632.2704     48.40514
       386    264.8913    324.0451      14687.9     353.0948  14.5826   0.0261     7.97    0.455  -9.43   0      67.35     2030.665     54.15492
       387    648.4849    323.6322     6205.688     252.9305  15.5180   0.0443     8.30    0.500  -8.84   0      40.21     1156.071     50.46481
       388     94.6737    320.6954     4096.822     255.5623  15.9689   0.0677     9.35    0.522  -6.06   0      27.06     703.0917     48.14383
       389    428.6693    319.5434     3971.129     205.6372  16.0027   0.0562     8.90    0.562  -3.66   0      28.27     791.5802     48.79569
       390      7.0931    330.5500     2064.792     176.3078  16.7128   0.0927     6.71    0.594  -7.96  16      15.13     479.9343     47.07859
       391    602.2008    315.6890     5607.146     281.9441  15.6281   0.0546     0.00    0.188  -4.77   0      30.44     545.6251     47.75673
       392    869.9021    315.7934     2639.272     201.3278  16.4463   0.0828     7.04    0.472  -1.96   0      19.79     572.2549      47.8833
       393     13.5299    308.8618     3819.433     283.5534  16.0450   0.0806     9.54    0.698  14.04  16      18.43     432.5439     47.21552
       394     32.5969    306.9867     4413.162     229.8333  15.8881   0.0566     9.32    0.537  -9.31   0      30.65     927.4204     49.54038
       395    570.0143    306.0250     4218.896     203.1031  15.9370   0.0523     9.61    0.500  -5.83   0      29.67     788.9515     49.01829
       396    820.0240    303.5287     2968.389     219.4246  16.3187   0.0803     7.97    0.405   4.50   0      20.47     621.1833     48.23416
       397    263.3983    301.0744      17937.7     307.5251  14.3656   0.0186     7.93    0.385  -4.54   0      93.56     3044.783     58.45243
       398      5.1684    302.9012     1080.036     102.6623  17.4164   0.1032     2.97    0.253 -27.67  16      28.47     731.0618      48.1566
       399    709.9208    300.9212     11773.42     108.0178  14.8227   0.0100     4.48    0.123  44.52   0      149.5     11455.01     84.88265
       400    829.0731    293.2430     2226.369     207.8851  16.6310   0.1014     5.97    0.546   0.52   0      14.63     428.9614     47.19827
       401    382.1978    290.8173      4147.67     217.3653  15.9555   0.0569     4.01    0.202 -31.34   2      30.29     1036.872     50.03998
       402    158.1796    289.9824     1052.639     82.43029  17.4443   0.0850     2.44    0.188  -3.37   0      34.71     949.3278     49.87159
       403    456.2654    285.8912     1693.124       162.24  16.9283   0.1041     6.08    0.611 -12.62   0      13.63     427.3169     46.94636
       404    975.9104    283.3416     4650.295     242.2255  15.8313   0.0566     9.20    0.525  -3.58   0      28.86     804.7677      48.7394
       405    190.1025    281.8622     2114.787     207.7631  16.6868   0.1067     6.47    0.599  -7.33   0      14.82     411.2308     46.86842
       406    884.0042    271.8439     52983.73     288.9879  13.1896   0.0059     8.60    0.327  -5.43   0      230.4     9875.959     80.89954
       407    982.7908    275.1499     11406.32     252.4952  14.8571   0.0240     7.31    0.417  -3.27   0      69.59     2202.236     55.18328
       408    358.5439    274.2108     1968.955     191.0388  16.7644   0.1054     5.04    0.273   0.64   0       12.9     444.9984     47.39673
       409    701.0946    267.1409     4227.411     254.5531  15.9348   0.0654     8.65    0.486  -3.38   2      25.09     684.4063     48.05555
       410    173.5265    266.8746     4148.029     272.9885  15.9554   0.0715     9.23    0.405  -7.97   0      24.75      634.665     48.05928
       411    358.0456    264.3398     1536.681     85.45101  17.0335   0.0604     2.54    0.145 -85.44   0      34.98      1360.07     51.48697
       412     73.9776    262.6447     6770.099      212.119  15.4235   0.0340     8.94    0.468  -3.40   0      45.37      1291.17     51.40582
       413    774.4832    262.5366     2724.325     214.5379  16.4119   0.0855     8.22    0.610  -2.99   2      19.38     559.9146     47.58395
       414    431.3655    259.8781     11076.46       257.27  14.8890   0.0252     8.42    0.499  -5.47   2      62.16     1869.197     53.68733
       415    838.2616    260.3477     4981.278      215.588  15.7566   0.0470     8.09    0.563  -1.56   0      32.99     979.5884     49.77913
       416    913.7642    257.9650     3716.032     195.3235  16.0748   0.0571     8.36    0.500  -8.37   0       26.5     788.4124     49.01579
       417    977.1761    253.2374      4707.32     236.8864  15.8181   0.0547    10.66    0.229 -15.95   0      30.16      841.701     49.49483
       418    156.4935    254.1490      9717.59     241.0508  15.0311   0.0269     8.00    0.469  -4.93   0      62.53     1851.954     53.29202
       419    270.7214    253.2622     1133.647     94.02819  17.3638   0.0901     2.93    0.503  59.04   0      20.77     880.3737     49.09069
       420    613.7756    250.6149     1780.579     181.5626  16.8736   0.1107     4.34    0.534   1.54   2      14.64     432.5995     47.45839
       421     18.1237    241.7691       220600     410.2637  11.6410   0.0020     7.76    0.322  -6.30  16        557     41251.43     144.1643
       422    478.4078    242.2167      47752.6     277.1816  13.3025   0.0063     7.94    0.376  -3.81   0      214.6     8826.435     77.74773
       423    702.8109    244.1270     5928.535     244.5985  15.5676   0.0448     8.95    0.486  -1.96   0      37.01      982.933     49.90958
       424    528.5491    245.4014     2248.686     218.0205  16.6202   0.1053     6.25    0.596   5.10   0      15.14     475.8635     47.42358
       425    750.9329    240.5656     2660.231     204.1833  16.4377   0.0834     7.98    0.399  17.96   0       20.7     559.8536      47.8244
       426    402.3385    237.5313     2853.118     223.1981  16.3617   0.0850     7.98    0.540  -3.18   0      19.53     540.7537     47.73354
       427    182.9403    229.9632     28543.28     270.6769  13.8612   0.0103     8.05    0.424  -5.45   0      145.4     5245.374     66.46017
       428    676.4846    230.5898     5695.571     202.6346  15.6112   0.0386     9.29    0.493  -0.12   0      40.13     1201.366     50.78159
       429    232.6237    222.4365     38049.48     259.8814  13.5491   0.0074     8.11    0.406  -5.46   0      185.5     7415.005     73.74011
       430     17.0351    223.8441     1805.546     87.81339  16.8585   0.0528     4.59    0.201 -73.24   0       47.4     1508.383     52.24755
       431    407.8628    221.1093     8139.248     220.1995  15.2235   0.0294     8.35    0.511  -4.18   0       52.6     1563.274     52.15654
       432    698.1946    220.1237     6901.147     219.5727  15.4027   0.0346     7.08    0.446  -5.63   0      46.09      1386.13     51.60187
       433    619.9871    218.0554     1822.382     143.6611  16.8484   0.0856     4.38    0.027 -16.56   2      18.06     754.9547     48.86041
       434    202.5367    216.9448     7216.164     349.8973  15.3542   0.0527    11.01    0.711 -11.59   0      28.22     835.0002     49.23133
       435    654.2793    214.4172     8869.718     235.4214  15.1302   0.0288     5.40    0.283  -6.44   2      54.32     1741.126     53.25034
       436     37.5321    215.2760     6776.673     113.3218  15.4225   0.0182     3.85    0.226  65.37   0      93.68     6222.113     69.55544
       437    130.8705    206.1250     4047.277       211.23  15.9821   0.0567     0.00    0.531 -30.32   0      36.16      1556.12      52.2354
       438    486.2348    202.7590     1319.797     88.19013  17.1987   0.0726     1.82    0.254 -44.19   0      32.63     1214.246     50.95202
       439    357.9930    196.5388     5617.708     255.2295  15.6261   0.0493    10.57    0.600  -0.70   2      33.43     934.9393     49.69055
       440    433.5643    196.5387     4695.081     254.4066  15.8209   0.0588     8.81    0.471   1.96   3      28.85     760.4171     48.76821
       441    428.7635    189.3459     34009.86     268.8969  13.6710   0.0086     8.24    0.347  -7.38   2      167.8      6283.72     70.00296
       442    969.0548    196.2359     2906.293     238.1849  16.3417   0.0890     8.29    0.614  -2.98   0      18.81     507.8707     47.69726
       443    743.3953    191.6382     66913.96     293.9399  12.9362   0.0048     8.14    0.374  -5.49   0      271.9     12586.38     88.18585
       444    476.7654    194.9574     4781.243     225.1529  15.8011   0.0511     8.10    0.481  -1.84   0      29.12     792.5939     49.03518
       445    253.2552    192.6681     9583.188     221.0363  15.0462   0.0250     7.94    0.487  -4.49   0      62.37     1931.247     53.84282
       446    560.4534    190.7375     8482.578     246.9602  15.1787   0.0316     7.90    0.432  -7.15   0      54.08     1641.755     52.71571
       447    950.6991    189.9314     3803.435     249.0394  16.0496   0.0711     9.00    0.552  -2.03   0      24.47     701.5988     48.13679
       448    176.9333    187.0224     2190.248     83.81375  16.6488   0.0416     4.41    0.085   3.00   0      49.63     1756.541      53.3161
       449    956.6141    182.2446     3670.776     241.8989  16.0881   0.0716     4.86    0.276   1.08   2      20.45     605.3104      48.2784
       450    311.0158    179.8840     12055.75     231.7613  14.7970   0.0209     8.63    0.430  -7.02   0      74.52     2304.371     55.49897
       451     70.6445    178.4992     2617.138     231.1763  16.4554   0.0959     8.01    0.580  -1.01   3      20.05     555.4717     47.32066
       452     73.0775    174.6835     3840.354     272.7322  16.0391   0.0771     9.54    0.500 -10.14   2      20.89     659.2208     47.93629
       453    511.0357    175.9939     4589.256     90.08442  15.8456   0.0213     4.27    0.050  -3.11   0       91.6      4395.05     63.66642
       454    256.0093    174.1543     2340.574     120.6556  16.5767   0.0560     3.32    0.565 -89.96   0      32.43     1263.777     51.28456
       455     11.3958    170.8703      4628.24     218.5251  15.8365   0.0513     9.11    0.364  -6.17  16      29.27     723.4602     48.59568
       456    526.9579    171.7218     2984.998     240.0607  16.3126   0.0873     6.74    0.709  -3.80   0      16.64     496.0873      47.5204
       457    314.0174    169.5030     5584.529     227.8602  15.6325   0.0443     7.90    0.502  -3.23   0      36.97     1044.383     49.72887
       458    783.6352    169.1013     4480.258     303.6232  15.8717   0.0736     8.98    0.289  -8.92   0       21.2     430.9471     46.71876
       459   1018.5289    164.8783     3965.078     211.1416  16.0044   0.0578    10.25    0.604  -6.66  24      24.73     605.3538     47.80049
       460    678.2038    164.5569     4360.292     196.8025  15.9012   0.0490     8.53    0.555  20.32   0      51.29     2538.267     56.65174
       461    222.0812    162.9977     3512.975     236.9525  16.1358   0.0733     7.55    0.283  -5.58   3      23.72     495.7099     47.63928
       462    217.0208    157.8397     3977.986     206.3417  16.0008   0.0563     7.14    0.518  -3.10   2      27.94     809.8153      49.3482
       463    626.3620    160.6643     4366.068     211.5727  15.8998   0.0526     9.94    0.516  -7.49   0      28.62     728.0699     48.61723
       464     29.7288    160.7023     3409.633     150.9818  16.1682   0.0481     0.00    0.505  32.18   0      39.23     1807.455     52.99366
       465    781.4583    160.1399     2509.073      227.312  16.5012   0.0984     7.95    0.612  -4.53   0      17.54     468.1278     47.62822
       466    959.8575    159.1896     3498.569     116.8273  16.1403   0.0363     0.00    0.356 -19.79   0      58.58     2384.523     55.92899
       467    306.3632    155.8535     1712.419     172.5568  16.9160   0.1094     6.13    0.609 -12.18   0      13.42     376.3077      47.0662
       468    801.0140    150.0062     4415.566     89.64515  15.8875   0.0220     4.19    0.015  43.34   2      91.45     4362.002     63.36736
       469    774.3738    148.1980      2997.07     234.6288  16.3083   0.0850     8.04    0.586  -4.88   0      19.08     556.8177     48.04957
       470    176.5633    148.5105     2225.518     194.3216  16.6314   0.0948     5.75    0.421  -0.39   2      16.58     504.6945     47.31947
       471    245.8840    145.5411     7893.487     232.6332  15.2568   0.0320     7.74    0.481  -6.75   0      49.84     1413.647     51.50041
       472    191.5893    144.9219      3044.46     119.5973  16.2912   0.0427     5.83    0.476   4.11   0       48.2     1858.082     53.64025
       473    126.5891    142.9034     11688.04     210.6154  14.8306   0.0196     9.28    0.553  -1.86   0      91.14     3987.005     62.00782
       474    375.6428    141.9017     4963.113     179.2059  15.7606   0.0392     7.63    0.461  -4.62   0      36.33     982.5645     49.32928
       475    590.3718    138.1144      1655.04     181.4053  16.9530   0.1190     6.37    0.711  -7.45   0      12.71     331.4737     46.60343
       476    111.8185    133.6737     4083.388     227.6228  15.9724   0.0605     8.69    0.545  -9.07   0       26.8      760.652      48.8869
       477    994.9301    131.9256     5626.518     256.3597  15.6244   0.0495     8.35    0.478  -3.31   0      35.81     1073.554     50.09181
       478     40.5850    130.7080     2200.004     105.1125  16.6439   0.0519     5.72    0.469  32.20   3       46.6     1696.159     52.73241
       479     34.4166    129.3633     3541.085     173.2999  16.1272   0.0531     8.51    0.394 -11.58   2      27.48     977.1005     50.11271
       480    408.2911    129.4507     2343.925      240.649  16.5751   0.1115     7.38    0.460 -28.32   0      15.59     383.9023     46.73571
       481    715.8195    126.1749     12510.05     285.4501  14.7569   0.0248     7.90    0.401  -9.14   0       69.6     1955.938     54.26532
       482    694.4487    126.8397      4853.72     243.0077  15.7848   0.0544     8.98    0.506  -5.60   0      29.84     821.7313     49.05312
       483    646.6616    127.3669     2090.387     195.6365  16.6994   0.1016     7.94    0.512   5.95   0       16.3     389.7903     47.00927
       484    706.7472    124.8889     4217.169     110.6916  15.9374   0.0285     0.00    0.318  19.24   1      72.79     3200.875     58.86144
       485    869.4303    118.0839     9548.126     219.6973  15.0502   0.0250     7.52    0.462  -5.02   0      62.53     1952.216     53.93126
       486    251.1782    113.9035     2179.022     201.5211  16.6543   0.1004     5.80    0.540 -12.68   0      14.92      483.973     47.09808
       487     52.6633    111.2304     4146.171     275.6036  15.9559   0.0722     9.09    0.521 -11.05   0      23.83     633.6749     48.17394
       488     35.2413    105.3363     37976.92     289.6037  13.5512   0.0083     8.57    0.316  -6.84   0      178.8     6926.333     71.97935
       489    678.0355    101.3368     9736.571     255.5224  15.0290   0.0285     7.83    0.458  -5.76   0      61.82     1882.637     53.74419
       490    375.7507    101.9862     3207.078      239.073  16.2347   0.0810     7.59    0.639  -3.98   0      18.61     459.7667     47.58831
       491    539.6412     98.0513     2210.809     215.9963  16.6386   0.1061     7.39    0.526   6.30   0      15.68      411.455     47.23561
       492    994.0077     95.4927     1978.798     212.3992  16.7590   0.1166     6.74    0.302  47.63   0      15.21     460.0441     47.34771
       493    264.2773     94.3723      3684.58     232.2233  16.0840   0.0684     7.89    0.532  -6.57   0      23.88     717.6506      48.5685
       494    809.2479     93.1753     6061.286     182.9624  15.5436   0.0328    -0.18    0.377  -8.17   0      54.07     2732.821     57.42694
       495    743.1667     88.8568     12349.31     263.8891  14.7709   0.0232     7.91    0.434  -0.60   3      71.81     2137.316     54.70573
       496    753.6652     87.2009     18733.71     288.8761  14.3184   0.0167     7.93    0.439  -2.47   3      100.7     3284.336     59.56964
       497    155.1423     84.6893     2127.066     207.0845  16.6805   0.1057     7.26    0.567  -6.22   0       15.2     414.7409     46.88544
       498    945.6348     79.6204     3389.105     236.2268  16.1748   0.0757     8.43    0.599  -2.16   0      21.61     643.0109     48.57391
       499     35.0740     75.9478     4356.219     300.2015  15.9022   0.0748     8.56    0.562  -9.67   2      25.55     471.9615     47.28359
       500    970.2673     78.4818     3948.839     259.8878  16.0088   0.0715     8.63    0.517  -6.11   0      22.81     618.3574     47.86227
       501    590.8965     79.0616     2666.454     227.4693  16.4352   0.0926     7.47    0.635   0.85   0      16.96     467.2624     47.13935
       502    626.8781     77.6875     2034.275     200.6436  16.7290   0.1071     5.95    0.600 -10.94   0      14.93     453.2835      47.0719
       503     54.1295     71.2864     4560.701     227.4686  15.8524   0.0542     9.47    0.567  -0.92   0      30.18     863.9095     49.01441
       504    953.5530     69.9921     3640.492     252.3275  16.0971   0.0753     8.15    0.681  -2.13   1      18.63     493.9617     47.75134
       505    851.9754     69.2252     5112.348      219.028  15.7284   0.0465     7.41    0.473  -1.48   0      35.79     1039.799     50.28219
       506    965.1718     64.7289     24353.02     279.2216  14.0336   0.0125     7.29    0.368  -5.06   0      127.4     4526.236     63.95369
       507    817.0717     60.0349     124043.5      342.417  12.2661   0.0030     7.78    0.336  -4.98   0      400.3     23828.84     113.4195
       508    546.7213     59.9958     80677.25     309.0756  12.7331   0.0042     7.82    0.361  -5.06   0      306.4     15512.31      95.3689
       509    332.0926     62.4567     24527.99     245.4462  14.0258   0.0109     8.23    0.412  -6.68   0      130.7     4399.793     63.32166
       510     21.0526     62.3833     13130.74     255.7322  14.7043   0.0212     7.62    0.440  -5.06   0       78.3     2490.071     56.35627
       511    434.9638     59.9019     4870.714     92.35931  15.7810   0.0206     0.00    0.172  68.70   0      92.32     4506.438     63.52274
       512    155.9211     47.5456     8863.686     221.5947  15.1310   0.0272     7.79    0.462  -5.49   0      56.56     1600.141     52.31694
       513    754.6607     48.4465     2938.835     198.7979  16.3296   0.0735     0.00    0.598 -39.10   0      21.18      1149.13     50.54726
       514    779.6419     45.3390     22594.27     237.0795  14.1150   0.0114     8.06    0.419  -3.66   0      125.4     4315.116     63.19898
       515    973.7970     46.6236     2256.975     208.6079  16.6162   0.1004     4.66    0.428  -8.90   2      14.69     500.9658     47.54372
       516    903.3638     46.7079     3048.289     248.3493  16.2899   0.0885     7.12    0.663  -3.18   0      15.71     438.4525     46.75526
       517    292.5216     46.0215     2233.746     167.3412  16.6274   0.0814     7.03    0.574  -1.64   0      16.64     437.9203     47.36278
       518    482.9793     41.8916     1722.414     178.2978  16.9097   0.1124     5.80    0.583  -7.19   0       13.8     393.1386      46.6577
       519    122.5607     38.6689     27191.57     255.3172  13.9139   0.0102     7.52    0.341  -0.06   0      141.1     4622.205     64.29382
       520    846.2908     36.8595     2834.969     194.2956  16.3686   0.0744     8.27    0.604   2.35   0       21.5     598.9311     47.76994
       521   1007.1927     30.6061     2909.949     226.4481  16.3403   0.0845     4.04    0.217 -12.88   2      19.51     569.2399     47.86898
       522    599.2920     28.2434     2637.867     217.7676  16.4469   0.0897     5.87    0.540  -4.42   0      14.98     408.8247     46.73405
       523    933.0048     20.0035     33106.69     145.1815  13.7002   0.0048     0.00    0.013  43.33   0      265.7     32916.23     130.3634
       524    850.0886     18.7801     3489.615     236.9301  16.1431   0.0737     8.23    0.559   1.03   0      22.42     573.5543     47.64906
       525    266.8433     17.7520     3660.359     205.2935  16.0912   0.0609     9.47    0.556  -9.17   0      25.36     673.9532     48.48217
       526    337.5971   1022.1154     2409.737     210.8269  16.5451   0.0950     7.53    0.678  -1.59  16      13.75     377.3996      47.1933
       527    543.3693   1020.6664     3454.043      270.294  16.1542   0.0850     6.91    0.572  -3.45  18      18.32     433.9118      47.2221
       528    414.0949   1018.0368     6809.383     222.0785  15.4172   0.0354     9.10    0.521  -1.95  16      47.27     1354.659     51.01482
       529    211.1583   1014.8115     76071.75      302.365  12.7969   0.0043    10.39    0.412  -4.35  16      296.2     14781.26     93.73313
       530    620.8090   1015.9489     11439.31     124.6412  14.8540   0.0118     3.17    0.336   7.72  16      127.8      9355.55     79.35175
       531    574.3417   1014.6071     1736.671     179.9189  16.9007   0.1125     5.95    0.626  -4.05  16      13.61     386.1628     47.11377
       532    376.6413   1011.4359     2586.854     184.1349  16.4681   0.0773     7.05    0.467  -2.99   0      19.28     594.1954     47.98732
       533     37.8452   1009.1172     6372.458     269.0273  15.4892   0.0458     9.81    0.511  -4.60  16      38.62     1121.498      50.1946
