#   1 NUMBER                 Running object number                                     
#   2 X_IMAGE                Object position along x                                    [pixel]
#   3 Y_IMAGE                Object position along y                                    [pixel]
#   4 FLUX_AUTO              Flux within a Kron-like elliptical aperture                [count]
#   5 FLUXERR_AUTO           RMS error for AUTO flux                                    [count]
#   6 MAG_AUTO               Kron-like elliptical aperture magnitude                    [mag]
#   7 MAGERR_AUTO            RMS error for AUTO magnitude                               [mag]
#   8 FWHM_IMAGE             FWHM assuming a gaussian core                              [pixel]
#   9 ELLIPTICITY            1 - B_IMAGE/A_IMAGE                                       
#  10 THETA_IMAGE            Position angle (CCW/x)                                     [deg]
#  11 FLAGS                  Extraction flags                                          
#  12 SNR_WIN                Gaussian-weighted SNR                                     
#  13 FLUX_APER              Flux vector within fixed circular aperture(s)              [count]
#  14 FLUXERR_APER           RMS error vector for aperture flux(es)                     [count]
         1    646.8076     30.9468     23228.46      569.447  14.0849   0.0266     6.28    0.114 -62.37   0       71.3     3439.701     86.17445
         2    229.4205     22.0701     17531.41     399.3401  14.3905   0.0247     5.30    0.213 -17.29   0      65.25     3446.501     86.19238
         3     72.2664     17.6864     12526.02     345.4294  14.7555   0.0299     6.02    0.216 -25.76   0      51.18     2624.715     83.60452
         4    912.7510     12.8099     10707.98     367.3729  14.9257   0.0373    10.26    0.364 -16.15  16      43.28     2191.462     82.81699
         5    656.4027     14.3265     5003.671     383.6548  15.7518   0.0833     6.12    0.317 -16.93   0      20.52     1014.394     79.31386
         6    632.4000     13.9311     5440.509     378.5137  15.6609   0.0756     5.79    0.190 -11.76   0         23     1124.863     79.62978
         7    799.1255     11.4449     9681.742     377.7966  15.0351   0.0424     6.50    0.188 -60.24  16      37.46      1633.51     81.06852
         8    749.8058      6.9626     79174.22     462.4289  12.7535   0.0063     5.16    0.163 -12.80  24      240.1     15941.19     114.6362
         9    169.4229     10.2338     8928.487     445.3969  15.1231   0.0542     6.13    0.221  -1.64  16      32.17     1473.254     81.02551
        10    872.5806      5.3538     5320.151      300.867  15.6852   0.0614     5.17    0.332  -9.53  16      23.89     1282.396     80.48837
        11    511.4389      2.8585     11155.22      275.467  14.8813   0.0268     6.11    0.339  -6.01  24      52.78     2725.311     84.07365
        12    432.8916      2.5616     6829.222     335.5816  15.4141   0.0534     9.10    0.364  -2.59  26      27.51     1426.146      79.8689
        13    283.6946      4.2073     5104.008     282.3449  15.7302   0.0601     5.16    0.273 -22.02  16      25.07     1310.187     80.15697
        14    418.4702      2.3584     7378.186     327.2626  15.3301   0.0482     6.20    0.454  -5.76  24      32.61     1718.902     81.30756
        15   1008.4938      2.1709     3547.267     266.0397  16.1253   0.0814     4.46    0.254   0.42  24       18.2     999.2441     78.43507
        16    625.3033      1.9971     6693.193     264.0775  15.4359   0.0428     6.26    0.533  -3.44  24      35.74     2150.383     82.50483
        17    541.7066    984.7242     29785.34     511.2525  13.8150   0.0186     5.00    0.139 -15.02   2      92.89      4889.29     89.36517
        18    759.5989   1022.5185     2513.386     250.7921  16.4994   0.1084     5.21    0.234   0.03  24      13.74     707.9493     78.64052
        19    241.6777   1019.7800     27237.88     391.3828  13.9121   0.0156     5.12    0.147 -12.70  24      103.2     5770.367     92.11639
        20    945.6660    982.2575     55749.39     443.4024  13.1344   0.0086    10.91    0.063 -15.06   0      183.3     11175.29     104.4475
        21    819.6488    984.9990     26099.86     438.3902  13.9584   0.0182     5.77    0.273 -28.39   0      89.05     4720.731     89.30502
        22     30.3248    985.2975     4087.088     395.7967  15.9715   0.1052     6.67    0.415 -32.74   0      15.89     594.7029     77.67914
        23    759.4570    980.2443     9298.483      433.408  15.0790   0.0506     5.44    0.200  -9.69   0      35.13     1767.429     81.64504
        24    306.3546    977.7281     35063.25     452.2102  13.6379   0.0140     5.14    0.129 -14.25   0      123.2     6846.011      94.5591
        25    695.5675    977.8722     8018.867     432.7365  15.2397   0.0586     5.23    0.169   2.65   0      30.17     1540.527     80.80743
        26    970.9985    972.3368     4545.929     153.2138  15.8559   0.0366     1.00    0.166  86.99   0      67.68     4636.699     89.27557
        27    379.6667    970.6454     2798.621     166.1944  16.3826   0.0645     3.36    0.429 -29.53   0      33.82     2338.864     83.02241
        28    432.9932    968.9131     7158.725     437.9614  15.3629   0.0664     6.98    0.305 -12.83   0       27.5     1341.178     80.24479
        29     94.5478    965.0868     17186.31     473.6702  14.4120   0.0299     6.25    0.187  -7.62   3      59.76     2802.752     83.89104
        30     84.5548    957.4457     94347.41     481.9386  12.5632   0.0055     5.06    0.123 -14.16   2      274.7      18495.5     119.3174
        31    152.6665    960.2772     63923.78     736.2256  12.9858   0.0125     5.15    0.089 -20.55   0      145.9     8460.828     98.02836
        32    949.7488    960.1786     5676.503     328.5941  15.6148   0.0629     5.67    0.135 -11.72   0      25.34     1278.621     80.47771
        33    887.9611    959.6791     10484.19     536.6671  14.9487   0.0556     7.92    0.376  16.95   0      31.87     1336.291     80.23095
        34    173.0374    958.9287     33505.83     445.9213  13.6872   0.0145     5.01    0.144 -13.65   0      120.4     6910.305      94.7135
        35     14.2136    958.8865     5005.261     411.6105  15.7514   0.0893     4.96    0.294 -41.49   0         19     986.4901     79.02575
        36    282.8314    956.0705     6641.504     153.6347  15.4443   0.0251     0.00    0.239 -24.10   0      97.62     5759.423     91.91039
        37    830.4943    953.7219      3946.79     317.1762  16.0094   0.0873     4.21    0.030  -2.26   0      18.11     940.0321     78.89203
        38    319.6093    952.7927     4101.964     366.6474  15.9675   0.0971     5.47    0.142 -41.71   0      16.48     838.5823     78.80846
        39    555.1345    961.7338     10607.06     363.9324  14.9360   0.0373     5.39    0.194 -13.15   0      43.49     2207.077      82.4614
        40    788.7183    951.7437     5207.129     355.9477  15.7085   0.0742     2.19    0.135 -63.41   0       22.8      1369.88     79.91497
        41    634.0408    952.9832     3100.103      330.565  16.2716   0.1158     6.32    0.268   1.81   0      14.51     650.6702     78.89339
        42    158.3446    946.3121     3387.733     314.1653  16.1752   0.1007     2.86    0.399 -45.21   0      15.95     887.5269      78.5312
        43    475.7234    943.8652     15460.89     414.3738  14.5269   0.0291     5.33    0.224 -13.23   0      59.34     3088.725     84.66224
        44    565.2651    940.0846     57279.04     578.6252  13.1050   0.0110     6.11    0.318 -55.65   0      167.8     9067.104     99.42404
        45    896.0007    938.9903     7144.246     143.3128  15.3651   0.0218     0.00    0.006  42.39   3      107.7     6911.454     94.71626
        46    893.8390    935.7088      6195.21     409.2603  15.5199   0.0717     7.16    0.297 -19.66   2      23.22     1153.593     79.29748
        47    403.0064    936.5173     12508.32     258.1016  14.7570   0.0224     0.00    0.389  87.77   2        127     9662.793     101.2656
        48    171.7462    932.9141     7718.629     371.1078  15.2811   0.0522     5.96    0.296 -12.19   0      32.89     1622.327     80.62971
        49    763.9750    927.1534     22965.38     452.5028  14.0973   0.0214     5.35    0.172 -10.95   0      82.65      4442.71     88.96564
        50    512.2874    930.5273     3136.165      282.219  16.2590   0.0977     4.37    0.037  60.10   0      15.68     793.3883     78.04758
        51    808.4741    928.2569     5002.576     366.0823  15.7520   0.0795     6.15    0.221  -6.94   0      20.92     994.5112     79.04881
        52    653.2204    927.3783     6088.476     339.9586  15.5387   0.0606     5.69    0.176  17.41   0      27.19     1337.758     80.64455
        53    121.0032    926.0016     5434.863     198.8038  15.6620   0.0397     4.20    0.014 -47.20   2      89.92     5113.044      90.2979
        54    633.8486    926.4450     6158.663     396.9845  15.5263   0.0700     6.80    0.332   2.23   0      24.21     1135.334     79.86612
        55     18.9688    927.4865     4178.016     351.7965  15.9476   0.0914     4.93    0.195   7.20   0      17.73      900.582      78.7783
        56    361.0709    921.7020     10056.93     471.1117  14.9938   0.0509     5.91    0.192  -0.73   0      35.51     1754.689     80.59431
        57    891.9771    921.2376      7350.57     464.5167  15.3342   0.0686     6.68    0.284  -5.12   2      19.92     826.6475     79.39871
        58    396.9676    919.0245     5917.895     438.2574  15.5696   0.0804     6.34    0.254 -59.43   0      18.85        856.7     79.27724
        59    251.4516    917.8995     6107.749     468.3244  15.5353   0.0833     7.29    0.372  83.75   0      18.19     686.5159     77.52361
        60    654.2523    918.7061      4735.48     193.7995  15.8116   0.0444     4.33    0.375   6.92   0      47.82     3276.497     84.97123
        61    492.9730    918.2176      4140.71     363.2874  15.9573   0.0953     5.67    0.339 -27.49   0      16.58     819.5695     79.17072
        62    759.9843    913.9554     7012.783     431.2542  15.3853   0.0668     5.02    0.244 -16.04   0      25.27     1273.133     80.46222
        63    567.7468    913.9914     5493.447     322.1397  15.6504   0.0637     4.72    0.233 -34.61   0      25.55     1352.629     80.48209
        64    480.9425    912.5417     5505.952     366.3947  15.6479   0.0723     4.58    0.159 -41.52   0      24.33     1337.208       80.643
        65    986.4278    908.0488     13334.21     420.1222  14.6876   0.0342     5.14    0.118  -1.91   0       54.1     2863.065     84.83434
        66    156.6735    906.2639     12948.79     434.3712  14.7194   0.0364     5.33    0.120  -6.93   0      49.49     2462.046     83.35893
        67    449.7766    901.4640     50446.52     510.7738  13.2429   0.0110     5.04    0.128 -15.28   0        161     9444.309      100.774
        68    903.0276    904.1168      5012.63     376.0736  15.7498   0.0815     5.76    0.081  20.26   0      20.37     1013.581     79.10362
        69    927.3215    902.3300     17464.87     546.4386  14.3946   0.0340     5.75    0.212   9.16   3      51.39      2586.98     83.30444
        70    922.5052    897.4758     12374.15     500.9938  14.7687   0.0440     5.54    0.258 -23.34   3      39.85     1985.386     81.64666
        71    718.8978    902.3687     5024.941     374.9847  15.7472   0.0810     7.21    0.363 -11.18   0      20.92     1085.045     78.68329
        72    324.8313    892.4800      5238.02     369.5855  15.7021   0.0766     4.98    0.283 -11.83   0       21.8     1127.294     79.63672
        73    229.8692    885.1729      34641.2     475.9557  13.6510   0.0149     7.29    0.296   9.57   0      107.4     4789.042      89.4787
        74    384.5330    886.6107      6695.28     286.5113  15.4356   0.0465     6.68    0.231 -18.23   0       30.1      1413.36     80.44897
        75    595.0873    884.0013      20058.9     509.3409  14.2442   0.0276     5.54    0.143  -7.03   0      66.21     3447.943     86.00492
        76    650.0693    883.1484     7510.454     431.5164  15.3108   0.0624     5.44    0.161 -33.20   0      27.66     1342.818     80.24944
        77    582.3715    879.3306     25019.21     484.2634  14.0043   0.0210     5.32    0.104 -20.44   0      86.26     4530.707     88.82011
        78    856.1421    876.5117     78243.19     461.9711  12.7664   0.0064     5.07    0.126 -10.06   0      239.2     15552.47      113.283
        79     78.8559    880.4861     6746.613     470.3881  15.4273   0.0757     8.78    0.385 -54.73   0      21.01     882.7868     78.51749
        80    161.9936    880.8193     3368.235      137.194  16.1815   0.0442     0.97    0.093 -87.48   0      63.34     3609.805     86.43159
        81    789.3271    879.7086     4952.361      381.472  15.7630   0.0837     6.30    0.277 -26.70   0       18.7     905.5491     78.58334
        82    451.4305    872.0783     190144.9     554.1642  11.8023   0.0032     5.01    0.081 -19.03   2      445.6     37133.46     150.6932
        83    446.9145    856.2842     41918.54     483.6927  13.4440   0.0125     5.19    0.097 -16.70   2      141.4     8064.586      97.2748
        84    259.4885    876.9557     10793.43     397.5633  14.9171   0.0400     5.62    0.159 -19.26   0      43.71     2144.053     82.08714
        85    625.7366    870.4424     8447.702     465.0531  15.1832   0.0598     6.06    0.207 -19.14   0      27.41     1191.629     79.82011
        86    131.6198    870.5861     4330.766     381.1015  15.9086   0.0956     6.74    0.302 -60.01   0      16.84     806.5818     78.92505
        87    745.1113    869.3409     7577.548     452.9623  15.3012   0.0649     5.65    0.263 -33.09   0      20.91     899.8718     78.56693
        88    718.1652    870.0834     3418.142     344.2021  16.1655   0.1094     5.99    0.409  -5.54   0      15.07     744.7163     78.32734
        89    674.7490    865.6260     4276.688     350.6882  15.9222   0.0891     5.31    0.183  25.32   0       16.9     822.3345     79.17866
        90    609.1754    863.2956     12023.33     550.9376  14.7999   0.0498     7.88    0.301 -17.58   2      35.09     1469.608     79.78635
        91    616.1597    862.0489     13000.54     565.3502  14.7151   0.0472     7.08    0.306   3.99   3      30.26     1320.521     80.39137
        92     89.3612    861.0772     8406.703     421.3745  15.1884   0.0544     5.50    0.175 -17.86   0      34.96     1725.949     81.32726
        93    294.4071    859.1110     11167.54     524.5455  14.8801   0.0510     5.61    0.163 -18.28   0      34.81     1718.603     81.30672
        94     18.8240    854.9705     6754.567     451.6385  15.4260   0.0726     7.75    0.256 -28.20   0      20.35      965.592      79.5888
        95    979.3322    854.0296     4520.126     400.1818  15.8621   0.0961     6.76    0.363 -32.80   0      15.95      709.277     78.43468
        96    816.1987    853.9174     3741.358     356.1683  16.0674   0.1034     4.65    0.377 -10.13   0       15.1     736.0149     78.72159
        97    151.7531    846.4364     23266.74     439.7367  14.0832   0.0205     5.32    0.059 -17.78   0      83.67     4255.352     88.11272
        98    337.5442    847.6147     4013.389     377.6558  15.9912   0.1022     6.50    0.364 -10.82   0      16.38     776.6264     78.83875
        99    206.1121    840.5745     160898.4     532.0715  11.9836   0.0036     5.09    0.114 -24.19   0      399.3     30704.15     140.4285
       100    982.5526    833.3850     3275.448     326.9292  16.2118   0.1084     3.95    0.135  18.45   0      14.86     740.5315      78.9435
       101     86.0330    829.9006     8220.504     427.0974  15.2128   0.0564     5.96    0.247 -26.67   0      32.02     1539.865     79.98623
       102     32.1605    830.1574     8126.303     389.7486  15.2253   0.0521     5.12    0.095   9.35   0      33.26     1706.806     81.27374
       103    593.9016    830.1212     4589.837     384.4818  15.8455   0.0910     5.37    0.372 -23.62   0      16.36     807.9674     78.09002
       104    270.5745    823.3267     3764.159     307.8214  16.0608   0.0888     5.13    0.347 -11.81   0      18.59     960.1356     79.15823
       105    453.5999    819.3721     14384.24     374.0688  14.6053   0.0282     5.23    0.183 -21.41   0       58.2      3016.92     85.24551
       106    765.6574    819.4634     5849.554     453.9121  15.5822   0.0843     7.01    0.560 -31.55   0      17.48     658.1037     78.49633
       107     77.6836    816.0788     24638.93     488.3186  14.0209   0.0215     4.81    0.177 -15.76   0      85.96     4726.558     88.76502
       108    144.4916    815.3835     19675.05     460.7825  14.2652   0.0254     6.30    0.281  -8.75   0      68.52     3275.367      85.1618
       109    294.5996    815.2606     6248.142     363.4725  15.5106   0.0632     5.96    0.271 -20.40   0      27.03     1332.657     80.42567
       110    320.4798    810.7564     10543.87      559.232  14.9425   0.0576     9.20    0.371  -5.97   3      30.45     1219.601     79.69334
       111    329.1811    811.3511     28938.55     492.8282  13.8463   0.0185     5.96    0.170 -37.47   3      86.39     3878.415     87.51221
       112    474.5613    838.9103     4188.516     257.1542  15.9448   0.0667     6.34    0.326 -32.05   0      22.05      1157.88     79.30976
       113    850.8807    811.4216     4329.902     322.5964  15.9088   0.0809     6.57    0.225 -13.22   0      20.29     999.7056     79.27176
       114    997.9384    809.6246      7915.37     456.7515  15.2538   0.0627     5.53    0.184 -21.35   0      27.45      1324.68     80.40313
       115    479.9185    809.3550     6209.574     374.6046  15.5173   0.0655     4.89    0.103   6.49   0      26.26       1361.6     79.89142
       116    720.8999    807.2322      5943.71     435.4436  15.5649   0.0796     9.31    0.397  15.94   0      21.04     779.1011      77.5826
       117    944.2002    800.6747     140726.9     517.8489  12.1291   0.0040     5.18    0.097 -17.22   0        365      27076.7     134.6744
       118    994.5757    803.0588     10041.64     201.9741  14.9955   0.0218     6.49    0.499   5.52   0      110.3     7983.758     97.25523
       119    289.0259    802.4838     8206.375     382.3305  15.2146   0.0506     5.04    0.264 -18.72   2      34.33     1490.956     80.46348
       120    639.8696    798.4880     21584.55     447.2295  14.1646   0.0225    10.52    0.236 -22.72   0      79.25      4054.13     87.21534
       121     34.3898    799.3907     3767.702     335.9616  16.0598   0.0968     5.79    0.332 -40.31   0       16.6     781.9351     78.64493
       122    772.2129    797.4745     13317.73     632.8169  14.6889   0.0516     7.35    0.127 -18.96   2      28.84     1063.828     79.66238
       123    700.8881    798.5916     3482.723     318.1403  16.1452   0.0992     5.24    0.255  39.02   1      14.38     668.6701     78.10638
       124    420.3535    797.7680     5523.833     381.8123  15.6444   0.0751     6.32    0.279  -4.00   0      22.56     1130.562     80.05849
       125    751.0374    796.9954     6462.011      394.036  15.4741   0.0662     4.92    0.228 -15.85   0      25.36     1278.744     80.47807
       126    340.4807    792.9847     3051.349      316.534  16.2888   0.1127     4.98    0.384  28.42   0      13.91     697.1199     78.39944
       127    630.6045    785.5202     5316.465     329.5965  15.6859   0.0673     5.79    0.230 -15.78   0      23.52     1153.899     79.91893
       128    323.1570    781.5175      4490.52      376.852  15.8693   0.0911     6.84    0.521 -19.26   0      19.12     1110.821     79.17479
       129    952.8945    777.9938     16229.29     535.2626  14.4743   0.0358     5.55    0.183 -14.22   0      51.09     2586.673     83.69803
       130    774.3434    769.4100     20932.87     471.9882  14.1979   0.0245     5.40    0.179 -10.00   0      74.69     3808.836     87.14256
       131    994.5518    770.4196     4382.311     350.7567  15.8957   0.0869     5.52    0.314  -7.71   0       20.7     1091.373     79.94717
       132    201.6568    768.7361     10539.93     401.5407  14.9429   0.0414     5.50    0.155  -8.96   0      41.24     2084.587     82.52318
       133    624.0231    769.0166     4095.283     328.7534  15.9693   0.0872     5.81    0.259   7.80   2      18.22      860.405     79.28786
       134    285.0256    766.7375     5269.998     387.0171  15.6955   0.0798     5.47    0.019 -10.37   0       21.2     1049.571     79.62169
       135    194.9583    766.8962     9814.104     152.9671  15.0204   0.0169     4.62    0.179  63.37   0      126.3     8993.578     98.92345
       136    482.6873    763.3869     4372.978     377.8722  15.8981   0.0938     5.24    0.219 -11.23   0      17.74     861.7488     78.66618
       137    190.3943    761.8244     4557.022     368.0496  15.8533   0.0877     6.02    0.266 -25.96   0      19.31     959.1437     79.36315
       138    502.5192    757.7100     4273.889     363.3707  15.9229   0.0923     6.05    0.037 -13.32   0      16.78     748.9061     78.33949
       139    530.0196    756.2924     3003.303     139.5697  16.3060   0.0505     1.22    0.126 -89.01   0      50.58     3129.569     84.57733
       140    746.1910    750.0961     27184.36     436.1292  13.9142   0.0174     5.16    0.203 -13.24   0      96.98     5233.095     90.59956
       141    716.6262    748.6898     12553.36     467.9359  14.7531   0.0405    11.56    0.304 -23.44   0      46.64      2134.59     82.06094
       142    543.0515    745.2468     12765.47     445.5061  14.7349   0.0379     5.23    0.208 -27.14   0      47.68     2550.045     83.79527
       143     64.9367    746.4780     4890.288     346.3634  15.7767   0.0769     4.22    0.137 -17.07   0      22.14     1213.021     79.67458
       144    518.9596    743.7097     24495.51     401.2372  14.0273   0.0178     5.30    0.190 -20.73   0      92.81     5015.847     89.68645
       145    568.6748    741.6706     16975.15     467.4438  14.4255   0.0299     5.48    0.234 -20.06   0      64.31     3295.272     85.40794
       146    227.6928    737.2787      54853.7     466.4833  13.1520   0.0092     5.14    0.141 -17.99   0      179.6     10539.31     102.8944
       147   1001.0949    737.6753     31210.14     436.3391  13.7643   0.0152     5.10    0.166 -20.88   0        112      6115.24     92.25209
       148    764.5087    736.3397     22821.15     380.2444  14.1042   0.0181     5.31    0.196 -21.81   0      88.56     4701.506     88.88631
       149    880.7092    737.5754     3975.255      365.444  16.0016   0.0998     6.05    0.383 -30.84   0       15.6     696.3472     77.76448
       150    633.0618    735.3771     5580.948     396.6536  15.6332   0.0772     5.75    0.100  79.00   0      21.99     1024.484     79.34277
       151    128.7347    735.6439     3696.381     301.0088  16.0806   0.0884     5.55    0.139 -16.07   0       17.5     865.3369     78.88558
       152    488.3859    733.8777     4368.914     344.8293  15.8991   0.0857     4.80    0.279 -40.41   0       19.8     1040.533     79.38873
       153    192.9376    733.3971     8996.218     429.4317  15.1149   0.0518     5.43    0.235 -18.16   2      31.74     1591.013     81.15247
       154     45.8445    733.2088      7524.99     327.3646  15.3087   0.0472     5.08    0.206 -18.99   0       33.7     1754.433     81.81039
       155    122.9585    727.9116     3299.268     140.0509  16.2040   0.0461     4.43    0.105  62.85   0      57.44     2711.449     83.64333
       156    271.8683    721.8620     22702.59      498.276  14.1098   0.0238     5.27    0.117 -20.46   0      79.97     4153.255     87.84898
       157    232.4964    720.6066     21807.96     478.4709  14.1535   0.0238     5.51    0.185 -27.23   0      78.01     4003.777     87.46141
       158    990.6501    716.5680     30941.55     498.7288  13.7736   0.0175     5.42    0.171 -22.65   0      104.5     5491.169     91.24465
       159    745.8668    718.5715     6228.759     422.1531  15.5140   0.0736     5.39    0.241 -34.12   0      23.77     1187.082     79.80716
       160    513.8839    714.3578     14081.79     443.4003  14.6284   0.0342     6.64    0.192   7.67   0      52.11     2512.617     83.10131
       161    674.6930    715.3914     4707.765     382.4044  15.8180   0.0882     6.11    0.270 -23.26   0      19.17     897.5963     78.97847
       162    848.3145    713.6285     5157.361     407.6749  15.7189   0.0858     6.76    0.311  -2.78   0      16.62     707.1891     78.21838
       163     79.7030    706.3817     52992.13      473.467  13.1895   0.0097    14.70    0.051   9.53   0      167.2     9387.557     99.98932
       164    442.0669    705.2992     51473.92     467.4833  13.2210   0.0099     5.15    0.131 -27.41   0      169.1     10006.12     101.3855
       165    398.2291    710.6312     3632.782     307.7244  16.0994   0.0920     5.34    0.133  19.76   0      16.38     756.4178     78.98923
       166    348.4281    703.8060     6009.099     197.3843  15.5530   0.0357     3.02    0.417  50.86   0       50.9     3874.557     87.50219
       167   1013.4860    703.8365      4532.67      404.283  15.8591   0.0969     7.21    0.681 -32.24  16      15.86      621.816     77.75842
       168    219.9103    702.4297     19604.94     368.3929  14.2691   0.0204     5.84    0.203 -14.90   0      76.62     3909.237     86.83694
       169    319.4344    700.8373     19807.29     406.7522  14.2579   0.0223     5.44    0.152 -22.76   0      76.01     3970.264     87.56255
       170    275.7081    690.0411     8130.446     491.5845  15.2247   0.0657     4.72    0.279 -34.73   2         27     1290.074     79.48076
       171    788.1342    687.3350     15754.92     408.5327  14.5065   0.0282     5.94    0.245  -7.25   0      59.41     2946.182     84.47389
       172    757.5020    685.9636       5548.7     387.1807  15.6395   0.0758     7.49    0.150 -21.97   0      21.87     986.7715     78.39892
       173    954.6069    682.3687     3650.917     337.1061  16.0940   0.1003     3.64    0.143 -41.97   0      16.64     941.8074     79.52085
       174    709.2264    676.2710     6182.276     367.9346  15.5221   0.0646     5.96    0.191 -56.77   0      25.79     1296.391     80.11784
       175    597.3260    671.5401     25911.23     397.9211  13.9663   0.0167     5.29    0.170 -18.38   0      95.51     5045.982     89.94605
       176    530.2812    670.3391     1801.256     162.3078  16.8611   0.0979     3.69    0.458  50.70   0       -1.8      1448.22     80.13745
       177    175.9235    666.9877     4969.772     416.5622  15.7592   0.0910     7.12    0.119   1.93   0      17.92     733.8031      78.7152
       178    454.7250    665.5364     4424.119     377.9029  15.8854   0.0928     6.09    0.211 -27.72   0      17.54     831.4424     78.78787
       179    234.6940    661.4370      42469.8     463.0851  13.4298   0.0118     5.24    0.179 -19.44   0      145.1     8059.067     96.75262
       180    769.3047    661.9266      12382.3     480.0143  14.7680   0.0421    10.23    0.192 -61.20   2      42.05     1681.512     80.59229
       181    472.2260    660.6186     4057.533     162.9295  15.9793   0.0436     2.52    0.359 -60.23   0      57.59     3108.863      85.4903
       182    570.3594    652.2465     5967.755     408.1264  15.5605   0.0743     5.52    0.297 -41.80   0      22.11      1102.88     79.35977
       183    214.3338    649.6616      9173.04     421.7876  15.0937   0.0499     5.64    0.175 -14.41   0      36.31     1782.309      81.4846
       184    932.6097    646.5806     3317.732     323.1591  16.1979   0.1058     6.22    0.127 -40.61   0      15.85     776.0209     78.62784
       185    190.2987    641.6693     4714.777     399.2625  15.8163   0.0920     6.36    0.292 -25.62   0      17.63     815.9263     78.11318
       186     50.8838    637.7657     4671.436       409.42  15.8264   0.0952     5.96    0.185 -27.33   0      18.78     882.7045     78.72671
       187    871.6011    634.9663     8554.776     420.4764  15.1695   0.0534     6.22    0.170 -75.08   0      34.94     1694.966     81.64503
       188    957.6703    634.9626     6134.718     370.1365  15.5305   0.0655     5.43    0.234 -16.72   0         26     1290.601     80.10142
       189    361.6049    633.2473     6268.103     408.2936  15.5072   0.0707     5.75    0.198 -31.18   0      24.53     1127.674      79.6378
       190    191.1386    634.3679     4977.145     410.5936  15.7575   0.0896     6.45    0.370 -32.09   0      18.16     825.0249     78.76936
       191    713.4694    628.3680     96063.58     576.7799  12.5436   0.0065    17.58    0.077 -84.40   0        251     14167.88      110.768
       192    918.1266    628.6447     11226.43     310.6432  14.8744   0.0301     0.00    0.318 -19.84   0      62.93       4275.9      88.1657
       193    567.7632    628.0490     4468.191     380.1019  15.8747   0.0924     6.34    0.349 -14.54   0      17.98     826.0273     78.56292
       194    203.8812    628.8995     2383.019     141.4961  16.5572   0.0645     3.44    0.270  45.51   0       49.5     2036.873     81.58826
       195     46.1687    625.1225     29709.01     468.3498  13.8178   0.0171     5.44    0.192 -21.13   0      104.7     5575.447     91.45433
       196    548.2468    624.1436     13960.09     371.6017  14.6378   0.0289     0.00    0.246  26.63   0      63.96     2764.712     84.37549
       197    305.4581    624.1069     15962.08     548.0714  14.4923   0.0373     6.05    0.224 -14.35   2      45.22     2107.286     81.98528
       198    402.6792    621.2296     13339.81     463.9015  14.6871   0.0378     7.91    0.174 -18.11   0      49.18     2430.004     83.27153
       199    496.1425    621.7256      6351.31      440.356  15.4928   0.0753     7.58    0.257 -78.17   0      21.21     837.1448     78.59507
       200    625.5350    620.0216     3497.018     311.6132  16.1408   0.0968     5.92    0.437  -1.82   0      16.84      834.421     79.00518
       201    817.9865    611.1755     9917.218     463.9996  15.0090   0.0508    10.61    0.236   9.94   0       35.4     1492.154     80.87514
       202    155.0168    602.5815     542712.6     720.5759  10.6636   0.0014     5.23    0.093 -22.65   0      846.8     101629.6     228.1618
       203    695.6221    602.8934     44706.59     501.6909  13.3741   0.0122     8.63    0.147 -42.18   0      140.6     7554.536      95.7323
       204    400.1138    605.2198     3864.231     322.2682  16.0323   0.0906     5.38    0.121 -24.29   0      17.91     853.9469     78.43397
       205    600.9111    602.1432     6485.755     339.0119  15.4701   0.0568     5.27    0.233 -40.14   0       27.3     1416.515     80.04749
       206    227.8749    599.7889     8291.291      425.203  15.2034   0.0557     5.96    0.183 -18.33   0       33.9     1657.555     81.33862
       207    240.6501    599.4009      3709.66     330.9838  16.0767   0.0969     6.68    0.416 -27.08   0      16.82     717.6513     78.45894
       208    272.6203    595.0189     3212.493     336.8104  16.2329   0.1139     5.78    0.376   0.07   0      14.86     710.9557     78.85831
       209     96.1065    591.4762     9554.149     444.7914  15.0495   0.0506     5.74    0.275 -20.48   0      37.58     1868.981     81.32199
       210    579.9991    593.0279     2732.814     136.1373  16.4085   0.0541     4.16    0.014 -44.69   2         62     2775.845     84.60035
       211    212.3766    590.0410     4421.001     348.4265  15.8862   0.0856     5.85    0.284 -21.68   0      20.17     985.6398     79.64603
       212    863.1552    582.6901     7267.427     360.7013  15.3465   0.0539     5.14    0.142 -16.12   0       31.7     1553.534     80.43557
       213    205.1512    578.0614     3869.757     348.0668  16.0308   0.0977     5.98    0.410  -6.50   0      16.31     804.1516     78.70911
       214    660.7536    575.1582     5843.104     407.0468  15.5834   0.0757     5.84    0.196 -16.80   0      22.01     1060.224     79.44508
       215    774.8195    561.0876     16113.93     405.6993  14.4820   0.0273     5.35    0.130 -28.97   0      61.93     3157.929     84.84782
       216     56.4173    561.1980     13652.02     405.3348  14.6620   0.0322     5.62    0.108 -35.12   2      51.21     2518.525     83.51278
       217     55.3704    552.8619     7218.054     448.2125  15.3539   0.0674     6.25    0.095 -29.16   3      26.21     1178.195     79.78185
       218      9.8506    561.3132     12370.34     435.0159  14.7690   0.0382    10.93    0.190  -9.43  16      45.51     2104.335      81.9771
       219    261.6105    560.7230     13858.61     505.7534  14.6457   0.0396     5.78    0.187 -31.09   0      46.95     2270.912     82.83618
       220    178.4104    556.1765     87925.19     485.7291  12.6397   0.0060     5.21    0.148 -16.73   2      258.2     16912.47     116.4046
       221   1003.7984    547.0712     97983.14     506.1116  12.5221   0.0056     5.21    0.116 -18.83   3      277.4     18738.22     119.7788
       222    997.5342    534.0765     71874.09     559.1266  12.8586   0.0084     7.22    0.059 -35.41   3      206.9     12393.98     106.7584
       223    136.5842    551.2169     4067.654     350.5527  15.9766   0.0936     5.89    0.069 -18.64   0      17.58     837.2748      78.8047
       224    577.7965    544.3015     5199.631     427.4176  15.7101   0.0893     7.29    0.419 -18.34   0      19.04     816.2442     78.74402
       225    528.5428    540.8384     4573.007     377.9925  15.8495   0.0898     5.70    0.500  56.23   0      16.83     687.3317     78.37106
       226    338.4678    532.4775     89283.88     503.0091  12.6231   0.0061     5.20    0.118 -25.34   0      257.2     16492.56     115.1536
       227    715.3950    528.1289     4579.703     384.4758  15.8479   0.0912     6.28    0.350  -4.66   0      18.76       843.83     78.82359
       228    640.8972    522.8307     13731.88     402.3213  14.6557   0.0318     5.84    0.243 -21.67   0      54.24     2695.515     83.20512
       229    155.6742    519.1374      10163.7      443.249  14.9824   0.0474     8.99    0.075 -41.36   0      40.71     1950.653      81.9528
       230    400.5905    518.4922     7939.347     447.6594  15.2505   0.0612     6.98    0.161 -23.91   0      28.61     1393.139     80.39182
       231     94.9493    520.1405     3672.239     328.4608  16.0877   0.0971     4.75    0.229 -38.97   0      17.58     922.8058     79.05098
       232    728.3526    519.8947     2819.517     279.0284  16.3746   0.1075     5.31    0.296 -15.47   0      14.65      698.145     77.76974
       233    364.2284    513.0176     42120.54     482.9359  13.4388   0.0125     5.37    0.153 -23.24   0      138.4     7732.287     97.00591
       234    254.3650    511.3666      14040.5     374.9594  14.6315   0.0290     6.03    0.206 -19.86   0       55.5     2772.493     84.59134
       235    798.7894    506.4017      8328.65     425.2229  15.1986   0.0554     6.50    0.308 -17.27   0      31.47     1567.647     80.88367
       236    473.8294    505.3447     7493.289     408.9751  15.3133   0.0593     5.77    0.165   3.81   2      27.63      1296.02     79.91098
       237    623.2544    504.8682     3453.372       303.55  16.1544   0.0955     6.43    0.090  84.08   0      16.84     892.7362     78.75566
       238    146.7287    503.3066       5254.5     390.1863  15.6987   0.0806     5.78    0.486 -22.56   0      16.16     628.4376     77.77778
       239    754.6775    502.8142      2484.29      301.461  16.5120   0.1318     5.16    0.583 -23.96   0      12.64     619.1484     78.38346
       240    944.1572    493.9402      75081.3     472.7658  12.8112   0.0068     5.20    0.153 -14.48   0      228.4     14784.12     112.0253
       241     69.5708    491.8310     51865.64     577.9215  13.2128   0.0121    16.53    0.230  19.21   0      146.6      7228.95      95.8194
       242    214.9176    493.7838     10752.24     167.1595  14.9213   0.0169     5.17    0.340  69.20   0      133.4     9726.382     101.2457
       243    146.1036    492.6785       4404.5     357.7439  15.8903   0.0882     4.00    0.208  56.16   0      16.02     821.5752      78.3401
       244    379.5043    488.7309     26729.54     466.9017  13.9325   0.0190     5.45    0.135 -21.21   0      93.35     4831.099     89.03228
       245    567.1984    488.5653     9505.417     448.4538  15.0551   0.0512     6.16    0.305 -31.90   0      38.74      1940.09     82.32454
       246     45.5151    487.6976     7322.798     337.1391  15.3383   0.0500     5.54    0.193 -17.07   0      32.77     1580.213     80.30611
       247    405.5616    483.0506     6304.972     413.3248  15.5008   0.0712     6.13    0.088   5.72   0      23.74     1128.464     79.64005
       248     30.3313    480.2050     6761.206     397.3293  15.4249   0.0638     6.30    0.286 -18.48   0      27.94      1372.99     80.33484
       249     90.8031    479.4997     5859.004     418.0331  15.5804   0.0775     7.70    0.326 -43.04   0      22.27     1071.438     79.47715
       250    388.9476    478.0241     5684.649      394.632  15.6132   0.0754     6.23    0.192 -38.67   0      22.13     1155.657     79.92393
       251     64.5972    476.8061     7678.266     476.9194  15.2868   0.0675     5.62    0.217 -17.85   0      23.35     1121.523     79.62025
       252    882.4392    473.1665     19727.12     400.5878  14.2623   0.0221     5.26    0.167 -11.34   0      75.33     4020.875     87.69382
       253    580.5788    468.4244      11801.6       442.23  14.8201   0.0407     5.75    0.237 -29.54   0       44.7     2282.448     83.26432
       254     15.5047    469.5707     3497.233     314.2446  16.1407   0.0976     5.28    0.018   3.76   0      16.11     832.3477     77.94997
       255    901.2699    464.3470     4875.939     330.5405  15.7799   0.0736     6.66    0.267  -0.18   0      22.08      1080.23     79.29488
       256    413.3610    457.1815     120434.8     509.6736  12.2981   0.0046     5.34    0.151 -20.07   0      322.9     22573.51     127.2364
       257    294.9789    459.1990     49132.86     439.0613  13.2716   0.0097     5.47    0.198 -21.38   0      163.9     9547.027     100.8422
       258    470.2114    458.7028     22892.86     416.4577  14.1007   0.0198    12.64    0.209 -21.06   0      82.69     4127.187     87.78151
       259    264.8071    460.8344     4380.073     355.4192  15.8963   0.0881     6.03    0.182 -29.04   0      20.11     961.2007     79.57626
       260    248.0005    461.8487     23534.24     167.2978  14.0707   0.0077     4.44    0.108  89.73   0      202.6     23572.73     128.6253
       261    521.5317    457.9974     10946.15     188.2576  14.9018   0.0187     0.00    0.451   0.47   0      121.4     9152.656     100.1141
       262    597.6442    456.6333     3894.074     372.0924  16.0240   0.1038     4.66    0.277 -24.59   0      15.42     759.3497     78.78893
       263    103.1627    452.6161     20702.21     445.8584  14.2100   0.0234     5.46    0.128 -31.27   0      74.56     3784.636     87.45683
       264    985.3713    455.1327     4399.666     370.1834  15.8915   0.0914     4.15    0.079 -15.40   0       18.3     980.8364     79.21764
       265    181.7389    455.0581     6329.214     396.0439  15.4966   0.0680     4.38    0.148 -11.72   3      24.93     1366.036     80.51994
       266    187.3660    450.4516     13694.29     527.9836  14.6587   0.0419     7.90    0.349 -26.87   2      43.14     1989.182     82.05957
       267    865.9822    454.9931     4864.137     214.1276  15.7825   0.0478     2.95    0.541   0.31   0      41.21     2815.044     84.31587
       268    669.2337    452.5704     5793.949     299.8549  15.5926   0.0562     6.49    0.425  66.25   0      37.05     2841.687     84.77705
       269    570.8335    450.1102      7491.01     451.0972  15.3136   0.0654     5.51    0.278 -19.75   0      25.21     1205.561     79.23872
       270     16.8217    447.0453     14818.59     459.2781  14.5730   0.0337     5.73    0.272 -24.55   2      51.26     2547.866     83.98567
       271    898.7624    446.0097      15580.7     376.9855  14.5185   0.0263     5.30    0.222 -17.80   0      61.88     3400.084     86.45172
       272    350.8877    445.9430     3318.436     304.8026  16.1977   0.0998     5.94    0.409  -6.47   0      16.03     847.0812     78.41407
       273     72.6546    444.9777     8060.738     461.3079  15.2341   0.0622     5.09    0.182 -12.66   0      27.87      1430.81     80.49825
       274    792.4727    442.1995     5377.259     354.8981  15.6736   0.0717     6.93    0.376 -32.28   0      22.35     1087.739     79.52375
       275    760.6012    442.2265      6061.24      160.655  15.5436   0.0288     0.98    0.043  -7.64   0      72.05     5536.753     91.71793
       276    159.2303    433.8644     57575.56     531.2673  13.0994   0.0100     5.36    0.111  28.34   0      176.1     10248.13     102.4102
       277   1015.6550    437.3090     10404.59     444.3001  14.9569   0.0464     5.61    0.164   0.40  16      37.03     1761.923     81.02224
       278    524.5732    443.6806     4825.116     396.2203  15.7912   0.0892     7.03    0.632 -32.80   0      17.11     651.9577     78.26841
       279    492.1864    432.6519     8308.874      301.755  15.2011   0.0394     0.00    0.035 -80.80   0      45.82     3358.035      85.9588
       280    742.2979    429.6075     8329.815     345.0519  15.1984   0.0450     3.72    0.112 -10.98   0      38.07     2369.614     83.10654
       281    416.9942    430.2082     2667.358      136.028  16.4348   0.0554     1.02    0.110 -89.12   0      47.14     2572.899     83.66062
       282    185.8328    427.5436     12629.33      404.761  14.7465   0.0348     5.67    0.215 -28.28   0      50.93     2541.989     83.37934
       283   1000.5783    429.1711     5561.469      402.822  15.6370   0.0787     6.22    0.493  -4.84   0      17.75     934.3536     79.49954
       284     23.5275    426.1971     3142.075     316.5991  16.2570   0.1094     5.10    0.273   0.33   0      13.82     683.5815     78.36018
       285    751.6514    419.7646     6687.323      395.209  15.4369   0.0642     5.99    0.213 -31.09   0      26.88     1296.575     80.11836
       286    306.1753    416.9847     9918.396     459.5424  15.0089   0.0503     6.01    0.257 -21.39   0      37.23     1857.207     82.09541
       287    898.1410    409.4323     13224.22     459.3855  14.6966   0.0377     5.66    0.216  -7.17   3      50.71     2585.692     83.69537
       288    904.8115    402.3495     13746.09     515.3795  14.6546   0.0407    11.82    0.272 -55.53   3      44.84     1978.242     82.22978
       289    112.6304    408.2325     7014.119     432.2085  15.3851   0.0669     5.04    0.121  -5.71   0      25.66      1329.97      80.6226
       290    532.3563    407.0900     11686.56     424.1117  14.8308   0.0394     5.29    0.141  -9.18   0      42.78     2117.469      82.0135
       291    949.9230    403.2839     4326.032     355.3846  15.9098   0.0892     6.45    0.185 -46.85   0      18.81     907.4292     78.37896
       292    806.0763    398.0285     31842.67     436.6685  13.7425   0.0149     5.02    0.134 -13.37   0      119.8     7033.647     95.00902
       293    283.0234    400.5203     3538.573     320.7575  16.1279   0.0984     5.01    0.369 -63.66   0       14.8     690.4174     78.38001
       294     95.6657    393.7017     11574.19     433.6514  14.8413   0.0407     5.34    0.143 -18.35   0       43.1     2146.083     82.09276
       295    623.9380    394.2549     4389.087     366.8253  15.8941   0.0908     3.12    0.367 -15.86   0       16.6     912.5034     79.22948
       296    367.3841    392.9080     6297.696     189.2041  15.5020   0.0326     4.27    0.454 -36.43   0      75.13     4973.907     89.58011
       297    760.1111    386.6037     27539.51     485.4447  13.9001   0.0191    12.95    0.222  -3.75   2       87.9     4806.966     89.52422
       298    698.1313    388.9756     5825.172     428.7115  15.5867   0.0799     5.92    0.170 -34.29   0      21.47     1009.382      79.5069
       299    956.3723    385.8389     33735.36     450.6297  13.6798   0.0145     5.17    0.188 -16.96   0      120.3       7052.3     95.39949
       300    353.7950    386.3450     17355.59     446.9214  14.4014   0.0280     5.76    0.234 -18.03   0       61.3     3166.994      85.4522
       301    998.6742    386.0389     4108.114     283.0006  15.9659   0.0748     4.56    0.145  -2.43   0      20.63     1100.106     79.55909
       302    836.3218    384.1479      5154.22     397.4462  15.7196   0.0837     5.27    0.188   0.40   0      19.93     981.6154     79.01173
       303     78.9373    380.4805     17667.81     428.2673  14.3820   0.0263     5.43    0.193 -21.65   0      67.76     3515.477     85.80019
       304    899.3685    378.9561     13054.02     425.8118  14.7106   0.0354     5.39    0.201 -13.96   0      52.47     2804.268     84.67667
       305    537.6997    376.8367     4001.587     306.6571  15.9944   0.0832     6.71    0.170 -27.23   0      18.42     833.4703      77.7417
       306      8.0309    372.9836     12572.65     428.4472  14.7514   0.0370     5.48    0.179 -26.58  16      48.35     2492.948     83.83692
       307    981.1675    370.5719     18773.72      630.217  14.3161   0.0365     8.11    0.237   8.55   2      44.08     2252.779      83.1833
       308    624.8652    370.5365     10160.86     423.2933  14.9827   0.0452     5.76    0.194 -24.11   0      39.14     1886.104     81.57196
       309    400.6548    368.6667     41777.65     472.4304  13.4476   0.0123     5.23    0.145 -17.33   0      138.8     7715.926     96.45674
       310    451.1788    371.9100     3766.748     334.7333  16.0601   0.0965     5.23    0.240 -25.31   0      14.56      639.601     77.59846
       311    671.9435    367.2727     4068.769     349.3771  15.9763   0.0933     4.82    0.437 -16.94   0      17.74     998.5592     79.06046
       312    252.0387    362.8187     27121.66     486.0967  13.9167   0.0195     5.34    0.128 -17.45   0      93.81     5106.716     90.82754
       313    324.4527    364.1598     5807.515      298.489  15.5900   0.0558     6.40    0.233 -39.73   0      25.15     1159.438     79.93468
       314    105.1220    356.4709      46108.9     477.9674  13.3405   0.0113     5.66    0.192 -21.13   0      150.4     8416.473     97.92548
       315    977.8876    358.7431     12539.54     554.1304  14.7543   0.0480     5.86    0.200 -14.64   0      30.17     1377.415     79.93639
       316    598.8930    356.8657     6971.242     416.6659  15.3917   0.0649     5.82    0.213 -22.86   0      26.27     1231.126      79.7262
       317    859.7071    355.3869      2451.56     258.8156  16.5264   0.1147     2.21    0.334  47.24   0      14.95     942.4525        78.69
       318    154.9196    348.9416     104899.4     505.1493  12.4481   0.0052     5.30    0.149 -18.10   0      292.2     19701.29     121.3213
       319    954.3325    350.7879     13468.59     451.3708  14.6767   0.0364     5.61    0.187 -19.37   2      46.68     2126.115     82.43795
       320    330.2429    347.5704     33159.26     451.2523  13.6985   0.0148     5.42    0.206 -20.56   0      117.2     6486.996     94.04311
       321    539.9615    345.2110      77431.5     532.0117  12.7777   0.0075     5.29    0.177  -8.49   2      217.9      13724.1     110.3025
       322    620.5184    346.5924     17201.98     429.9394  14.4111   0.0271     5.23    0.216 -18.39   2      65.05     3380.569      85.8267
       323    619.0015    341.0057     23767.29     167.6141  14.0601   0.0077     4.19    0.001  45.30   3      218.5      23533.7     128.5564
       324    982.9893    347.0709     5989.332     370.0472  15.5566   0.0671     6.25    0.290  -6.93   0      26.06       1291.9      80.1051
       325    125.7210    343.2485     5928.199     445.7145  15.5677   0.0817     8.04    0.497 -15.99   0      18.36     700.9221     78.20016
       326    577.6942    340.7885     7162.599     351.3839  15.3623   0.0533     4.93    0.165 -27.14   0      31.73     1650.751     81.11684
       327    495.6224    340.7560      4401.67     354.2728  15.8910   0.0874     5.20    0.408  17.81   0      15.73      647.466     78.67512
       328     54.7821    331.2943     3675.928     330.9606  16.0866   0.0978     3.81    0.191 -23.41   0       16.7     936.5084     78.46323
       329    967.2863    324.2666     6527.582     417.4113  15.4631   0.0694     8.81    0.171  -3.30   0      26.38     1367.074     80.11281
       330    665.5480    317.9044       295672     610.2098  11.3230   0.0022     5.15    0.122 -17.40   0      590.1     55497.66      175.946
       331    281.6026    323.5260     8153.645     340.1282  15.2216   0.0453     5.28    0.166 -24.99   0      35.37     1738.685     81.36284
       332    351.6391    316.6657     72649.52     562.3776  12.8469   0.0084     7.49    0.282  51.86   0      195.8     10075.82      102.027
       333    891.5710    322.7008      5437.22     349.0888  15.6616   0.0697     5.52    0.148  -0.02   0      23.33     1147.524     78.86355
       334    175.6374    319.1499     50133.05     444.2368  13.2497   0.0096     5.30    0.195 -19.24   0      168.1      9898.17     101.6305
       335    398.8428    321.4814     4875.046     433.9378  15.7801   0.0967     6.55    0.288 -29.55   0      16.43     781.1594     78.22277
       336    482.4832    317.0942     9569.256     474.3607  15.0478   0.0538    10.79    0.112  -3.30   0      33.69     1563.394     80.66782
       337    417.1528    317.9038     4074.967     344.6355  15.9747   0.0918     5.62    0.402   6.16   0       17.5      877.202     78.29126
       338    873.0563    316.1395     6649.724     432.9687  15.4430   0.0707     5.73    0.302 -12.59   0      24.13     1256.331     80.20969
       339    728.0643    311.0438     5731.736      141.055  15.6043   0.0267     4.32    0.055  -7.12   0      85.73     5480.189      91.2173
       340    879.7924    308.3095     10034.32     487.4221  14.9963   0.0528    10.41    0.322 -29.64   0      34.97     1695.625     81.24247
       341    233.3518    306.3665     12946.24     490.4597  14.7196   0.0411     6.18    0.233 -32.27   0      45.09     2172.366     82.56536
       342    236.4057    296.2798     21939.96     547.5453  14.1469   0.0271    11.92    0.171   2.30   2      63.24     3197.598     85.53355
       343    447.9785    298.5216     4502.577     344.9173  15.8663   0.0832     4.91    0.635  -0.69   0      17.69     706.5943      78.6366
       344    706.4130    294.3618     8092.679     484.8206  15.2298   0.0651     7.92    0.398 -75.47   0      22.43     876.3612     79.54089
       345   1023.1854    290.7633     2798.585     219.5571  16.3827   0.0852     2.63    0.572 -67.57  24      16.75     1085.074     79.10085
       346    940.3950    291.0948     3725.899     340.8002  16.0719   0.0993     5.31    0.289  14.36   0      15.36     735.6312     78.51101
       347    144.7802    290.1571     7743.161     448.4787  15.2777   0.0629     9.38    0.405   4.61   3      28.81     1441.414     80.93615
       348    139.3588    284.5986     11079.01     461.9021  14.8887   0.0453     5.82    0.204 -16.44   3      37.04     1753.503     81.80782
       349    547.9373    287.2937     4638.659     346.1982  15.8340   0.0811     5.23    0.141 -19.31   0      19.88     987.4045     78.81973
       350    882.1818    285.7436     5382.809     398.6111  15.6725   0.0804     4.82    0.158 -60.42   0      21.06     1075.664     79.69614
       351    703.8502    286.4392     5781.173     428.6882  15.5950   0.0805     5.20    0.227 -16.46   0      19.27     928.3988     79.27506
       352     68.1910    285.4748     5578.574      154.738  15.6337   0.0301     0.97    0.064  86.19   0      71.95     5364.177     90.92779
       353    229.1531    282.5583     5152.293     346.5353  15.7200   0.0730     6.28    0.312  -4.13   0      21.35     1034.435     79.57848
       354    177.3691    280.7768     9606.488     459.3881  15.0436   0.0519     6.20    0.251 -18.95   0      34.47     1746.863     81.78937
       355    978.1298    278.9148     4290.907     304.1764  15.9186   0.0770     4.02    0.102 -39.99   0       20.7     1123.404     79.21091
       356    211.9535    273.9949     29527.85     442.0304  13.8244   0.0163     5.41    0.204 -16.61   0        106       5829.5     92.26218
       357    297.6610    268.2509     209340.7     570.7048  11.6979   0.0030     5.21    0.129 -16.79   0        472     39818.97     154.6904
       358    100.0862    274.7924     6859.173     434.9757  15.4093   0.0689     6.70    0.394 -23.68   0      24.22     1151.435     79.70558
       359    168.2595    272.1154      9849.21     482.2405  15.0165   0.0532     6.16    0.208 -25.42   0      33.46     1573.563     80.49214
       360    112.4074    271.2179     6058.185     436.4477  15.5441   0.0782     7.22    0.166 -30.50   0      20.65     937.2924     79.09262
       361     47.5810    269.2094     15866.39     502.5755  14.4988   0.0344     5.91    0.256 -23.79   0      54.43     2750.653     84.14212
       362     33.8508    260.2863     41934.02     497.9591  13.4436   0.0129     5.24    0.157 -18.16   0      141.3     8106.496     97.20339
       363    916.9966    258.2184     5115.614      345.321  15.7278   0.0733     4.51    0.134 -32.53   0      22.88      1223.12     79.90972
       364    637.3403    252.8387     64973.66      509.175  12.9682   0.0085     5.42    0.232  -0.11   0      197.1     11597.25     105.3617
       365    330.9270    256.1189     5854.208     416.0561  15.5813   0.0772     4.66    0.108 -39.30   0      22.12     1104.035     79.15531
       366    616.5109    253.3529     10697.17      426.487  14.9268   0.0433     5.67    0.271 -13.61   0      39.67     1908.815     81.43324
       367    568.8912    253.8124     4825.204     260.8917  15.7912   0.0587     6.17    0.303 -18.99   0      23.31     1149.632     79.28613
       368    790.5923    242.2055     17067.94     426.0204  14.4195   0.0271     0.00    0.388  62.27   2      72.32     5169.642     90.44024
       369    461.4929    242.7363       2985.6     312.5599  16.3124   0.1137     4.24    0.244 -29.81   0      14.93     738.4504     78.09858
       370    174.6568    240.0273     5422.469     405.7986  15.6645   0.0813     7.64    0.240 -19.03   0      21.29     968.3397     79.18179
       371    600.1832    227.7776     19664.08     459.8827  14.2658   0.0254     5.50    0.196 -16.51   0      72.09     3904.959     87.58112
       372    298.0689    228.6873     5708.309     415.9764  15.6087   0.0791     6.55    0.117  16.56   0      19.67     1009.263     78.88273
       373    731.4634    218.7963     18333.57     481.9704  14.3419   0.0285     7.87    0.305 -27.52   0      65.39     3448.265     86.19704
       374    186.7801    220.5668     4274.157     325.0999  15.9229   0.0826     5.10    0.187   1.23   0      19.19     1007.989     79.70978
       375    675.8761    213.8626     16327.17     494.5277  14.4677   0.0329     7.78    0.119  -8.54   2      55.55     2821.466     84.33318
       376    665.1812    215.2231     11393.07     461.1647  14.8584   0.0440     6.04    0.294 -10.39   3      38.13     1966.789     82.39822
       377    477.2274    213.1161     3682.972     328.4682  16.0845   0.0969     5.19    0.252  29.42   0      14.99     664.0964     78.09306
       378     77.6150    210.9825     5554.349     379.6679  15.6384   0.0742     5.25    0.027   5.49   0      23.38     1189.723     79.81468
       379    867.9677    205.6779     8087.468     406.2764  15.2305   0.0546     5.73    0.275 -11.84   0      33.53     1708.231     81.27773
       380    513.3112    205.4796     8300.897     385.6031  15.2022   0.0504     5.60    0.236 -12.64   0      34.44     1662.687     80.94709
       381    954.0453    205.1072     6671.924     409.5249  15.4394   0.0667     5.85    0.358 -20.84   0      25.53     1333.227     79.60406
       382    548.9976    204.3014     7067.357     377.3133  15.3769   0.0580     8.24    0.164 -30.24   0      30.03      1442.29     80.53065
       383    887.5626    191.3551     51527.55     556.7416  13.2199   0.0117     9.75    0.115  44.82   0      154.1     8451.951     98.34325
       384    875.3727    196.5142      7433.43       451.98  15.3220   0.0660     5.20    0.103 -26.12   0      25.61     1186.562     79.39191
       385    773.9381    195.6479     13428.69     357.7228  14.6799   0.0289     5.21    0.199 -15.85   0      55.69     2976.584     84.75018
       386    739.1724    186.3538     185978.3     556.9061  11.8263   0.0033     5.27    0.124 -15.36   0      437.9     35664.76     148.6833
       387    170.3684    189.7153        21347     452.5998  14.1767   0.0230     5.48    0.214 -20.96   2      71.77     3683.801     86.43564
       388    468.7870    186.2538     95133.98     525.6063  12.5542   0.0060    15.54    0.102  17.46   2      262.2     17217.73      116.999
       389    253.9257    189.0868     17544.91     414.5233  14.3896   0.0257     6.23    0.318  -9.43   0      64.81     3152.276     84.63833
       390     42.2884    189.3652     5001.619     400.4551  15.7522   0.0870     7.08    0.405 -21.93   0      19.36     881.7128     78.51437
       391    918.8009    181.3128     4069.931     277.0892  15.9760   0.0739     0.00    0.407 -53.73   0       22.4      1714.27     81.29461
       392   1003.3631    177.3868     3746.498     334.7196  16.0659   0.0970     6.75    0.306 -11.00   0      17.45     870.9584     79.52544
       393    511.8275    175.3123     11325.13     310.7154  14.8649   0.0298     8.13    0.476 -43.14   0      76.36     5842.713     91.75787
       394    256.0013    174.0233     2272.894     184.3061  16.6086   0.0881     4.22    0.577 -89.42   0      22.99     1457.578     80.57379
       395     78.0840    174.1488     7734.331     380.9707  15.2789   0.0535     5.76    0.212  -4.33   0       31.6     1513.694     80.32292
       396    701.7560    171.5936     19018.71     403.2602  14.3020   0.0230     5.46    0.212  -8.15   0      73.33     3803.541     87.12875
       397    214.7223    172.6889     3819.703     309.1968  16.0449   0.0879     4.92    0.140 -46.11   0      17.71     867.6935     78.47379
       398    404.5734    167.7664     6611.104     360.2875  15.4493   0.0592     0.00    0.354  48.93   0      28.56     2062.174     82.66089
       399     44.7094    165.0792     24158.22      433.601  14.0423   0.0195     5.67    0.148 -16.08   0      85.24      4173.64     87.71416
       400    423.1470    163.8034     9008.927     413.8153  15.1133   0.0499     5.92    0.202 -24.10   2      35.77     1817.515     81.78435
       401    768.0991    163.2014     5498.941     386.0866  15.6493   0.0762     6.30    0.218 -17.04   0      22.05     1067.663     79.46635
       402    522.1494    154.6264     12621.54     560.0757  14.7472   0.0482     6.33    0.234 -20.29   0      32.54     1658.125     81.54241
       403    533.8701    150.8356     4147.831     358.7303  15.9554   0.0939     5.62    0.253 -31.38   0      16.69     828.6187     78.77972
       404    145.0031    148.9953     4345.503     347.1935  15.9049   0.0868     6.55    0.207   0.46   2      18.33     953.7446     79.13988
       405    147.9837    146.0184     5062.002     139.9718  15.7392   0.0300     0.00    0.008 -55.78   3      86.45     4863.357     89.85072
       406    599.4088    148.0851     3945.866     349.2971  16.0096   0.0961     6.43    0.521  -1.73   0      16.51     791.4993     78.88161
       407    771.8200    145.3007     7622.868     375.4611  15.2947   0.0535     5.67    0.222 -10.19   0      31.29     1556.846     80.23995
       408    188.9990    144.4640     15719.78     398.3078  14.5089   0.0275    11.54    0.242  -6.66   0      60.85     2971.656     84.93108
       409    521.3924    140.5763     5833.543     389.4678  15.5852   0.0725     5.01    0.234 -25.39   0      23.01     1122.869     79.83064
       410    438.4373    139.0126     10659.69     406.7018  14.9306   0.0414     5.80    0.215 -26.98   3      39.62     1885.381     82.37353
       411    445.3737    136.7455     18354.77     447.4292  14.3406   0.0265     7.65    0.264 -14.35   3      66.65     3365.906     85.78786
       412    922.4199    136.1044      5718.92     473.3829  15.6067   0.0899     7.57    0.549  88.60   0      18.29     662.0714     77.66425
       413   1017.0687    135.2879     8483.568      434.878  15.1786   0.0557     9.50    0.301 -41.47  16      31.44     1566.091     80.47104
       414    293.2787    133.3813     17759.89     424.4539  14.3764   0.0260     5.60    0.225 -12.71   0      68.38     3636.269     86.69132
       415    135.2483    133.9000      3393.86     338.1524  16.1733   0.1082     6.80    0.178 -80.16   0      16.23     686.7972     77.31173
       416     94.1817    133.0002     5654.558     409.9654  15.6190   0.0787     6.30    0.124 -11.46   0      23.26     1108.937     79.58431
       417     18.0284    129.4270     5007.986     397.3626  15.7508   0.0862     6.14    0.113 -12.55   0      19.39     944.0127     79.52715
       418    401.7800    118.6319     14356.22     521.2073  14.6074   0.0394     5.74    0.172  -6.66   2      43.44     1998.827     82.48654
       419   1021.3389    119.7364     12063.92     345.1252  14.7963   0.0311     5.19    0.086 -25.15  24      53.33     2859.548     84.43575
       420      7.4502    116.4477     5378.441     361.7921  15.6734   0.0731     5.91    0.279  -2.13  16      22.47     1102.766     79.77338
       421    812.1768    112.6001     5455.314     401.7386  15.6580   0.0800     6.39    0.349 -13.85   2      21.83     925.9432        79.06
       422    638.1906    108.2182     4634.406      304.433  15.8350   0.0713     6.49    0.444 -72.06   0      32.07      2298.76     82.91255
       423    416.2949    107.4163     8745.219      421.557  15.1456   0.0523     5.40    0.132 -34.01   0      33.99     1653.826     80.51418
       424    202.8577    107.4622     3489.029     338.2164  16.1432   0.1053     5.88    0.314 -23.99   0       15.6     751.4925     78.76626
       425    882.6577    100.2164     52299.19     499.3808  13.2038   0.0104     5.08    0.184 -16.17   0      167.3     9999.263     102.0179
       426    768.7831    103.5573      4131.59     354.0995  15.9597   0.0931     5.07    0.186   0.53   0      17.83     926.3626     79.47669
       427    606.8395    101.1637      7153.69     481.8236  15.3637   0.0731     8.74    0.172 -64.37   0      21.45     925.6562     79.05917
       428    365.3243     96.3077     41510.06     449.9824  13.4546   0.0118     5.29    0.149 -15.65   0      141.6     8022.203      97.0061
       429    997.0927     92.5975      8375.39     548.6808  15.1925   0.0711    10.39    0.620 -27.75   0      23.01     933.9903     79.08313
       430    504.2931     92.8379      6298.68     412.3241  15.5019   0.0711     6.43    0.381 -15.67   0      22.75     1114.739     78.76901
       431    937.3135     90.8726      5368.66     411.8112  15.6753   0.0833     4.27    0.175  22.58   0       19.8     893.2941     78.33796
       432    159.5016     86.3140     10661.53     486.8697  14.9305   0.0496     8.76    0.350 -14.19   3      35.58     1604.462     80.37471
       433    168.9533     80.5797      47299.7     483.6677  13.3129   0.0111     5.34    0.192 -16.01   3      153.5      8807.43     99.49296
       434    171.2375     72.1597     28476.19     486.7296  13.8638   0.0186     5.52    0.221 -17.20   3      101.2     5419.887     91.06693
       435    626.9931     86.3787     3956.554     352.8222  16.0067   0.0968     4.76    0.244  -7.47   0      15.73     911.2061     79.01762
       436     23.8142     83.4938     33480.27     503.9854  13.6880   0.0163     5.32    0.146 -15.87   0      113.1     6077.076     92.33654
       437    491.5013     84.6594     4980.291     373.8581  15.7569   0.0815     6.01    0.218  -8.79   0      21.26     1023.792     78.92458
       438    927.0822     78.5095     4996.235     383.6504  15.7534   0.0834     6.27    0.168 -18.61   0      21.02     983.6709     79.01764
       439    647.3611     76.6216      4518.93     383.3675  15.8624   0.0921     6.56    0.409 -27.54   0      17.76     891.5811     79.58437
       440     56.6226     74.8637     4112.826      372.226  15.9646   0.0983     6.50    0.081 -25.84   0      16.85      828.869      78.9892
       441    746.6448     72.1396     21243.74     473.0091  14.1819   0.0242     5.89    0.256 -10.46   0      75.85     3953.497     87.33066
       442    835.3188     71.9446      7320.93     401.7693  15.3386   0.0596     6.65    0.206  -1.88   0      30.19     1436.684     80.10473
       443    479.6678     70.2705     40774.83      483.155  13.4740   0.0129     5.30    0.177 -19.66   0      136.6     7634.263     96.26414
       444    357.7983     70.4542     8893.779     409.7526  15.1273   0.0500     5.76    0.185  -3.35   0      34.52      1696.82     81.24581
       445    805.1548     70.5299     3511.211     337.0119  16.1364   0.1042     4.96    0.112 -14.90   0      15.63     781.3728      78.6433
       446    873.1334     67.9581     7133.958     480.9591  15.3667   0.0732     8.33    0.385 -11.43   0      23.21     1012.457     79.30831
       447    324.8811     61.1988     47344.91     477.6937  13.3118   0.0110     5.25    0.190 -15.05   0      156.4     9113.275     100.0247
       448    295.3994     62.7012     11584.74     598.7487  14.8403   0.0561    11.50    0.329  19.81   3      31.56     1511.047     80.72447
       449    297.5753     53.0309     37670.14     639.5751  13.5600   0.0184     7.86    0.137  31.34   2        104     5325.885     91.19391
       450    205.6435     64.2129     4383.373     263.6483  15.8955   0.0653     5.30    0.320 -30.66   0      31.21     2188.951     83.00873
       451     31.2337     55.1148     40013.62     636.5385  13.4945   0.0173     9.96    0.427  22.92   0      108.2     4490.827      88.5322
       452    959.9858     52.6599     13459.94     392.8464  14.6774   0.0317     5.67    0.217 -11.44   0      53.32      2760.99     84.17004
       453    748.2459     51.7899     13049.25     498.8301  14.7110   0.0415     5.44    0.329 -24.19   2      43.72     2265.083     83.21691
       454    673.9427     51.0500     10543.04     470.4719  14.9426   0.0485     5.42    0.138 -10.47   0      37.83     1873.804     81.94062
       455     63.5393     51.1862     8457.372     365.9779  15.1819   0.0470     5.19    0.244  -6.82   0      36.96     1927.616     81.88889
       456    650.7606     45.5740     9551.461     479.5314  15.0498   0.0545     6.19    0.290 -10.14   0      32.91     1556.307     81.25813
       457    876.7717     41.4638     16627.75     418.9625  14.4479   0.0274     5.49    0.203 -14.81   0      65.24     3395.871     85.86721
       458    797.1348     42.6278     5851.098     384.1565  15.5819   0.0713     6.00    0.285 -13.76   0      23.89     1204.203      79.8559
       459    838.4430     41.9966     8841.217     433.1682  15.1337   0.0532     9.15    0.503 -23.88   0      37.88     1531.874     81.18977
       460    284.3509     38.8135     56785.84     496.4677  13.1144   0.0095     5.21    0.163 -19.26   0      180.4     10886.36     104.1336
       461    772.0723     39.2347     9397.944        379.8  15.0674   0.0439    10.01    0.383 -23.95   0      36.77     1656.217     81.13216
       462    528.9309     40.0522     4081.403     344.6397  15.9730   0.0917     5.97    0.384 -31.20   0      17.43     861.0053     78.66404
       463    450.0262     37.0293     8614.621     448.9201  15.1619   0.0566     6.61    0.428 -13.04   2       28.1     1480.202     81.04499
       464    304.0168     38.1206     4072.345     376.5997  15.9754   0.1004     3.74    0.473  -5.57   0      14.51     779.6707     78.63839
       465    628.9438     36.2323     2298.569     135.4104  16.5964   0.0640     1.28    0.087  73.61   0      35.11     2240.736     82.55411
       466    802.9745   1021.0477     3644.108     337.1015  16.0960   0.1005     6.88    0.272   1.62  16      15.74      741.097     78.94513
       467   1019.4585     32.2988     11486.46     433.6054  14.8495   0.0410    11.86    0.442  12.00  24      38.16     1456.054     80.15966
       468    113.4179     27.5608      14577.7     467.1588  14.5908   0.0348     5.89    0.256 -18.33   0      53.44     2754.446      84.7374
       469    257.3807     24.5433     7303.637     328.4666  15.3412   0.0488     6.25    0.223 -16.95   0       32.2     1506.165     80.71072
       470    385.0086     24.1226     3994.115     343.3853  15.9964   0.0934     4.71    0.070 -24.84   0      18.46     954.6045     79.14235
       471    999.4128   1014.5836     28632.14     427.3557  13.8579   0.0162     5.26    0.155 -14.85  16      105.7     5731.492     91.84129
       472    953.1384   1012.4327     68622.95      477.475  12.9088   0.0076     5.19    0.107 -16.27  16      215.1     13152.25     108.6641
       473    958.6734     15.1036     2247.201     264.9268  16.6209   0.1280     5.37    0.505 -12.50   0      12.07     616.0674      77.5295
       474    227.6437   1012.0626     3300.293     320.5887  16.2036   0.1055     5.30    0.293 -16.87   0      15.14     755.0269     78.56713
       475   1021.8857   1007.5479     6608.108     268.6418  15.4498   0.0441     4.92    0.071 -56.02  24      33.55     1738.419     80.95628
       476    198.0146   1007.4678     6588.457     423.3204  15.4530   0.0698     5.44    0.292 -15.27   0      25.11     1266.452     80.03287
       477     93.1228   1005.7471     14115.01      434.981  14.6258   0.0335    10.19    0.398 -18.78   0       60.7     1907.828     81.63247
       478    167.8169    999.5306     22314.05     404.0956  14.1286   0.0197     5.39    0.235 -18.39   0      83.22      4492.05     88.90656
       479     29.8057   1002.7018     4411.594     372.4083  15.8885   0.0917     6.45    0.260  -4.42   0      16.84     797.3056     78.68934
       480    485.4253    994.3378     13251.67     442.0443  14.6943   0.0362     5.51    0.151 -22.83   0      46.14     2307.222     83.13406
       481     10.9309    993.0205      6740.78     388.9398  15.4282   0.0627     5.07    0.193 -38.71   0      26.31     1371.121     80.53429
       482    777.2398    987.1157     40586.64     445.8372  13.4790   0.0119     5.13    0.147 -11.88   0      140.7     8033.498     97.03257
       483    428.0835    988.0005     7517.406     418.9337  15.3098   0.0605     6.48    0.332 -25.23   0      29.18     1379.754     80.76282
       484    326.9389    988.1726     10744.17     413.7734  14.9221   0.0418     5.32    0.206 -15.21   0      42.85     2211.092      82.6719
       485    540.3625    974.0748      14528.7     522.8597  14.5944   0.0391     5.49    0.158  10.93   2      56.85     1861.106     81.70409
