#   1 NUMBER                 Running object number                                     
#   2 X_IMAGE                Object position along x                                    [pixel]
#   3 Y_IMAGE                Object position along y                                    [pixel]
#   4 FLUX_AUTO              Flux within a Kron-like elliptical aperture                [count]
#   5 FLUXERR_AUTO           RMS error for AUTO flux                                    [count]
#   6 MAG_AUTO               Kron-like elliptical aperture magnitude                    [mag]
#   7 MAGERR_AUTO            RMS error for AUTO magnitude                               [mag]
#   8 FWHM_IMAGE             FWHM assuming a gaussian core                              [pixel]
#   9 ELLIPTICITY            1 - B_IMAGE/A_IMAGE                                       
#  10 THETA_IMAGE            Position angle (CCW/x)                                     [deg]
#  11 FLAGS                  Extraction flags                                          
#  12 SNR_WIN                Gaussian-weighted SNR                                     
#  13 FLUX_APER              Flux vector within fixed circular aperture(s)              [count]
#  14 FLUXERR_APER           RMS error vector for aperture flux(es)                     [count]
         1    233.8396     30.4430      55311.4     413.1954  13.1430   0.0081     4.67    0.115 -30.79   0      202.7     12092.12     100.1578
         2    596.2830     22.7159     22563.74     453.9743  14.1165   0.0218     6.09    0.221  89.07   0      83.84     3710.322     78.87756
         3    969.1239     24.3399     11861.01     449.3017  14.8147   0.0411     9.60    0.412  22.01   0      42.35      1490.41     72.19847
         4     62.8493     19.3896     14463.51     384.2575  14.5993   0.0289     5.42    0.064 -15.88   0      63.81     3153.981     77.59074
         5    206.1133     15.7664     8877.671     302.7315  15.1293   0.0370    10.16    0.247  35.52   0      43.62      1785.81     73.12244
         6    334.2780     16.2389     3197.337     257.9097  16.2380   0.0876     5.14    0.038 -72.18   0      20.01     961.9863     70.69791
         7    178.8504     13.6853     17030.14      346.167  14.4220   0.0221     4.78    0.169 -13.76   0      77.51     3776.213     78.90408
         8     21.6642      9.6022     13356.86     322.4741  14.6857   0.0262     4.75    0.048 -10.93  16      63.28     3181.407     77.67104
         9    605.5623      6.2006     5013.585      295.488  15.7496   0.0640     5.01    0.030 -27.01  16      26.08     1197.946     71.81215
        10    908.0609      6.6016     2692.542     213.7138  16.4246   0.0862     4.05    0.194  16.94  16      16.73     841.7348     70.49328
        11    582.3333      5.3617     5928.888     329.1558  15.5676   0.0603     4.97    0.076 -35.18  16      27.26     1232.415     71.56197
        12    862.5209      4.3846     9897.127     298.1422  15.0112   0.0327     4.59    0.157  -4.58  24      50.19     2474.297     75.40297
        13    748.3748      3.6185     8777.659      298.369  15.1416   0.0369     5.77    0.148 -25.61  24      42.47     1822.709     73.76292
        14    981.4236      4.6827     2093.626     149.0309  16.6978   0.0773     1.19    0.114  19.05  16       30.9     1814.733     73.38805
        15    118.0955      2.6977     7509.141     223.1492  15.3110   0.0323     8.80    0.420  -7.10  24      42.78     1645.893     72.33089
        16    699.2062      1.8850     14196.38     257.6109  14.6196   0.0197     5.50    0.605  -0.40  24      79.86     4809.674     81.82669
        17    276.5468    979.9769      10964.9     383.8645  14.9000   0.0380     5.86    0.143   0.38   0      47.94     2246.827     74.88645
        18    763.6655   1022.8990     3228.093     212.7741  16.2276   0.0716     4.56    0.297   8.11  24      20.64      1086.87     70.55251
        19    621.2656   1021.2568     5438.053     331.7424  15.6614   0.0663     6.07    0.185  13.99  24      22.42      863.507     70.38062
        20    450.4504   1022.3496     142061.5     380.9176  12.1188   0.0029     7.10    0.353  -0.80  24      422.5      34760.1     142.8723
        21    857.1732    980.9989     2402.886     259.7012  16.5482   0.1174     5.03    0.206   7.53   0      14.51      721.925     70.28948
        22    491.0425    976.6203      24100.3     397.2808  14.0449   0.0179     4.63    0.047  74.51   0      100.7     5198.173     83.51808
        23    769.0049    977.0327     24372.13     422.5753  14.0328   0.0188     4.65    0.248 -27.97   0      96.91     5114.113     83.28902
        24    895.0620    973.9883     51132.46     376.5297  13.2283   0.0080     4.41    0.068  -5.07   0      195.6     12316.12     100.7927
        25    558.6677    975.4969     2570.146     292.5035  16.4751   0.1236     5.67    0.239  37.65   0       13.5     580.6606     69.08928
        26    708.8459    972.2459     7544.704     319.3616  15.3059   0.0460     4.64    0.127 -11.85   0      39.64     1949.057     73.80286
        27    971.0059    972.3616     4670.089     137.3752  15.8267   0.0319     0.89    0.175 -89.52   0      70.78     4698.293     82.14652
        28    255.6963    969.5966      31352.3     363.5099  13.7593   0.0126     4.54    0.083 -13.32   0      130.7     7095.462      88.2391
        29    644.9178    969.6460     5968.502     320.2558  15.5603   0.0583     4.81    0.142 -32.24   0      30.58     1459.296     71.92154
        30    379.7905    970.5969     2840.471     160.5325  16.3665   0.0614     2.56    0.460 -26.05   0      34.85     2420.861     75.24174
        31    489.7322    965.9565     10129.83     379.1456  14.9860   0.0406     4.72    0.077  11.46   0      44.34     2143.907     74.40047
        32    382.7413    960.8535     6354.706     286.5745  15.4923   0.0490     5.36    0.106   0.53   0      31.76     1422.866     72.52049
        33     43.6281    957.4854      17045.9     441.0961  14.4209   0.0281    13.15    0.157 -71.66   3      64.51     2961.601     76.68991
        34     33.9132    949.3608     90729.73     420.9118  12.6056   0.0050    10.78    0.120 -39.18   2      288.7     19826.86     116.2824
        35    504.7814    953.7000     9368.149     300.9666  15.0709   0.0349     5.05    0.093 -43.78   0      46.22     2131.683     73.84152
        36    102.0581    952.1141     41879.43     414.3805  13.4450   0.0107     4.55    0.041 -11.48   0      160.8      9236.41     93.31538
        37    899.4017    952.5114     6624.447     292.3501  15.4471   0.0479     9.21    0.321  30.59   0      33.34     1186.796     71.41695
        38    837.6288    951.1976     10495.79     418.9075  14.9475   0.0433     0.00    0.317  17.11   0      42.42     1451.369     72.60976
        39    141.3029    953.5409     12909.74     176.0449  14.7227   0.0148     0.00    0.521 -56.33   0      136.4     10866.73       97.205
        40    825.9774    945.8286      2216.87     120.5647  16.6356   0.0591     0.99    0.122 -87.97   0      44.57     2146.218     74.75304
        41    779.5914    945.6699     3512.231     275.0988  16.1360   0.0851     5.57    0.215   6.03   0      18.28     815.4418     70.22523
        42    583.6749    944.9103     2801.363     279.1648  16.3816   0.1082     5.87    0.109  64.06   0      15.94     739.2811     69.60912
        43    737.4385    943.8651      5380.92     362.3336  15.6729   0.0731     4.62    0.168  -5.29   0      23.99     1185.284     71.41214
        44    268.4218    944.5571     3175.817     277.1548  16.2454   0.0948     5.73    0.135   9.50   0      17.03     821.9956      70.6123
        45    361.0653    937.7026      11253.9     150.0293  14.8717   0.0145     1.29    0.079  82.21   0      115.6     10415.18     96.14345
        46    122.4222    950.7772     31103.32     352.5562  13.7680   0.0123     4.63    0.054 -24.35   0      130.6      7166.75     88.71346
        47    425.0084    935.7060     13904.12     345.9755  14.6421   0.0270     4.64    0.138  -5.01   0      65.62     3252.476      77.7131
        48    514.7651    931.7717     53409.59     513.7305  13.1810   0.0104     6.47    0.410 -62.62   0      179.5     8971.167      93.2216
        49    282.7652    956.0754     6567.206     140.4787  15.4565   0.0232     4.92    0.277 -18.00   0      99.84     5772.241     84.76246
        50    843.6780    927.7242     6268.881      390.261  15.5070   0.0676     8.23    0.122  -3.42   0      27.69      1297.27     71.22704
        51    353.1665    925.4494     6187.622     395.9496  15.5212   0.0695     5.40    0.202  20.26   2      22.89     960.3948     70.69279
        52    461.5699    922.3222     2700.836     256.2177  16.4213   0.1030     4.03    0.104  38.32   0      17.43     834.2595      70.2861
        53    713.4155    918.8751     20672.35     374.3913  14.2115   0.0197     4.66    0.081 -52.69   0      90.93      4619.56       81.771
        54    758.0918    919.9791     4120.927     296.9778  15.9625   0.0783     4.60    0.063 -50.40   0      22.48     1095.859     70.58145
        55    602.3378    919.3311     5838.307     329.0933  15.5843   0.0612     4.67    0.095 -45.45   0      28.73     1322.305     71.84689
        56    583.0865    918.1968      5509.58       317.91  15.6472   0.0627     5.28    0.103 -16.66   0      28.69     1362.954     72.15414
        57   1013.0598    914.3561     18086.94     372.8186  14.3566   0.0224     4.49    0.041 -19.69  16      83.08     4346.971     80.85062
        58    975.0739    916.7074     3319.354     297.4485  16.1974   0.0973     3.77    0.197  54.59   0      16.02     757.1024     69.66727
        59    311.4766    913.7732     11199.15     268.4906  14.8770   0.0260     0.00    0.389   6.40   0      69.31     3189.718     77.52935
        60    225.7443    914.5956     3609.189     279.8217  16.1065   0.0842     4.56    0.042  74.84   2      19.19     935.2961     70.79428
        61    840.6507    912.9045     9365.086     424.4091  15.0712   0.0492     4.38    0.148  -9.54   2      32.09     963.5031     70.15398
        62    121.0066    925.8743     15559.45     269.7791  14.5200   0.0188     8.31    0.201 -78.00   2      84.04     6637.191     86.90262
        63    847.2665    912.6061     7188.383     519.5823  15.3584   0.0785     5.86    0.395   1.93   1      33.24     765.0127     70.06184
        64    442.3104    911.4221     4325.203     304.6277  15.9100   0.0765     0.00    0.476  62.44   0      22.77     887.5725     69.90755
        65    346.1845    910.8960     3589.894     301.9526  16.1123   0.0913     6.23    0.273 -84.01   0      17.84     807.5919     70.01605
        66    200.6207    909.4788     4165.207      312.856  15.9509   0.0816     5.72    0.140 -13.26   0      21.73     940.4206     70.81073
        67    981.8109    909.0367     3254.083     301.6998  16.2189   0.1007     5.55    0.383 -10.28   0      14.74     666.1257     70.29237
        68    517.0984    906.1293     5309.335     324.7848  15.6874   0.0664     4.37    0.132  -1.35   0      27.15     1261.861      70.7507
        69    708.9664    906.0128     6089.893     340.8036  15.5385   0.0608     4.39    0.267 -22.03   0      27.63     1397.053     72.61719
        70    430.1331    904.4852     5325.169     347.7831  15.6842   0.0709     4.92    0.024 -72.07   0      27.17     1193.614     71.07703
        71   1006.6587    900.8577     10473.59     399.2097  14.9498   0.0414     6.64    0.130 -12.40   0      45.15     2187.496     74.87843
        72    935.8947    899.7949     12460.34     325.8202  14.7612   0.0284     4.70    0.124  -1.10   0      59.28     2928.799     76.76067
        73    105.8570    898.2731     12690.26     380.6773  14.7413   0.0326     4.68    0.059 -36.17   0      56.59     2713.768      75.9519
        74    352.0548    897.8751     1965.151     122.7421  16.7665   0.0678     4.43    0.160 -63.28   0      46.82     1809.302     73.19543
        75    852.7558    895.7405     4357.861      299.319  15.9018   0.0746     5.62    0.042  10.08   0      22.86     1033.413     70.92715
        76    399.1476    893.2512     42822.57     395.0126  13.4208   0.0100     4.60    0.069 -29.40   0      167.3     9702.673     94.98826
        77    876.4689    894.0719     13443.96     385.3295  14.6787   0.0311     5.22    0.200  12.13   3      57.08      2671.73       75.826
        78    870.6635    889.5472     12448.88     383.9041  14.7622   0.0335    10.39    0.331 -11.11   3      56.96     2486.443     75.43958
        79    668.4102    894.1197     4285.989     229.8693  15.9199   0.0582     4.82    0.149   8.19   0      24.87     1189.173     71.42451
        80    508.0907    892.8461     2211.511     259.5336  16.6383   0.1274     5.49    0.386 -82.05   0      14.27     686.2733     69.43583
        81    881.0566    886.3330     4315.629       328.04  15.9124   0.0825     6.36    0.290 -17.56   1       17.6      809.798     70.20696
        82    474.8613    885.0491     3441.742     308.1773  16.1581   0.0972     6.06    0.321 -71.96   0      15.53     709.0261     69.87999
        83    274.1740    884.5366     5227.107      326.705  15.7043   0.0679     4.47    0.097  20.30   0      25.76     1198.214     71.63336
        84    179.1924    877.0331     33998.84     440.3375  13.6713   0.0141     7.29    0.280  17.97   2      117.9     4766.891      82.3361
        85    161.9991    880.8417     3701.816     123.3321  16.0790   0.0362     1.03    0.094  89.96   0      67.83      3799.81     79.62193
        86    333.8811    878.4349     6803.459     337.4828  15.4182   0.0539     4.76    0.049 -34.96   0       34.9     1671.228     72.94228
        87    544.4758    875.8733     17815.34     407.3409  14.3730   0.0248     4.58    0.044  48.04   0       73.7     3660.412     78.56982
        88    599.4279    874.7161     5947.279     307.9346  15.5642   0.0562     4.89    0.071 -23.50   0      30.17     1395.344     71.89859
        89    474.9572    875.3371     3288.216     320.3652  16.2076   0.1058     6.00    0.098  82.54   0       15.8     694.3858     69.83235
        90    867.1320    874.0981     1496.355     124.4859  17.0624   0.0903     0.00    0.256  45.59   0      37.23     1294.319     71.39832
        91    531.8426    871.1082      21889.1     390.2788  14.1494   0.0194     4.60    0.084  -1.75   0      95.17     4873.956     81.84778
        92     28.1306    872.1837     6522.587      420.593  15.4640   0.0700     7.17    0.360 -45.25   0      23.39     975.4023     70.92292
        93    805.5787    868.3423     73780.53     419.4098  12.8301   0.0062     4.54    0.105 -15.01   0      251.9     16414.18     109.6445
        94    738.7790    871.9289     4653.076     385.1599  15.8306   0.0899     5.65    0.186  37.61   0      19.93     854.4731     70.53434
        95    400.8037    863.8920     174039.1      476.733  11.8984   0.0030     4.58    0.026  -2.12   2        450     38383.02     148.3501
        96    396.2384    848.1288     38006.09      393.052  13.5504   0.0112     4.54    0.041  64.80   2      151.5     8544.494     91.89553
        97    208.7587    868.6680     10090.49     287.2884  14.9902   0.0309     5.69    0.059 -88.16   0      50.18      2375.49     75.10457
        98    575.4009    862.5679     6622.031      371.876  15.4475   0.0610     5.27    0.173  14.13   0      29.73     1366.055     72.34222
        99     80.9216    861.8933     5025.394      369.158  15.7471   0.0798     8.23    0.353  70.98   0      21.07     1007.686     70.66257
       100    668.1546    861.5104     3705.481     275.2584  16.0779   0.0807     7.44    0.268 -14.74   0      20.57     838.9712     69.93385
       101    694.3931    861.0207     4332.254      321.105  15.9082   0.0805     3.77    0.238  55.56   0      20.76     1028.102     70.91013
       102    623.8690    857.2109      3463.41     208.4399  16.1512   0.0654     7.09    0.259  39.30   2      19.95     908.1805     70.52473
       103    620.0178    854.0184     2502.289     121.1015  16.5042   0.0526     0.00    0.023  49.55   3      57.05     2413.985     75.56275
       104    558.1762    855.2089     9841.562     449.7137  15.0173   0.0496     6.37    0.209 -13.71   3       37.9     1626.461     72.97942
       105    565.5037    853.6307     9094.684     436.9801  15.1030   0.0522     5.95    0.120   2.98   3      32.95     1417.878     71.43071
       106    754.4130    854.1205     3566.705     326.5358  16.1193   0.0994     6.35    0.197  48.77   0      16.83     752.2919     70.02056
       107     38.9533    852.9424     8501.307     329.9525  15.1763   0.0421     4.85    0.083  25.07   0      40.72     1931.712     73.92393
       108    243.6870    850.9843     9744.396     432.1314  15.0281   0.0482     5.02    0.103 -19.64   0      37.65     1828.579     73.25526
       109    928.2515    845.5012     5747.542     255.1466  15.6013   0.0482     0.00    0.050 -72.65   0      44.24     2879.469      76.1083
       110    979.6620    843.8456     4493.267     263.9759  15.8686   0.0638     4.87    0.127   7.82   0      23.17      1036.81     70.93804
       111    101.1401    838.4638     21234.82     334.7832  14.1824   0.0171    12.28    0.062  56.38   0      93.08     4696.917     81.82841
       112    286.7771    839.3190     3575.333     308.2758  16.1167   0.0936     3.59    0.065 -16.45   0      18.98     921.2886     70.56696
       113    765.9222    844.6926     3267.515     260.4567  16.2145   0.0866     8.00    0.366  87.30   0      18.14      724.042     69.74432
       114    155.5149    832.4128       150812     462.0559  12.0539   0.0033     4.65    0.064 -26.95   0      410.9     32602.79     139.1208
       115    423.7468    830.9860     4070.792     259.9204  15.9758   0.0693     4.37    0.096   0.39   0      24.25     1212.692     71.67928
       116    931.2610    824.2693     3752.135     287.8794  16.0643   0.0833     6.62    0.424  81.34   0      20.92     1218.864     71.51893
       117     35.5593    821.9591     7169.227     329.0337  15.3613   0.0498     6.65    0.108  76.84   0      35.65     1651.136     72.87965
       118    543.5811    821.4056      3199.31     322.3071  16.2374   0.1094     6.19    0.098  32.76   0      16.06      710.657     69.88529
       119    219.7582    815.1333     4316.984     268.6632  15.9120   0.0676     4.30    0.069  34.54   0      23.61     1138.188      71.2621
       120    402.9915    811.1987     13524.28      301.963  14.6722   0.0242     4.92    0.092 -13.64   0      64.53     3137.581     77.37636
       121    715.9276    810.6923     4348.743     336.7834  15.9041   0.0841     5.09    0.278 -16.91   0      17.43     743.7479      69.6237
       122     26.9522    807.7885     20795.41     379.5919  14.2051   0.0198     4.48    0.054  -9.64   0      92.22     4861.728     82.59746
       123     93.6635    807.2900     21901.17     338.1054  14.1488   0.0168    11.01    0.169 -11.44   0      104.1     7472.772     88.91629
       124    243.7970    807.4166     6163.693     342.7376  15.5254   0.0604     5.21    0.126 -24.51   0      31.04     1392.825     72.06962
       125    278.6738    803.0870     19250.09      380.363  14.2889   0.0215     4.61    0.087 -13.05   3      82.86     4103.659     79.68013
       126    132.5144    804.7222     3403.663     296.4283  16.1701   0.0946     4.98    0.029 -13.45   0      16.84     774.4913     69.72398
       127    800.0976    802.9523     4350.591     299.3135  15.9036   0.0747     4.46    0.102 -44.90   0      23.45     1122.907      70.6685
       128    947.3656    801.4010     6826.951      359.675  15.4144   0.0572     4.98    0.115  78.32   3      32.55     1543.711     72.89822
       129    946.5410    795.5053     4572.823     338.8412  15.8495   0.0805     5.21    0.180 -32.84   3      20.65     943.5478     70.08929
       130    429.4051    801.3629     6896.872     366.8126  15.4034   0.0578     4.62    0.029 -16.02   0      29.27     1355.203     72.30813
       131    704.3522    799.7737     4147.717     299.1594  15.9555   0.0783     0.00    0.529 -51.38   0      21.44     1649.541     73.22742
       132    893.4607    792.5169     133251.8     464.5653  12.1883   0.0038     9.20    0.131  -6.05   0      376.9     29872.82     134.4914
       133    670.1899    799.2358     5052.507     359.4492  15.7412   0.0773     8.68    0.472  21.36   0      20.79     731.4716     70.32034
       134    589.3846    790.1708     19246.13     353.1346  14.2891   0.0199     5.24    0.078 -10.91   0      87.25      4483.83     81.55102
       135    722.2355    789.6594      9651.86     499.8269  15.0385   0.0562     7.89    0.289   4.00   2      28.82     1069.764     71.04354
       136    238.4803    794.1490     7146.445     341.5075  15.3648   0.0519     4.81    0.074  -2.90   0      35.42     1633.728     72.47065
       137    369.6441    789.7835     5329.339     328.7416  15.6833   0.0670     5.89    0.149 -13.65   0      25.23     1045.383     71.32768
       138    700.1833    788.7476     5127.926     270.5416  15.7251   0.0573     8.84    0.249 -34.18   0      27.74     1206.193     71.65868
       139     43.7475    786.2914     2256.392     130.8839  16.6165   0.0630     1.91    0.291 -43.22   0       38.5      2138.62      74.0371
       140    453.7957    786.0078     2153.578     142.4951  16.6671   0.0719     4.41    0.139   6.11   2       41.5     1742.514     73.16406
       141    269.8458    802.5840     8899.324     406.3187  15.1266   0.0496     5.58    0.183  -7.93   3      34.07     1454.215     72.61867
       142    579.6274    777.6965     4910.268     236.0094  15.7722   0.0522     5.38    0.089 -11.02   0      27.86     1249.068     70.89156
       143    273.2301    772.5920     3231.237      308.022  16.2266   0.1035     6.06    0.169  -6.77   0         16     737.8098     70.34083
       144    902.2639    769.9161     13196.88     398.3387  14.6988   0.0328     4.56    0.060   6.78   0      57.65     2846.795     76.17999
       145    194.9824    766.9641     9193.494     133.0678  15.0913   0.0157     4.30    0.067  62.05   0      128.9     8733.631     92.77966
       146    979.9148    763.2682     3661.481      306.243  16.0909   0.0908     5.11    0.351  26.13   0      18.65     897.1925      70.1228
       147    723.6367    761.2207      17380.3     297.3634  14.3999   0.0186     4.55    0.071  -8.13   0      83.27     4343.211     81.31678
       148    944.4037    761.9194     5158.128     333.4879  15.7188   0.0702     5.15    0.126  -4.95   0      24.57     1121.413     71.38927
       149    573.5439    760.8920     3509.883     250.5879  16.1368   0.0775     6.22    0.184  31.44   0      21.04     955.4788     70.31145
       150    150.9388    760.3594     9239.652     341.9571  15.0859   0.0402     5.00    0.082 -10.78   0      44.62     2059.582     74.14244
       151     20.3434    761.6055     3063.221     295.0776  16.2846   0.1046     5.70    0.147 -47.73   0      15.84     695.3569     70.01976
       152    234.4551    758.4443     4556.061     349.1302  15.8535   0.0832     5.53    0.121  88.04   0      20.37     882.3508     70.62411
       153    530.0096    756.3508     3063.535     134.6911  16.2844   0.0477     0.87    0.172 -89.86   0      54.07     3071.656     77.34923
       154    431.9750    755.5616     3920.527     306.4351  16.0166   0.0849     5.04    0.211  11.91   0      20.31     948.8942     71.20075
       155    139.6431    753.4801     5243.511     353.2438  15.7009   0.0732     5.98    0.217 -28.77   0      24.19     1093.641     70.93849
       156    451.7428    749.3030     3851.076     274.2064  16.0360   0.0773     5.84    0.231 -14.29   0      20.88     896.4495     70.12039
       157    268.7997    746.8174     2597.492     289.2026  16.4636   0.1209     5.25    0.056 -44.13   0      14.34     661.7899     69.72619
       158    665.5189    740.8488     18935.97     493.0473  14.3068   0.0283     4.56    0.135 -24.27   2      64.11     2504.503     75.15186
       159    695.4515    741.9443     25885.87     396.6803  13.9673   0.0166     4.51    0.065 -26.79   0      109.4     5884.723     85.36591
       160    492.5618    737.1202     12535.64      393.075  14.7546   0.0341     4.95    0.123  -3.45   0      55.48     2633.317     75.88076
       161     14.3328    738.2660     5506.894     321.9353  15.6477   0.0635     5.16    0.059 -27.46   0       25.3     1109.491     70.98925
       162    468.1924    735.6634     23466.96     329.5224  14.0739   0.0152     4.59    0.036 -12.16   0      104.8      5482.43     84.13507
       163   1021.3533    736.0748      3504.06     271.5567  16.1386   0.0842     6.16    0.178  40.99  16      18.15     753.6408     69.84071
       164    518.1182    733.4513     16249.94     382.7967  14.4729   0.0256     4.65    0.053   4.70   0      73.43     3672.087     78.60358
       165    177.0069    729.0739      52811.3     420.3335  13.1932   0.0086     4.59    0.062 -21.80   0      194.2      11596.6     99.02698
       166    950.6350    729.3707     29699.68     385.7222  13.8181   0.0141     5.45    0.051 -37.29   0      121.5     6614.195      87.2864
       167    713.7990    728.2109     20442.36     301.8364  14.2237   0.0160     4.44    0.079 -13.52   0      97.53     5227.216     83.28827
       168    830.0503    729.3468     3730.804     314.5947  16.0705   0.0916     5.15    0.104 -23.46   0      17.57      768.081     70.43857
       169    582.0309    726.3276     8785.288     436.8192  15.1406   0.0540     0.00    0.142  74.37   0      33.53     931.7468     70.60063
       170     77.9424    727.7394     3580.609     295.4759  16.1151   0.0896     4.06    0.230 -42.35   0      19.66     999.6301     71.00052
       171    437.3985    726.0536     3909.327     239.1194  16.0197   0.0664     5.54    0.142 -39.94   0      22.07     1019.066     70.88116
       172    142.1151    725.1594     7213.322     300.4091  15.3547   0.0452     4.59    0.086  45.53   0      37.68     1799.669      72.9892
       173    221.3068    713.5692     20401.86     385.2538  14.2258   0.0205     4.66    0.049 -15.28   0      88.73     4346.965     80.21066
       174    494.6414    715.0554     2664.289     243.2878  16.4360   0.0992     6.93    0.472 -34.73   0      16.46     627.6117     69.79953
       175    181.7312    712.4417     19959.82     419.4283  14.2496   0.0228     4.66    0.082 -10.79   0      85.59     4359.012     80.88447
       176    695.2583    710.4536     5760.667     364.3441  15.5988   0.0687     4.96    0.050  64.06   0      27.37     1257.078     71.99905
       177    463.1325    706.1959     12484.72     365.8831  14.7591   0.0318     4.87    0.099  -1.10   0      58.38     2867.397     76.57865
       178    940.0164    708.4653      26566.5      371.939  13.9392   0.0152     4.97    0.081   1.35   0      115.2     6141.032     85.74559
       179    797.3624    705.6987     4966.132     353.9764  15.7600   0.0774     5.24    0.115  77.21   0      19.01     883.2505     69.70892
       180      4.3445    706.6114     3151.336     271.2613  16.2538   0.0935     5.07    0.159 -46.89  16      16.03      687.419       69.994
       181    786.2695    705.4730     2868.995     274.5668  16.3557   0.1039     4.04    0.046  77.65   0       16.3     763.9498     69.87424
       182    624.0522    707.6875     4326.138     329.0277  15.9097   0.0826     4.04    0.068  20.86   0      21.45     1019.572     70.51832
       183    208.4644    705.6902     4601.181      353.742  15.8428   0.0835     6.22    0.227   9.78   0      17.79     800.3995     69.80838
       184     28.9283    698.2397     49395.14     405.1865  13.2658   0.0089     4.57    0.005  81.34   0      182.5     10715.14     97.11564
       185    347.3558    702.8940     4016.425     327.8326  15.9904   0.0886     7.42    0.240  31.24   0      18.63     788.8538     69.58588
       186    391.4566    697.0820     47706.68     375.3154  13.3036   0.0085     4.57    0.045 -25.92   0      183.1     10637.11     96.66665
       187    169.2742    694.2325     18463.49     349.8795  14.3342   0.0206     4.54    0.091 -22.88   0       84.8     4307.393      80.7393
       188    963.1937    695.2914     3550.896      305.107  16.1242   0.0933     7.03    0.258 -47.77   0      18.18     756.1342     70.03303
       189    268.8628    692.4080     20823.14     392.9501  14.2036   0.0205     8.14    0.130 -26.81   0      86.89     4324.117     80.94569
       190    861.6787    685.5804     2591.188     261.1024  16.4663   0.1094     5.19    0.126 -70.24   0      15.01      709.231     70.06478
       191    285.7610    685.3802     3901.029     357.8214  16.0221   0.0996     6.94    0.148 -19.14   0      16.11     609.8938     70.11031
       192    225.2832    681.7083     4895.752     314.4124  15.7755   0.0697     5.18    0.094 -50.79   0      24.14     1065.156     70.84718
       193    737.4032    679.1597     14945.12     332.4293  14.5638   0.0242     5.20    0.014  14.56   0      69.02     3395.233      78.4586
       194    706.9022    677.9103     4513.341     286.2379  15.8638   0.0689     4.87    0.125 -21.49   0       23.7     1093.907     70.57517
       195    345.3855    675.7917     4175.063     387.3803  15.9483   0.1008     7.28    0.673  33.96   0      15.96      488.246     69.15821
       196    903.5208    674.1628      3508.21     273.9221  16.1373   0.0848     3.32    0.129  30.61   0      19.04     964.7112     70.70667
       197    329.1619    672.5350     2948.856     289.4785  16.3259   0.1066     5.71    0.101  -9.00   0      15.99     752.2982     70.02058
       198    530.2999    670.3576     2105.972     146.8728  16.6914   0.0757     3.76    0.458  52.69   0      32.47     1540.021     71.63866
       199    658.2886    667.9409     6330.273     314.4249  15.4964   0.0539     5.78    0.161 -34.35   0      32.92     1563.558     72.25026
       200    546.9575    663.3251     24630.51     369.0125  14.0213   0.0163     4.64    0.091  -5.58   0      107.4     5563.498      84.2009
       201    979.0159    664.3724     8455.396     325.0027  15.1822   0.0417     5.25    0.153  -6.63   0      41.38     2033.701     74.41017
       202    568.5070    666.0286     3385.917     284.2103  16.1758   0.0912     5.51    0.266  -0.81   0         17     788.3821     69.39893
       203    793.0934    664.0329     2721.058     124.1339  16.4132   0.0495     4.44    0.158  29.35   0      57.04     2348.656     74.33322
       204    711.2065    662.5099     2973.028      282.743  16.3170   0.1033     5.11    0.123 -12.97   0      16.03     731.4348     69.95283
       205    472.1767    660.6606     3795.578     140.5803  16.0518   0.0402     2.64    0.370 -63.86   0      61.56     2933.037     76.77322
       206    125.2693    659.0222     4000.493     323.8676  15.9947   0.0879     7.03    0.225 -26.08   0      18.89     841.5539      70.4927
       207    403.6628    657.1207      3597.69     291.0961  16.1099   0.0879     4.48    0.094  60.84   0       20.3     981.9968      70.5799
       208    184.1118    653.3101     39315.66     358.7101  13.5136   0.0099     4.61    0.047 -18.16   0      157.6     8845.081     92.49677
       209    718.8137    653.2030     8622.662     335.8407  15.1609   0.0423     4.38    0.070  28.08   0      43.03     2152.947     74.42809
       210    527.7427    654.6415     2527.043     243.1595  16.4935   0.1045     4.88    0.218  23.81   0      15.55     741.3132     69.98492
       211    612.8226    650.8919       3009.5     150.4211  16.3038   0.0543     0.00    0.168  31.84   0      43.01      1990.63     73.40611
       212    519.7391    644.1739     5801.083      339.664  15.5912   0.0636     5.04    0.149  -7.74   0      26.79     1244.716     71.78075
       213    163.6459    641.5119     8159.622      321.807  15.2208   0.0428     4.89    0.042  -5.68   0      41.23     1898.669     73.29681
       214    881.3373    638.4438     4260.348     334.8052  15.9264   0.0853     8.28    0.421 -15.43   0      22.16     903.2891     70.50896
       215    139.3081    633.2790     4120.635     317.9302  15.9626   0.0838     5.41    0.010 -36.85   0      20.15      854.275     70.16742
       216    820.3575    627.0869      6967.97     393.1335  15.3922   0.0613     5.79    0.274  53.85   0      29.48     1345.573     71.56127
       217    203.8891    628.9200     2366.095     126.0638  16.5649   0.0579     0.00    0.246  45.42   0      52.23     1992.447      73.7619
       218    907.7407    626.4636     7260.397     304.7028  15.3476   0.0456     9.28    0.154 -22.54   0      36.72     1500.669     72.40891
       219    311.6428    624.1953     7755.409     263.1225  15.2760   0.0368     8.40    0.234 -70.34   0      47.84     2867.282     76.91407
       220    140.6319    626.0807     4323.802     329.0261  15.9103   0.0826     7.85    0.206  50.72   0      20.24     909.4989     70.52898
       221    663.0050    620.1516     90230.77     483.3523  12.6116   0.0058     8.11    0.144 -81.41   2      268.7     15519.39     107.7738
       222    653.2109    614.0932     5125.254     138.1261  15.7257   0.0293     0.00    0.258  29.79   3      79.71      4255.25     80.59238
       223    868.3691    620.1586     8215.971     359.6572  15.2134   0.0475     4.85    0.156   6.35   0      39.72     1873.613     73.91959
       224    498.4184    616.4878     9554.675     336.4709  15.0495   0.0382     5.33    0.103  -5.87   0       44.5     2048.226     73.93356
       225    351.9571    613.0359     17562.19     436.2236  14.3886   0.0270     5.12    0.157 -41.01   2       62.3     2707.147     76.27068
       226    254.7523    615.9476     10549.56      387.794  14.9419   0.0399     5.32    0.126 -18.94   0      46.51     2109.819     74.46949
       227    981.9387    613.0237     29660.07     381.5005  13.8196   0.0140    12.61    0.217 -11.29   0      122.2     6639.248     87.20399
       228    445.8256    613.3354     7167.839     449.0783  15.3615   0.0680     9.08    0.279 -71.65   0      25.08      989.587     70.96836
       229    574.5004    611.9786     3419.603     254.3341  16.1651   0.0808     4.25    0.239  66.03   0      20.17     992.1046     70.06292
       230    517.0690    619.6885     4835.677     358.4146  15.7889   0.0805     6.49    0.044  69.33   0      20.68     908.7805     70.16035
       231    889.5195    611.1700      2169.05     240.1571  16.6593   0.1202     5.10    0.253   1.22   0      13.59     646.9375     69.67776
       232    407.9974    607.9828     3147.553     122.3065  16.2551   0.0422     4.21    0.010  31.97   2      66.05     3024.219     77.04267
       233    767.6872    602.7692     9970.409     386.6222  15.0032   0.0421    10.30    0.239  17.66   0       45.1     2107.364     74.11513
       234    104.4158    594.4387     512854.5     648.5195  10.7250   0.0014     4.64    0.061 -19.88   0      845.7     111876.9     235.5661
       235    645.1836    594.6915     42496.75     419.3531  13.4291   0.0107    14.55    0.049  61.57   0      152.8     7747.536     89.61584
       236    349.2522    596.5534     3682.245     259.5805  16.0847   0.0766     7.18    0.340  -6.16   0       20.5     905.3622     70.69812
       237    550.2231    593.7925     6298.007     341.8858  15.5020   0.0590     5.39    0.087  87.97   0      32.76     1474.122     72.50346
       238    176.9858    591.5504     7310.635     327.1682  15.3401   0.0486     4.74    0.101 -15.88   0      36.85     1801.135     73.52139
       239    579.9909    593.0002      2770.49     121.6038  16.3936   0.0477     4.18    0.008  62.06   2      63.82     2695.404      76.0665
       240    189.9438    590.9878     4018.612     326.8502  15.9898   0.0883     4.82    0.005  89.43   0       19.6     911.9957     70.71944
       241    381.6996    587.7513     2682.167     267.2767  16.4288   0.1082     5.74    0.244 -87.21   0      15.52     671.6854     68.82877
       242    221.3956    587.6446      3145.34     299.4744  16.2558   0.1034     4.19    0.148 -45.21   0      16.23     786.9006     70.31627
       243     45.2910    583.3412     8442.494     299.1921  15.1838   0.0385     4.73    0.122 -13.25   0      43.13     2104.391     73.93195
       244    812.3433    574.5128     7239.271     349.0317  15.3508   0.0524     4.81    0.179  -0.74   0      35.33     1707.287     72.70097
       245    161.8207    581.7332     5306.194     367.5825  15.6880   0.0752     5.73    0.158   6.73   0      22.52     957.0961     70.86423
       246    153.0858    570.1840     5127.493     258.3613  15.7252   0.0547     0.00    0.512   8.41   0      38.17      2418.03     75.06174
       247    610.1565    567.0505     4704.506     247.7997  15.8187   0.0572     5.12    0.130  12.47   0      26.23     1216.833     71.69241
       248      5.8458    552.9998     13637.53     343.9323  14.6632   0.0274     5.33    0.085 -17.56  19      59.44     2831.934     76.47334
       249      4.4540    544.9213     7244.708     350.8761  15.3499   0.0526     5.97    0.182  50.57  19       31.2     1424.541     71.81163
       250    724.0997    552.9011     14551.84     328.2586  14.5927   0.0245     4.62    0.129 -28.52   0      68.87     3477.932     77.54332
       251    210.9444    552.6962     14188.61     442.5424  14.6202   0.0339     4.98    0.052 -28.00   0      52.69     2502.996     74.97566
       252    127.7689    547.9531     82605.04     412.6169  12.7075   0.0054     4.63    0.079 -15.96   0      272.9     18538.41     114.1885
       253    671.3088    547.4307     3729.779     327.6339  16.0708   0.0954     5.22    0.020 -83.93   0      16.77     694.5269     69.09088
       254    854.3215    546.6127     2784.238     263.7245  16.3882   0.1029     6.72    0.338  11.38   0       17.8     785.6893     70.12888
       255    953.2521    538.8054     91084.23     432.4244  12.6014   0.0052     4.40    0.059 -21.01   3      291.1     20876.32      118.642
       256    946.9819    525.9182     68876.66     481.3039  12.9048   0.0076     8.59    0.146  73.63   3        223     14013.48     104.5499
       257    995.8038    535.8289     8212.858      362.332  15.2138   0.0479     4.64    0.187 -14.61   2      37.85     1839.144     73.81354
       258    527.1122    536.0103     5358.071     344.0803  15.6775   0.0697     5.86    0.108  -3.13   0      24.09     959.0222     70.50588
       259    465.4712    535.9866      3247.21     310.1181  16.2212   0.1037     5.01    0.380  26.91   0      14.51     613.8271     69.75463
       260    477.2760    532.0977     4494.734     357.2979  15.8682   0.0863     7.38    0.411  53.47   0      18.66     634.6727     69.26673
       261    815.5557    528.3660      2655.24     276.7276  16.4397   0.1132     5.78    0.321  39.32   0      14.64      659.983     69.90485
       262    287.8575    524.2328     82040.85     413.0865  12.7149   0.0055     4.67    0.050 -20.58   0      271.7     17930.61     112.6297
       263    664.7597    519.9814     4746.787      347.405  15.8090   0.0795     5.14    0.145  52.19   0      20.78     977.2457      71.2912
       264    590.5091    514.6176     13381.03     366.4394  14.6838   0.0297     4.83    0.112 -14.43   0      60.53     2918.627     76.22514
       265    988.4199    512.6212     19846.99      370.428  14.2558   0.0203     4.66    0.154  -6.08   0       88.7     4531.054     81.68252
       266    104.8149    510.6232      10214.1     389.2558  14.9770   0.0414    10.55    0.176 -78.80   0      46.02     2204.469     74.75779
       267     44.1085    511.8087     3853.718     319.7604  16.0353   0.0901     5.91    0.229 -79.09   0       20.4     964.2886     70.70531
       268    677.4718    511.5226      2932.16     279.2713  16.3320   0.1034     3.69    0.022  22.77   0      15.35     728.1495     69.57276
       269    350.0087    510.2185     7165.462     384.1322  15.3619   0.0582     5.03    0.079  26.26   0      33.75     1575.018      72.6419
       270     86.0188    543.4922     3621.654     280.9805  16.1027   0.0843     5.15    0.204  -5.57   0      19.87      904.939     69.96399
       271    313.6741    504.8569     46669.27     456.8098  13.3274   0.0106     4.60    0.061 -11.27   2      154.4     8533.618     91.72828
       272    203.6197    503.3534     13984.21     362.3962  14.6359   0.0281     4.92    0.205 -19.29   0      64.24     3122.082     77.66332
       273    748.0854    498.2923     7360.728     310.0168  15.3327   0.0457     4.86    0.150  -1.28   0      36.01     1754.781     73.02594
       274    423.3618    497.1557     6183.082     306.0107  15.5220   0.0537     5.46    0.053 -26.91   0      31.07     1462.294     72.28836
       275    572.4463    496.6051     3797.216     314.6427  16.0513   0.0900     7.07    0.228  -3.93   0      20.48     904.0006     70.69374
       276     96.0014    495.3051     3297.982     297.4322  16.2044   0.0979     4.57    0.355 -88.78   0      15.82       690.19      69.8187
       277    704.0916    494.3809       3006.6      295.034  16.3048   0.1066     5.90    0.166  77.23   2      15.53     599.8821     68.96592
       278    493.2141    493.7278     3927.928     354.2197  16.0146   0.0979     6.11    0.268 -34.97   0      16.95      664.953     69.92101
       279    214.8947    493.7134     10712.03     157.6048  14.9253   0.0160     5.44    0.397  70.25   0      134.7     9604.878     94.34518
       280    893.5797    485.6894     85921.93     487.3076  12.6647   0.0062     4.41    0.106  -5.29   2      248.2     15937.71     108.2961
       281     19.0369    483.8082     48872.62     466.9596  13.2773   0.0104    15.81    0.289  25.64  16      161.9     7700.821     90.07129
       282     95.4830    484.5612     3497.462     277.4185  16.1406   0.0861     6.50    0.216 -21.66   0      19.52     865.1869     70.01899
       283    328.5194    480.7320     28189.05     383.9932  13.8748   0.0148    11.88    0.171 -11.32   0      118.2     5534.647     83.81611
       284    516.7103    480.4751     9085.291     343.7337  15.1042   0.0411     4.68    0.131  -1.81   0      45.56     2205.581     74.24236
       285    354.7808    474.8398     6821.647     352.4346  15.4153   0.0561     4.89    0.120  12.41   0      31.51     1527.799     73.02524
       286     40.1151    471.1317     4422.868     257.7407  15.8857   0.0633     5.28    0.135   2.57   0      24.28     1120.067     70.84147
       287    338.1727    469.8811      5463.55     341.3307  15.6563   0.0678     4.62    0.200  20.63   0      25.76     1213.331     71.50134
       288     13.9589    468.3798     6486.204     396.9332  15.4700   0.0665     5.62    0.235 -18.80   0      26.04     1077.339     71.42943
       289    831.8718    465.0287     18386.39     358.0201  14.3388   0.0211     4.70    0.035 -26.81   0      84.49     4278.407     80.65766
       290    739.6465    466.4526      2957.67     316.0804  16.3226   0.1161     6.61    0.209  36.86   0      14.73     529.7136     69.48003
       291    529.9896    460.3550     12487.54     401.9605  14.7588   0.0350     4.98    0.115  -9.08   0      54.29     2589.083     76.08758
       292    273.3475    461.7886     2508.658     243.1423  16.5014   0.1053     4.99    0.091  65.77   0      15.86     799.5833     70.35725
       293    248.0033    461.8484     23514.29     155.6165  14.0717   0.0072     4.43    0.106 -89.53   0      204.9     23548.25     123.5503
       294    521.3716    458.0049     11702.64      176.316  14.8293   0.0164     3.19    0.495  -0.30   1      120.8     8858.814     92.94728
       295    850.4436    456.0088     4735.844     326.3631  15.8115   0.0748     4.70    0.100  -1.21   0      24.53     1163.194     71.70208
       296    362.7685    449.0311     115247.4     449.2653  12.3459   0.0042     4.65    0.062 -32.84   2      343.2     25534.41     127.3539
       297    244.5445    450.9844     48547.83     388.4674  13.2846   0.0087    13.39    0.145  -6.38   0      181.2     10180.38     95.99033
       298    213.4132    453.6220     6394.717     328.4982  15.4854   0.0558     0.00    0.429 -44.38   0      32.77      1165.76     71.53032
       299    419.8733    450.6736     20092.82     350.0173  14.2424   0.0189     5.17    0.118  -7.63   2      88.81     4457.585     81.00207
       300    425.0013    445.0013     49422.78     189.7184  13.2652   0.0042     4.19    0.001  34.29   3      323.9     49304.61     164.2319
       301    752.5466    448.7340     4056.934     347.8805  15.9795   0.0931     5.09    0.031  -1.36   0      17.81     714.0184     69.89622
       302    547.0721    448.2694     4317.495     332.9146  15.9119   0.0837     4.98    0.212 -39.34   0      20.48     967.4954     70.53319
       303     52.3877    444.6678     19075.43     338.1113  14.2988   0.0192     4.57    0.093 -24.98   0      84.71     4322.513     80.78185
       304    934.4817    447.0814     4488.555     291.7908  15.8697   0.0706     4.26    0.125  -1.92   0      23.99     1155.476     70.77316
       305    619.8157    446.9286     4948.434     353.9651  15.7638   0.0777     5.04    0.063  65.56   0      18.94     846.3608     70.50819
       306    130.3429    446.4321     5515.042     355.2365  15.6461   0.0700     5.16    0.107 -42.49   3      26.07     1185.645     71.23264
       307    136.7461    442.3907     11727.13     437.6117  14.8270   0.0405     5.53    0.214 -27.90   2      46.57     2166.529     74.64236
       308   1014.9662    444.8381     10389.84     373.3098  14.9585   0.0390     8.08    0.382 -45.42  16      40.15      1557.23      72.7635
       309    520.0828    441.7589     7922.244     409.7215  15.2529   0.0562     4.85    0.094  -5.45   0      30.87     1401.112     71.73745
       310    848.4011    437.7396     15111.93     311.5396  14.5517   0.0224     4.58    0.100  -6.71   0      71.13     3590.309     78.85844
       311    300.0249    437.7162     3819.672     296.7471  16.0449   0.0844     5.78    0.065  56.75   0      20.17     916.3251     70.36811
       312     21.8838    437.2231     7196.631     349.9257  15.3572   0.0528     5.22    0.134 -13.50   0      33.83     1513.121     72.09143
       313    475.9977    434.2795      5142.17     379.5538  15.7221   0.0802     7.10    0.377 -70.85   2      20.01     753.9904     70.02607
       314    742.0235    434.1723     5014.426     301.9581  15.7494   0.0654     7.20    0.057  47.26   0      24.69     1110.982     71.53639
       315    114.2944    434.5026     6302.554     366.4442  15.5012   0.0631     8.35    0.584 -73.74   3      28.28     1228.715     71.00797
       316    108.4703    425.4018      52541.7     417.8817  13.1987   0.0086     4.65    0.058  -2.37   2      192.9     11284.01      98.4379
       317    965.1049    429.0859     9273.888     348.5105  15.0818   0.0408     4.77    0.081 -34.40   0      45.27     2189.717     74.36724
       318    329.3045    430.2643     2349.507     257.1615  16.5726   0.1189     5.59    0.118  16.31   0      13.86     649.1286     69.31414
       319     19.1215    430.2668     3790.151     318.7061  16.0534   0.0913     5.79    0.164  10.61   0      18.14      777.379     69.73339
       320    441.6426    424.2536     6581.906     316.6477  15.4541   0.0522     6.27    0.199 -31.90   0      32.12      1557.33     72.76382
       321    949.8700    421.1497     7345.812     411.7551  15.3349   0.0609     8.25    0.159 -73.30   2      31.16     1047.545     70.97243
       322    416.9937    430.2089     2291.677     120.7056  16.5996   0.0572     1.05    0.108  88.42   0      47.47     2408.517     75.20444
       323    978.2840    422.3339     4475.733     314.1086  15.8728   0.0762     4.35    0.233   4.04   0      24.48     1188.602     71.24207
       324    691.6241    421.3387     6932.222      344.184  15.3978   0.0539     4.83    0.156   7.39   0      35.69     1744.267     73.34538
       325    135.1703    419.4527     12336.73     353.2483  14.7720   0.0311     4.71    0.089 -25.37   0      58.19     2827.528     76.62856
       326    700.9442    411.4465     5864.579     278.1956  15.5794   0.0515     5.03    0.126  20.87   0      30.94     1406.858      72.2923
       327    549.8858    411.4373     3962.933     205.8783  16.0050   0.0564     6.04    0.339  84.06   0      43.39     2338.451       74.648
       328    255.6169    408.9386     7844.139     318.5651  15.2636   0.0441     5.05    0.106 -26.55   0       41.1     1992.961     73.93794
       329    392.6024    411.0058     3154.616     307.9655  16.2526   0.1060     5.39    0.355 -14.66   0      14.13     528.1215     69.28912
       330    847.6976    401.2080     13097.95     366.2638  14.7070   0.0304     4.94    0.126 -20.32   0      57.61      2706.74     76.10036
       331    767.9567    403.8456     3326.188     130.2792  16.1951   0.0425     0.00    0.142  73.68   0      56.66     2618.499     76.00607
       332    481.8170    398.9472     10227.39     351.8886  14.9756   0.0374     4.99    0.033  34.23   0      48.56     2277.394     74.97916
       333     61.9289    400.1222      5401.37     309.6191  15.6687   0.0623     5.17    0.233   4.78   0      27.69      1228.32     71.18791
       334     21.4026    400.2274     2206.578     199.1354  16.6407   0.0980     4.31    0.556 -21.95   0      13.34     1310.904     72.16875
       335    854.3584    393.1777     10461.11     353.8647  14.9511   0.0367     4.94    0.059 -47.23   0      49.61     2379.701     75.45956
       336    897.8522    393.3318     6120.096     268.9895  15.5331   0.0477     0.00    0.538  57.02   0      37.93     1506.765     72.42804
       337    755.4673    390.0301     31753.07     379.3642  13.7455   0.0130    11.85    0.088 -19.34   0      135.2     7188.028     88.47719
       338    231.2841    393.1456     3429.519     302.8972  16.1619   0.0959     7.33    0.066  -6.37   0      16.72     619.4373     69.21672
       339    573.7614    385.0739     4018.351      335.602  15.9899   0.0907     6.53    0.125  68.99   0      18.36     810.3945      70.2089
       340    905.7452    377.6286     33821.32     400.3974  13.6770   0.0129     4.46    0.086 -12.36   0      138.2     7757.353     89.92773
       341    647.3730    380.7676     5364.073     340.3193  15.6763   0.0689     4.66    0.103 -28.63   0      24.76     1184.958     71.77103
       342    303.2849    378.0693     17123.93     403.7766  14.4160   0.0256     6.55    0.047 -17.52   0      70.88     3537.207     78.21262
       343     45.2367    385.4385      11793.4     405.5586  14.8209   0.0373     4.99    0.099 -19.50   0      48.75     2292.099     74.85179
       344    948.0408    377.7590     4633.103     321.3179  15.8353   0.0753     5.75    0.216   5.76   0       24.8     1196.188     71.44683
       345    785.4801    376.0293     5168.231     331.5575  15.7166   0.0697     5.33    0.067   2.70   0      24.37     1087.779     71.10114
       346    371.9618    376.3574     3292.862     303.8565  16.2061   0.1002     6.76    0.249 -69.17   0      17.69     818.2133      70.4174
       347    416.2577    375.7358     3377.914     312.2836  16.1784   0.1004     5.92    0.229  -7.74   0      15.75     725.6623     69.93407
       348     28.2008    372.4465     16410.39     308.3347  14.4622   0.0204     4.88    0.075 -12.06   0      77.16     3951.689     79.73174
       349    848.8070    370.7579     13705.38     345.8449  14.6578   0.0274     4.59    0.079  -2.48   0      63.02     3157.302     77.76632
       350    709.6851    378.5362     22809.66     365.2533  14.1047   0.0174     4.74    0.069 -11.72   0       98.3     4912.453     82.11166
       351    487.0125    368.7224     3411.122      256.847  16.1678   0.0818     5.00    0.118  10.50   0      19.12     867.5129     70.39355
       352    930.7469    362.2889     14976.18     470.4525  14.5615   0.0341     4.97    0.153   3.02   0      51.24      2435.38     74.94254
       353    400.6614    364.2429     3802.671     356.8575  16.0498   0.1019     6.86    0.401  10.77   0      16.47     527.2167     69.28616
       354    574.0439    362.3661     9275.534     329.5093  15.0817   0.0386     8.05    0.226 -30.75   0      46.34     2232.083      74.8417
       355    350.1159    360.4567     39321.21      377.099  13.5134   0.0104     4.60    0.082  -7.86   0      155.3     8627.797     91.82112
       356    622.1710    358.4744       2761.8     273.3021  16.3970   0.1075     2.78    0.223 -89.95   0      15.47     768.9735     70.07468
       357    273.8274    356.0332     6131.394     334.1505  15.5311   0.0592     5.22    0.206 -13.46   0      30.46      1400.38     72.44999
       358    201.7258    354.3881     26812.19     378.9511  13.9292   0.0153    12.07    0.148 -15.27   0      110.8     5373.921     83.84144
       359    923.4894    356.4898     4438.057     339.7003  15.8820   0.0831     6.39    0.026  -4.88   1       18.5     754.4376     69.84329
       360     54.5956    348.2767     44961.92     402.6921  13.3679   0.0097     4.63    0.156 -26.81   0      170.1      9772.76     94.88462
       361    927.2007    350.3934     10721.76     427.4019  14.9243   0.0433     5.90    0.287  23.96   2       39.8     1562.507     72.60275
       362    548.4738    348.6446     5801.543     324.1368  15.5911   0.0607     5.03    0.131 -24.53   0      29.65     1385.571     72.04674
       363    809.7608    347.7017     2295.208     229.3015  16.5979   0.1085     5.37    0.389 -10.34   0       14.6     723.6564     69.18664
       364    104.3405    340.7696     100216.1     431.2634  12.4977   0.0047     4.52    0.104 -31.03   0      312.1     22087.52     120.7267
       365    903.7136    342.7128     10607.63      363.831  14.9360   0.0372     4.93    0.098 -11.14   0      50.33     2378.044     74.94057
       366    279.6082    339.3132     31372.39     359.9608  13.7586   0.0125     4.67    0.085 -22.66   0      131.7     7083.165     88.20741
       367    489.3487    336.9218     71083.73     425.5828  12.8706   0.0065     4.71    0.159   4.44   0      238.6      15161.9     106.8968
       368    569.9108    338.4411     15208.49     320.7781  14.5448   0.0229     4.80    0.111 -15.16   0      71.94     3501.708      78.1094
       369    932.3678    338.7842     5056.423      294.429  15.7404   0.0632     7.69    0.168  23.93   0      27.66     1363.269     72.33347
       370   1015.5416    335.7780     5951.786     364.4633  15.5634   0.0665     4.86    0.042 -46.23  16      26.13     1244.951     71.60178
       371     74.0607    335.3509     6023.595     404.7069  15.5504   0.0730     9.39    0.571 -12.05   0      21.46     712.8914     69.89256
       372    526.9305    332.4803     7204.116     290.5919  15.3560   0.0438     4.74    0.075 -10.58   0      37.55     1777.125     72.91897
       373    445.6485    333.1796     3230.571     293.0162  16.2268   0.0985     5.16    0.586  24.00   0      15.29     543.0047     69.70856
       374    698.5282    327.3525     2111.545     236.0438  16.6885   0.1214     4.18    0.152  16.34   0       14.1     678.8937     69.78191
       375      3.7975    322.8263     3645.003     250.7104  16.0958   0.0747     4.82    0.148 -40.68  16      19.54     906.5639     70.70198
       376    738.9910    319.9898     2581.101     121.2493  16.4705   0.0510     0.00    0.018  46.70   2      55.81     2385.036     75.13345
       377    615.0306    309.6726     285394.3     550.4672  11.3614   0.0021     4.59    0.043 -21.66   0        605     62314.45     181.3441
       378   1023.2663    317.3020     2354.586     187.6507  16.5702   0.0865     4.08    0.388  88.26  24      17.32     950.8927     69.18821
       379    916.4981    315.8806     5894.506     300.4836  15.5739   0.0554     4.38    0.174  -1.77   0      30.27     1490.524     71.84104
       380    305.2881    314.7850     10622.02     388.6661  14.9345   0.0397     5.71    0.278 -32.32   3       47.4     2181.232      74.3413
       381    300.4398    307.5588      60682.6     413.0316  13.0423   0.0074     4.57    0.028  31.33   2      214.5     12999.08     102.3211
       382    231.0780    314.9460     8211.346     295.7673  15.2140   0.0391     5.35    0.099   7.71   0      41.54     1970.896     73.69547
       383    840.6998    314.2513     5533.152     283.6602  15.6426   0.0557     5.71    0.252   8.78   0      28.27     1265.306      70.9436
       384    124.9870    310.9032     50324.08     389.5052  13.2456   0.0084     4.56    0.069 -25.39   0      189.8     11494.88     98.92358
       385    348.4739    313.1794     4758.123     350.1827  15.8064   0.0799     5.63    0.164 -24.00   0      21.44     920.2911     70.74609
       386    432.2509    309.0669     8466.183     339.5507  15.1808   0.0436     4.79    0.054 -41.41   0      40.38     1905.542     73.66875
       387    822.3998    308.1585     6532.465     366.5868  15.4623   0.0609     5.69    0.109 -25.99   0      29.17     1270.375     72.04101
       388    366.1816    309.6485     3997.575     307.5414  15.9955   0.0835     5.36    0.205  13.03   0      19.47     904.7933      70.8783
       389    829.4106    300.0415     9058.532      377.651  15.1074   0.0453     4.96    0.156 -13.34   0      40.92     2070.092     74.69392
       390    709.9140    300.9335     11217.71     138.8212  14.8752   0.0134     0.00    0.109  38.44   0      140.6        10902     97.41979
       391    182.7481    298.1578     13537.42     428.8965  14.6712   0.0344     5.70    0.047 -30.90   2      54.15     2584.499     75.90434
       392    185.8321    287.8758     17697.54     418.2007  14.3802   0.0257     4.81    0.100 -31.31   2      70.52     3465.535     78.33372
       393    403.1779    291.2874     6372.996     457.2094  15.4891   0.0779     9.08    0.389 -66.61   2      20.73     560.3262     69.02235
       394    397.1380    289.6159     4505.577      337.844  15.8656   0.0814     4.47    0.359  32.68   3      17.51     868.6342     70.39717
       395    655.4796    285.9901     6217.969      402.422  15.5159   0.0703     9.07    0.218 -76.87   0      24.23     840.0086      70.3047
       396     94.1637    281.7828     7915.192     374.3901  15.2538   0.0514     4.82    0.079  25.25   3       36.4     1770.274     73.77602
       397     88.7617    276.2911     10700.35     391.1899  14.9265   0.0397     8.21    0.073 -43.23   3      44.34     2078.472     73.85223
       398    890.2593    282.5328     3810.334     329.6498  16.0476   0.0940     5.66    0.344   0.40   0      17.31     782.2778     70.11782
       399    264.9689    282.5928     3636.123     297.6905  16.0984   0.0889     7.07    0.229   0.02   0      19.05     840.0307     70.67033
       400    653.1750    278.3351     5872.936     381.6826  15.5779   0.0706     5.42    0.032  -1.97   0       23.9     1069.775     71.22469
       401    497.3314    279.1354     4282.264     255.1038  15.9208   0.0647     4.60    0.148  19.23   0      23.76     1127.049     71.04544
       402    831.6999    277.4205     5441.348     333.6809  15.6607   0.0666     5.31    0.140   9.48   0      27.06     1141.495     70.36298
       403    178.8306    274.2602     5487.737     353.4009  15.6515   0.0699     8.55    0.241 -31.14   0      26.35     1172.276     71.18998
       404    126.6365    272.5523     7687.233     330.3677  15.2856   0.0467     5.19    0.180  -8.62   0      38.86     1827.215      73.4267
       405    927.8251    270.7607     4245.314     266.1935  15.9302   0.0681     4.37    0.143  52.68   0      23.82     1227.806     71.90659
       406    161.3895    265.7808      29263.1       372.72  13.8342   0.0138     4.54    0.071 -25.00   0      122.2     6594.294     86.93868
       407     49.0343    266.5236     5588.272     350.7211  15.6318   0.0682     5.18    0.198 -32.10   0      29.71     1430.135     72.18718
       408    247.1385    259.9682     201435.8     494.8546  11.7397   0.0027     4.51    0.072 -20.54   0      491.9     45519.68     158.9078
       409    117.5786    263.8362     7721.919     339.0522  15.2807   0.0477     4.71    0.053 -13.52   0      38.92     1947.306     74.31938
       410     62.0191    262.7521     5794.439     343.4318  15.5925   0.0644     5.19    0.072  37.45   0      26.55     1207.475      71.8423
       411    866.4128    249.9485     5171.744      325.679  15.7159   0.0684     4.96    0.149  -2.73   0      25.82     1221.824     71.70823
       412   1006.2010    248.5857     6974.049     375.5377  15.3913   0.0585     5.77    0.155   1.15   0      33.79     1621.762     72.78799
       413    586.8954    244.6892     63679.77     436.6225  12.9900   0.0074    13.64    0.192 -29.13   0        218     12915.09     102.0081
       414    518.2356    245.4043     5374.685     339.3786  15.6741   0.0686     4.76    0.093  -4.95   0      26.43     1220.074     71.88215
       415    565.8762    245.2979     12896.54     476.9344  14.7238   0.0402    10.97    0.161 -39.82   0      49.59     2414.895     74.88038
       416    493.7480    241.0708     2159.091     144.7466  16.6643   0.0728     4.86    0.215 -14.67   0      23.53     1275.526     71.51884
       417    741.1902    236.0761     8939.157     357.4205  15.1218   0.0434     5.08    0.143 -23.68   0      42.43     1984.927     73.91325
       418   1004.5607    235.8039     7582.989     478.4521  15.3004   0.0685     8.72    0.499  22.08   0      22.81     848.0367     70.69608
       419    123.8043    231.9501     6261.416     365.5386  15.5083   0.0634     5.35    0.103  14.63   0      26.34     1166.462     71.35221
       420    452.1206    231.6844      2423.96     290.1783  16.5387   0.1300     5.53    0.192  52.64   0      14.51     664.9649     69.18006
       421    410.6212    234.5847      3419.04     321.4615  16.1652   0.1021     3.09    0.131  42.46   0      16.79      815.395     70.40831
       422    247.6760    220.3772      5773.94     374.8107  15.5963   0.0705     8.71    0.327  29.05   0      24.08     1019.037     70.88107
       423    549.7436    219.3877     18664.85     359.9908  14.3224   0.0209     4.65    0.086  -8.21   0      84.82     4345.704     81.00627
       424   1003.6829    219.4388     2551.205     264.7431  16.4831   0.1127     4.66    0.114  64.98   0      14.78     694.2775     69.46202
       425    135.8780    212.7261     4662.164     305.9337  15.8285   0.0713     4.34    0.138 -37.19   0      24.12     1212.434     71.13718
       426    680.8372    210.5835     18261.24     383.1492  14.3462   0.0228     4.79    0.105  -7.33   0      78.37     3910.633     80.09864
       427    612.5181    211.3447     8899.394     178.1733  15.1266   0.0217     2.78    0.450 -38.17   3      82.22     5994.413     85.05366
       428    614.3516    207.1064     9072.372     333.2579  15.1057   0.0399     4.84    0.176   0.53   3      45.18     2181.515     73.99474
       429    280.3295    248.3287     5376.468     343.1551  15.6738   0.0693     4.74    0.088  42.21   0      24.03     1109.893     70.99054
       430    204.3084    211.5135     2240.436      222.111  16.6242   0.1077     4.78    0.238  31.68   0      14.73     692.8082     69.64246
       431    146.6304    211.1217     2594.038      256.123  16.4651   0.1072     5.26    0.290 -16.69   0      14.51     717.1225     69.90631
       432    625.2327    205.2923     14253.45     384.9709  14.6152   0.0293     4.77    0.122 -19.25   0      62.77     3002.853     76.30721
       433    426.8409    205.2582     3534.834     328.4807  16.1291   0.1009     5.93    0.166  70.83   0      16.69      730.357     69.94933
       434     27.5637    203.0363     6117.397     300.6521  15.5336   0.0534     8.65    0.204  20.80   0      31.74     1310.317     71.80896
       435    817.4051    197.6666     7442.751     301.6523  15.3207   0.0440     5.06    0.175  -0.78   0      38.42     1804.155     73.35529
       436    462.9359    197.4779     7889.236     284.4114  15.2574   0.0392     9.82    0.174  15.41   0      39.65     1808.934     73.19428
       437    430.4570    198.8791     3565.488     322.5652  16.1197   0.0982     4.80    0.099 -67.56   0      16.17     721.6664     69.55158
       438    903.6382    197.1032     6050.781     295.1955  15.5455   0.0530     4.83    0.032  -1.73   0      32.49     1514.825      71.7385
       439    498.8005    195.9402     6432.507     306.1959  15.4790   0.0517     8.95    0.080 -47.58   0      32.69     1603.354      72.7305
       440    837.1153    183.0853     51220.45     473.5737  13.2264   0.0100    15.09    0.234  40.41   0      175.6     9573.644     94.26991
       441    401.0344    190.6053     3760.658     328.6369  16.0618   0.0949     4.97    0.210  12.72   0      17.88     838.3918     70.66506
       442    824.3446    188.2160     7185.593     383.3047  15.3588   0.0579     4.14    0.098  12.92   0      29.16     1470.808     72.49306
       443    723.6097    187.3130     13974.42     332.7344  14.6367   0.0259    11.38    0.222 -27.05   0      65.23     3076.956     76.86357
       444    955.7674    185.9757     2172.001     244.1503  16.6579   0.1221     3.32    0.215  -1.72   0      13.96     702.8874     70.22791
       445    688.6086    178.0646     180434.4     485.1133  11.8592   0.0029     4.57    0.051  -1.39   0      459.9     40149.94     151.0328
       446    119.8157    181.4138     18887.41     344.5913  14.3096   0.0198     4.62    0.129  -9.70   0      86.91     4471.664     81.20039
       447    418.3185    178.1159     86867.07     412.6226  12.6529   0.0052     5.08    0.070  -9.26   0      283.5     19299.79     115.2477
       448    203.2122    180.7182     17675.76     394.4058  14.3816   0.0242     5.35    0.259  -8.06   0      75.61     3707.575     79.03284
       449    996.7423    176.2608     5445.831     360.5922  15.6598   0.0719     4.62    0.102 -44.22   0         23     1096.389     71.30957
       450    866.7388    175.2043     2701.867     257.4727  16.4208   0.1035     4.18    0.297 -19.27   0      16.17     818.7736     70.41921
       451    256.0126    173.9068     2250.697     165.6357  16.6192   0.0799     4.76    0.570 -89.34   0      27.28     1415.466     71.78291
       452    953.3151    168.8612     4200.698     327.9604  15.9417   0.0848     5.43    0.135  40.88   0      20.55     927.6289     70.22137
       453    461.6399    166.5808     8445.263     476.1634  15.1835   0.0612     9.63    0.424 -48.20   2      28.77     1145.541     71.82571
       454     27.4135    165.9271     7611.474     280.7686  15.2963   0.0401     4.90    0.129 -15.59   0      39.08     1903.218     73.83627
       455    785.6812    166.7925     2736.411     285.9522  16.4070   0.1135     6.34    0.173  26.85   0      15.46     731.9348     69.95445
       456    775.9230    165.9043     13973.36     145.4926  14.6367   0.0113     0.00    0.184  47.60   0        160     13289.13     102.7127
       457    651.2069    163.3326     19338.04     332.5258  14.2840   0.0187     4.72    0.096 -21.04   0      89.19     4549.841      81.4189
       458    163.8308    164.4649     4357.799     276.9619  15.9018   0.0690     3.99    0.097  52.95   0      22.75     1129.422     71.23413
       459    355.0320    159.8320      5952.74      407.048  15.5632   0.0743     6.05    0.144  84.09   0       23.8     971.3482     71.09139
       460   1017.7863    158.5091     3789.517      324.713  16.0535   0.0931     6.46    0.270  22.60  16      17.01     693.1727      69.4584
       461    372.6143    155.7125     9138.717     369.9445  15.0978   0.0440     4.91    0.050 -13.44   0       42.5     1986.401     73.74326
       462    746.6623    155.9959     2915.233     290.5628  16.3383   0.1082     6.19    0.483  12.35   0      15.48     689.7631      70.0016
       463    717.4277    155.0616     5193.884     314.6278  15.7113   0.0658     4.66    0.155  -9.19   0      27.24     1276.876     71.70304
       464    933.4209    149.2565     2507.669     269.5291  16.5018   0.1167     5.56    0.240  29.38   0      13.81     632.7637     69.63152
       465    880.1588    148.5388     2575.366     245.8392  16.4729   0.1037     4.25    0.159  79.06   0      15.72     744.0299     69.99374
       466    471.6110    146.7623     9136.002     420.4735  15.0981   0.0500     4.96    0.077 -21.05   0      37.27     1712.942      73.5992
       467    482.6065    142.3801     4631.609     362.7523  15.8357   0.0851     7.31    0.250  -6.83   0      19.59     867.6467     70.39398
       468     94.0473    141.0983     3887.995     321.7929  16.0257   0.0899     5.42    0.218 -51.63   0      18.32     772.1891     69.34588
       469    547.5281    140.1266     3143.902     271.2551  16.2563   0.0937     5.77    0.074  18.62   0      18.15     818.9061     70.05276
       470    721.3411    136.8605     7898.574     337.2658  15.2561   0.0464     5.46    0.207  12.47   0      37.79     1781.414     73.63557
       471    672.3056    138.9538     4969.457     151.2389  15.7592   0.0331     0.00    0.388  -9.69   0      81.97     4320.682     80.29676
       472    138.0825    135.8330     14770.49     336.1646  14.5765   0.0247     5.57    0.053   8.95   0      68.58     3442.501     78.10207
       473    470.7519    132.3438     5566.624     322.9763  15.6360   0.0630     8.62    0.161  30.89   0      28.92     1355.582     72.13092
       474    387.0219    131.1872     9452.139     349.5494  15.0612   0.0402     4.77    0.107  51.55   3      41.63     2042.325     74.26322
       475    394.8805    128.5244     18956.35     413.4666  14.3056   0.0237     5.60    0.253 -13.52   3      76.31     3676.614     78.45261
       476    966.6696    126.8525     7955.865     366.5906  15.2483   0.0500     5.09    0.114  14.54   0      35.09     1600.216      72.5433
       477    871.8191    126.7701     5787.246     429.2955  15.5938   0.0806     8.50    0.402  81.40   0      20.38      720.752     70.28569
       478    242.8415    124.9449     18172.25     374.5943  14.3515   0.0224    11.71    0.211 -13.90   0      79.76     4048.546     80.16822
       479     84.3919    125.9248     4360.628     346.2232  15.9011   0.0862     7.66    0.285 -24.35   0      20.66     930.9245     70.59798
       480     43.2298    124.5622     6131.962     339.8853  15.5310   0.0602     4.46    0.062  16.29   0      29.43     1427.859     72.35829
       481    205.6852    122.1048     2419.748     241.7304  16.5406   0.1085     4.34    0.281 -14.10   0      15.04     682.7734     69.60971
       482    298.4387    115.2798     2926.512     234.0913  16.3341   0.0869     5.19    0.057   3.94   0      17.02     818.1259     70.23392
       483   1002.3148    112.8361     4432.816      316.122  15.8833   0.0774     5.61    0.203 -28.24   0      21.47      1002.05     70.46183
       484    971.0979    111.3726      14070.6      353.452  14.6292   0.0273     7.16    0.162   5.26   2      64.34     3193.334     76.87244
       485    969.0028    106.0071     11361.82      136.721  14.8614   0.0131     0.00    0.002  54.11   3      145.6     11086.43     97.98067
       486    351.2754    110.3230     11514.83     409.3557  14.8469   0.0386     4.87    0.103 -28.61   0      47.49     2202.671     74.05969
       487    761.6832    104.5059     3952.441     285.7923  16.0078   0.0785     4.32    0.260  15.43   0      20.87     982.4652     70.58141
       488    630.1225    103.1408     2132.068     125.6411  16.6780   0.0640     0.00    0.229  61.41   0      43.02     1761.223     72.86939
       489    365.7412     99.2862     9288.068     372.6384  15.0802   0.0436     5.40    0.096   7.12   0      41.36      1966.72     73.50752
       490    152.0888     98.9280     3315.111      270.209  16.1988   0.0885     5.30    0.198  -0.99   0      18.34     852.9575     69.97929
       491    587.5720     98.4270     3125.206     282.8653  16.2628   0.0983     4.73    0.118  46.32   0      17.38     809.7717     70.57295
       492    832.2446     91.7885      52345.7     452.5631  13.2028   0.0094     4.70    0.165  -9.87   0      188.2     11094.18     98.26125
       493    556.1199     92.7258     8146.774     453.1416  15.2225   0.0604     6.78    0.166 -78.86   0      27.44     1083.042     70.54017
       494    314.7198     88.0516     41137.19     389.1063  13.4644   0.0103     4.63    0.097 -18.36   0      162.3      9231.17     93.30261
       495    717.6927     95.5155     4190.506     282.5824  15.9443   0.0732     5.51    0.304   0.16   0      21.48     964.0339     70.52203
       496    946.4061     84.2728     6633.775      412.925  15.4456   0.0676     9.54    0.501 -36.11   0      25.97     1020.675     70.70434
       497    453.4952     84.7869     4662.686     301.6933  15.8284   0.0703     4.89    0.176   8.77   0       25.5     1232.871     71.38316
       498    886.4608     82.8110     3757.425     309.4527  16.0628   0.0894     7.91    0.321   5.84   0      21.34     932.1628     70.78423
       499     82.6741     82.3499     3104.844     275.9318  16.2699   0.0965     3.62    0.154 -42.73   0      17.01     832.0233     70.09531
       500    108.7529     77.6403      8223.05     380.5487  15.2124   0.0503     5.37    0.281 -27.41   3      40.48     1936.023     73.58784
       501    118.2590     72.2929     45450.18     399.7576  13.3562   0.0096     4.90    0.092  -3.60   3      171.1     9686.553     94.40535
       502    120.5990     63.7387     28846.02     386.8875  13.8498   0.0146     5.50    0.096 -14.21   3        119     6269.549     86.23509
       503    576.2986     77.6278     3590.143     292.1947  16.1122   0.0884     4.80    0.213  -8.21   0      19.09     875.1778     69.68259
       504    440.6051     76.3363     4184.196     261.2554  15.9460   0.0678     5.44    0.206 -19.28   0      22.63     1061.114     71.19705
       505    244.3658     76.1102     3123.457     268.8524  16.2634   0.0935     7.13    0.390   2.83   0      17.42     732.2828     69.40086
       506    876.7728     70.5752     4712.599     298.5112  15.8168   0.0688     5.47    0.072 -18.72   0      25.19     1138.358     71.62331
       507    596.6365     68.8819     4601.229     321.2953  15.8428   0.0758     6.55    0.125  -5.68   0      22.39     996.3011     70.62595
       508    811.9667     66.4652     3320.118      285.289  16.1971   0.0933     4.11    0.173   1.21   0      17.82     864.0806     70.38247
       509    696.0521     63.9321     21286.89     410.0594  14.1797   0.0209     4.81    0.133   1.08   0      89.65     4573.364     81.48454
       510      6.0461     66.3903     4526.732     322.2437  15.8605   0.0773     6.91    0.264 -33.67  16      20.02     934.1793     70.97247
       511    429.0756     62.0156     46648.29     438.8173  13.3279   0.0102     5.91    0.116 -18.84   2      161.6     9332.498     93.96138
       512    307.0534     62.1858     8543.878     376.4865  15.1709   0.0479     5.16    0.086  23.57   0      38.56     1786.331      73.4756
       513    754.4878     62.4815     3573.176     271.6145  16.1174   0.0826     4.77    0.297   0.41   0      20.03     987.0168     70.59606
       514    821.9705     59.5131     6047.465     373.2546  15.5461   0.0670     5.50    0.221  10.94   0       25.1     1120.881     71.02571
       515    244.9662     54.0238     12902.47     494.1845  14.7233   0.0416     5.40    0.172 -29.98   3      41.08     1829.093     73.78259
       516    246.7124     44.4352     34947.66     550.6342  13.6415   0.0171     4.67    0.128  56.80   2      116.3     5919.342     84.85283
       517    274.1899     52.7132     47054.11      417.209  13.3185   0.0096    13.21    0.096  35.39   0      176.6     10409.07     96.26295
       518    785.0508     63.5743     7146.363     343.3886  15.3648   0.0522     9.56    0.162 -20.87   0      34.22     1442.281     72.58131
       519    491.1565     53.7940     3358.383     307.0687  16.1847   0.0993     5.39    0.032  67.06   0      15.04     686.2165     70.17393
       520    979.3440     50.7691     3531.225     302.9735  16.1302   0.0932     4.49    0.166  -2.63   0       18.3     975.7292     70.74207
       521    909.4541     44.3830     15066.75     353.1811  14.5550   0.0255     4.67    0.128  -4.13   2      64.89     3303.403     78.02719
       522    697.6851     43.6401     11944.42     397.6234  14.8071   0.0362     4.62    0.110  -9.63   0      53.28     2657.573     75.61336
       523    623.6144     42.7509     10429.44     359.2646  14.9543   0.0374     6.12    0.178  26.55   0      46.23     2008.345     74.33268
       524     12.8780     42.8782     9850.353     346.1055  15.0164   0.0382     6.39    0.101 -19.30   0       45.1     2118.004     73.79941
       525    600.5636     37.3132       8503.8     374.7473  15.1760   0.0479     5.62    0.211 -10.51   0      37.89     1801.913     72.99619
       526    825.9933     33.1627     19896.54     355.3703  14.2531   0.0194    10.94    0.128   2.11   0      90.11      4085.81     80.43414
       527    746.4099     34.4802     5868.667     315.1149  15.5787   0.0583     5.25    0.103 -10.17   0      29.78     1366.203     71.98562
       528    839.0657   1020.7523     3470.855       270.34  16.1489   0.0846     7.04    0.213  44.80  16      20.21     960.9459     70.69456
       529    787.9700     33.1929     4671.629     315.2737  15.8263   0.0733     4.18    0.109   3.88   0      24.84     1270.082     72.04008
       530    721.8053     30.7182     8231.516     356.0668  15.2113   0.0470    10.30    0.201 -14.35   0      38.72      1714.57      73.2533
       531    478.6119     31.9265     4157.366     312.8503  15.9530   0.0817     5.45    0.198  10.16   0      21.48     935.2458     70.79412
       532    398.8464     28.7335     7675.925     360.2111  15.2872   0.0510     5.31    0.192  -3.71   2      36.04      1705.83     73.05002
       533    405.8784     26.9112     4045.775     323.8994  15.9825   0.0869     5.10    0.192 -29.89   3      19.03     911.8279     70.17022
       534    254.7577     29.7504     3693.888     321.6558  16.0813   0.0946     5.61    0.376 -15.12   0      16.27     786.7156     70.31567
       535    541.9366   1023.4240     2368.593      180.672  16.5638   0.0828     5.71    0.638  -5.35  24      16.14     818.5886     67.61851
       536    708.9391   1014.9717     3931.335     309.5804  16.0136   0.0855     4.48    0.022  -0.20   0      19.52      900.025     70.49844
       537    190.8571   1011.6613     27687.71     385.3716  13.8943   0.0151    12.34    0.147 -11.63  16      113.8     5969.349     85.44025
       538    752.6527   1013.5662     3833.256     311.5828  16.0411   0.0883     5.73    0.319   8.54   0      19.75     886.4969     70.63744
       539    948.7311   1006.5172     27677.12     361.2048  13.8947   0.0142     4.52    0.072 -12.01   0        119     6418.057     86.17825
       540    902.5814   1004.3516     62976.42       397.63  13.0021   0.0069     4.61    0.041 -28.71   8      226.3      14169.4     105.1337
       541    176.9519   1003.5402     2890.538     279.2374  16.3476   0.1049     5.40    0.163  -1.21   0      15.97     733.0734     69.95815
       542    971.7806    999.5073      8979.98     380.1541  15.1168   0.0460     4.40    0.142  -2.03   0      41.53     2059.977     73.62049
       543    147.0476    999.3013     5149.674     266.9645  15.7206   0.0563     5.10    0.069  53.45   0      27.84     1280.872     70.99345
       544     41.5031    997.7600     9026.247     320.4142  15.1112   0.0386     4.63    0.092 -10.65   0      44.18     2056.383     73.43416
       545    117.0850    991.3660     19902.19     342.4498  14.2527   0.0187     4.72    0.077 -27.46   0      89.97     4547.385     81.25363
       546    434.5007    986.3785     11617.48     377.4851  14.8372   0.0353     5.06    0.137 -27.04   0      50.82      2365.18     74.38372
       547    726.6361    978.9619     37789.84     376.1749  13.5566   0.0108     4.71    0.067  -8.15   0      151.8      8657.64     92.17493
       548    377.0969    980.1986     6479.799     331.4851  15.4711   0.0556     9.12    0.239 -17.92   0      30.75     1386.566     72.04988
