#   1 NUMBER                 Running object number                                     
#   2 X_IMAGE                Object position along x                                    [pixel]
#   3 Y_IMAGE                Object position along y                                    [pixel]
#   4 FLUX_AUTO              Flux within a Kron-like elliptical aperture                [count]
#   5 FLUXERR_AUTO           RMS error for AUTO flux                                    [count]
#   6 MAG_AUTO               Kron-like elliptical aperture magnitude                    [mag]
#   7 MAGERR_AUTO            RMS error for AUTO magnitude                               [mag]
#   8 FWHM_IMAGE             FWHM assuming a gaussian core                              [pixel]
#   9 ELLIPTICITY            1 - B_IMAGE/A_IMAGE                                       
#  10 THETA_IMAGE            Position angle (CCW/x)                                     [deg]
#  11 FLAGS                  Extraction flags                                          
#  12 SNR_WIN                Gaussian-weighted SNR                                     
#  13 FLUX_APER              Flux vector within fixed circular aperture(s)              [count]
#  14 FLUXERR_APER           RMS error vector for aperture flux(es)                     [count]
         1   1010.5269     47.7902     103227.1     658.3226  12.4655   0.0069    12.05    0.430  11.79  26      233.6     11008.75     101.1716
         2    878.9604     27.4207     12008.13     503.7292  14.8013   0.0456    12.65    0.527 -22.66   0      35.62     1328.351     76.96874
         3    192.5614     19.9794     11539.23     580.5433  14.8446   0.0546    10.29    0.352 -10.77   0      31.32     906.6057     75.71317
         4    882.3914     14.9491     12744.26     581.6505  14.7367   0.0496    10.20    0.504  -8.33  18      33.88     932.9789     75.40131
         5    722.8847     14.5862     16300.23     739.9843  14.4695   0.0493    12.85    0.433 -36.18  24      27.92     666.6449     74.19691
         6     83.3128      9.7733      56194.9     562.0923  13.1258   0.0109    10.36    0.508 -23.89  16      149.2     6160.158     89.28983
         7    202.7924      7.3492     141443.7     534.7668  12.1235   0.0041     9.43    0.268  -4.09  27      346.5     16328.79     112.6208
         8    187.6339      7.7929     18568.86     606.2728  14.3280   0.0355     9.40    0.405  -5.38  19      43.26     1482.069     77.23019
         9    441.1650      9.5525     15452.09     624.9282  14.5275   0.0439    11.76    0.430  -8.09  18      36.94     1215.563     76.05424
        10    171.9629      9.7574     6928.373     459.1212  15.3984   0.0720     9.36    0.540 -10.18  16      22.36     745.2202     74.83323
        11    624.5189     14.9820     13592.98      627.204  14.6667   0.0501    10.92    0.533   1.17  18      31.72     949.3768     75.25459
        12    399.9069   1012.4012     10441.28     545.3141  14.9531   0.0567     9.37    0.394  -7.45  16      30.46     902.9657      75.1143
        13    629.5169   1023.4436     5701.626     317.6021  15.6100   0.0605     7.54    0.805   0.20  24      20.47     807.2956     71.18027
        14    240.3921   1019.9811     41214.11     469.5372  13.4624   0.0124     8.31    0.343  -6.68  24      132.8     5414.893     87.70994
        15    259.9061   1010.9684      26576.5     535.0029  13.9388   0.0219     8.03    0.340  -6.76  16      85.43     3140.432     80.87618
        16     70.2509   1013.5854      4363.49     371.4148  15.9004   0.0924     5.47    0.222 -12.38   2      17.83     782.4086     74.94609
        17    919.4592   1008.6921     11324.04     338.3946  14.8650   0.0325     9.11    0.372  -5.71  16      43.15     1524.501     76.58693
        18    703.9318   1005.0381     45896.59     510.1761  13.3455   0.0121     8.81    0.358 -10.00  16      140.3     5359.242     87.56562
        19    243.1367    996.1511     769349.8     803.7541  10.2847   0.0011     8.39    0.212  -8.70   0       1033     93225.73     218.1904
        20    107.0773   1005.2789     5515.803     399.8776  15.6460   0.0787     8.48    0.404  -0.82   0      19.53     707.8875     73.92437
        21    139.9699   1000.2701     5810.005     366.2961  15.5896   0.0685     8.97    0.470  -5.64   0      24.08     868.8402     75.01097
        22    891.3163    996.7950     20915.97     545.6144  14.1988   0.0283     8.68    0.388 -10.14   3      66.17     2552.532     80.13437
        23    899.0921    990.7419     8760.479     413.5011  15.1437   0.0513    11.35    0.514  -9.62   3      33.41     1210.258     75.64866
        24     86.8689    991.9854     7576.371     484.4925  15.3013   0.0694     8.15    0.593  13.26   2      22.83     764.7455     74.69492
        25    415.3286    992.3345     21620.03     487.2595  14.1629   0.0245     8.60    0.383  -5.46   0      73.97     2701.035     80.18668
        26    192.7588    989.7340     22517.42     615.6036  14.1187   0.0297    11.99    0.368  -7.60   3      56.32     2221.636      79.0035
        27    200.0721    988.9702     23303.38     634.2179  14.0815   0.0296    18.49    0.666 -17.72   3      58.11     2039.538     78.47791
        28    489.2154    990.9493     7865.191     530.4882  15.2607   0.0732     9.13    0.690   8.46   2      22.63     533.7261     74.18813
        29    656.2886    991.0141     3924.109     343.2168  16.0156   0.0950     7.36    0.608  -2.34   0      16.91     592.9719     73.77083
        30    800.0511    988.8933     6393.227     283.7165  15.4857   0.0482     9.83    0.449  -8.61   0      27.85     1071.572     75.03415
        31    392.8465    987.8831     11084.39     473.0386  14.8882   0.0463     8.40    0.414  -1.72   0      35.27      1261.31     75.80189
        32    161.2973    981.7747     2713.483     332.5612  16.4162   0.1331     6.19    0.590  -6.91   0      13.14     566.8346     73.28806
        33    958.9263    979.6782     3950.679     361.0705  16.0083   0.0993     7.61    0.545 -12.92   0      17.22     728.3399      74.1867
        34    830.7690    975.0253     42060.38     467.5821  13.4403   0.0121     8.54    0.333  -7.41   0      136.6     5530.725     88.34478
        35    250.2770    974.6241     30592.67     574.6072  13.7860   0.0204     8.02    0.309  -9.52   0       90.7     3370.262     82.24145
        36    376.4985    972.3471     13639.18      377.048  14.6630   0.0300     9.87    0.519 -21.34   0       47.3     1609.986     76.64761
        37    298.3687    972.9816     5219.826      409.751  15.7059   0.0852     8.39    0.460  -0.77   0      19.08     704.3388     74.90652
        38    970.9952    972.3401     4666.803     146.0609  15.8275   0.0340     1.02    0.175 -86.70   0      68.77     4588.224     85.71366
        39    655.0812    972.7514     3986.367     170.7422  15.9986   0.0465     4.20    0.313  -8.80   0      38.52     2757.336     80.16194
        40    487.3159    969.3891     10034.34     428.2351  14.9963   0.0463     9.94    0.375  -4.22   0      34.64     1201.764     76.01299
        41    972.5051    966.3453     5639.662     409.9839  15.6219   0.0789     6.86    0.313   9.72   2      20.15     817.4974     74.26059
        42    686.9949    962.7515     25248.44     494.9572  13.9944   0.0213    14.00    0.335  -1.93   0      83.57      3135.05     81.58885
        43    542.5784    966.2236     4449.602     386.0988  15.8792   0.0942     6.47    0.411  -1.77   2      17.69     722.4329      74.9614
        44    585.7773    962.4553     4469.891      362.418  15.8743   0.0881     4.07    0.385  -0.90   0      17.02     891.0834     75.07833
        45    211.5484    953.5531     73515.55     543.1409  12.8341   0.0080    10.18    0.308  -7.22   2      203.4     8642.059     95.86179
        46    505.1518    955.1982     10705.49     350.8519  14.9260   0.0356     9.90    0.420 -10.99   0      40.36      1322.34     76.37265
        47    830.0878    952.1208     34275.88     734.5003  13.6625   0.0233    11.91    0.320 -71.99   2      80.17     2607.446     79.73585
        48    282.8599    956.0349     6216.218     143.3882  15.5162   0.0251     4.61    0.206 -19.29   0      99.05     5749.348     88.57233
        49    751.0926    953.1445      6594.96      401.412  15.4520   0.0661     8.26    0.463  -5.09   0       27.5      1128.02     75.40118
        50    141.3213    953.5244     12837.99     186.1565  14.7288   0.0157     6.14    0.526 -56.48   0      128.8     10811.62     100.2867
        51    163.6111    947.1177     20798.13     565.5173  14.2049   0.0295    12.41    0.437  13.73   0      55.38     1851.889     77.93257
        52     43.3707    947.8435      14753.4     517.2553  14.5778   0.0381    10.63    0.474  -6.22   0      44.04     1529.906     77.37083
        53    540.0353    945.6055     9787.073     504.1939  15.0234   0.0559     9.29    0.427  -9.66   0      28.75     1039.688     75.91718
        54    895.6467    940.8521     64927.41     483.9419  12.9689   0.0081     7.22    0.175 -13.07   0      197.1     7990.467     94.30433
        55    552.3592    945.1036     5326.304     417.8454  15.6839   0.0852     6.76    0.357 -33.08   2      21.04      873.449      74.2328
        56    636.9643    942.8403     21673.71     565.2158  14.1602   0.0283     9.54    0.435   0.13   2      58.64     1940.403     78.19028
        57    338.8342    939.5670     55758.67     481.1548  13.1342   0.0094     8.23    0.312  -3.85   0      169.1     7025.504     92.10995
        58     27.2704    942.1732     5823.387     444.6662  15.5871   0.0829     8.54    0.502  -3.80   0      19.44     676.1125     74.42474
        59    194.6219    941.5571     2154.866     255.4751  16.6664   0.1288     5.28    0.458  55.28   0      22.09      1175.89     76.32384
        60    480.4232    940.0416     3615.622     356.7405  16.1045   0.1072     6.74    0.691  -9.07   0      14.64      599.705     74.58839
        61    837.1452    933.1348     8040.501     418.4371  15.2368   0.0565     8.00    0.370 -31.56   2      32.13     1617.595     77.24628
        62    833.0312    932.3094     4635.452     260.5244  15.8348   0.0610     1.23    0.211 -73.50   3      30.63     1917.835     77.36427
        63    683.8121    927.6846     183703.6     595.5618  11.8397   0.0035    10.21    0.242  -7.28   0      416.3     21305.05     122.1304
        64    152.3440    930.1862     6671.253     450.8725  15.4395   0.0734     7.56    0.177 -77.89   2      22.68     836.2247     75.10911
        65    133.5346    930.5529     5410.053     417.0059  15.6670   0.0837     7.77    0.312   1.42   0      18.87     671.7943     74.41155
        66    798.0225    928.2222     13198.22     471.7092  14.6987   0.0388     3.55    0.249 -11.36   0      47.92     1437.651     77.09936
        67    400.4655    931.2485     5243.251       407.05  15.7010   0.0843     6.68    0.587  -5.86   0      18.06     681.3195     74.44064
        68    322.4905    929.3470     17909.53     470.0599  14.3673   0.0285     9.25    0.412  -7.23   2      56.74     2027.709     78.06593
        69    463.9734    930.2345     4149.361     363.2356  15.9550   0.0951     6.20    0.069   6.52   2      16.81     703.8262     74.90498
        70    594.9909    927.7631     3374.185     300.3446  16.1796   0.0967     3.92    0.186   8.02   2      16.68     749.7441     75.04417
        71    203.7589    926.6415     13042.99     624.0514  14.7116   0.0520    12.07    0.596   3.86   2      28.35     889.4218      75.0733
        72    118.0850    929.0897      3168.71     130.2234  16.2478   0.0446     0.00    0.021  42.50   2      64.36     3037.966     81.13602
        73    948.5813    925.0645     3793.653     358.9187  16.0524   0.1027     6.27    0.560 -12.84   0      15.83     583.0152      74.1399
        74    772.5164    913.9602     607445.1     740.7979  10.5412   0.0013     8.49    0.243  -8.15   0      903.9      71984.3     194.6606
        75    157.8173    914.0737     38736.02     634.5051  13.5297   0.0178    15.84    0.312   5.54   0      104.2     3817.256     83.64444
        76    986.9807    913.3403     16438.96     510.8128  14.4603   0.0337     9.31    0.440  -7.22   0      51.99     1896.906     78.06374
        77    723.6580    908.5251     31719.53     479.7805  13.7467   0.0164     8.49    0.312  -7.37   0        101     3643.866     82.81584
        78      5.5705    909.8071     11897.04     374.0259  14.8114   0.0341    12.49    0.302  -3.89  24      43.24      1528.07     77.36544
        79     81.4463    898.6762     58387.41     521.4105  13.0842   0.0097     8.22    0.314  -5.30   0      173.8     7048.754     91.68501
        80    495.5754    901.1915      5777.07     420.7333  15.5957   0.0791     8.46    0.536  -8.93   0      20.82     811.8892     75.03543
        81    173.3970    895.4531     57545.84     496.3489  13.1000   0.0094     9.16    0.321  -6.91   0      172.3     7078.193     91.91887
        82    600.6995    895.9880     19667.61     410.5503  14.2656   0.0227     8.47    0.348  -7.78   0      69.56     2426.574     79.59087
        83    352.0894    897.9073     2172.795     131.3179  16.6575   0.0656     4.51    0.196 -62.10   0       43.9     1672.782     77.21733
        84    702.9314    892.4515     13796.55     529.5461  14.6506   0.0417     9.10    0.435  -4.81   0      43.18     1466.597     76.80074
        85    201.4055    889.5010     23865.82     438.8942  14.0556   0.0200     8.58    0.366  -3.33   0      81.78     2992.018     81.18945
        86    719.1721    891.4067     6285.013     436.5185  15.5042   0.0754     8.98    0.550  -0.72   0      22.47      778.854     74.93531
        87    350.6958    872.3242       280308     667.2018  11.3809   0.0026    10.23    0.112 -27.69   0      552.1     31036.66     138.8531
        88    697.5237    883.6091     7607.895     513.3869  15.2968   0.0733     9.90    0.514 -13.43   0      22.91     785.3276     74.75751
        89    832.3991    883.0809     6505.323       398.59  15.4668   0.0665     8.65    0.429  -9.19   0      24.68     985.8587     75.36469
        90    161.9998    880.8270     3684.168     131.1199  16.0842   0.0387     1.00    0.100 -89.64   0      65.81     3792.606     83.75408
        91    867.0900    874.0660     2375.713     170.7621  16.5605   0.0781     4.77    0.226  44.66   0      36.66     1530.978     76.60615
        92    579.4172    873.6953     5988.436     377.3358  15.5567   0.0684     9.33    0.430  -8.62   2      22.69     774.3482     74.12841
        93    471.0874    870.8151     9269.134     424.3604  15.0824   0.0497    11.21    0.423  -3.00   0      33.52     1085.196     75.46809
        94    120.9264    871.7148     6081.992     451.3946  15.5399   0.0806     8.85    0.561 -14.97   0      20.79      715.506     73.94778
        95    929.9271    871.0550     3174.371     130.2333  16.2459   0.0446    -4.75    0.109 -27.42   0      60.36     2768.445     80.37751
        96    863.4249    868.3387     3752.095     312.6789  16.0643   0.0905     4.57    0.127 -14.98   0      15.51     810.9392     75.03255
        97    740.7130    865.3339     4339.778     367.3995  15.9063   0.0919     7.77    0.628  -8.62   0      17.74     651.2708     73.95022
        98   1010.6284    863.6191      4881.13     368.7376  15.7787   0.0820     8.83    0.644  -4.05  16      18.24     602.0199     74.59544
        99    538.6739    860.7748     27547.96     500.4613  13.8998   0.0197    12.84    0.552 -14.96   0      79.04     3397.004     82.31532
       100    237.2582    860.0026      10718.8     474.4231  14.9246   0.0481     9.58    0.436  -9.63   0      35.54     1168.491     76.10787
       101    949.0417    860.0407     4713.641     393.8322  15.8166   0.0907     4.96    0.366 -14.75   2      18.76     833.1437     74.90274
       102    715.1072    858.4993     10737.35     348.7601  14.9228   0.0353     9.04    0.459  -9.65   0      41.51     1531.931     76.41582
       103    986.9684    856.6505     4404.502     374.4121  15.8903   0.0923     7.34    0.493  -4.87   0      17.12     697.3763     74.48965
       104    296.3494    854.3794     17628.09     491.4456  14.3845   0.0303     8.14    0.364  -6.04   0       58.4     2145.749     79.15917
       105    821.3232    852.3209        16200     483.1979  14.4762   0.0324    10.36    0.525   4.56   0      51.31     2016.296     77.84306
       106    412.7046    853.6329     5319.505     395.1179  15.6853   0.0807     6.74    0.615 -10.74   0      16.68     617.3641     73.44459
       107     76.3250    860.8123     12079.02     394.3297  14.7949   0.0355    12.10    0.474 -10.91   0      43.83     1561.049     77.27123
       108     39.1421    845.3834     80715.19     502.4541  12.7326   0.0068     8.39    0.293  -7.98   0      228.8     9668.331     98.26481
       109    283.4026    845.1378     32978.97     638.2549  13.7044   0.0210    16.30    0.618  -6.09   0      79.33     2822.594     80.89668
       110    111.4003    841.1322     4739.594     385.3117  15.8106   0.0883     7.06    0.591  -4.76   0      17.61     772.8511     75.11411
       111    591.0902    833.9606     24172.25     451.4992  14.0417   0.0203     8.56    0.377  -5.02   0      82.05     2992.016     80.82456
       112    406.2448    836.2173     5776.789     405.5297  15.5958   0.0762     9.62    0.517  -6.92   0      22.86     861.5447       75.382
       113    142.3093    836.8767     3792.794     357.8872  16.0526   0.1025     7.41    0.504 -12.29   0      16.54     692.8625     74.07793
       114    670.4442    832.0923     10793.75      406.518  14.9171   0.0409     8.58    0.420  -9.06   0         41     1495.335      76.3069
       115    435.1450    830.8475     6590.292     393.0381  15.4527   0.0648     4.68    0.134  73.14   3      28.05       1478.6     77.02835
       116    430.8520    830.8400     6667.125     394.0213  15.4402   0.0642     5.46    0.254  45.52   3      25.72     1244.854     76.33556
       117    349.3073    831.2462     6921.668     467.8863  15.3995   0.0734     9.26    0.500 -13.42   0      23.22     862.6167     74.39854
       118    722.5137    844.0906     7719.025     486.8416  15.2811   0.0685     9.26    0.494  -6.09   0      22.62     831.3253     74.69964
       119    820.5679    826.6330     8739.604     512.4477  15.1463   0.0637     8.22    0.587  -9.68   0      20.73     651.9783     74.74749
       120    613.6722    823.7377     15003.78     519.5033  14.5595   0.0376     8.74    0.395  -1.98   0      47.61     1677.045       77.421
       121   1018.8621    823.8613     6327.104     368.6268  15.4970   0.0633     5.28    0.094 -41.52  19      26.48       1172.7     75.92604
       122   1022.7243    823.0259     3816.938     252.5989  16.0457   0.0719     3.95    0.197  83.98  27      22.94     1319.824     76.36517
       123    873.5040    820.7487     8517.494     512.3492  15.1742   0.0653     7.99    0.321  22.53   2      22.26     683.7905     73.85024
       124    637.5635    818.7922     8445.343     501.3828  15.1835   0.0645    10.19    0.436 -12.65   3       25.6     834.2751     75.29973
       125    645.0546    812.4800     15104.42     593.2555  14.5522   0.0427    10.14    0.466  -3.58   3      37.75     1194.291     75.60068
       126    383.9014    817.5276     9303.081     434.7004  15.0784   0.0507     7.95    0.228  67.12   3      36.19      2029.85     77.50218
       127    388.2174    816.6175     8067.019     388.2223  15.2332   0.0523     5.34    0.166  49.54   3      34.73     1655.277     77.35707
       128    829.5844    814.5385     16425.22     548.4765  14.4612   0.0363     8.29    0.388  -6.23   0      52.57     1931.673     78.16489
       129    730.3701    812.5513     6600.577     343.9119  15.4510   0.0566     9.91    0.561  -4.10   0      24.72     924.2093     75.57069
       130    252.4943    812.4581     4278.751     365.3447  15.9217   0.0927     5.08    0.506  67.83   2      18.04      592.268     73.56805
       131    870.8048    808.7645     8133.252     462.1221  15.2243   0.0617     9.94    0.476 -10.09   0      28.42     1101.507     76.10203
       132    437.0599    809.8771     2624.504     195.2949  16.4524   0.0808     4.63    0.172 -62.24   0      27.53     1434.574       76.513
       133    267.3245    809.7764     3339.348     329.6432  16.1908   0.1072     5.20    0.392 -17.18   0       14.7     634.3909     74.29723
       134    940.8107    805.0558     14124.76     518.4064  14.6250   0.0399     9.01    0.382  -7.06   0      48.06     1744.993     77.81038
       135    637.6574    802.7795     29701.81     468.6854  13.8180   0.0171     9.37    0.358  -8.77   0       97.5     3599.046     82.87128
       136    588.1649    802.6672     5958.989     424.3289  15.5621   0.0773     9.09    0.526  -5.83   0      23.39      840.363     74.92464
       137    904.4333    799.1771     6733.384     423.0001  15.4294   0.0682     5.49    0.215   5.36   2      23.66     1015.365     75.84434
       138    665.0182    797.8237     5083.756     389.3293  15.7345   0.0832     8.09    0.598  -0.56   1      18.46     771.1209     75.10888
       139    252.0149    791.6961     163694.3     566.1047  11.9649   0.0038     8.09    0.258  -7.94   0      387.8     19214.31     118.0506
       140    675.2235    795.8313     8199.552     498.3144  15.2155   0.0660     9.54    0.599  -9.07   0       22.2      851.658     75.35218
       141    916.1712    789.3906     21915.53     486.6386  14.1481   0.0241     9.27    0.412  -7.54   0      74.65     2807.601     80.85455
       142    458.1820    789.6729     8838.723     463.2671  15.1340   0.0569     9.91    0.432  -3.91   2      29.33     1044.415     75.73645
       143    951.0235    788.7034     3848.256     318.6009  16.0368   0.0899     4.05    0.191 -89.21   2      17.11     675.6943     73.62487
       144     43.6344    786.2284     3500.736     198.1851  16.1396   0.0615     1.99    0.354 -49.71   3      35.45     2304.958     79.61496
       145     39.5978    781.2407        14000     512.6177  14.6347   0.0398     9.28    0.376   7.30   2      44.08     1680.864       77.813
       146    684.8300    781.0392     58380.98     489.2366  13.0843   0.0091     8.73    0.320  -8.52   0      174.6     7033.392     92.12942
       147    942.4786    781.8379     5875.578     365.3268  15.5774   0.0675     5.84    0.298  63.31   2      17.49     732.9841     74.59821
       148    140.1778    779.6838     26755.59     445.3934  13.9315   0.0181     8.09    0.333  -7.26   0      90.87      3323.93     81.75256
       149    889.1677    780.4366     6494.678     418.4804  15.4686   0.0700     9.26    0.550  -5.94   0      23.62     883.9119     75.25327
       150    304.4416    780.3859     9516.034     449.8469  15.0539   0.0513    10.78    0.455 -11.43   0      32.91     1161.904     76.47568
       151    789.7709    780.0720     7547.626     468.9788  15.3055   0.0675     9.47    0.564 -11.81   0      22.81     795.0065     74.78693
       152    451.0498    776.7310     8326.377      425.595  15.1989   0.0555     8.90    0.426  -9.39   0      29.87     1064.118     75.60032
       153    720.1306    774.3123     14993.81     374.9188  14.5602   0.0272     8.55    0.384  -5.45   0      55.03     1940.799     77.81249
       154   1007.8595    775.8629     2461.432     175.1472  16.5220   0.0773     1.71    0.151  -6.28   0      30.94     1976.895     78.29627
       155    551.7151    773.8962     19609.21     510.7768  14.2688   0.0283     8.35    0.370  -5.27   2      57.01     1987.782      77.9496
       156    483.2750    767.9892     12251.68     551.4544  14.7795   0.0489    10.51    0.459 -10.93   0      34.05     1139.666     76.02174
       157    162.2577    769.0109      6762.46     419.5075  15.4247   0.0674     9.89    0.436  -9.92   0       25.6     912.3641     75.33915
       158    194.9852    766.9667     9158.467     140.2881  15.0954   0.0166     0.00    0.064  61.47   0      127.1     8736.301      96.3921
       159     70.9691    764.4843     3654.267     324.2115  16.0930   0.0964     5.01    0.414  63.01   0      15.97     642.4356     74.12271
       160    997.5955    760.2593     4756.033     374.6254  15.8069   0.0855     6.21    0.169 -78.98   0      17.47     619.7519      74.4512
       161    392.1782    759.4952     4145.993     327.9534  15.9559   0.0859     7.85    0.289 -71.56   3      21.39     965.9894     74.71366
       162    388.0297    759.8701     5513.415     154.7109  15.6464   0.0305     0.00    0.228 -78.63   3      78.26     4391.965     85.01804
       163    341.6384    754.6194     58123.98     518.4528  13.0891   0.0097     8.74    0.293  -8.28   0      172.5     6946.584     92.07568
       164     52.1427    756.1521     24369.82     440.8345  14.0329   0.0196     6.87    0.198 -28.01   2       83.4     4022.586      84.2005
       165     48.0372    756.2628     10692.93     236.3208  14.9273   0.0240     0.66    0.111 -13.96   3      67.75     4733.109     85.92515
       166    172.3341    755.3533     28316.56     516.7858  13.8699   0.0198     6.77    0.146  -2.29   0      84.48     2960.982     81.10252
       167    803.0496    747.8598     449327.3     699.0943  10.8686   0.0017     8.29    0.214 -11.24   2      751.3     54473.87     173.1836
       168    817.6445    735.5765     27760.92     708.3777  13.8914   0.0277    13.38    0.290 -69.02   3      63.61     2251.247     79.46149
       169    530.0107    756.3369     3273.745      143.877  16.2124   0.0477     0.96    0.184 -89.97   0      53.89     3102.404     81.49786
       170    914.1126    755.9766     3594.557     348.3428  16.1109   0.1052     5.60    0.395   9.73   2      15.48     603.8238     73.80425
       171    132.7797    749.4114     5610.339     498.6163  15.6275   0.0965     8.30    0.651  -4.13   2      19.73     667.9673     74.39986
       172    418.3256    746.3187     8413.516     516.6121  15.1876   0.0667     9.51    0.473 -14.48   0      23.24     831.4044     74.30314
       173    159.0221    742.2739      11784.5     513.0768  14.8217   0.0473    10.04    0.367  -9.31   0      38.68      1380.73     76.73904
       174    627.2448    741.7084     5253.903     390.3762  15.6988   0.0807     7.05    0.550 -17.64   0      18.22     752.5239     74.26075
       175    723.9798    737.7844     25089.84     457.6475  14.0013   0.0198     8.59    0.349  -7.81   0      82.67     3015.014     81.43548
       176    558.3614    740.9789     5117.749      340.769  15.7273   0.0723     0.00    0.384   7.33   0      18.95     1271.078     76.79944
       177    692.0438    738.1958     10748.26     408.3064  14.9217   0.0413     9.32    0.436  -5.91   0      38.14     1280.817     76.63565
       178    883.8532    738.1785     5815.489     404.6394  15.5885   0.0756     4.85    0.104  68.32   3      23.97      1050.18     75.75375
       179    879.9883    738.5063     4918.971     347.0833  15.7703   0.0766     5.12    0.219 -20.57   3      21.51     1041.885     75.53345
       180    137.7300    738.4459     3035.145     140.9014  16.2946   0.0504     1.04    0.101 -55.28   0      46.76     3016.419     81.25773
       181    365.2469    735.8048     14194.31     515.5783  14.6197   0.0394    11.02    0.395  -4.19   0      44.75     1484.004      77.0443
       182      4.6083    733.6277     7217.618     326.6998  15.3540   0.0492    10.82    0.335 -15.46  24       29.1     992.3222     75.57996
       183    241.4205    731.2968     36070.88     454.2073  13.6071   0.0137     8.45    0.325  -6.72   0      117.5      4313.69     84.28413
       184    940.0142    733.9736     5180.016     133.6875  15.7142   0.0280     0.00    0.005 -73.50   3      88.08     4940.207     86.81234
       185    944.0013    729.9670     8756.253      472.701  15.1442   0.0586    10.30    0.532  -7.69   2       28.9     1112.846     76.13589
       186     65.8804    729.5430     58658.19      449.213  13.0792   0.0083     8.48    0.328  -7.28   0      181.5     7432.176     92.47089
       187    127.3844    732.1013     6487.362     411.3527  15.4698   0.0689     9.76    0.499  -2.32   0      25.12     898.2833     74.70551
       188    110.8610    731.1697     5444.724      401.681  15.6601   0.0801     8.30    0.602   1.91   0      20.48     768.0835     74.70507
       189    684.6268    725.3007     21622.55     510.9492  14.1627   0.0257     8.77    0.363  -7.36   0      69.46     2356.917     78.64358
       190    195.8730    715.4686     134767.8     633.3813  12.1760   0.0051    15.90    0.534   2.10   0      291.3      14654.6      108.919
       191    960.3852    717.2019     9445.147     571.3777  15.0620   0.0657    11.37    0.545 -23.54   0      22.64      717.581     74.55127
       192    548.7560    714.3148     10988.52     509.8335  14.8977   0.0504    12.11    0.270  -0.28   0      33.27      1050.12     75.16602
       193    272.7157    716.3455     8636.986     427.4929  15.1591   0.0538     9.14    0.420 -14.28   0      31.41     1129.325     75.40512
       194    530.2885    713.8640     5521.598     418.8347  15.6448   0.0824     8.44    0.635 -87.22   2       20.5     1355.723     76.08443
       195    535.3574    709.4638     7038.266     525.9355  15.3813   0.0812     8.61    0.475 -26.72   2      19.84     654.8622     74.35982
       196   1013.5398    710.3884     5612.005       304.47  15.6272   0.0589     9.07    0.533  -4.20  16      22.35     735.9327     74.80502
       197     29.7170    708.0624     5280.942     270.8117  15.6932   0.0557     9.60    0.494  -1.36   0      23.39     902.7798     74.71919
       198    597.8159    704.5143     39711.09     483.5513  13.5027   0.0132     8.79    0.352  -6.81   0      123.9     4621.803     85.45747
       199    350.1579    704.8267     6063.567     353.1031  15.5432   0.0632     8.34    0.359 -77.85   3       28.5     1526.182     77.35989
       200    354.0253    704.2872     5984.179     328.1006  15.5575   0.0595     4.03    0.062 -28.09   3      28.53     1523.699     76.58455
       201    484.7055    705.5819     13370.12     604.3209  14.6847   0.0491     9.76    0.451  -9.69   0      31.89     1030.709     74.91028
       202    713.9424    705.9065     2545.339     131.9611  16.4856   0.0563     4.47    0.177  60.24   0      51.18     2096.851      78.0779
       203     56.4526    700.1791     39089.36     463.7518  13.5199   0.0129     8.66    0.347 -12.43   0        121     4496.781     85.47086
       204    857.6254    699.1702     3263.997     334.0452  16.2156   0.1111     5.95    0.571  -7.06   0      14.41     601.8203     74.59483
       205    293.5838    694.2984     65135.16     556.4767  12.9655   0.0093     8.30    0.285  -5.30   0      187.8     7598.491     92.87875
       206    721.8882    697.1105     4588.465     308.5328  15.8458   0.0730     8.34    0.500 -10.57   0      19.02      682.199     74.24454
       207    940.2388    697.1808      4804.57     404.9845  15.7959   0.0915     6.67    0.662  -9.77   0      16.91     623.3118     74.85796
       208    533.1276    695.9002     6251.165     424.4854  15.5101   0.0737     9.36    0.568  -3.79   0      21.14     691.7977     73.47369
       209    275.1580    688.4779     32127.54     668.4947  13.7328   0.0226    13.33    0.490 -23.73   2      83.64     2976.209     81.14518
       210    958.9930    689.1968     18694.96      642.417  14.3207   0.0373    13.18    0.464  -8.85   0      46.65     1382.867     76.55256
       211    692.2696    686.6630     20946.55     462.0276  14.1972   0.0240     9.70    0.319  -5.94   0      68.67     2519.027     79.85443
       212    496.9174    684.2964     37461.27     654.6902  13.5660   0.0190    15.95    0.570  -5.61   2      88.07     3393.303     81.94518
       213    251.4734    681.3671     5439.089     444.4697  15.6612   0.0887     7.57    0.495 -13.86   0      17.93     694.4839     74.48082
       214    425.3650    679.4406     5132.366     398.7341  15.7242   0.0844     7.23    0.080 -24.44   2      21.01     824.9369     74.87783
       215    530.2881    670.2703     2109.169     152.0757  16.6897   0.0783     3.93    0.393  45.29   0      1.645     1495.482     76.50077
       216    508.4943    670.8105     4050.105     391.5665  15.9813   0.1050     6.94    0.619 -12.82   0      16.32     583.4233     74.14115
       217    154.8522    669.4954     11820.53      540.447  14.8184   0.0497     9.31    0.456 -19.50   2      31.71     1376.237     75.95135
       218    159.7438    668.5591     7664.562     412.8983  15.2888   0.0585     5.19    0.071 -30.96   3      28.45     1334.123     76.60088
       219    739.8359    667.6952     12595.83     520.5823  14.7494   0.0449     9.54    0.454 -10.21   0      40.62     1416.856     75.87827
       220    990.0663    666.0468     12073.41     439.5219  14.7954   0.0395     8.74    0.416 -13.04   0      38.98     1262.295     76.19376
       221     18.3053    668.5745     4293.617     339.1312  15.9179   0.0858     8.00    0.505 -12.56   0      18.65     748.9484      74.0505
       222    896.3736    666.4517     9749.021     418.4821  15.0276   0.0466    10.08    0.390  -1.57   0      35.11      1212.91       76.434
       223    819.4486    663.5495     20771.84     463.5385  14.2063   0.0242     8.51    0.371  -5.25   0      70.94       2549.7     80.31057
       224    793.1116    664.0334     2612.858     132.0773  16.4572   0.0549     0.00    0.154  30.35   0      55.19     2314.713     78.89706
       225    472.1834    660.6260     3838.845     149.7843  16.0395   0.0424     2.59    0.380 -62.58   0      59.81     3055.978     81.73074
       226    838.6899    658.5151     7801.258     447.3309  15.2696   0.0623    10.45    0.492  -5.55   0      28.68     1008.543     75.23689
       227    757.6656    650.6916     382985.8     660.0533  11.0420   0.0019     8.49    0.231  -5.78   0      684.1     45697.04     161.0714
       228     45.4647    657.0767     7817.457     458.7564  15.2673   0.0637    10.22    0.465  -7.39   0      28.87     1024.453     75.28493
       229      5.3208    649.6968     20904.56       351.14  14.1994   0.0182     8.47    0.306 -11.84  24      78.34     3039.754     80.95869
       230    271.6360    648.1979     6911.128     344.1171  15.4011   0.0541     9.68    0.484  -5.10   0      26.58      962.667     75.68626
       231    930.7160    681.9059     9163.368     449.6687  15.0949   0.0533     9.85    0.178 -30.11   2      28.97     896.0965     74.89645
       232    448.5311    657.4518     21746.75      511.727  14.1565   0.0256     7.88    0.359  -0.11   0       68.6     2529.041     79.88293
       233    439.0743    635.6810     8030.283     440.7919  15.2382   0.0596     8.53    0.430  -7.20   0      29.39     1066.608     75.01911
       234    614.7863    634.0868     3989.138     356.9784  15.9978   0.0972     7.09    0.593   1.04   0      17.18     628.1004     74.07875
       235     31.9863    631.6424     13298.99     437.6297  14.6905   0.0357     8.31    0.428  -6.80   0      47.57     1724.692      77.9409
       236    383.4325    632.0106     5001.032     402.3492  15.7524   0.0874     8.56    0.514  -1.64   0      18.51     617.9186     74.64386
       237    268.1024    631.5231       7026.6     392.3497  15.3831   0.0606     8.13    0.405  -3.50   0      30.13     1113.567     75.35761
       238    787.1200    627.3239     8310.381     432.4758  15.2009   0.0565    10.94    0.421  -3.15   0      29.84     930.7415     74.60636
       239    203.9127    628.9056     2497.244     134.6507  16.5063   0.0586     4.69    0.237  45.46   0      50.87     2078.896     78.40353
       240    882.5970    621.8820     21727.83     740.6523  14.1575   0.0370    16.63    0.680  -2.95   0      45.81     1382.142     76.74323
       241    213.3379    622.4767     8287.844     392.1386  15.2039   0.0514     9.27    0.367  -3.58   0      31.06     1042.979     75.53674
       242    931.9893    621.6962     6074.176     414.7035  15.5413   0.0741     5.22    0.198 -18.08   2      21.14     819.3881     74.86098
       243    245.4386    618.8141        21071      484.722  14.1908   0.0250     7.94    0.381  -7.57   0      71.05     2756.192     81.07531
       244    301.0121    613.4933     6951.686     400.6928  15.3948   0.0626     7.52    0.345  -1.30   2      25.51     914.1434     74.95119
       245    164.8221    612.0798     31250.18      447.681  13.7629   0.0156    14.30    0.378 -11.74   0      100.6     3734.775     83.24268
       246    797.8859    612.7303     5536.932     398.0374  15.6418   0.0781     9.18    0.585   2.28   0       22.2     802.9921     74.41505
       247     18.4605    610.5242      7036.32     454.3211  15.3816   0.0701     9.69    0.547 -11.06   0      24.31     848.3798      74.7515
       248    997.3276    608.9935     11793.99     550.5952  14.8208   0.0507     9.84    0.442 -11.28   0      31.95     1092.643     75.68603
       249    356.0704    609.7796     6099.265     352.0782  15.5368   0.0627     9.82    0.513 -15.36   2      23.57     979.7054     75.54202
       250    349.1184    610.0431     2565.688     131.9961  16.4770   0.0559     4.55    0.174  28.75   3       47.5     2057.798     78.15347
       251   1013.0880    607.5986     7945.869     495.9689  15.2496   0.0678     8.22    0.351  22.20  16      22.06     816.3792     74.85185
       252    631.3973    608.1693     4417.148     379.3216  15.8871   0.0933     7.24    0.635  -4.03   0      17.29     643.6974     74.72231
       253     33.0922    606.4714     9355.442     529.0352  15.0723   0.0614    10.05    0.129  -0.54   0      27.07     851.9727     74.56449
       254    400.0239    604.9662     8576.587     513.8156  15.1667   0.0651    10.09    0.582  -3.54   0      23.06     634.1365     74.69322
       255    104.5534    600.2722     56902.11     522.1797  13.1122   0.0100     8.34    0.323  -9.20   0      168.3     6768.736     91.15051
       256    121.7262    600.4081     24727.71     452.5958  14.0170   0.0199    11.91    0.386  -7.97   0      82.14     2858.835     80.81577
       257    859.8535    601.2592     8755.696     331.1325  15.1443   0.0411    11.59    0.411   0.61   0      32.82     1157.639     76.26948
       258    268.4866    594.5822     67137.59     500.7216  12.9326   0.0081     8.42    0.322  -9.77   0      196.6     8088.062     94.22607
       259    670.6118    594.4475     10390.98     330.0215  14.9584   0.0345     9.30    0.448  -8.74   0      40.41     1473.868     77.20605
       260    748.0203    589.8898     16197.24     420.2147  14.4764   0.0282     9.94    0.391 -11.05   0      54.21     1888.537     77.46916
       261    145.1209    589.1739     7777.576      155.646  15.2729   0.0217     5.14    0.110  71.88   0      100.7     6352.508     90.10673
       262     65.6520    590.6877     3666.094      340.885  16.0895   0.1010     5.43    0.613 -24.92   2      14.29     603.5794      73.8035
       263     54.3454    590.7875     5542.435     409.0276  15.6407   0.0801     8.31    0.607  -4.38   0      19.18     729.7157     74.78613
       264    876.6135    587.0441     8682.287     336.6156  15.1534   0.0421    11.70    0.481 -16.70   0      33.67     1180.368     76.33718
       265    612.6142    585.0280     44481.81     465.5941  13.3795   0.0114     9.41    0.324  -6.95   0        138     5335.509     87.84113
       266    966.6269    582.6602      37307.6     423.7045  13.5705   0.0123     8.28    0.329  -4.64   0      123.9     4850.614      86.4066
       267    237.3868    584.1283     23923.32     399.2516  14.0529   0.0181     8.03    0.345 -10.29   0      83.26     3174.182     81.87849
       268    696.7769    580.9033     36898.91      533.862  13.5825   0.0157    11.67    0.337  -3.58   0      113.9     4257.559     84.13263
       269    184.7678    571.5139     12282.22     478.2715  14.7768   0.0423    10.11    0.410 -19.09   0      41.83      1470.69      76.6202
       270    314.8778    568.1435     9035.734     542.0082  15.1101   0.0651    11.53    0.524 -25.40   0      24.51     756.6553     74.47211
       271     65.9541    571.8871     16647.55     443.5499  14.4466   0.0289    12.35    0.468  -7.43   0      56.21     1788.911     77.36759
       272    922.4176    563.1122     8391.228     317.1999  15.1904   0.0411     9.36    0.403 -11.29   0      33.63      1200.78     75.81536
       273    505.5255    555.5843     274389.8     620.3472  11.4041   0.0025     8.28    0.261 -10.19   0      547.7     32445.92     141.4547
       274     29.6624    562.8752     7677.471     424.3786  15.2870   0.0600     6.69    0.258   2.68   2      29.08     1320.215     76.36633
       275    763.1616    555.1020     121020.9     519.6556  12.2928   0.0047     8.41    0.263  -7.56   0      313.1     14340.58     107.8514
       276    466.8822    559.7468     12401.12     179.5517  14.7663   0.0157     0.00    0.275  57.60   0      145.7     11347.49     101.6393
       277    311.7973    556.8413     15744.12     535.9252  14.5072   0.0370     8.99    0.431  -9.25   2      48.14     1735.324      77.9719
       278    858.3486    557.6077     8377.976     372.8737  15.1922   0.0483    10.33    0.552   0.30   0      33.15     1157.481     76.07499
       279    899.0475    556.9729     3065.636     340.4845  16.2837   0.1206     6.64    0.607  -9.88   2      15.88     769.3974     75.10366
       280    893.1405    557.0132     2527.958     164.3535  16.4931   0.0706     4.48    0.119  -2.36   2      42.58     1900.506     78.26329
       281    371.1898    552.1573     4184.086      364.273  15.9460   0.0945     6.81    0.577  -2.89   0      17.62     804.0024     75.40456
       282     87.2654    545.3901     5764.593     394.4382  15.5981   0.0743     8.81    0.553  -0.37   0      21.81     768.9042     74.70757
       283    331.9148    532.1983     38490.72     457.8439  13.5366   0.0129    10.99    0.297  -3.36   0      121.4     4789.961     86.41811
       284    500.3394    534.1612     7356.584     453.6676  15.3333   0.0670     9.52    0.523  -8.27   0      24.78     863.1417     74.99371
       285    732.4023    528.4397      17781.5     484.7041  14.3751   0.0296     8.40    0.375 -10.97   0      56.32      1980.72     78.68393
       286    648.8898    525.3555     56248.59     546.1113  13.1247   0.0105    15.83    0.281  -1.25   0      164.4      6308.41     89.66639
       287    190.6798    523.2067     27727.28     449.1912  13.8927   0.0176     8.08    0.276  -5.62   0      91.73     3371.743     82.42503
       288    549.6185    523.8983     6441.149     389.1727  15.4776   0.0656     9.65    0.449  -4.89   0      25.46     960.4891     74.69693
       289    750.0555    521.9296     11561.99     477.9292  14.8424   0.0449     8.87    0.443 -10.31   0      40.14     1455.613     76.57547
       290     21.8704    519.0334     13918.49     532.3817  14.6410   0.0415     9.12    0.410  -7.17   2      45.43     1553.313     77.05692
       291    952.0322    516.6284     5338.535     404.3714  15.6814   0.0823     8.28    0.412  -6.90   0      20.45     718.4904     74.94945
       292    902.2872    516.3632     5420.729     417.0117  15.6649   0.0835     9.41    0.539  -1.10   0      20.44     668.2611     74.00242
       293    295.3935    512.2762      28414.3      446.239  13.8662   0.0171     8.38    0.318 -17.78   0       92.2     3437.112     82.42598
       294     61.7455    526.9416     15766.43     489.0754  14.5057   0.0337     8.52    0.413  -3.70   0      52.87     1913.071     78.48829
       295    543.2845    512.1724     11323.03     512.8723  14.8651   0.0492     9.50    0.499  -4.91   0      35.14     1266.096     76.01091
       296    737.7600    508.1781     86948.81     565.3156  12.6518   0.0071     8.61    0.375  -8.01   2      231.4     9713.662     98.51971
       297    223.7882    506.9688     3633.389     335.3998  16.0992   0.1002     5.04    0.201  -0.04   0       14.4     682.7482     74.84099
       298    137.3359    503.4047     24097.88     464.3715  14.0451   0.0209     8.43    0.301  -9.04   0      78.61     2810.716      80.8633
       299    594.6425    505.0575     3783.593     349.5247  16.0552   0.1003     6.28    0.562 -12.84   0      15.63     603.5505     74.20283
       300    572.8830    504.0828     5171.626     381.7142  15.7159   0.0802     9.45    0.615  -6.24   0      20.94     838.0706     74.72015
       301    861.0726    502.0407     6086.221     218.7281  15.5391   0.0390     7.44    0.662  -6.07   0      65.02     4359.487     84.93117
       302    396.2157    489.2062      31981.8     506.8634  13.7377   0.0172     9.88    0.261  -8.31   0      87.66     2568.027     79.99377
       303    502.9867    508.0040     75576.38     515.4048  12.8040   0.0074     8.20    0.297  -7.41   0      212.9     9136.398     96.87428
       304    638.0797    484.2162     30153.97     456.1232  13.8016   0.0164     8.91    0.345 -11.31   0      97.57     3572.433     82.79826
       305    705.2863    485.9295     4205.871     299.7432  15.9404   0.0774     2.03    0.273 -16.60   0       18.2      1034.53     75.11887
       306    210.8000    484.4046      7781.82      420.938  15.2723   0.0587     4.71    0.152 -15.40   2      23.83     829.4362     74.89149
       307    921.9776    477.4911     15711.16     585.9698  14.5095   0.0405    10.04    0.405  -4.52   3      43.48     1367.292     75.92458
       308    914.1614    472.6162     11882.86     537.7318  14.8127   0.0491     9.43    0.457  -2.97   3      34.07     1352.536     77.04012
       309    896.5385    479.1180      8988.43     526.0757  15.1158   0.0636     7.68    0.585  12.50   0      20.17     562.9911     73.67841
       310    347.1228    467.6130       181669     597.8826  11.8518   0.0036     8.48    0.112   1.99   0      412.7     21239.62     122.0086
       311    205.6075    472.4026     37935.91     645.1921  13.5524   0.0185    11.20    0.334   2.23   3      100.2     3690.494     83.12169
       312    200.4568    465.3442     21313.86     598.1057  14.1783   0.0305     9.88    0.408  -3.30   3      56.32     2060.018     78.91264
       313     25.9340    472.7989     23787.99     590.3472  14.0591   0.0270     9.84    0.334 -10.99   0      67.91     2279.709     79.54285
       314    183.6751    474.9089     4779.737      418.432  15.8015   0.0951     7.89    0.595   4.02   0      16.95     588.4441     73.75688
       315    830.0858    465.8862     234085.4     594.3143  11.5766   0.0028     8.41    0.225 -10.68   0        497     27909.98      133.748
       316    398.2282    470.5848     23332.31     497.0587  14.0801   0.0231     9.17    0.370  -9.13   0      77.52     2842.521       81.135
       317    613.7650    466.0356     14333.51     413.8835  14.6091   0.0314    10.25    0.383  -1.39   0      52.94     1905.236     78.27702
       318     39.7373    463.3246     29953.65      497.113  13.8089   0.0180     8.07    0.319  -6.21   0      93.22     3303.896     82.05784
       319    560.3704    462.3770     4220.066     373.3117  15.9367   0.0961     7.46    0.610 -11.74   0      16.82     572.8502     74.50651
       320    707.4830    460.9394     6695.944     437.5775  15.4355   0.0710     9.30    0.547  -7.77   0      23.01     785.1281     74.36047
       321    248.0026    461.8449     24366.19     163.0747  14.0330   0.0073     0.00    0.110 -89.72   0      206.8     24325.16     127.8582
       322    214.6810    460.2146     12725.48     566.1926  14.7383   0.0483    10.71    0.435  -2.35   0      35.95      1181.44      75.9522
       323    129.3477    459.8716     4637.771     374.5537  15.8342   0.0877     4.14    0.325  20.34   2      17.93     785.7065     74.56071
       324    242.6688    455.3928     12463.24     394.5511  14.7609   0.0344     9.48    0.489  -4.13   2      46.48     1581.775     77.14082
       325    521.5172    457.9977     10236.89     180.9226  14.9746   0.0192     3.17    0.461   0.20   0        120     8749.337      96.1158
       326    988.9249    454.5444     10267.54     512.4044  14.9713   0.0542    10.07    0.429 -11.02   0      31.77      1055.03     75.37718
       327    717.8051    453.8018     10054.47     484.1297  14.9941   0.0523     0.00    0.220  -9.70   0      36.05      956.271     75.27541
       328    864.9955    443.4472     414446.6     715.0545  10.9563   0.0019    13.43    0.222 -27.08   0      711.9     47034.65     163.1291
       329    290.6071    452.7254     14735.77     414.1043  14.5791   0.0305     8.53    0.429  -5.05   0      52.44     1837.705     77.70123
       330    606.6673    452.4807     8313.207     498.3662  15.2006   0.0651     8.72    0.500  -3.77   0      21.08     741.4254     74.22678
       331    929.1064    448.9677     9150.179     328.0415  15.0964   0.0389     9.60    0.443  -8.24   0      34.74      1206.12     75.24443
       332    767.8826    446.6577     9674.708     480.8879  15.0359   0.0540    10.77    0.384 -16.32   0      33.06      1103.99     75.32872
       333    351.6602    447.6329     9475.516     483.0936  15.0585   0.0554    10.91    0.501   0.84   0      28.53     1055.849     75.57545
       334    483.0877    441.3875      62364.6     264.0613  13.0127   0.0046     7.23    0.195  75.84   0      346.2     57081.42     176.4887
       335    843.7998    444.0942     9548.092     531.9037  15.0502   0.0605     9.75    0.453  -8.57   1      26.08     863.3892     74.99445
       336    451.5103    440.0707     23949.28     412.9138  14.0518   0.0187    12.35    0.289 -11.20   0      81.06     2903.375     80.75813
       337    331.6345    438.3010     9268.811     459.4749  15.0824   0.0538    10.67    0.453 -16.08   0      32.19     1100.485     74.92468
       338    963.4185    427.8616     31482.31     828.2569  13.7548   0.0286    14.50    0.334  79.71   2      66.89     1551.331     77.05108
       339     90.4656    431.6772     15946.69      647.749  14.4933   0.0441     8.56    0.415  -9.15   0      36.16     1250.745      75.7702
       340    373.0488    432.0605     5988.044     385.0891  15.5568   0.0698     9.53    0.528  -7.70   0      22.93     863.0012     74.99328
       341    416.9970    430.1813     2517.845     129.0825  16.4974   0.0557     1.06    0.113 -89.78   0      48.27     2585.585     80.04364
       342    786.3376    423.6429     152628.1     542.2316  12.0409   0.0039     8.18    0.249  -8.25   0        372     18821.35     117.4175
       343    667.3600    424.8381      66810.2     598.7145  12.9379   0.0097    12.64    0.341  -5.15   3      184.4     7484.091     92.91705
       344    656.9309    420.0121     27260.31     575.8598  13.9112   0.0229    10.16    0.455  -8.30   3      74.32     2432.741     79.60847
       345    745.5607    426.0371     25741.56     446.5336  13.9734   0.0188     9.09    0.369  -9.33   0      88.38     3270.374     81.96494
       346    229.3494    426.3586     14208.48     445.6272  14.6186   0.0341     8.55    0.378  -7.78   0       48.1     1646.421     77.52193
       347   1002.7894    424.3406     6684.271      452.515  15.4374   0.0735     7.26    0.473  31.98   3      20.12     737.8902     74.81097
       348   1007.8204    424.0186     4268.267     367.3553  15.9244   0.0935     4.93    0.350  10.91   3      19.84     944.7043      75.6323
       349    926.3711    418.6220     37303.55     564.9636  13.5706   0.0164    15.34    0.253 -13.32   3        106      3811.69     83.80585
       350    928.5870    409.2223      48259.5     503.9487  13.2910   0.0113     8.56    0.347  -6.60   3      145.7     5844.089     88.98135
       351    416.7719    416.9670     30955.84     490.0892  13.7731   0.0172     8.37    0.242  -8.62   0      94.78     3159.775     82.01888
       352    388.6965    412.2351     14027.24     458.6113  14.6326   0.0355     9.90    0.452  -6.54   0      46.56     1601.061     76.42802
       353    352.5291    412.4891     10209.14     532.1862  14.9775   0.0566     8.83    0.583  -6.96   0       25.8     818.8298      74.4634
       354    575.5427    406.6007     10465.35     447.0324  14.9506   0.0464     9.60    0.405  -9.34   0      37.17     1262.242      76.1936
       355    953.0094    422.1056     17414.98     622.6819  14.3977   0.0388    11.63    0.563 -14.23   3      37.58     1023.289     75.47748
       356    783.1647    406.7553     5613.988     420.6452  15.6268   0.0814     7.69    0.519 -14.34   0      20.07      744.343     74.83057
       357      4.4143    403.2797     33751.73     416.5039  13.6793   0.0134     7.80    0.124 -27.98  24      123.4     6056.874     89.35795
       358    670.9607    397.7233     69449.78     500.2952  12.8958   0.0078     8.26    0.286  -8.06   0      202.3     8491.873      95.3502
       359    524.3287    400.6379     6663.644     414.1352  15.4407   0.0675     9.71    0.474  -0.38   0      24.38     895.9019     75.09292
       360    485.0955    399.1876     7794.879     411.1768  15.2705   0.0573     8.69    0.429  -6.91   0       30.7     1062.727     75.59614
       361    852.4822    398.0987     13218.87     367.8636  14.6970   0.0302     8.31    0.428  -9.47   0      48.67     1755.112     77.07674
       362    614.3906    394.7433     8831.622     417.9836  15.1349   0.0514    10.85    0.482  -3.30   0      32.02     1158.577     76.07826
       363    580.9125    394.9162     5290.901     395.1014  15.6912   0.0811     7.72    0.568  -2.08   0       19.7     709.5192     74.32812
       364    269.5572    392.3457     4172.084     368.3003  15.9491   0.0959     7.92    0.448  -9.28   0      17.33     621.1522     74.45547
       365    751.6027    402.1516     7944.984     392.8813  15.2498   0.0537    10.16    0.491  -1.75   0       30.3     1099.132     75.70551
       366    807.0756    386.1948     33184.33     467.2185  13.6977   0.0153     8.50    0.352  -6.57   0      110.7     4215.799     84.54579
       367    783.9514    386.8333     7061.854      413.461  15.3777   0.0636     9.65    0.472 -18.03   0      25.86     932.5099     75.20364
       368    505.7504    381.6006     53993.89     494.7198  13.1691   0.0100     8.66    0.302  -8.70   0      161.4     6286.769     89.94076
       369    160.9379    381.1123     43391.97     490.5789  13.4065   0.0123     8.68    0.335  -7.70   0      135.5     5241.959      86.9213
       370    836.3112    381.3995     7262.752     382.9572  15.3472   0.0573     9.06    0.472 -10.22   0      28.24      1056.74     75.57813
       371    139.9572    377.4298     27668.61     466.1158  13.8950   0.0183     8.56    0.326  -5.07   0       92.9     3518.748     83.00762
       372     17.9183    375.3445     4719.253     387.2128  15.8153   0.0891     9.50    0.460  -7.90   0      19.16     598.0687     73.78653
       373    473.6829    369.6813     13866.72     383.9807  14.6451   0.0301     8.12    0.390  -7.61   0      51.41     1906.278     77.52119
       374    878.6591    354.8954     8680.419     174.7787  15.1536   0.0219     1.95    0.195  72.26   3      85.91     7178.856     91.68512
       375    890.2182    365.1880     110118.1     508.3657  12.3954   0.0050     8.51    0.329  -8.10   3      286.6     12521.02     104.5136
       376    890.6870    355.6289     161905.1     555.4972  11.9768   0.0037    17.25    0.272   2.06   3      374.9     18046.04     115.6518
       377    280.6734    366.7739     7916.194     421.8873  15.2537   0.0579    10.63    0.437 -10.14   0      27.93      983.018     75.35612
       378    832.5023    359.8694      13236.6     400.5693  14.6956   0.0329     8.30    0.387  -8.75   0      47.87     1765.699     77.10795
       379    731.9393    359.3377     7948.622     468.3849  15.2493   0.0640     0.00    0.409 -21.05   0      26.51     674.0198     74.41835
       380    931.9741    351.6332     6557.756     414.0771  15.4581   0.0686     9.57    0.509  -4.18   0      23.29      769.732     75.10468
       381    220.0138    348.6823     40445.16     474.6454  13.4828   0.0127    12.14    0.355  -6.10   0      125.8     4858.684     86.25665
       382    151.2203    345.4944     64042.27     478.9193  12.9838   0.0081     8.55    0.314  -8.01   0      189.3     7942.794     93.55964
       383    787.4260    346.0695     21061.88     496.0196  14.1913   0.0256    11.02    0.481  -9.35   3      67.75     2472.001     79.72048
       384    788.8104    341.1828     22567.59     541.5471  14.1163   0.0261     8.98    0.402  -3.34   3      66.68     2256.097     79.10257
       385   1011.3825    345.4641     14094.61     437.1984  14.6274   0.0337     9.24    0.420 -12.25  16      49.46     1689.377     77.45719
       386    733.6022    346.1838      10215.3     416.9668  14.9769   0.0443     8.92    0.370  -7.43   0      37.05     1235.188     76.11285
       387    579.1981    345.3873     4593.927     370.5601  15.8445   0.0876     4.60    0.448   2.81   2      16.44      617.077     74.24425
       388    431.4935    343.4906     7461.549     410.9926  15.3179   0.0598     4.70    0.082  69.44   3      28.47     1356.315     76.28019
       389    435.2350    342.5963     6654.011     373.8035  15.4423   0.0610     4.21    0.113  24.50   3      28.76     1479.055     77.22131
       390     96.1169    340.0396      29796.1     473.4369  13.8146   0.0173     8.57    0.349  -6.50   0      98.74     3775.619     82.99876
       391    546.6298    339.2815     11138.94     408.5238  14.8829   0.0398     9.49    0.417  -7.68   0      40.49     1405.939     76.62103
       392    243.8671    336.3273     4690.584     266.1838  15.8219   0.0616     6.75    0.498  -4.85   0       21.3      890.895     74.88065
       393    175.6866    333.5648     17399.93     482.2321  14.3986   0.0301     9.03    0.456 -11.70   0      57.81     2015.182     78.02944
       394    871.1783    326.2296     10406.23      350.658  14.9568   0.0366     9.47    0.330  -4.67   0      48.68     3770.725     83.69468
       395    250.4808    320.4858      17195.4     466.5576  14.4115   0.0295     8.88    0.206 -21.98   2      52.08     1453.436     76.37575
       396    910.5240    318.8645     65841.27      485.133  12.9538   0.0080    16.18    0.291  -2.55   0      188.1     7518.644     93.00153
       397    565.9813    317.4473     7583.108     415.5296  15.3004   0.0595    10.93    0.418  -3.49   0      28.77      1024.64     75.87212
       398    406.4970    319.1408     3910.533     319.8027  16.0194   0.0888     6.86    0.608  -7.10   0      18.03     837.8675     74.52148
       399    152.4814    316.1679     15712.15     500.2541  14.5094   0.0346     8.69    0.402  -5.65   0      51.74     1873.034     77.99421
       400    327.0248    313.5122     13335.04     428.2613  14.6875   0.0349     9.54    0.425  -5.01   0      47.97     1725.809       77.182
       401    953.8479    314.9913     5109.779     406.9755  15.7290   0.0865     6.63    0.591 -18.96   0      16.38     605.6705     74.60656
       402    121.6090    314.5172     4428.001     391.7858  15.8845   0.0961     7.70    0.610 -11.85   0      16.83     698.6773     74.49361
       403     80.7265    314.6492     5747.608     439.6133  15.6013   0.0831     8.09    0.657   6.32   0      18.89     744.4638     74.43489
       404    498.9637    310.7332     21340.45     465.4077  14.1770   0.0237    13.47    0.324  14.27   0      73.22     2220.111     78.99911
       405    936.0256    304.1284     9506.732     616.8009  15.0549   0.0705    11.46    0.651 -18.43   0      22.95     713.9084     74.54007
       406    777.0262    305.9414     3918.703     338.8798  16.0171   0.0939     7.47    0.608  -0.71   0      17.08     652.1235     74.35145
       407    856.3316    303.1361     5355.612     318.5165  15.6780   0.0646     9.48    0.517  -8.35   0      23.63     874.5253     74.83096
       408    569.1352    302.4113     8898.459     487.3918  15.1267   0.0595    11.05    0.421  -5.43   2      29.92     977.2491     75.33871
       409    676.0937    302.5983     5458.765     413.4734  15.6573   0.0823     8.54    0.545  -5.89   0      20.77     824.1895     74.87556
       410    709.9284    300.9062     11650.53     146.8075  14.8341   0.0137     0.00    0.138  49.09   0      140.7     11224.66     101.3643
       411    166.6262    297.1301     3567.892      347.263  16.1190   0.1057     6.18    0.617 -13.47   0      14.87     576.7426     74.12067
       412    481.1587    303.1361     7964.443     424.5322  15.2471   0.0579     5.02    0.099 -30.75   2      30.25     1273.537     76.22728
       413    509.9047    294.0573     6339.378     444.9298  15.4949   0.0762     7.52    0.230 -46.16   0      18.21     579.4584     73.52847
       414    523.1155    291.0665     7984.904     501.9108  15.2443   0.0683     9.52    0.429  -3.00   0      22.32     673.0748      74.0172
       415    150.4500    289.7538     4479.181     374.4574  15.8720   0.0908     6.73    0.615 -33.59   0      16.51     610.8911     74.42415
       416    929.6282    283.1025     18983.07     422.5939  14.3041   0.0242     8.36    0.383  -6.55   0       68.8     2439.912     78.88306
       417    329.9143    285.2467     6019.689     431.2704  15.5511   0.0778     8.25    0.474  -8.88   0      20.29     865.8169     74.60667
       418    265.0946    283.0666     14865.61     471.7293  14.5695   0.0345     8.63    0.405  -7.14   0      53.84     1883.423     77.64473
       419    509.2057    279.8434     32016.62     687.5302  13.7366   0.0233     9.07    0.218 -21.95   0      81.75     2759.568     80.90231
       420    211.7200    277.1311     47286.62      625.863  13.3132   0.0144    10.08    0.235 -40.33   0      124.6     3390.691     81.93793
       421    491.3055    277.2467     8553.747     523.0701  15.1696   0.0664     8.11    0.570 -31.22   0       19.4     544.5753     73.42056
       422    717.2427    277.0057     4609.386     324.8803  15.8409   0.0765     3.06    0.196 -71.39   2      17.99     597.7325     74.58237
       423    803.9850    273.7882     17302.02      582.795  14.4048   0.0366     8.69    0.436  -7.26   0      47.64     1722.325     77.55381
       424     82.2676    272.1958     16566.42     534.8942  14.4519   0.0351    12.61    0.413 -24.43   0      49.72     1507.841     76.92269
       425    351.9676    271.6555     24275.91     492.2639  14.0371   0.0220    10.57    0.376  -8.50   0      80.13     2873.701     80.67458
       426    176.1226    265.3864     38252.88     518.2937  13.5433   0.0147     8.95    0.362 -16.71   0      115.3     4343.636     84.88874
       427    821.7882    268.3910     6960.262     443.5841  15.3934   0.0692     5.86    0.103  12.93   2       24.4     876.5018     75.03418
       428    124.4016    279.9144     7883.576     501.8649  15.2582   0.0691    10.02    0.551  -6.95   0      24.01     866.2102     75.39606
       429    115.3459    266.5624     5548.619     409.9334  15.6395   0.0802     8.45    0.621  -5.43   0      19.64     712.1276     74.73266
       430    618.3051    265.3965      3879.14     373.1041  16.0282   0.1045     7.05    0.610  -2.37   0       16.2     641.9286     74.32028
       431    641.4327    261.7312     39498.69     461.5571  13.5085   0.0127     8.55    0.345  -4.12   0      125.3     4803.976     86.11239
       432    754.9175    259.9944     52096.86     589.3535  13.2080   0.0123     9.32    0.372 -13.87   2      139.9     4958.637     86.69026
       433    668.6740    261.4143     14552.38     447.4571  14.5927   0.0334     9.79    0.410  -8.07   0      52.39     1864.467     78.15856
       434    425.2458    262.8033     5503.308     142.2538  15.6484   0.0281     0.89    0.079 -35.40   0      75.25     5482.221     88.05222
       435    818.0290    253.8799     141398.7     557.0818  12.1239   0.0043     8.60    0.264  -6.11   0      347.3     16872.17     113.5821
       436   1020.2910    254.7656     42941.21     396.1845  13.4178   0.0100    13.71    0.185 -12.59  24      148.3     6005.264     88.56158
       437    335.4762    256.0047     31781.81     521.1511  13.7446   0.0178     8.70    0.356  -5.76   0      99.92     3700.583     83.14928
       438    502.5778    257.1006     6990.154     463.1577  15.3888   0.0720     9.23    0.551  -6.20   0      22.56     827.5641     74.09219
       439    885.2850    254.5812     3853.501     361.0093  16.0354   0.1017     6.94    0.602   2.89   0      15.85     651.0068     74.14899
       440    489.4897    252.9601     39829.16     245.4056  13.4995   0.0067     0.00    0.558  -9.83   0      259.2     36794.78     147.9781
       441    374.8635    250.2936     8196.086     339.5672  15.2160   0.0450    10.92    0.487 -12.10   0      30.54      1067.94      75.4161
       442    600.4592    242.7679     209494.6     574.6379  11.6971   0.0030     8.29    0.272  -6.72   0      463.1     25726.08     130.0976
       443    510.8484    247.0018     9781.326     496.8092  15.0240   0.0552     9.29    0.389  -5.64   0      33.21      1108.07     75.73234
       444     30.2789    248.3289     5270.139     410.6796  15.6954   0.0846     6.65    0.655  -4.00   0      17.46     627.6005     73.87743
       445    403.8265    238.7664     11751.63     426.5549  14.8248   0.0394     9.46    0.434  -9.31   0      40.26     1386.744     76.94915
       446    200.4698    234.8010     4278.314     220.2229  15.9218   0.0559     0.00    0.463 -20.86   0      33.95     2157.918     78.81998
       447    517.7907    231.6212     11514.05     464.5777  14.8469   0.0438     9.53    0.420  -2.19   0      38.92      1359.34     76.48267
       448    757.0229    228.1725     14568.44     413.1191  14.5915   0.0308     8.77    0.402  -3.89   0      51.14      1826.27     78.23654
       449    348.6008    227.3012     9008.626     503.8429  15.1134   0.0607    12.05    0.250  -3.53   0      28.11     818.4321     74.85809
       450    176.7546    230.1387     4900.057     402.2922  15.7745   0.0892     6.89    0.598  -3.81   0      16.09     540.1065     74.00826
       451    829.8237    214.6194     585955.8     740.6887  10.5803   0.0014     8.57    0.236  -5.54   0      884.4     70632.22     193.3815
       452    933.1020    217.4623     33909.12     462.8055  13.6742   0.0148     9.91    0.433 -12.02   0      106.2     4060.241      83.7745
       453    959.0091    217.8794     17440.26     484.5441  14.3961   0.0302     8.83    0.411  -7.78   0      60.13     2135.948     78.75661
       454    913.6971    213.8539     6130.383     426.1582  15.5313   0.0755     6.55    0.350 -19.08   2      22.29     920.0192     74.57369
       455    713.8448    212.2173     4940.098     434.9691  15.7657   0.0956     8.29    0.600  -0.75   0      17.96     609.8323     74.61923
       456    625.5233    211.5974     9793.467     462.9378  15.0227   0.0513    10.33    0.465  -5.00   0      33.82     1218.992     76.06448
       457    252.3644    211.8712     4122.818     372.2613  15.9620   0.0981     4.51    0.252  -9.60   0      16.34     709.1753     74.52563
       458    970.9911    207.2360     13955.51     461.7873  14.6381   0.0359     8.94    0.372  -4.78   0       51.4     1926.292     78.52657
       459    694.0485    198.2267       321731      731.891  11.2313   0.0025    16.51    0.487 -23.94   2      552.1     27923.64     134.1022
       460    800.5625    204.9887     15953.75     471.4702  14.4928   0.0321     8.90    0.426  -5.80   0      54.52     2078.367      79.1524
       461    879.1460    202.5092     18453.53     473.4547  14.3348   0.0279     9.35    0.456  -4.94   0      59.43     2119.983      78.3341
       462    438.7528    195.2332     17342.66     531.7611  14.4022   0.0333     8.95    0.328  -2.50   0      54.85     1979.877     78.49344
       463    175.8875    195.5219      13666.2      547.332  14.6609   0.0435     9.33    0.389 -10.38   3      36.68     1276.849     75.84846
       464    175.7674    188.7271     14898.03     551.8749  14.5672   0.0402     1.51    0.463 -33.64   3      47.93     1363.984     76.49648
       465    490.7943    195.4488     4091.658     359.1073  15.9703   0.0953     6.79    0.644 -20.34   0      16.73     665.0546     74.58936
       466    240.6099    192.0796     19235.62     447.3586  14.2897   0.0253     8.96    0.377  -7.33   0       68.2     2433.869     79.61169
       467    742.7008    193.6284     5198.699     386.5394  15.7103   0.0807     8.34    0.603 -10.79   0       19.5     745.9911     73.84155
       468     15.4173    185.3874     18247.53     502.8763  14.3470   0.0299     8.69    0.392  -9.59  16      59.52     2166.329     78.84423
       469    960.6926    183.8752     12259.31      526.786  14.7788   0.0467     8.97    0.430 -10.40   0      37.83     1302.076     75.92401
       470    735.7697    181.0087     12923.24     455.6377  14.7216   0.0383     8.89    0.364  -1.59   0      44.76     1619.006     77.63212
       471    941.8757    179.0731     21392.16     544.4572  14.1744   0.0276    10.10    0.456   7.49   0      64.77     2447.711     79.27924
       472    505.7456    179.3443      30148.5     538.5802  13.8018   0.0194     9.89    0.443  -2.35   2      80.72     2729.482     80.81774
       473     48.6556    176.1263     29567.35     821.0085  13.8230   0.0302    14.96    0.386  11.08   0      58.45     1672.928     77.21776
       474    587.0323    194.3755     11707.17     494.7111  14.8289   0.0459    13.05    0.449  -8.57   0      35.89     1227.594     76.47765
       475    256.0064    173.9758     1890.354     172.2731  16.8086   0.0990     4.57    0.567 -89.81   0      22.57     1320.931     76.56174
       476    183.5299    171.3144     23017.43     510.1228  14.0949   0.0241     8.53    0.373 -13.94   0      73.58     2512.768     79.46553
       477    153.9133    173.1808     13248.18      582.482  14.6946   0.0477    10.21    0.517  -3.38   0      29.24     994.2026     74.99676
       478    977.5457    171.2800     6390.257     348.0453  15.4862   0.0591     9.84    0.544  -4.86   0      25.36     891.7238     74.68555
       479     72.0900    164.2348     296753.5     637.2441  11.3190   0.0023     8.53    0.250 -11.65   0        578     34300.88     144.0969
       480    673.0909    165.2657     11734.08     523.0392  14.8264   0.0484    10.21    0.485  -9.33   2      28.68     737.7237     74.21544
       481    375.5050    165.6439     6141.832     420.0516  15.5293   0.0743     7.55    0.507  -4.39   0      19.67     692.7426     73.87779
       482    252.4659    161.7566     9504.685     407.6136  15.0552   0.0466     9.94    0.432  -4.38   0       33.7     1254.711     76.17113
       483    599.0593    157.3264     12840.43     545.6364  14.7286   0.0461    11.68    0.559   0.28   0      37.06     1514.593     76.75032
       484   1011.5380    151.9439     103491.8     585.9675  12.4627   0.0061    17.65    0.552   7.33  16      243.7     10238.95     99.57581
       485     95.5527    153.5120     13140.54     503.5067  14.7035   0.0416    10.06    0.488  -4.92   0      41.81      1497.53     76.50685
       486    282.8815    151.9689     5573.433     422.3764  15.6347   0.0823     8.25    0.631  -0.11   0      20.46     684.3961     74.45004
       487    446.9270    149.3504     7929.708     420.1394  15.2519   0.0575     9.28    0.356  36.81   0       30.9     1277.584     76.04525
       488    801.0689    149.8492     7185.463     152.3732  15.3589   0.0230     0.00    0.296 -68.95   0      108.7     6756.187     91.11922
       489    169.3463    150.5242     4068.196      354.953  15.9765   0.0948     5.74    0.738  -2.40   0      14.31     564.0347     73.88193
       490    488.6322    145.1065     22992.99     464.6263  14.0960   0.0219     8.50    0.375  -5.86   0       75.3     2687.444     79.59304
       491    671.0892    143.2908     12756.92     562.9331  14.7356   0.0479     8.42    0.464 -17.12   2      45.75     915.5277     74.95538
       492    676.5417    134.4398     18772.45      581.465  14.3162   0.0336    12.06    0.469  -1.69   2      54.44     1543.798     77.02885
       493    711.7376    141.8315     7027.957     427.5017  15.3829   0.0661     6.80    0.187 -85.39   0      20.87     812.5854     74.84033
       494     96.7584    138.3047     5647.117     416.2484  15.6204   0.0800     8.70    0.495  -7.72   0      21.04     730.8724       73.795
       495    304.0626    137.6637     4964.706     359.6594  15.7603   0.0787     0.00    0.403 -53.18   2      19.23     1340.837     76.23406
       496    334.2078    130.0018     3956.127     360.0492  16.0068   0.0988     5.14    0.393 -24.39   2      14.44     587.6365     74.15407
       497    261.9967    123.0115      35320.2     579.6697  13.6299   0.0178     9.14    0.273 -35.12   0      99.62     3363.937     82.22397
       498    972.8256    125.1933     6738.387     389.3462  15.4286   0.0627     9.28    0.529  -9.31   0       26.6      1089.13     75.87051
       499    590.4764    124.7969     5081.904       406.96  15.7349   0.0870     7.30    0.701   4.45   0      17.96     627.3536      74.2757
       500    799.6967    121.9526     8970.148     471.2383  15.1180   0.0571    10.78    0.461 -10.90   0      30.87     1019.333     74.87575
       501    832.7281    121.9869     4186.629     380.1566  15.9453   0.0986     6.77    0.534  -1.22   0      16.21     615.5233     74.43829
       502    279.8560    119.2364     27530.74     515.7242  13.9005   0.0203     9.06    0.397  -2.46   1      85.57     3136.548     81.59303
       503    760.5698    117.5065      3719.97     328.7837  16.0737   0.0960     5.44    0.701  -0.01   0      15.05     591.7014     73.36513
       504    172.1034    115.9238     4461.008     396.4919  15.8764   0.0965     7.50    0.528   4.96   0      17.39     578.9861     73.72773
       505    957.8616    114.2000     8507.421     357.7841  15.1755   0.0457    10.55    0.544  -5.50   0      30.27     1064.855     75.99249
       506   1012.3398    111.6066      17147.9     415.4261  14.4145   0.0263     8.98    0.391  -5.16  16      60.86     2113.433      78.8792
       507    476.1050    101.2856     31611.34     583.3033  13.7504   0.0200    17.07    0.624   2.55   2      79.06     2800.563     80.46828
       508    568.2346    103.9626     5033.231     405.1128  15.7454   0.0874     7.33    0.633  -8.00   0      16.63     603.4204     74.40133
       509    317.4046    102.2102     6358.666     447.4239  15.4916   0.0764     7.87    0.507  -2.56   0      20.65      806.405     74.82156
       510    972.3027     99.6986     4106.557     341.1786  15.9663   0.0902     7.58    0.490 -11.81   0      18.56     745.2212     73.63876
       511    700.8361     98.7114     5449.385     403.5191  15.6591   0.0804     8.66    0.549  -5.71   0      21.15     880.7311     74.65209
       512      2.7571     97.2713     2140.374     216.3039  16.6738   0.1097     3.68    0.361 -73.70  16       13.8     775.9464     74.72899
       513    988.6516     96.2237     4337.351     348.8271  15.9069   0.0873     5.73    0.504 -11.82   0      17.77     866.2763     75.39626
       514    619.6581     93.3487     8518.535     514.5085  15.1741   0.0656    11.16    0.379 -17.26   0      25.91     812.9877     75.03876
       515    525.3699     93.6773     3977.647     373.1641  16.0009   0.1019     6.80    0.457 -51.18   0      16.59     599.3286      74.1899
       516    405.7827     92.6908     6804.646     308.9675  15.4180   0.0493     8.29    0.464  -3.83   0      27.96     1038.099     75.12966
       517    186.8549     87.5508     19849.22     479.5481  14.2556   0.0262    16.71    0.584  18.72   0      52.83     1638.825     77.49966
       518    878.2001     79.4624     90031.76     585.1601  12.6140   0.0071     8.57    0.305  -3.83   0      240.7     10311.44     99.88919
       519    370.7885     82.7074     5517.381     417.9493  15.6457   0.0823     8.20    0.519   1.31   0      19.46     671.6195     74.41102
       520    902.3582     75.9074     117118.2     834.3358  12.3284   0.0077    22.85    0.372   5.61   2      224.1     8659.556     95.28487
       521    487.7150     82.0582     4491.499     382.2767  15.8690   0.0924     7.20    0.570 -14.69   0      17.98     666.2953     73.99638
       522    283.1677     79.0198     10839.77     506.8597  14.9124   0.0508     6.80    0.576  -4.29   2         33     1705.775     77.88573
       523    383.5213     68.9147     62815.46     514.7954  13.0048   0.0089     8.88    0.285  -6.04   0      183.1     7431.731     92.46979
       524    628.8654     73.9747     3496.312     352.4965  16.1410   0.1095     7.65    0.717 -11.72   0      14.85     531.6546     73.98229
       525   1022.3292     65.7981     59884.42     349.0056  13.0567   0.0063     6.16    0.398  86.63  27      227.8      15632.4     111.0736
       526    451.1700   1020.3193     7544.547     380.2203  15.3059   0.0547    10.65    0.498   6.60  16      26.59      938.391     75.22141
       527    837.5325     70.7808     8584.771     513.0996  15.1657   0.0649    10.07    0.452   1.69   0      25.93     855.6357     75.16782
       528    293.6960     70.6822     5120.863     419.4989  15.7266   0.0890     8.03    0.525  -7.90   0      18.03     679.0977     74.03569
       529    127.6685     66.3508     51746.43     829.8011  13.2153   0.0174    19.78    0.707 -19.33   0      107.6     3743.599     83.26676
       530    860.5562     65.0556     8616.402      463.955  15.1617   0.0585    10.85    0.506  -0.18   0         31      1023.09     75.67243
       531     56.5998     61.8791     23526.44     460.0939  14.0711   0.0212    12.95    0.449  -7.00   2      76.07     2715.176     80.41075
       532    477.7955     59.7767     35647.22     531.9415  13.6199   0.0162     8.41    0.308  -5.93   0      107.9     4086.549     84.19763
       533    365.5442     60.5263     7293.874     427.6431  15.3426   0.0637     9.04    0.390  -1.19   0      26.61     846.7842     74.74665
       534    434.9836     59.9488     5162.651      133.658  15.7178   0.0281     0.00    0.080  61.88   0      88.01     4792.646       86.254
       535    599.8221     52.6833      23150.9     624.7719  14.0886   0.0293    14.97    0.521   8.12   2      59.19      2007.59     78.19656
       536    201.5208     60.8897     36090.67     542.4459  13.6065   0.0163    15.30    0.330   5.17   2      105.3     3669.079       82.885
       537    468.4995     49.6056     17611.57     535.3381  14.3855   0.0330     8.36    0.386  -6.07   0      54.76     2014.569     78.40556
       538     78.6754     48.6020     15564.75     369.3101  14.5196   0.0258     8.29    0.348  -7.16   0      54.77     1970.057     78.27642
       539    349.7371     49.5474     4165.188     399.1092  15.9509   0.1041     7.66    0.626 -14.15   2      17.45     760.4722     74.68191
       540    345.7119     34.9238     11427.66     426.3822  14.8551   0.0405     9.10    0.396  -4.87   0      41.66     1479.131     76.45217
       541    153.9252     33.6103     7720.224      498.837  15.2809   0.0702     8.58    0.473  44.42   2      21.65     725.1402     74.77222
       542     15.6843     29.8866     14573.02     470.8042  14.5911   0.0351     8.70    0.415  -4.77  16      50.16     1807.341     77.61237
       543      9.5806   1018.3784     35122.74     624.3958  13.6360   0.0193    14.30    0.464   3.89  18      79.61     2313.838      79.6403
       544    822.7858     28.4337     7718.704     483.0319  15.2811   0.0680     7.62    0.585 -26.28   0         18      573.143      74.7055
       545   1021.6506     24.6206     6731.285     326.3613  15.4298   0.0527     8.98    0.128 -23.17  24      29.52     1196.671      76.3857
       546    302.0986     24.8834     6156.764     403.0016  15.5266   0.0711     2.27    0.555  -5.64   0      16.27     837.5648     74.32198
       547     70.5069     23.5134     42199.01     213.9704  13.4367   0.0055     2.10    0.321 -29.43   0      252.5      35654.6     146.3175
       548    222.7276     20.7572     5170.372     380.7443  15.7162   0.0800     5.26    0.417  35.89   2      17.77     649.6163     74.34379
       549    285.2621     20.7689     9291.516     441.4417  15.0798   0.0516    10.13    0.456  -3.15   0      33.57     1255.133     76.17239
       550    696.0761   1019.6216     7156.379     448.6532  15.3633   0.0681     8.35    0.488 -14.78  16      20.18      748.889     74.84438
       551    584.7476     19.7088     3262.402     318.1827  16.2162   0.1059     4.81    0.392  -9.35   0      14.58     695.7874     74.08691
       552    871.6741   1013.4951     51996.54     489.2915  13.2101   0.0102     8.92    0.324  -3.70  18      157.4     6140.525     89.07409
       553    862.6234    994.9073     896979.9     847.8286  10.1180   0.0010     9.01    0.241  -6.65   2       1126     103739.2     228.6859
       554     93.9620   1015.0370     6964.607     491.0249  15.3928   0.0766     9.52    0.614  21.78  16         20     650.4444     74.34631
       555    313.3373   1010.6184     34880.95     772.9186  13.6435   0.0241    21.47    0.732 -20.13  16      64.85     1571.207     77.10968
       556    564.9185   1014.4993     6330.966     450.7009  15.4963   0.0773     7.83    0.458  -4.83  16      18.27     676.1584     73.82675
       557     34.6756   1007.1726     111818.8     538.7433  12.3787   0.0052     8.51    0.266  -7.49  18      290.1     13126.34     105.8217
       558    964.5329   1013.8654     4430.797     382.2407  15.8838   0.0937     7.42    0.552 -15.65  16      17.54     654.8886     74.16089
