#   1 NUMBER                 Running object number                                     
#   2 X_IMAGE                Object position along x                                    [pixel]
#   3 Y_IMAGE                Object position along y                                    [pixel]
#   4 FLUX_AUTO              Flux within a Kron-like elliptical aperture                [count]
#   5 FLUXERR_AUTO           RMS error for AUTO flux                                    [count]
#   6 MAG_AUTO               Kron-like elliptical aperture magnitude                    [mag]
#   7 MAGERR_AUTO            RMS error for AUTO magnitude                               [mag]
#   8 FWHM_IMAGE             FWHM assuming a gaussian core                              [pixel]
#   9 ELLIPTICITY            1 - B_IMAGE/A_IMAGE                                       
#  10 THETA_IMAGE            Position angle (CCW/x)                                     [deg]
#  11 FLAGS                  Extraction flags                                          
#  12 SNR_WIN                Gaussian-weighted SNR                                     
#  13 FLUX_APER              Flux vector within fixed circular aperture(s)              [count]
#  14 FLUXERR_APER           RMS error vector for aperture flux(es)                     [count]
         1    247.3142     32.0675     37551.89     493.5144  13.5634   0.0143     5.08    0.193   4.49   0      129.5     7522.151     96.39012
         2    609.6855     24.0926     15659.91      515.249  14.5130   0.0357     7.11    0.180  51.77   0      49.25     2334.921     83.46722
         3     76.3807     20.8725     9204.582     401.3071  15.0900   0.0473     5.05    0.056 -14.24   0      35.52      1832.92     82.49668
         4    192.3591     15.2966     11531.25     421.9514  14.8453   0.0397     5.20    0.133 -11.36   0      46.49     2330.393     82.84961
         5     35.4193     11.1812     8099.892     380.2726  15.2288   0.0510     5.02    0.206   8.38  16      33.98     1815.951     82.65314
         6    619.4812      7.7609     3005.384      315.453  16.3053   0.1140     4.22    0.261   2.03  16      13.78      724.468     78.96045
         7    876.0894      5.9097     6644.261      348.277  15.4439   0.0569     7.06    0.364   9.25  16      28.88      1454.53     81.03456
         8    596.1453      6.9324     3530.487     353.4326  16.1304   0.1087     5.52    0.360 -11.49  16      16.23     842.6733     79.29996
         9    762.2526      4.4622      6621.88     389.2108  15.4475   0.0638     8.66    0.162  61.76  16      23.75     1055.285     80.11665
        10    712.9040      2.1970     23942.75      302.344  14.0521   0.0137     5.92    0.483   1.19  24      114.2     7508.267     96.70497
        11    132.6118      3.5697      5057.79     319.5641  15.7401   0.0686     6.28    0.332  -6.07  16      22.39     1099.087     80.44962
        12    391.6021    981.3876     4275.131     358.6201  15.9226   0.0911     4.53    0.114  46.46   0      17.64     862.7829      79.5687
        13    463.8780   1022.7142     44642.46     342.9252  13.3756   0.0083     7.34    0.531   0.29  24      173.9     10196.27     102.5015
        14    782.6195    978.4134     15193.34     419.9431  14.5459   0.0300     5.65    0.261  -9.86   0      55.74     2909.174     85.41023
        15    504.7173    978.0681     14981.09     450.6647  14.5611   0.0327     5.30    0.191   6.31   0      55.02     3081.464     85.27931
        16    908.6409    975.4557     34211.23     401.8819  13.6646   0.0128     5.00    0.190   8.75   0      124.8     7396.884     96.61665
        17    722.9708    973.8749     6371.168     424.1364  15.4895   0.0723     8.97    0.289  -2.04   2      24.25      1249.74     80.66639
        18    269.3090    971.0950     20912.73     408.9109  14.1990   0.0212     5.18    0.219   4.07   0      79.47     4400.154     88.91299
        19    971.0110    972.3654     4219.331     154.0382  15.9369   0.0396     0.90    0.169 -88.76   0      64.58     4334.756     89.49865
        20    658.7281    971.2563     5019.472     360.2577  15.7484   0.0779     7.59    0.250  -3.63   0      20.62     1057.565     79.91346
        21    379.7753    970.5234     2681.908      172.452  16.4289   0.0698     2.59    0.477 -29.65   0      32.44     2548.363     84.24577
        22    503.4789    967.4631     6468.059     433.9633  15.4731   0.0729     4.13    0.055  14.64   0      24.04     1261.131     80.49031
        23    396.0594    962.2296      3682.73     335.2628  16.0846   0.0989     6.32    0.234 -12.84   0      16.05     835.5393     79.27951
        24     57.4750    958.5595     11521.36     488.2982  14.8462   0.0460     6.17    0.323  -6.75   0      37.55     1808.536     82.22569
        25    115.5125    953.6270     27981.56     470.7341  13.8828   0.0183     6.33    0.235   1.07   0      99.54     5334.828     91.08687
        26    518.6602    955.0963     6535.794     399.7928  15.4618   0.0664     5.45    0.181 -10.24   0       26.2     1352.622      80.5402
        27    282.8125    956.0464      6343.71     154.4492  15.4941   0.0264     0.00    0.256 -13.53   0      96.73     5702.547     92.72636
        28    136.1509    952.3090     37063.16     550.3563  13.5776   0.0161    13.62    0.458  -8.80   2      110.5     4470.311     88.90363
        29    913.0778    953.7043     3955.327     346.5179  16.0070   0.0951     6.75    0.236  -0.76   0      17.84     877.1129     79.18702
        30    851.2997    953.0156     6206.443     476.2268  15.5179   0.0833     8.53    0.375  17.37   0      20.36     753.6505     78.83187
        31    751.8259    945.1210     3637.688     343.8787  16.0979   0.1027     5.49    0.371  -7.81   0      13.91     793.0667     79.36932
        32    438.7300    937.2848     8895.348     387.3008  15.1271   0.0473     5.48    0.186  -4.89   0      36.09     1799.627     81.79185
        33    528.0657    933.7986     33266.28     544.9514  13.6950   0.0178     5.64    0.233 -47.19   0      109.1     6178.076     93.88464
        34    857.6545    929.0728      3384.01     328.7418  16.1764   0.1055     3.53    0.284 -16.30   0      15.49     798.8599     79.17429
        35     47.5491    950.7341     59173.89     471.5373  13.0697   0.0087     5.15    0.178   6.01   0      189.7     11740.24     106.1861
        36    135.2415    926.3301     5337.181     393.8214  15.6817   0.0801     5.28    0.265 -11.64   0      20.85     1071.066     80.16141
        37    727.0503    920.2926     13231.25     393.0512  14.6960   0.0323     4.80    0.130   0.91   0      53.79     2967.259     84.77674
        38    597.3865    919.6130     4323.041     372.4195  15.9105   0.0936     4.79    0.149 -46.78   0      15.61     785.7114     79.34824
        39   1023.0431    915.5251     2687.878     248.2305  16.4265   0.1003     5.49    0.267  89.80  24      14.42     804.3081      79.4015
        40    324.1931    914.8379     5308.267     412.5303  15.6876   0.0844     6.51    0.158   8.96   0      20.44     934.8043     80.19365
        41    616.7796    920.4751      3420.01     306.3122  16.1649   0.0973     6.23    0.122 -12.24   0      16.66     836.1422     79.70333
        42   1020.5740    902.3033     6855.763     369.4485  15.4099   0.0585     4.75    0.232   7.63  16      25.58     1335.046     80.07264
        43    949.5872    901.2872     8092.472     315.1292  15.2298   0.0423     5.95    0.278  13.60   0      35.35      1881.68     82.22383
        44    119.9882    899.9127     8321.389     438.7732  15.1995   0.0573     5.25    0.196   0.03   0      31.83     1657.278     81.60121
        45    412.8626    894.8808     32526.42     482.5803  13.7194   0.0161     5.19    0.205   1.19   2      103.8     5743.699      92.1014
        46    890.1380    895.7207     12078.13     567.2156  14.7950   0.0510    10.04    0.355  17.81   2      32.53     1489.189     80.92465
        47    885.8475    890.9823     8938.815     493.9352  15.1218   0.0600     5.00    0.155 -11.97   3       26.7     1435.576     81.60052
        48    352.0394    897.8630     1992.555     139.1411  16.7515   0.0758     4.44    0.165 -60.32   0      45.24      1890.97     82.45323
        49    682.0438    894.1637     6934.885     155.3167  15.3974   0.0243     0.00    0.222  70.93   0      96.77      6035.03     93.35819
        50    288.1666    886.0640      3553.58     359.3317  16.1233   0.1098     4.54    0.376   8.56   0      14.59     745.3568     79.23258
        51    348.0201    880.1739     4310.741     336.9354  15.9136   0.0849     5.09    0.160  -9.38   0      19.98       1081.2     80.60748
        52    192.8292    878.4537     20832.82     422.9841  14.2031   0.0220     7.97    0.430  13.52   0      68.73     3225.907     86.05419
        53    162.0131    880.8309     3714.517     138.9392  16.0752   0.0406     1.00    0.095  88.56   0      64.47     3792.772     87.92097
        54    558.1360    877.3510     10843.36     451.3695  14.9121   0.0452     5.18    0.212  -0.64   0      42.12     2211.372      83.3317
        55    613.8077    876.4749     3447.908     355.7453  16.1561   0.1121     6.12    0.262   0.75   0      15.92     783.5416      79.1303
        56    545.4271    872.6182     13880.58     414.1996  14.6440   0.0324     5.34    0.193   1.50   0      55.08     2936.315     85.67846
        57    819.0759    869.8030     48515.22     441.4225  13.2853   0.0099     8.05    0.196  17.58   0      162.9     9958.332     102.3011
        58    222.6012    870.2344     7044.301     394.8053  15.3804   0.0609     5.35    0.140 -30.99   0      28.28     1484.573     81.73688
        59    930.5427    871.0370     2370.017     139.7562  16.5631   0.0640     1.24    0.257  25.42   0      38.95     2231.255     83.38591
        60    414.3841    865.4071     114450.1     495.7775  12.3535   0.0047     5.19    0.137   6.82   0      316.1     22709.46     127.5205
        61    589.4821    864.0405     4219.417     387.8053  15.9369   0.0998     4.50    0.141 -85.13   0      16.81     858.0069     79.13216
        62    572.2742    856.4511     10144.62     564.2147  14.9844   0.0604     7.43    0.397 -13.63   2      24.16     1029.462      79.8335
        63     53.0341    854.4276     5272.622     347.3808  15.6949   0.0715     4.83    0.171   7.70   0      23.78     1265.349     81.12502
        64    409.8182    849.5612     26667.43     496.9883  13.9350   0.0202     5.34    0.174   7.68   0      92.82     5150.749     91.54733
        65    257.6718    852.4789     6585.086     437.8729  15.4536   0.0722     4.52    0.237  46.34   0      21.47     1161.079     79.99787
        66    114.6559    839.8672     13865.19     394.4823  14.6452   0.0309     6.06    0.282   8.88   0      53.15     2741.473     84.56698
        67    169.1126    833.8470     99030.66     486.0761  12.5106   0.0053     5.09    0.132   7.20   0      283.2     19536.89      121.459
        68     49.3077    823.2391     4779.029     363.5833  15.8017   0.0826     6.87    0.075  38.99   0      20.62     924.2545     79.11041
        69    233.4743    817.0241     3503.417     335.1412  16.1388   0.1039     5.04    0.388 -26.96   0      13.55     628.6331     78.89706
        70    416.8199    812.6262     9271.329     391.8267  15.0821   0.0459     5.19    0.150   9.60   0      36.34     1946.974     83.01264
        71     40.6614    809.3625     13397.86       406.78  14.6824   0.0330     5.12    0.163  -0.88   0      53.51     2746.407     84.77836
        72    107.5836    808.7011     11645.46     446.1681  14.8346   0.0416     6.28    0.257   0.95   0      43.55     2151.557     82.76398
        73    257.4019    809.0975     3810.617     309.3257  16.0475   0.0882     6.41    0.084 -16.96   0      17.79     930.9154     79.76306
        74    292.7417    804.6559     16164.87     549.3462  14.4786   0.0369    11.27    0.297   5.24   2      49.46     2596.902     84.77335
        75    960.7048    803.5620     5416.324     430.4992  15.6657   0.0863     7.82    0.345 -15.21   0      19.99     751.4606     78.39874
        76    443.1505    802.4963     3102.354     269.6512  16.2708   0.0944     6.23    0.128  16.37   0      15.96     778.1139     78.68945
        77      6.2678    802.6243     3462.364     155.6359  16.1516   0.0488     1.60    0.182 -57.10  16      43.23     3070.821     85.64362
        78    907.1466    794.0106     85298.62     467.2091  12.6726   0.0059     4.93    0.181  12.41   0      258.3     18792.64     120.4768
        79    252.2324    795.7054     4262.978      294.382  15.9257   0.0750     5.01    0.027  53.43   0      19.53     978.7644     79.05492
        80    603.0035    791.7893     12725.65      446.718  14.7383   0.0381     5.41    0.262  13.11   0       48.5      2634.05     84.47662
        81    735.9855    790.8312     3929.326     360.7339  16.0142   0.0997     5.08    0.215 -85.32   0      15.47     697.8684     79.51933
        82    714.1368    790.0580     3746.945     339.0381  16.0658   0.0983     6.74    0.224  30.51   0      16.89     833.8958     79.69693
        83     43.6678    786.3284     1999.028     142.1338  16.7480   0.0772     1.64    0.182 -47.04   0       34.3     2088.542     82.79364
        84    916.0807    771.5670     8129.389     392.2345  15.2249   0.0524     4.91    0.146  17.62   0      33.27     1797.766     82.19592
        85    194.9812    766.9698     9229.795     147.6856  15.0870   0.0174    -9.58    0.068  61.70   0        126     8724.467     99.85879
        86    737.2955    762.8275     11307.28     357.2263  14.8666   0.0343     5.64    0.233   8.76   0      47.58     2572.443     83.51096
        87    957.8532    763.6580     3192.188     303.3907  16.2398   0.1032     4.93    0.485   5.63   0      14.61      760.629      79.6985
        88    164.8059    761.8345     5619.776     334.0717  15.6257   0.0646     6.06    0.286  -3.26   0      25.44     1316.201     81.26736
        89    530.0439    756.3207      3054.25     146.6987  16.2877   0.0522     1.08    0.164  80.88   0      51.17     3193.294     85.77264
        90    709.0315    743.4986     16833.55     417.8292  14.4346   0.0270     5.44    0.195   6.56   0      64.71     3457.965     85.88708
        91    679.4716    742.4397     7037.714     362.6869  15.3814   0.0560     5.31    0.179  25.12   0      30.06     1551.897     81.51325
        92    506.1440    738.8326     7882.894     456.3558  15.2583   0.0629     6.84    0.224  21.91   0         32     1596.858     81.43275
        93    481.7812    737.1550      16567.8     437.3068  14.4518   0.0287     5.41    0.252   9.23   0      61.72     3355.925     86.78439
        94     28.1207    739.7159     3441.511     331.3231  16.1581   0.1046     5.91    0.112 -36.36   0      15.59     808.8995     78.77832
        95    532.0829    735.0388      11076.7     467.9099  14.8890   0.0459     7.54    0.288  10.07   0      39.75     2047.732     82.47838
        96    964.1579    731.0634     20884.16     477.0658  14.2005   0.0248     5.82    0.137  20.71   0      75.33     4194.875     88.57632
        97    190.3811    730.6637     34994.43     459.7356  13.6400   0.0143     6.51    0.177  -1.42   0      121.6     6725.802     94.84822
        98    727.4995    729.6978     14155.22     390.3751  14.6227   0.0299     5.70    0.248   4.87   0      58.06     3090.219     84.71056
        99    598.3528    727.1890     3582.197      319.827  16.1146   0.0970     7.18    0.752 -38.30   0       15.8       517.06     79.00087
       100    451.1073    727.2737     3068.888     337.3423  16.2825   0.1194     5.89    0.359  27.87   0       13.8     664.2871     78.57381
       101      8.8852    726.8249     4413.142     325.6108  15.8881   0.0801     4.30    0.165 -44.26   0      19.75     1094.784      79.8093
       102    156.1368    726.6440     4683.251     345.7841  15.8236   0.0802     3.71    0.176  15.74   0      20.36     1109.511     80.27033
       103    234.8591    715.2540        13423     445.1923  14.6804   0.0360     6.47    0.189   1.84   0       50.4     2512.785     84.54754
       104    195.2712    714.0656     12681.54     440.0738  14.7421   0.0377     5.26    0.191   8.14   0      49.01     2536.802     84.01512
       105    953.5556    710.1075     19201.69     464.6741  14.2917   0.0263     5.30    0.193  18.24   0      70.47     3782.379     86.93449
       106    709.1838    712.0957     2930.296     283.1662  16.3327   0.1049     4.75    0.219  25.43   0       15.2     875.4575     78.97011
       107    476.8108    707.9293     8381.191     334.6943  15.1917   0.0434     5.71    0.202  -0.96   0      34.37     1728.752     82.00488
       108     42.4134    699.6705      32192.2     432.9368  13.7306   0.0146     5.11    0.171  13.05   0      114.2     6540.753     94.58132
       109    404.9875    698.6000     31626.72     429.7217  13.7499   0.0148     5.11    0.186   7.44   0      113.3     6553.755     94.43507
       110    182.9764    695.8358     12015.58     388.0481  14.8006   0.0351     5.24    0.200   5.61   0      48.41     2659.768       85.139
       111    282.7032    694.0269     14684.68     416.6587  14.5828   0.0308     4.77    0.107 -70.03   2      57.15     2694.576     83.84268
       112    169.6353    684.4108     1280.714     182.4746  17.2314   0.1547     5.84    0.591  65.77   0       11.5      663.793     79.63284
       113    238.9009    683.4025     3428.688     332.5778  16.1622   0.1053     5.57    0.485  19.19   0      14.88     660.3561     78.98839
       114    751.0588    680.6230     9680.177     358.5369  15.0353   0.0402     5.43    0.262   3.00   0       40.4     2116.042      83.0713
       115    716.9955    680.9640      2678.87      197.397  16.4301   0.0800     0.00    0.023 -24.98   2      37.52     1570.669     81.97592
       116    530.3251    670.3485     3179.385     240.0992  16.2441   0.0820     3.78    0.460  49.22   0      31.28     1675.464     81.65185
       117    672.4996    669.4795     4468.634     373.6326  15.8746   0.0908     6.07    0.018 -15.06   0      17.73     862.6606     78.93327
       118    560.4991    664.8976     16192.61     415.4662  14.4767   0.0279     5.25    0.181   7.63   0      63.63     3437.257     85.63658
       119    992.9421    666.0255     4762.777     345.8364  15.8053   0.0789     4.59    0.106   9.50   0      22.35     1215.524     80.56993
       120    374.9152    666.9829     3392.683     138.4118  16.1736   0.0443     1.01    0.100  -3.91   0      49.87     3076.049     85.46142
       121    793.1069    664.0691     3285.488     141.2372  16.2085   0.0467     4.50    0.144  27.46   0      56.48      2628.27     84.06286
       122    472.1593    660.6682      3557.38     158.4442  16.1222   0.0484     2.65    0.372 -63.57   0      56.87      2843.27     85.03763
       123    197.6944    654.8511     25591.31     398.0324  13.9798   0.0169     5.20    0.195   1.82   0      97.71     5433.276      91.1483
       124    732.6016    654.5855     5758.267     391.9298  15.5993   0.0739     5.13    0.154  13.11   0      25.46     1354.468     80.96091
       125    533.0920    645.7985         4076     364.2967  15.9744   0.0971     5.79    0.422  -1.24   0      15.63       721.21     79.16328
       126    177.1861    643.0665     5248.579     337.5674  15.6999   0.0698     4.53    0.117  23.09   0      24.63     1331.561     80.89659
       127    382.2552    633.3745     3643.794     155.9006  16.0961   0.0465     1.63    0.151  53.56   0       46.9     3348.382     86.37705
       128    921.6382    628.3107     4738.625     361.2434  15.8109   0.0828     5.32    0.253  -7.86   2      19.81     1015.335     79.58273
       129    917.0323    628.9855     4211.389     139.7496  15.9389   0.0360     0.00    0.005 -65.95   3      73.77     3920.443     88.44028
       130    834.3649    628.5461     4415.043     362.1996  15.8877   0.0891     4.41    0.123  72.04   0      15.36     763.4108     79.28435
       131    203.8995    628.8842     2631.257     143.1412  16.4496   0.0591     3.47    0.247  44.77   0      50.05     2141.653     82.53375
       132    676.4482    621.7505      60970.1     580.0065  13.0372   0.0103     5.79    0.113  80.37   0        175     9784.126     102.2421
       133    325.4818    627.0031     3457.576     327.5145  16.1531   0.1029     3.57    0.252  -1.46   0      15.09     926.5538     79.96072
       134    882.2593    621.8744     6307.479     427.0588  15.5004   0.0735     6.17    0.251   4.40   0      22.92     1148.014     80.17028
       135      9.1396    618.5832     18957.53     447.0717  14.3055   0.0256     5.38    0.170   1.16  16      70.02     3652.299     87.17304
       136    512.0700    618.1193     5588.095     361.7774  15.6318   0.0703     5.10    0.242  14.20   0      24.83     1261.962     80.28397
       137    268.5760    617.4547     6852.627      387.185  15.4104   0.0614     5.42    0.179   3.35   0      28.74     1483.295     81.32175
       138    995.2940    614.7133     19054.21     422.0274  14.3000   0.0241     4.90    0.243   6.34   0       72.9     4086.252     88.10696
       139    366.0085    614.5673     8449.123     401.9239  15.1830   0.0517     5.18    0.132 -15.77   0      31.83     1637.851     82.16196
       140    781.2847    604.5493     5084.584     379.5728  15.7344   0.0811     4.20    0.173   7.28   0      20.19     1084.948     79.78129
       141    117.9568    595.9678     337620.6     628.5304  11.1789   0.0020     4.97    0.169   0.94   0      641.5     69289.97     193.6532
       142    658.5539    596.5010      33698.8     553.5304  13.6810   0.0178     5.25    0.130  -9.17   2      99.88     5281.973     90.58524
       143    563.9908    595.5427     3747.829     335.3069  16.0655   0.0972     5.51    0.264 -23.38   0      17.49     936.1713     79.98806
       144    191.2560    593.1537     5776.626     416.8328  15.5958   0.0784     5.55    0.061 -10.97   0      22.22     1135.486     80.55239
       145    580.0046    593.0032     3005.656     137.7748  16.3052   0.0498     0.00    0.016  41.58   2      61.72     2857.074     85.07452
       146    204.0833    590.9546     3239.019     287.8193  16.2240   0.0965     6.03    0.494 -81.56   0      17.49     1255.296     80.26509
       147     59.1669    584.9366     5423.991     343.8396  15.6642   0.0688     5.33    0.319 -14.70   0      24.34     1274.633      80.7365
       148    826.2772    576.1284     5049.919     327.3388  15.7418   0.0704     5.46    0.144 -10.08   0      22.17     1075.945     79.75564
       149    624.3214    568.6865      3195.43     324.7598  16.2387   0.1104     5.36    0.392  44.69   0      15.24     856.9697     79.12918
       150    185.7791    562.0376     3428.203     147.2769  16.1623   0.0467     0.84    0.156 -12.54   0       50.3     2864.298     85.68324
       151     19.4799    554.6562      9880.51     486.6728  15.0131   0.0535     5.51    0.173  11.46   0      33.56     1695.878     81.50307
       152    224.7982    554.4992     8369.187     457.5156  15.1933   0.0594     5.37    0.218 -11.93   0      28.43      1456.88      81.2479
       153    141.3384    549.5236     54823.37      453.993  13.1526   0.0090     5.08    0.171   2.24   0        180     11123.56     104.8578
       154    737.8721    554.4976     9287.048     372.0701  15.0803   0.0435     4.94    0.185  -1.88   0      41.38     2350.448     83.10672
       155    966.8177    540.3329     62379.98     498.1277  13.0124   0.0087     4.85    0.118  15.88   2      195.9     12774.13      108.531
       156    960.5772    527.3897     45914.78     516.3827  13.3451   0.0122     4.80    0.111  23.95   3      144.7     8710.567     99.65894
       157   1009.5165    537.4976     6568.069     399.8112  15.4564   0.0661     5.57    0.140  29.55   2      25.44     1069.938     79.73851
       158    541.0215    537.3474     3259.386     337.4706  16.2172   0.1124     5.35    0.419  73.73   0      14.73     791.9899     79.57734
       159    856.9290    533.6310     2222.385     145.4042  16.6330   0.0711     0.82    0.210  71.19   0      31.96     1905.092     82.49215
       160    301.4256    525.7918      55317.1     457.0017  13.1429   0.0090     4.98    0.166   2.44   0      182.2     11504.39     105.8387
       161    678.5309    522.0098     3420.211     335.0848  16.1649   0.1064     4.97    0.385  26.37   0      14.06     708.7393     79.12747
       162    604.2282    516.3998     9055.666     375.2965  15.1077   0.0450    10.34    0.463  -3.10   2      37.65     1974.088     83.08684
       163    605.7405    513.3119     2848.324     213.9003  16.3635   0.0816     0.00    0.127  54.89   3      31.79     1766.329     81.69928
       164   1002.2538    514.1835      12929.8     419.7167  14.7210   0.0353     4.79    0.202   4.95   0      51.16     2974.035     85.58266
       165    119.0304    512.4388     5705.091     344.0254  15.6093   0.0655     4.61    0.108  -4.06   0      26.19     1424.662     81.36419
       166    363.8717    511.7863     4827.471      369.336  15.7907   0.0831     4.66    0.080  10.04   0      20.46     1074.626     80.38049
       167    327.4086    506.3667      31866.9     515.8853  13.7417   0.0176     4.95    0.219  -2.80   2       99.9     5457.452     92.12367
       168    217.4357    504.8678     9067.907     401.2297  15.1062   0.0481     5.19    0.219  -2.92   0      37.82     2045.405     82.87782
       169    762.2843    499.6962     4372.415     345.5797  15.8982   0.0858     5.42    0.109  13.19   0      19.92      1016.23     79.58529
       170    436.9481    498.4326     4025.825     312.1825  15.9879   0.0842     5.34    0.199 -11.88   0      19.36     1051.888     80.10702
       171    215.0072    494.0031     9787.088     148.5408  15.0234   0.0165   -54.35    0.007  40.24   2      134.9     9856.839     102.0754
       172    907.4515    487.2447     61618.51     520.0325  13.0257   0.0092     4.85    0.161  -1.76   2      174.6     10580.94     103.8368
       173     32.5812    484.9047     32025.83     541.3435  13.7362   0.0184     5.83    0.417  21.94   0      99.18     5475.021     91.25233
       174    342.4574    482.1016     17513.47     483.3314  14.3916   0.0300     5.28    0.215  -8.93   0       61.2     3252.642      85.7343
       175    530.3094    481.9054     6434.587     384.7655  15.4787   0.0649     5.39    0.279 -10.77   0      27.05       1420.5     80.93906
       176      8.8110    480.9829     5560.358     377.6428  15.6372   0.0738     5.63    0.270  -0.50  16      23.13     1203.532      80.5361
       177    368.0568    476.5381     4299.485     367.8726  15.9165   0.0929     4.78    0.173   1.22   0      16.94     933.9067     79.98162
       178     93.2090    476.8294     4223.882     148.4997  15.9357   0.0382     0.77    0.103 -40.60   0      56.56     3720.999     87.73524
       179     53.9549    473.1163     3209.047     322.1761  16.2341   0.1090     5.75    0.375  -0.09   0       15.8     846.3708     79.09873
       180    845.4982    466.5258     12047.39     372.6285  14.7978   0.0336     5.17    0.251   4.44   0      50.84     2767.447     84.03998
       181    543.3094    461.7060     8127.636     445.3153  15.2251   0.0595     9.58    0.228  -3.63   0      30.48     1528.763     81.24249
       182    248.0000    461.8514     23692.69     168.4788  14.0635   0.0077     0.00    0.107  89.06   0      203.3     23733.52     129.3328
       183    865.7457    455.4486     7115.156     327.4914  15.3695   0.0500     4.49    0.374 -23.00   0      39.14     2970.338     85.57284
       184    521.5038    457.9985     10438.03      191.365  14.9535   0.0199     3.15    0.467   0.48   0      120.3      8777.96     99.64429
       185    376.3082    450.5482     76148.08     456.3476  12.7959   0.0065     5.16    0.175  -0.35   0      235.2     15520.15     113.6948
       186    257.5916    452.4755     36146.69     502.1404  13.6048   0.0151    13.74    0.333  10.54   2        115     6285.163     93.78643
       187    433.3421    452.1689     13408.14     395.2814  14.6816   0.0320     5.53    0.230   4.08   0      52.76     2813.104     84.75926
       188    947.8358    448.1279     2954.186     290.4965  16.3239   0.1068     5.86    0.391  29.96   0      14.99     796.7547     79.37988
       189    149.5195    444.6982     9796.341     518.3514  15.0223   0.0575    11.18    0.573 -32.31   0      28.19     1203.332     79.90814
       190     66.0943    445.9804     12638.79     403.2473  14.7457   0.0346     5.03    0.221  -5.91   0       50.6       2764.4     84.23116
       191    534.1465    443.2001     3740.652     326.4285  16.0676   0.0948     5.14    0.325 -10.61   0      17.57     1000.744     79.96178
       192    861.9874    439.4263     10738.74     418.5286  14.9226   0.0423     4.89    0.206   3.17   0      41.29     2312.363     83.80711
       193     35.9620    438.5987     5690.229     411.7233  15.6122   0.0786     5.35    0.219  12.84   0      19.57      943.855      80.2193
       194    491.8988    433.2085     2952.252     184.5448  16.3246   0.0679    -1.55    0.272 -68.80   0      47.25     2182.722     83.25352
       195    978.7430    430.8301     6558.228     380.4541  15.4580   0.0630     5.11    0.230  14.30   0      26.26     1365.061     80.99065
       196    417.0187    430.2264     2648.528     140.2084  16.4425   0.0575     0.98    0.129 -88.45   0      46.89     2578.093     84.72291
       197    122.0931    426.9047     36408.38      505.588  13.5970   0.0151     5.01    0.187  -1.88   0      122.4     7204.523     95.81353
       198    940.1332    425.9527     4957.713     177.8004  15.7618   0.0389     3.72    0.422 -14.37   0       48.9     3543.952     86.89011
       199    455.1595    426.0852     3466.832     331.3404  16.1502   0.1038     5.96    0.417  -6.46   0      15.47     788.5146     78.93232
       200    705.8090    422.9802     3767.579     339.0519  16.0598   0.0977     7.21    0.354 -16.10   0      17.55     835.1679     79.48978
       201    148.8712    421.1081     7671.297     301.2085  15.2878   0.0426     4.58    0.146  -6.18   0      34.92       1971.6       82.472
       202    714.3091    412.8000     3968.379     347.7346  16.0035   0.0952     6.84    0.245 -35.56   0      17.74      853.791     79.54301
       203    269.4712    410.5088     6351.329     400.7359  15.4928   0.0685     4.60    0.216  17.49   0      25.36     1348.071     80.73542
       204    861.5977    402.6791     9856.008     460.0804  15.0157   0.0507     5.79    0.301   5.46   0      33.91     1828.389     82.28055
       205    495.6293    400.5666     6540.899     369.2547  15.4609   0.0613     6.10    0.238   1.66   0      28.36     1437.866      81.6069
       206     76.1921    401.5818     3369.507     324.8816  16.1811   0.1047     3.96    0.140  -7.22   0      15.31     793.1806     79.36964
       207    868.3046    394.9028     7525.008     430.6382  15.3087   0.0621     6.74    0.378   1.64   0      27.73     1437.506     80.57142
       208    769.1953    391.3269     20351.98       430.59  14.2285   0.0230    11.81    0.274  19.02   0       76.5     4171.022     88.32536
       209     59.1700    387.0209     6797.283     419.3938  15.4192   0.0670     6.38    0.234 -13.71   0      26.16     1334.837     81.31946
       210    919.3025    379.1765     23005.26     479.8266  14.0954   0.0227     4.95    0.212  14.07   0      85.93     4891.667     89.60063
       211    723.1685    379.8787     14943.18     398.2747  14.5639   0.0289     4.83    0.177  -3.30   0      61.82     3508.642      86.7977
       212    316.7502    379.6258     11845.42     460.1516  14.8161   0.0422     6.55    0.357   1.76   0      42.18     2037.464     83.26002
       213    962.3436    379.2652     3287.653     315.6563  16.2078   0.1043     3.48    0.159  16.65   0       15.6     865.4703     79.57637
       214     42.0043    373.9246        10762     376.3284  14.9203   0.0380     5.07    0.210 -10.94   0      44.24     2389.917     83.81724
       215    862.8154    372.2448     8702.039     372.8392  15.1509   0.0465     5.43    0.167   6.69   0      36.99     1990.658     83.13216
       216    944.3635    363.5836     9894.053     520.0099  15.0116   0.0571     5.63    0.239   0.38   0      28.55     1538.392       82.091
       217    588.1349    363.9571     6291.443     387.9381  15.5031   0.0670     5.18    0.247  12.25   0      26.36     1358.727     80.97288
       218    363.6682    361.8670     26985.44     439.8364  13.9222   0.0177     5.38    0.220   5.59   0      96.85      5409.21     91.45589
       219    214.8785    356.0536     16508.69     414.6288  14.4557   0.0273     5.49    0.189  -3.99   0      65.75      3527.96     86.46105
       220    288.6487    357.4189     4032.267     346.5683  15.9861   0.0933     6.62    0.225  -9.05   0      18.12     950.6274     80.23848
       221    941.8774    351.9617     5724.212     430.6617  15.6057   0.0817     5.66    0.133  27.07   0      20.49      1010.47     79.98943
       222     68.1789    349.8667     28604.79     431.0495  13.8589   0.0164     5.21    0.245  -3.37   0      104.5      6069.35      93.4417
       223    561.8954    349.5801     4349.079     350.3857  15.9040   0.0875     7.30    0.365  58.26   0      20.03     887.6294     79.00513
       224    117.8349    342.2037     66439.51     466.1133  12.9439   0.0076     5.20    0.162  -4.44   0      209.8     13674.92     110.5531
       225    917.4542    344.3234     7048.713     413.4881  15.3797   0.0637     4.81    0.052  -7.02   0      28.47     1440.564     80.99538
       226    293.0518    340.8873     21520.09     407.1935  14.1679   0.0205     5.01    0.205   5.93   0      82.52     4638.425     89.33236
       227    583.4527    339.9913     9768.052     347.9067  15.0255   0.0387     5.13    0.238  -5.08   0      42.74      2437.07     84.14462
       228    503.0525    338.4415     46819.75      478.868  13.3239   0.0111     5.12    0.252   7.18   0      155.1     9457.747     101.3486
       229    946.3837    340.5915     4546.782     392.2973  15.8557   0.0937     6.82    0.343   7.37   0      17.98     803.3434     79.39874
       230    540.6506    333.8470     5192.478     355.6808  15.7116   0.0744     5.14    0.209  14.01   0      23.17     1246.282     80.86439
       231    930.0562    317.5330     3970.716     357.2551  16.0028   0.0977     4.52    0.165   3.33   0      17.75     1000.245     79.75027
       232    628.5580    311.2072     187788.5     543.2025  11.8158   0.0031     4.97    0.156   2.92   0      445.9     39727.16     155.1255
       233    318.9503    316.2925     6423.288     363.4575  15.4806   0.0615     5.33    0.257   6.95   3      27.35      1407.15     80.48575
       234    313.9843    309.0782     39857.07      466.649  13.4987   0.0127     4.94    0.141  12.75   2      135.6     8257.462     98.62022
       235    244.8978    316.3105     4777.339     305.9499  15.8020   0.0695     4.49    0.090 -62.79   0      23.31     1245.559     80.02815
       236    138.5251    312.4577     32933.73     423.5362  13.7059   0.0140     4.90    0.204   6.58   0        120     7001.703     95.33122
       237    854.5848    315.9874     3206.711     326.0565  16.2348   0.1104     5.46    0.257  -3.16   0      15.57     852.4431     79.53915
       238    445.9651    310.7467     5282.916     370.7491  15.6928   0.0762     4.31    0.133   6.77   0      23.68     1335.708     80.90824
       239    843.2640    301.7436     5542.979       376.52  15.6406   0.0738     4.56    0.130  10.63   0      23.17     1283.338     80.96847
       240    709.9346    300.9394     11395.43     150.9815  14.8582   0.0144     4.36    0.103  44.73   0      139.2     11155.65     104.9274
       241    196.6332    299.7407     7834.924     441.3812  15.2649   0.0612     5.48    0.201   5.08   0      31.11     1629.885     81.73041
       242    199.6090    289.4254     10399.68     415.3258  14.9575   0.0434     5.07    0.198  10.28   0      41.33     2215.621     83.54434
       243    107.8276    283.6018     5304.393     392.7359  15.6884   0.0804     6.31    0.242   0.13   0      21.12     1026.896     80.45422
       244    846.6398    277.5835     4585.271     239.6827  15.8466   0.0568     6.17    0.429 -54.00   0      41.61     2649.775     85.11232
       245    102.2858    277.8677     8162.297     466.4921  15.2205   0.0621     8.12    0.291  18.90   0      26.65     1291.596     80.36781
       246    140.1999    274.2253     5258.326     333.8257  15.6979   0.0689     5.96    0.285 -16.88   0      23.46     1187.833     80.69994
       247    174.9402    267.2992     19789.52     418.4328  14.2589   0.0230     5.14    0.171   4.12   0      74.71     4023.408     87.56234
       248     63.5378    267.8029     3522.043     306.3879  16.1330   0.0945     4.67    0.121 -68.85   0      17.53     948.3372     80.02261
       249    260.6907    261.4934       135119     516.6566  12.1732   0.0042     8.75    0.180  -9.69   0      354.9     27473.82     135.6228
       250     10.3222    262.7530     10484.85     479.1404  14.9486   0.0496     7.68    0.217   3.52  16      37.34     1901.437     82.27842
       251    879.9727    251.6457     3608.627     322.4578  16.1066   0.0970     5.72    0.256  39.91   0      16.58     899.5478     80.09367
       252   1019.8956    250.4176     4248.483     317.6704  15.9294   0.0812     3.97    0.171  14.01  16      19.79     1102.581     79.62107
       253    600.4965    246.1944     42433.89     469.6917  13.4307   0.0120     5.29    0.182   0.74   0      139.9     8017.176     97.89368
       254    579.8834    247.4823     7829.395     415.9386  15.2657   0.0577     9.82    0.238 -88.02   0      32.62     1446.607     81.01233
       255    131.7400    266.2218     7432.994     292.5494  15.3221   0.0427     0.00    0.245  59.05   0      47.79     3612.987     87.07049
       256    532.1776    247.5263     3425.072     359.2504  16.1633   0.1139     5.07    0.242 -89.44   0      13.86     728.3445     79.39536
       257    754.4042    237.8625     5822.661     371.0798  15.5872   0.0692     4.77    0.279  16.66   0      24.92     1353.219     81.16438
       258    138.4931    233.7949      2546.58     278.3741  16.4851   0.1187     5.01    0.251  -1.14   0      13.24     778.3224     79.32708
       259    563.9547    221.0089     14545.91     445.7652  14.5931   0.0333    10.86    0.366   0.77   0      56.35     2805.645     85.33115
       260    694.5751    212.3109     16675.89     542.6453  14.4448   0.0353     5.24    0.233   6.02   2      49.61     2456.315     83.59666
       261    628.2963    208.5374     6679.476     421.3257  15.4381   0.0685     4.86    0.114   3.18   0      26.22     1368.637     80.58538
       262    638.8763    207.1008     11745.04     489.2603  14.8254   0.0452     5.78    0.348   2.33   2      36.53      1850.62     81.72841
       263     41.4948    204.5081     3730.328     342.7183  16.0706   0.0998     5.62    0.240 -32.06   2      16.43     767.9974     79.08564
       264    831.4059    199.0020     5243.723     374.1038  15.7009   0.0775     4.85    0.125  -3.68   0      23.49     1267.175      80.7155
       265    476.3914    198.6928     5214.911     356.8724  15.7069   0.0743     5.32    0.192 -20.44   0      22.93     1167.117     80.43327
       266    917.4225    198.6683     4931.334      375.034  15.7676   0.0826     6.28    0.360  17.74   0      19.64     987.0543      80.1325
       267    512.1697    197.4424     3891.133      369.895  16.0248   0.1032     4.61    0.201 -14.99   0      18.08     980.8546     80.32405
       268    838.3457    189.9158     7597.226     466.2167  15.2984   0.0666     5.02    0.073  20.34   0      19.87     864.3612     79.15041
       269    737.0165    189.0824      9385.05     388.6686  15.0689   0.0450     5.48    0.152  17.30   0      38.64     2021.746     82.81291
       270    850.4495    184.4094      33612.6     489.9879  13.6837   0.0158     5.05    0.196  11.35   2        109     6385.252     94.20692
       271    702.0935    179.6411     120464.2     498.5268  12.2979   0.0045     4.97    0.165   6.35   0      330.7     25182.43     131.4721
       272    133.4214    182.9747     12764.43     379.7512  14.7350   0.0323     4.99    0.210   2.22   0      51.89     2906.276     85.59875
       273    431.9202    179.6369     57558.74     450.7314  13.0997   0.0085     4.79    0.182   2.26   0      190.3     12376.46     107.5391
       274    217.0390    182.3659     11803.41     410.0007  14.8200   0.0377     5.79    0.288  12.14   0      45.05      2346.95     83.90085
       275    255.9952    172.9922     1558.554     135.3666  17.0182   0.0943     4.21    0.024  39.36   2      36.61     1483.302     81.32178
       276    803.9620    171.8039     2226.765     139.5231  16.6308   0.0680     1.33    0.131 -82.50   0      33.55     2095.884     83.41933
       277     41.4956    167.5364     4813.084     315.4258  15.7939   0.0712     6.38    0.086 -20.17   0      21.89     1037.743      79.6467
       278    475.3528    167.9562     3966.124     330.4158  16.0041   0.0905     4.93    0.264 -15.19   0      15.57     854.3018      79.7551
       279    664.8906    165.0004     13125.33     413.7849  14.7047   0.0342     5.24    0.265   8.51   0      54.54     3093.638     85.70415
       280      7.7291    158.5340     14630.44     377.5482  14.5869   0.0280     5.51    0.150  13.82  16      58.12       2884.6     84.95075
       281    386.4508    157.1032     5451.706     373.1077  15.6587   0.0743     5.11    0.254  -4.49   0      23.39     1245.113     80.02689
       282    731.6283    156.4095      3656.37     359.3967  16.0924   0.1067     3.80    0.147 -45.50   0      14.91     766.3218     79.50399
       283    485.6024    148.2312     5924.793     403.6235  15.5683   0.0740     5.34    0.288  23.18   0      23.13     1253.593     81.09208
       284    735.2548    138.3890     6047.741     411.9206  15.5460   0.0740     4.96    0.172  -4.10   0      23.03     1138.018     80.55952
       285    151.7604    137.4530     9587.724     326.6448  15.0457   0.0370     6.60    0.081  -7.41   0      40.32       2110.4     83.25761
       286    484.8047    133.7734     3866.368     332.8767  16.0317   0.0935     5.04    0.237  19.57   0      17.34     898.3923     79.88065
       287    401.2907    132.3294     7896.862      448.015  15.2564   0.0616     6.21    0.271 -18.12   3      27.51     1354.522     80.75359
       288    408.5035    129.9627     12887.66     474.1264  14.7246   0.0400     9.12    0.112  -5.32   3      44.38     2247.316      82.6214
       289    980.4719    128.6669     5202.699     396.9265  15.7094   0.0829     8.04    0.352  10.88   0       21.6     1044.718     79.87691
       290    256.3590    126.7075     11198.04      362.981  14.8771   0.0352     5.50    0.222   0.71   0      46.71     2353.994     83.11642
       291     57.5439    126.4028      3847.45     352.4483  16.0371   0.0995     5.25    0.329  37.95   0      15.01      763.774     79.49671
       292    984.7769    112.8360     9328.659      399.282  15.0755   0.0465     5.05    0.263  13.22   0      38.52      2114.23     83.67005
       293    365.0797    111.9275      9435.34      507.562  15.0631   0.0584     5.29    0.204  -3.06   0      27.61      1395.61     80.66142
       294    379.5150    100.9088      5385.44     373.0673  15.6719   0.0752     5.12    0.197   4.85   0      22.72     1167.854      80.2265
       295    730.9570     98.2748     3308.202     302.0924  16.2010   0.0992     1.78    0.198  88.35   0      15.44     1038.309     80.06848
       296    845.6495     93.4207     33692.01     477.8917  13.6812   0.0154     4.98    0.213   4.51   0      117.6     7065.913     96.00984
       297    569.9818     95.2813     3808.972     354.7957  16.0480   0.1012     5.21    0.417  73.50   0      15.27      767.668     79.29655
       298    328.2157     89.6356     27449.58     440.0761  13.9037   0.0174     5.19    0.178   2.83   0      101.7     5817.405     93.18765
       299    467.5475     86.6823     2890.438     300.3849  16.3476   0.1129     4.64    0.124 -20.68   0      14.93     858.5093     79.13361
       300    959.4885     86.2135     3883.872     334.1462  16.0268   0.0934     3.58    0.244  -0.50   0      15.44     789.9952     78.93658
       301    122.8651     79.3632     6488.037     430.0905  15.4697   0.0720     4.69    0.062  26.70   0      23.91     1237.999     80.63331
       302    454.0230     77.4616     2920.883     324.5676  16.3362   0.1207     6.06    0.447  25.45   0      14.25     681.1229     79.04812
       303    131.8601     73.8429     32557.97     495.4601  13.7184   0.0165     5.16    0.165  -5.22   3      110.7     6308.226     93.84231
       304    134.3705     65.3516     19509.73     463.0166  14.2744   0.0258     5.50    0.221  -5.11   3       72.2     3838.956     88.04028
       305    809.4126     75.4216     2937.718     172.7888  16.3300   0.0639     3.20    0.363 -22.71   0      30.84     2228.963     83.58063
       306    887.0656     71.9798     3070.853     212.1689  16.2819   0.0750     0.00    0.022 -40.37   2      31.47     1745.599     82.25577
       307    610.1281     70.4787     2860.044     301.7551  16.3591   0.1146     5.92    0.311  25.97   0      14.28     717.1606      78.7266
       308     18.2486     68.8962     3492.516     378.6183  16.1422   0.1177     6.58    0.496 -37.41   0      13.74     576.6418     78.10539
       309    709.4467     65.4977     12848.43     433.4385  14.7279   0.0366     5.24    0.205  15.37   0      51.42     2756.287      84.0098
       310    442.7094     63.6670     32527.41     531.3905  13.7194   0.0177     5.15    0.247   5.32   2      96.94     5558.252     91.64264
       311    798.8177     65.3741     4620.859      354.133  15.8382   0.0832     5.51    0.210  16.53   0       19.5     1044.184     80.50304
       312    320.6939     63.9407     6822.032     435.1136  15.4152   0.0693     6.43    0.302  28.65   0      24.23     1137.117     79.71959
       313    287.7692     54.3973     30517.81     454.7586  13.7886   0.0162     5.21    0.204   9.67   0      110.1     6385.724     94.38597
       314    258.5587     55.6756     6154.969     428.9378  15.5269   0.0757     5.04    0.307   0.62   0      21.34     1074.525     80.17121
       315    260.1236     46.0636     22253.51     545.7454  14.1315   0.0266     5.02    0.159   5.33   0       69.8     3852.007     87.69216
       316    923.1942     45.8954     8110.982     337.0091  15.2273   0.0451     5.06    0.160  -2.11   0      36.72     1998.118     82.74805
       317    711.5867     45.3063     6927.354     380.6746  15.3986   0.0597     4.66    0.166  15.70   0      31.48     1712.966      81.5507
       318    637.1992     44.4623     7492.789      381.012  15.3134   0.0552     5.29    0.236  17.01   0      29.17     1481.317     81.52229
       319     26.5886     44.4769     6019.556     381.2339  15.5511   0.0688     5.79    0.434  -5.02   0      25.63     1378.284     81.02775
       320    742.5845     41.9949     9627.479      161.821  15.0412   0.0183     0.94    0.178   2.79   0        107     9404.076     101.0623
       321    614.2196     38.8041     5402.144     368.5532  15.6686   0.0741     5.31    0.232   6.95   0       22.8     1237.261     80.63123
       322    839.7617     34.6159     12394.59     406.2191  14.7669   0.0356     5.49    0.192  24.42   0      48.43     2539.943     84.81853
       323    760.2559     35.9085     3342.642     328.7132  16.1898   0.1068     5.13    0.201  33.66   0      15.96     821.1767     79.02631
       324    204.7035   1013.1411     16890.95     417.8604  14.4309   0.0269     5.30    0.195   3.18  16       66.9      3637.09     86.74744
       325    801.9134     34.7538     3524.255     342.5816  16.1323   0.1056     5.68    0.314  29.44   0      14.19     734.0874     78.77545
       326    735.4238     31.9728     5417.326     348.6804  15.6655   0.0699     5.77    0.176  12.04   0      23.12     1183.316     80.89487
       327    412.5496     30.4803      5513.93     412.6436  15.6463   0.0813     5.47    0.308  -1.26   0      19.01     931.8073     79.34383
       328    962.4552   1007.9258     17948.65     397.8834  14.3649   0.0241     5.23    0.213   5.09   0      72.02     3991.996     87.86349
       329    983.0327     25.8511     7688.844     476.0535  15.2853   0.0672     9.17    0.523  20.18   0      24.15     1021.415     80.02052
       330    916.1432   1005.7375     42140.73     428.4483  13.4382   0.0110     4.59    0.206   6.12   0      148.7     9280.071     100.9493
       331    220.0032     18.0554     5389.468     374.1923  15.6711   0.0754     8.39    0.316 -11.91   0      22.54     1209.571     80.76114
       332    985.5712   1000.8163     5140.564      360.334  15.7225   0.0761     5.10    0.280 -19.38   0       21.7     1205.386     80.95686
       333    160.8169   1000.9828     3236.116     310.2581  16.2249   0.1041     4.71    0.205  -2.61   0      14.52     792.1328     79.36664
       334     55.2682    999.4204     6419.908     420.1886  15.4812   0.0711     6.98    0.371   2.12   0      24.41     1171.741     80.65461
       335    130.5909    992.8588     13482.14     438.5786  14.6756   0.0353     5.15    0.215   2.52   0      52.03     2667.073     84.76357
       336    448.6419    987.6525     7215.651     412.5645  15.3543   0.0621     5.38    0.137  -5.00   0      27.37     1293.651     80.99741
       337    740.3397    980.5294     24288.52     410.7829  14.0365   0.0184     5.66    0.263   2.94   0      92.59     5184.885     91.08111
       338    290.4286    981.2661     5871.072      358.462  15.5782   0.0663     4.22    0.071 -26.54   0      26.55     1475.638     81.30035
