#   1 NUMBER                 Running object number                                     
#   2 X_IMAGE                Object position along x                                    [pixel]
#   3 Y_IMAGE                Object position along y                                    [pixel]
#   4 FLUX_AUTO              Flux within a Kron-like elliptical aperture                [count]
#   5 FLUXERR_AUTO           RMS error for AUTO flux                                    [count]
#   6 MAG_AUTO               Kron-like elliptical aperture magnitude                    [mag]
#   7 MAGERR_AUTO            RMS error for AUTO magnitude                               [mag]
#   8 FWHM_IMAGE             FWHM assuming a gaussian core                              [pixel]
#   9 ELLIPTICITY            1 - B_IMAGE/A_IMAGE                                       
#  10 THETA_IMAGE            Position angle (CCW/x)                                     [deg]
#  11 FLAGS                  Extraction flags                                          
#  12 SNR_WIN                Gaussian-weighted SNR                                     
#  13 FLUX_APER              Flux vector within fixed circular aperture(s)              [count]
#  14 FLUXERR_APER           RMS error vector for aperture flux(es)                     [count]
         1     79.5839     12.4278     15572.47     496.9038  14.5191   0.0347     5.88    0.187 -14.82  16      55.22     2998.789     89.69321
         2    200.6387      9.1362     46039.08     501.4277  13.3422   0.0118    13.91    0.071  39.23  16      144.1     8353.091     101.9999
         3    869.3867   1015.2842     13890.97     390.9323  14.6432   0.0306     5.29    0.232   3.94  16      55.57     3132.277     89.61523
         4    237.6270   1021.6964     9666.153     306.5646  15.0369   0.0344     5.46    0.235  -7.23  24      41.82     2215.335     86.39899
         5     32.1280   1008.9831     33558.12      503.212  13.6855   0.0163     5.12    0.092   1.42   2      107.3     6143.601     97.14423
         6    257.0421   1012.7919     5305.492     262.0487  15.6882   0.0536     5.58    0.252   0.96   0      25.12     1379.525     85.70981
         7    314.9095   1010.7408     7645.147     473.9682  15.2915   0.0673     5.28    0.241  -0.78   0      23.91     1255.427     84.28001
         8    701.5739   1006.7591     13123.27     469.6844  14.7049   0.0389     5.05    0.181  -6.60   0      48.84     2817.308     89.23217
         9    240.6174    997.9642     214804.3     587.3151  11.6699   0.0030     5.12    0.127  -6.81   0      475.8     42475.34      161.326
        10    860.2692    996.6841     256032.6       611.51  11.4793   0.0026     4.88    0.142   0.67   0      536.4      52084.3     173.8021
        11    888.3723    998.6107     4511.244     336.3073  15.8643   0.0810     4.69    0.250 -12.22   0      21.73     1276.617     84.99845
        12    412.7100    994.0866     6348.199     382.8837  15.4934   0.0655     6.69    0.160  -2.44   0      26.13     1268.508     84.53635
        13    197.5896    990.6385     4136.317     370.3993  15.9585   0.0972     4.79    0.123 -42.34   0      16.77     950.6284     84.56487
        14    828.2376    976.7617     11692.23     373.7605  14.8303   0.0347     5.33    0.224  16.19   0      46.68     2617.995     88.30134
        15    247.8171    976.4515     7664.602     424.0998  15.2888   0.0601     5.89    0.170  19.22   0      29.38     1462.471     85.49396
        16    971.0120    972.3180     4453.306     162.1348  15.8783   0.0395     1.09    0.169 -89.60   0      64.24      4457.79     92.91607
        17    379.7749    970.6885     2781.881     223.1399  16.3892   0.0871     3.10    0.449 -22.33   0       28.5     2233.866     86.87845
        18    684.5475    964.4761     7632.336      418.545  15.2934   0.0596     4.92    0.099   0.21   0      27.67     1521.756     85.21448
        19    208.9690    955.4158     21428.63     494.8831  14.1725   0.0251     6.94    0.280 -12.07   2      72.64     3956.164     92.08714
        20    282.8328    956.0493     6561.462     159.3095  15.4575   0.0264     0.00    0.231 -19.61   0      95.41     5724.246     95.96384
        21    827.5003    954.0513     6880.743     481.4188  15.4059   0.0760     7.79    0.197  11.52   0       22.3     1037.684     83.24355
        22    140.9995    953.9987     10979.76     156.8063  14.8985   0.0155  -307.49    0.002  51.56   2      142.1     10940.73     107.6113
        23    160.6988    948.1642     4506.934     395.0042  15.8653   0.0952     6.45    0.409  62.38   0       16.8     851.6596     82.73411
        24    893.2645    942.8676     25337.55      525.879  13.9906   0.0225     5.20    0.146   1.75   2      76.87     3419.331     90.13347
        25    634.4360    944.6981     4788.746     405.6541  15.7994   0.0920     7.08    0.230  -5.74   0      18.49     958.3588      83.0267
        26    336.1116    941.3266     16447.82     484.9532  14.4597   0.0320     5.16    0.169   8.11   0      59.27      3309.53     89.64822
        27    681.3599    929.6195     52940.69     502.6932  13.1905   0.0103     5.02    0.144   4.99   0      167.3     10606.36     107.4253
        28    316.9030    930.2438     5769.948     315.7159  15.5971   0.0594     6.71    0.521  13.71   0      33.91     2800.333     87.92436
        29    121.0104    926.0026     5257.468     148.2807  15.6981   0.0306     0.00    0.001  85.11   2      89.49     5205.158      94.7265
        30    770.0785    915.7636     173815.1     553.8141  11.8998   0.0035     4.81    0.106   2.74   0      416.8     36094.55     151.7028
        31    154.5338    915.6846     9473.395      467.915  15.0587   0.0536     9.60    0.324   4.74   0      36.13     1781.588     85.90467
        32    984.4986    915.2620     3787.515     353.4195  16.0541   0.1013     4.85    0.040   8.30   0      16.74     926.5505     83.38844
        33    721.2251    910.4211     8930.088     407.9678  15.1229   0.0496     5.74    0.243   7.97   0      33.26     1708.916     86.36298
        34     78.8300    900.4648     17451.37     488.2984  14.3954   0.0304     5.38    0.132   5.60   0      60.68     3227.312     89.85593
        35    170.7778    897.2821     16252.26     413.1576  14.4727   0.0276     5.39    0.154  10.88   0      60.15     3259.552     89.93744
        36    598.1711    898.0806     6074.301     382.7211  15.5413   0.0684     4.80    0.193  22.36   0      25.85     1433.984     85.19941
        37    700.3611    894.4166     4610.703     396.2432  15.8406   0.0933     5.30    0.130  40.37   0      15.26     768.1393     84.07299
        38    198.6606    891.2985     6587.824     343.1899  15.4531   0.0566     4.71    0.091  -8.33   0       27.8     1502.794     84.94445
        39    161.9863    880.8328     3686.879     145.8536  16.0834   0.0430     1.05    0.106 -86.89   0      61.62     3723.177     91.71405
        40    348.2832    873.7876     79299.93     503.4713  12.7518   0.0069     6.88    0.151   1.91   0      232.2     15848.49     117.5201
        41    536.5779    862.5444     7057.816     487.2821  15.3783   0.0750     9.33    0.649  -9.46   0      21.51     893.6873     83.74574
        42     73.6024    862.2969     3311.259     328.4678  16.2000   0.1077     5.70    0.117 -16.92   0      14.93     730.9212     83.30285
        43    293.8420    856.3394     4026.509     341.4895  15.9877   0.0921     5.56    0.061 -49.32   0      18.43     1082.523     84.25666
        44    817.6263    853.8692     4153.225     353.6546  15.9540   0.0925     3.82    0.271  17.32   0      15.37     818.5552      83.5416
        45     36.6162    846.9242     25104.16     504.9543  14.0006   0.0218    12.58    0.133 -45.90   0      84.68     4936.321     94.27746
        46    282.6354    846.7923      8071.83     473.1877  15.2326   0.0637     6.91    0.188  -4.46   0      25.47     1247.733     85.14069
        47    588.5856    836.0220     6835.292     377.0348  15.4131   0.0599     5.46    0.179  10.04   0      27.09     1415.926     85.37013
        48    611.3005    825.5475     3657.926     416.3813  16.0919   0.1236     6.09    0.242  44.38   0      14.71     740.8174     82.42906
        49    371.5070    820.1641     4596.324     203.1848  15.8440   0.0480     6.40    0.608 -45.52   0      31.88     2183.057     86.31404
        50    383.4454    818.3040     3849.879     312.8427  16.0364   0.0882     0.70    0.295  36.90   0      17.96     1280.063     84.12485
        51    826.8604    816.1837       4353.5     379.2451  15.9029   0.0946     6.43    0.257 -17.68   0      17.92     973.1241     83.96105
        52    938.2977    806.9778     4288.736     386.5186  15.9192   0.0979     5.76    0.372  -0.39   0      15.96     813.5641     82.85497
        53    635.1081    804.4247     8575.786     398.5109  15.1668   0.0505     5.55    0.118  15.06   0      35.02     1783.729     85.47472
        54    389.0704    798.4117     2097.376      190.828  16.6958   0.0988     3.07    0.369 -59.54   0      20.09     1400.786     85.11081
        55    249.4628    793.3788     47240.91     466.3124  13.3142   0.0107     7.34    0.068 -26.08   0      154.6     9682.628     104.9206
        56    913.4848    791.3151     7405.487     435.8993  15.3261   0.0639     5.11    0.198  13.18   0      26.72     1450.591     85.02446
        57     43.7641    786.2472     2306.061     167.6643  16.5928   0.0790     1.98    0.277 -44.98   0      35.29     2141.578     87.06649
        58    682.4175    782.8918     16864.43     477.3921  14.4326   0.0307     5.13    0.103  -5.52   0      63.36     3535.183     90.01136
        59    137.7042    781.4519     7157.612      405.831  15.3631   0.0616     5.93    0.148  -4.02   0       30.7     1512.025      84.7492
        60    717.7374    776.4709     4275.643     337.5332  15.9225   0.0857     5.05    0.208 -24.99   0      19.43     1054.667     84.18149
        61    548.9036    775.3212     3663.463     359.8819  16.0903   0.1067     6.12    0.220   4.84   2      16.33     835.0814     83.13876
        62    545.0430    773.9607     3666.189     145.8213  16.0895   0.0432     0.00    0.011  51.50   3      63.14     3493.179     90.52589
        63    194.9840    766.9591     9044.388     153.9756  15.1091   0.0185     0.00    0.074  60.83   0        125     8694.401     103.3011
        64     47.9571    757.5569     9530.219     403.7049  15.0522   0.0460     0.00    0.150 -89.07   0      41.09     2322.996     87.11131
        65    339.2005    756.4225     16711.19     438.6019  14.4425   0.0285     5.19    0.157  13.73   0      62.62     3449.524     90.41623
        66    170.0004    756.9304     8385.196     445.9286  15.1912   0.0578     9.67    0.193 -70.74   0      29.57     1182.682      84.5264
        67    530.0264    756.3109     3282.539      154.561  16.2095   0.0511     1.11    0.169  79.41   0      50.21     3245.434     89.48558
        68    800.5813    749.8032     129717.9     527.5103  12.2175   0.0044     4.81    0.104 -13.94   0      339.1     26901.79     137.2414
        69    721.5955    739.6401     7065.723     411.4889  15.3771   0.0632     5.62    0.223  -1.42   0       27.4     1431.111     85.62879
        70    815.1532    737.3931     4095.622     336.0263  15.9692   0.0891     5.06    0.186   9.04   0      19.55     1080.295     84.69255
        71    362.2795    736.9099     3870.067     345.4614  16.0307   0.0969     6.76    0.527  15.87   0      16.12     737.4177     83.09627
        72    238.8586    733.0046     10186.79     391.1659  14.9799   0.0417     5.49    0.164 -18.09   0      41.74     2323.461     87.75292
        73    940.0605    733.9053     5454.566     151.6904  15.6581   0.0302     4.59    0.177 -69.28   0      84.49      4829.94     93.22323
        74     63.3246    731.1978     17234.52     429.1976  14.4090   0.0270     5.13    0.058  -6.44   0      66.01     3676.564     90.98513
        75    682.3074    726.8282     6169.604     451.0483  15.5244   0.0794     5.74    0.025 -31.78   0      22.22     1131.286     83.49872
        76    190.9899    717.1212     31466.48     485.2564  13.7554   0.0167     4.98    0.165   3.90   2      105.2     6223.583     97.13923
        77    200.1027    717.9068     12221.14      510.217  14.7822   0.0453     5.59    0.179   5.67   3      38.18     1842.688     85.63136
        78    595.1630    706.3712        11238     424.9138  14.8733   0.0411     5.37    0.278   0.50   0      42.65     2330.485     87.98351
        79    350.0557    706.5908     2848.303      270.466  16.3635   0.1031     6.22    0.481  83.16   0       16.6     979.5809     84.20048
        80     53.7663    701.7573     10850.29     441.9353  14.9114   0.0442     5.28    0.209  21.40   0      41.91     2337.234     87.78859
        81    290.9767    696.2151     18920.37     490.8864  14.3077   0.0282     5.15    0.124   0.74   0      67.89     3926.061     91.80975
        82    272.8339    690.1910     7037.436     431.4024  15.3815   0.0666     9.24    0.294   9.67   0      29.64      1593.43     86.05854
        83    689.3803    688.3367     5848.331     387.4346  15.5824   0.0719     8.12    0.315  13.11   0      24.39     1304.702     84.85384
        84    491.6888    686.5842     8088.514     507.4542  15.2303   0.0681     8.30    0.228   1.20   0      22.47     1015.809     83.63135
        85    530.2426    670.2738     2243.784     167.5798  16.6225   0.0811     4.00    0.403  50.41   0      31.79     1486.965     85.34062
        86    987.8527    668.1039     3448.836     347.8772  16.1558   0.1095     4.76    0.370  -9.44   0      14.87     802.1204     82.82357
        87    817.3160    665.4557     6688.987      461.533  15.4366   0.0749     5.87    0.333  -6.69   0      23.09     1186.297     84.09338
        88    472.2042    660.6322     3824.657     166.9382  16.0435   0.0474     2.54    0.383 -64.12   0      54.43     2983.545     89.65457
        89    445.8605    659.0944     6213.413     421.1111  15.5167   0.0736     5.49    0.078 -12.26   0      23.35     1228.389     83.98513
        90    755.2629    652.5495     112564.8      511.929  12.3715   0.0049     4.96    0.071  -9.84   0      305.8     22720.83     130.1337
        91      2.8136    651.5798      5440.94     267.4522  15.6608   0.0534     5.74    0.221 -72.03  24      26.22     1492.609     85.57404
        92    266.2264    652.7983     3665.609     185.2796  16.0896   0.0549     0.00    0.398 -41.25   0       60.9     3125.048     90.01257
        93     29.1226    633.4650     3502.505     345.2195  16.1391   0.1070     5.81    0.305  27.54   0      15.13     842.3286     83.15857
        94    203.8597    628.8990     2624.323     150.5215  16.4525   0.0623     0.00    0.255  46.08   0      48.51     2228.187     86.64846
        95    242.9176    620.9119     5817.417     395.7574  15.5882   0.0739     4.41    0.103  10.19   0      23.35     1343.176     84.73685
        96    161.5952    614.0940     11836.97     411.8561  14.8169   0.0378     0.00    0.321 -26.60   0      50.22     2137.193     87.05504
        97    101.8068    602.1541     16823.62     472.4602  14.4352   0.0305     5.22    0.155  -1.68   0      60.82      3478.36     90.90026
        98    119.4301    602.0457     6515.512     427.8682  15.4651   0.0713     5.26    0.146   5.83   0       24.7     1333.066     85.36817
        99    265.9908    596.4263     20579.64     454.1605  14.2164   0.0240     5.55    0.150 -19.75   0      73.51     4055.757     92.13025
       100    745.3923    591.8642     4798.317     354.0689  15.7973   0.0801     7.70    0.248  70.21   0      21.05     1087.401     84.26981
       101    580.0161    593.0072     3211.438     217.2258  16.2333   0.0735     0.00    0.009 -49.30   2      60.21     2750.649     88.64211
       102    610.2897    586.8836     13064.24     430.2495  14.7098   0.0358     5.21    0.156  -9.40   0      49.85     2656.534     88.18909
       103    234.7291    586.0290     8324.702     452.1329  15.1991   0.0590     6.29    0.082 -63.36   0      28.15     1362.371     85.00816
       104    964.3559    584.5096     11531.04     389.5579  14.8453   0.0367     6.45    0.110  25.48   0      45.56     2322.407     87.10976
       105    694.2194    582.7585      9233.72     396.5396  15.0866   0.0466     5.52    0.180  11.20   0       38.6     2103.005     87.39391
       106    182.1068    573.3010     2978.909     321.0513  16.3149   0.1170     5.69    0.168 -58.43   0      14.55     708.3632      82.5659
       107     62.7540    573.8978     3800.657     361.2625  16.0504   0.1032     6.51    0.431 -17.39   0      16.47     835.1042     82.68862
       108    502.9547    557.4764     81663.78     517.3228  12.7199   0.0069     5.18    0.141  -9.62   0      232.1     15127.01     115.9557
       109    760.7382    556.9946     37124.12     498.3079  13.5759   0.0146     4.85    0.120   7.19   0      123.2     7489.464     100.2435
       110    307.4467    559.3694     4501.116     343.1676  15.8667   0.0828     0.00    0.483 -18.09   0       21.9     1126.155     84.81553
       111    853.2949    558.1685     3364.728     284.3454  16.1826   0.0918     0.00    0.370  20.29   0       18.8     1435.345     84.32227
       112    329.3361    533.7467     11241.82     414.9151  14.8729   0.0401     5.50    0.106  25.68   0      42.31     2268.332     87.39673
       113    729.9559    530.3297     4517.343     356.5158  15.8628   0.0857     5.14    0.205   0.26   0      19.08      1042.08      84.1475
       114    646.2606    527.2448     15580.89     388.3253  14.5185   0.0271     5.21    0.142 -17.17   0      60.72     3317.877     90.08471
       115     58.6754    528.6973     4155.434     358.8947  15.9535   0.0938     6.91    0.388  -7.54   0      17.61     871.4426     83.23811
       116    187.9269    525.0221     8581.069     407.7733  15.1661   0.0516     5.34    0.112  12.04   0      32.25     1729.031     86.19965
       117    893.4843    522.9400     9695.155     169.3232  15.0336   0.0190     1.43    0.080  36.82   0      102.5     9323.716     103.7811
       118    292.6194    514.2739     7778.589     328.7176  15.2727   0.0459     5.74    0.128 -56.93   0      31.82     1659.258     85.79823
       119    735.4083    510.0204     26566.18     494.4137  13.9392   0.0202     6.61    0.171  -5.55   2      89.25     5124.873     94.53368
       120    500.4983    509.9595     23413.91     526.8214  14.0763   0.0244     5.33    0.131  -8.28   0      78.32      4152.76     91.35334
       121    134.8079    505.0230     7199.423     427.1403  15.3568   0.0644     5.19    0.085  12.68   0      27.69     1471.276     85.51736
       122    534.7178    505.9643     3239.706      154.498  16.2237   0.0518     1.23    0.176  16.74   0      44.85     2995.566     89.05853
       123    214.8818    493.6932     11317.02     187.1011  14.8657   0.0180     5.50    0.408  70.13   0      133.3     10014.95     105.4611
       124    393.9927    491.7531     8039.729     473.1723  15.2369   0.0639     5.83    0.305   1.49   0      25.35     1353.858     85.42351
       125    635.5211    486.0696     8659.334     355.2275  15.1563   0.0446     6.32    0.275 -31.65   0       35.3     1860.367     85.89583
       126    920.1880    479.4780     3856.832     375.2351  16.0344   0.1057     5.93    0.311 -26.14   0      15.69     749.2749     83.35291
       127    202.9074    474.2104     10336.04     475.2568  14.9641   0.0499     5.25    0.215  -7.75   0      34.08     1793.156     86.15219
       128     22.9214    474.8044     5452.228        397.9  15.6586   0.0793     5.59    0.038 -20.87   0      21.83       1103.3     84.53377
       129    344.4926    469.1553     53806.85     515.0009  13.1729   0.0104     4.87    0.113 -14.18   0      168.7     10565.76     106.2909
       130    827.7201    467.6310     70655.95     503.2764  12.8771   0.0077     4.95    0.070  -9.62   0      211.4     13986.21     113.8617
       131    395.5268    472.3647     6144.042     410.9795  15.5289   0.0726     6.82    0.275  -2.13   0      23.87     1191.749     84.55077
       132    611.3096    467.8067     4251.598     356.3463  15.9286   0.0910     6.86    0.351 -18.41   0      18.59     959.5604     83.92432
       133    197.1212    467.2649     6285.487     463.3527  15.5042   0.0801     4.86    0.289  -1.26   0      18.81     948.9854     83.67292
       134     37.1523    464.9387     9194.983     437.8981  15.0911   0.0517     9.68    0.046 -14.74   0      33.88     1494.341     85.36027
       135    248.0045    461.8507     23928.73     174.5683  14.0527   0.0079     0.00    0.109  89.57   0        203     23791.84     132.1322
       136    239.8660    458.3551     4469.083     290.0929  15.8745   0.0705     0.00    0.282  79.57   0      28.42     2134.094     87.04695
       137    521.9984    457.9984     9276.861     154.3184  15.0815   0.0181     4.19    0.004 -65.12   2      128.9      9344.81     104.1862
       138    288.0713    454.6035     5362.636     399.0199  15.6766   0.0808     3.94    0.197  12.18   0      19.51      1108.46     84.32659
       139    862.7189    444.9337     125293.6     586.0436  12.2552   0.0051     4.93    0.195 -29.67   0      323.5     24530.74     132.9767
       140    481.6262    445.5930     3569.477     339.8148  16.1185   0.1034     6.38    0.293 -17.77   0      15.25      716.537     83.48746
       141    449.0659    442.1711     7598.192     384.8393  15.2982   0.0550     9.56    0.242  35.26   0      28.66     1495.534     85.36344
       142    960.8991    428.4159     6761.231     460.5566  15.4249   0.0740     5.30    0.071  51.76   0      20.02     994.5977     83.57369
       143    784.0667    425.4333     46955.66     489.6066  13.3208   0.0113     5.98    0.117  -6.41   0      151.2     9551.047     104.6351
       144    743.0975    427.8947     7428.966     400.1951  15.3227   0.0585     4.83    0.234  -3.14   0      30.78      1736.01     85.34776
       145    664.6943    426.6176     21549.96      526.903  14.1664   0.0266     4.97    0.092 -10.02   2       66.6     3690.192      90.4019
       146    226.9180    428.1717     4422.431     382.9592  15.8858   0.0940     5.14    0.149 -25.03   0      18.07     905.3268     83.77733
       147    924.1173    420.6918      9809.06     462.0582  15.0209   0.0512     5.26    0.155 -19.74   0      35.25     1838.649      86.0555
       148    654.6255    421.6649     8162.152     490.6582  15.2205   0.0653     5.20    0.240 -13.42   0      24.83     1265.928     84.74992
       149    414.2600    418.4890      8652.61     435.4789  15.1571   0.0547     5.45    0.057   6.09   0      32.29     1737.891     85.57115
       150    926.0605    411.4501     16129.77     483.8407  14.4809   0.0326    11.82    0.055 -76.16   1      54.39      2807.27     88.78716
       151    386.0129    414.0021     3803.544     350.7794  16.0495   0.1002     4.37    0.431 -15.57   0      15.93     943.5104     83.88085
       152      2.1731    405.1573      6181.78     308.5413  15.5222   0.0542     5.28    0.420  87.56  24      31.34     1886.719     86.82964
       153     37.2956    405.4494     3226.594      177.001  16.2281   0.0596     4.15    0.373 -40.10   0      35.76     2273.395     86.76695
       154    668.6837    399.4835     21054.56     440.8467  14.1916   0.0227     5.07    0.109  -0.10   0      76.68     4323.832     92.38602
       155    850.3811    400.0633     3642.628     348.0038  16.0965   0.1038     5.49    0.248  52.71   0      15.58     884.5521     83.72095
       156    804.7667    388.0644     9866.521     425.2781  15.0146   0.0468     5.53    0.184 -22.18   0      38.75     2071.944     86.88453
       157    503.2732    383.1139     17186.57     447.2733  14.4120   0.0283     5.55    0.129 -28.12   0      60.39     3242.436     89.26913
       158    158.2853    382.8668     12889.25     436.6169  14.7244   0.0368     5.18    0.164   2.77   0      48.69     2637.064     87.92689
       159    137.3903    379.3468     7764.998     394.5159  15.2746   0.0552     5.38    0.225  -4.95   0      32.38     1822.495     86.44572
       160    470.8535    371.5078     4347.529     400.7766  15.9044   0.1001     6.23    0.125  -9.71   0      17.74     873.2196     83.24296
       161    887.7937    366.9473     35741.37     529.4757  13.6171   0.0161     5.96    0.119  -5.25   3      113.7     6892.513     98.88083
       162    888.3652    357.3184     56117.01     543.3281  13.1273   0.0105     4.92    0.066  -2.19   3      153.2     9443.088     104.2215
       163    830.3242    361.8662     3833.248     345.4372  16.0411   0.0979     6.71    0.150 -81.91   0      16.39     837.6357     83.36992
       164    217.4657    350.4880     12099.13     445.7287  14.7931   0.0400     5.18    0.122  -6.90   0      45.92     2505.885     87.58716
       165    148.5718    347.3852     19673.04      436.942  14.2653   0.0241     5.04    0.125 -21.75   0      73.15      4074.94     92.37981
       166    785.5003    345.4915     11772.11     582.6149  14.8229   0.0537    11.82    0.511 -73.11   0      30.92     971.7418     83.28771
       167   1009.0734    347.4537     4292.352     362.8599  15.9183   0.0918     4.54    0.184  -3.04   0      18.14     998.5095     83.80733
       168     93.3610    341.8286     9889.568     435.0527  15.0121   0.0478     5.59    0.192   0.84   0      35.95     1803.313     86.61105
       169    173.2856    335.1956      4051.51     242.4199  15.9810   0.0650     7.57    0.219   7.52   0      21.18     1112.285     84.55791
       170    908.5999    320.4003     23495.05     469.7359  14.0726   0.0217     5.27    0.131  -8.98   2      76.27     4048.486     91.90946
       171    248.5704    321.9068     4556.093     407.8185  15.8535   0.0972     5.58    0.213 -76.82   0      17.28     836.4939     82.69244
       172    149.9905    317.9267     3718.705     349.3915  16.0740   0.1020     6.45    0.325  -0.48   0      16.75      895.289     83.75009
       173    324.6552    315.1375     4790.589     423.6596  15.7990   0.0960     6.47    0.420  44.34   0      17.06     930.3524      84.0675
       174    495.9694    311.8878     5554.222     389.6643  15.6384   0.0762     5.16    0.154 -16.64   0       21.5     1122.938     83.92197
       175    709.9343    300.9369     11688.62     157.8304  14.8306   0.0147     0.00    0.100  44.45   0      138.7      11240.7     108.0704
       176    927.1453    284.7932     6287.743     426.6549  15.5038   0.0737     5.51    0.246  -7.75   0      25.53     1379.891     85.27415
       177    262.1599    285.1008     4962.541     377.1435  15.7607   0.0825     5.16    0.133  17.65   0      20.58     1150.014     83.54967
       178    506.3492    282.4593     7849.193     433.9855  15.2629   0.0600     6.02    0.124   4.38   0      28.23     1367.144     85.02093
       179    209.1609    279.0740     13964.05     542.0111  14.6375   0.0422     8.68    0.318 -68.19   0      41.52     1518.054     85.42338
       180    802.1335    275.3987     3933.926     367.7461  16.0129   0.1015     5.06    0.229 -15.49   0      16.28     914.8087      84.2473
       181    349.6537    273.6502     7037.116     395.2786  15.3815   0.0610     5.16    0.180   0.43   0      28.41     1500.571     85.81295
       182     79.8657    273.4257     4427.978     387.8055  15.8845   0.0951     6.94    0.220 -11.89   0         18     939.5472     83.87011
       183    173.8467    266.8965     10671.54     452.2805  14.9294   0.0460     5.26    0.108 -11.31   0      41.65     2264.657     86.74406
       184    638.8860    263.6365     12387.09     458.2614  14.7676   0.0402     5.46    0.171   1.49   0      45.91     2357.198     87.20049
       185    751.8722    261.7199     12921.64     491.9102  14.7217   0.0413     5.63    0.166 -14.80   2      42.31     2216.089     86.83193
       186    749.0062    258.0075     12280.45     158.6803  14.7770   0.0140     0.00    0.005  45.40   3        148     11904.64     109.6281
       187    666.2065    263.4319      4409.68     349.8407  15.8890   0.0862     5.58    0.196   1.21   0      18.92     1040.615     84.58601
       188    815.7883    255.5289     43632.82     490.9215  13.4005   0.0122     4.91    0.079  -3.86   0        142     8738.815     102.8558
       189    332.8429    257.8691     8436.525     423.4127  15.1846   0.0545     5.43    0.108  21.88   0      33.11     1656.226      85.7902
       190   1018.8206    256.5187      16138.6     407.4082  14.4803   0.0274     5.44    0.210 -13.29  16      61.06     3426.424     90.56447
       191    598.0899    244.5679      64686.5     508.8936  12.9730   0.0085     4.82    0.103  -7.00   0      198.5     13043.04     111.4621
       192    315.1495    239.0245     12803.52     186.4116  14.7317   0.0158     1.83    0.277  70.85   0        113     10921.47     107.9171
       193    754.9545    229.7262      4694.76     386.7573  15.8210   0.0895     4.94    0.193  -1.49   0      18.53     1011.056     84.06367
       194    827.5803    216.3442     182904.7     564.1874  11.8444   0.0033     4.88    0.102   1.21   0      428.2     37321.35     153.6512
       195    956.5820    219.7243     6032.217     416.5566  15.5488   0.0750     5.03    0.237  -8.27   0       22.9     1197.248     84.56555
       196    930.5724    219.4660     10350.17     422.2342  14.9626   0.0443     7.72    0.267  -3.31   0      42.49     2374.758     87.67305
       197    968.6896    209.1569     4678.269     390.3503  15.8248   0.0906     4.60    0.299  -9.34   0      18.41         1029     83.66719
       198    798.0401    206.6597     4544.881     360.4381  15.8562   0.0861     6.79    0.217  -9.48   0      19.89     1029.607      84.1138
       199    685.7328    203.4825     26774.03     479.1743  13.9307   0.0194     5.06    0.115  17.69   3      90.29     5129.866     94.15003
       200    693.6762    198.9380     80128.73     539.6189  12.7405   0.0073     4.89    0.141  -9.60   3      225.8     15400.74      116.651
       201    876.9543    204.3695     5043.491     382.1084  15.7432   0.0823     4.37    0.207  -3.59   0      20.34     1211.736     85.04454
       202    436.2039    197.3348     4928.244     392.8783  15.7683   0.0866     5.28    0.286  -0.50   0      19.25     1009.257     84.28054
       203    238.0919    193.9219     5801.747     395.7484  15.5911   0.0741     4.08    0.084  45.90   0      24.12     1438.041     84.99091
       204     12.8896    187.3510     4201.367     360.2215  15.9415   0.0931     3.81    0.221  13.17   0      18.66     1051.739     83.72894
       205    958.1808    185.9867     3460.579     345.1919  16.1521   0.1083     3.97    0.190  -0.72   0      14.36      778.022     83.43126
       206    502.9810    180.9395     7766.768      459.024  15.2744   0.0642     5.91    0.080  21.76   0      26.98      1399.41     85.10713
       207    939.1141    180.2991     6241.829     426.6305  15.5117   0.0742     5.61    0.245   0.18   0      22.64      1163.96     83.81059
       208     47.7384    178.6961     6882.412     460.6164  15.4056   0.0727     6.69    0.380 -13.55   0      18.47     770.2592     82.96137
       209    255.9512    173.9545     2199.409     195.7757  16.6442   0.0967     4.59    0.587 -89.27   0      20.12     1275.563     84.99564
       210    180.8012    173.2436     6722.095     437.6802  15.4312   0.0707     5.82    0.189 -26.94   0      25.43     1346.558     85.40408
       211     69.5217    166.1516     88274.95     497.2903  12.6354   0.0061     4.91    0.091 -11.62   0      255.1     17747.78     120.9834
       212   1010.9644    154.1034     28198.07     496.1047  13.8745   0.0191     4.95    0.117   5.21  16      97.31     5838.089     95.45413
       213   1000.9248    151.8907     6951.232     468.6837  15.3948   0.0732     5.94    0.233 -16.83   1      23.12     1187.617     84.09695
       214    486.1024    146.8784     6723.688     411.2999  15.4310   0.0664     5.40    0.240  -2.60   0      26.35     1357.208     84.55403
       215    672.6009    138.2100      8384.51     337.5351  15.1913   0.0437     0.00    0.565 -52.40   0      55.25     4342.595     92.63388
       216    259.1184    125.3179     10737.74     517.7316  14.9227   0.0524     6.60    0.100 -54.44   0      33.68     1644.835     85.10461
       217    277.4580    121.2291     8735.372     480.3548  15.1468   0.0597     5.65    0.247  -1.12   0      29.91     1555.631     85.52329
       218   1010.1729    113.2849     4588.721     380.6139  15.8458   0.0901     5.22    0.300  -2.22   0      19.34     1056.213     83.96366
       219    475.2397    103.3704     9889.885     532.4709  15.0120   0.0585     5.89    0.244 -17.97   0      29.74     1456.693     85.69666
       220    181.4902     88.0701      5622.02     438.1748  15.6253   0.0846     6.38    0.319  28.28   0       16.8      740.357     83.10431
       221    875.9927     81.3714     28260.14     493.3036  13.8721   0.0190     5.06    0.108  -3.56   0      96.25     5574.472     95.99811
       222    904.7496     79.1269     26090.98     765.9745  13.9588   0.0319     7.54    0.268   5.37   3      53.99     2392.994     87.50729
       223    897.3762     76.8290     28164.23     486.5926  13.8758   0.0188     0.36    0.155 -29.33   3       91.1     6549.649     98.27969
       224    381.1118     70.7213     19106.87      470.592  14.2970   0.0267     5.32    0.144 -19.99   0      68.56     3852.545     91.01444
       225   1022.1947     67.5917     33390.77     344.6215  13.6909   0.0112     6.39    0.306  83.31  24      139.8     8892.651     103.1952
       226    121.7011     69.2959     12088.94     513.8036  14.7940   0.0462     7.22    0.242   6.27   0      40.65     2127.939     86.38512
       227    198.3149     62.4478     9354.066     450.5836  15.0725   0.0523     5.90    0.120 -20.38   0      34.61     1714.647      85.5094
       228     53.5861     63.6844     6261.785     391.2711  15.5083   0.0679     5.65    0.125  14.92   0      24.13     1284.774     84.80045
       229    475.3663     61.6109     11256.96     467.7841  14.8714   0.0451     5.94    0.078   8.13   0      40.46     2122.191     87.44379
       230    434.9689     59.9462     4827.183     147.6197  15.7908   0.0332     0.00    0.112  59.89   0      81.48     4442.927     92.87971
       231    598.3698     55.0201     4741.188     368.2447  15.8103   0.0843     6.10    0.275 -34.59   0      20.57     1211.997     85.04524
       232   1007.1329     49.2070     31399.01     618.0267  13.7577   0.0214     6.45    0.346 -16.30  16      88.97     4906.082      94.0062
       233    466.0630     51.0403     6492.552     452.2439  15.4690   0.0756     5.82    0.059 -18.47   0      20.04     1042.311     84.14812
       234     76.1272     50.3019     4685.716     359.2303  15.8231   0.0833     5.15    0.205  -2.40   0      19.25     1050.361     83.50198
       235    343.1098     36.6544     3595.371     355.9276  16.1106   0.1075     5.67    0.348 -13.78   0      15.48     821.0912     83.10051
       236     13.4169     31.6097     4260.034     370.4752  15.9265   0.0944     6.22    0.127  39.31   0      17.05     854.5951     83.63959
       237   1020.8862     26.7856     3168.051     284.1881  16.2480   0.0974     5.32    0.457  12.37  16      14.65     793.0817     83.24837
       238      5.1297   1020.5120     7945.105     389.8613  15.2498   0.0533     9.63    0.311  36.27  16      24.08     891.3784     83.29252
