#   1 NUMBER                 Running object number                                     
#   2 X_IMAGE                Object position along x                                    [pixel]
#   3 Y_IMAGE                Object position along y                                    [pixel]
#   4 FLUX_AUTO              Flux within a Kron-like elliptical aperture                [count]
#   5 FLUXERR_AUTO           RMS error for AUTO flux                                    [count]
#   6 MAG_AUTO               Kron-like elliptical aperture magnitude                    [mag]
#   7 MAGERR_AUTO            RMS error for AUTO magnitude                               [mag]
#   8 FWHM_IMAGE             FWHM assuming a gaussian core                              [pixel]
#   9 ELLIPTICITY            1 - B_IMAGE/A_IMAGE                                       
#  10 THETA_IMAGE            Position angle (CCW/x)                                     [deg]
#  11 FLAGS                  Extraction flags                                          
#  12 SNR_WIN                Gaussian-weighted SNR                                     
#  13 FLUX_APER              Flux vector within fixed circular aperture(s)              [count]
#  14 FLUXERR_APER           RMS error vector for aperture flux(es)                     [count]
         1     83.2142     13.0812      11137.3      441.916  14.8830   0.0431     4.98    0.121 -11.95   0      43.18     2468.873     85.90788
         2    203.7185      9.8516      32725.6     464.5101  13.7128   0.0154    12.74    0.172  68.18  16      115.1     6891.667     96.72108
         3    260.7735   1013.6383     6015.118     385.3776  15.5519   0.0696     5.22    0.286 -34.11   0      25.22     1412.236     83.70509
         4    241.4128   1022.2818     8246.156     281.6129  15.2094   0.0371     4.79    0.304  -9.67  24      41.42      2510.19     86.22355
         5      8.7879   1021.9052     4958.788      349.653  15.7616   0.0766     7.82    0.351  56.97  24      18.86     976.1671     82.08055
         6     35.4693   1009.7532      27660.6     427.0309  13.8953   0.0168     4.62    0.171 -39.72   2      99.24     5953.551     94.86655
         7    318.0583   1011.2946     6187.593     429.1279  15.5212   0.0753     4.99    0.066 -21.66   0      22.02     1229.945     82.13343
         8    920.6938   1011.0935     3148.696     334.1503  16.2547   0.1153     3.13    0.280 -15.68   0      14.62     852.9925     81.52099
         9    704.9804   1007.5164     10322.82     389.0538  14.9655   0.0409     4.28    0.139 -19.42   0      44.69     2689.205     86.69412
        10    863.7037    997.5103     213029.8     570.3353  11.6789   0.0029     4.15    0.107  -8.80   0      487.8     51043.41     171.5341
        11    244.1252    998.6459     185042.1     540.4773  11.8318   0.0032     4.42    0.102 -18.54   0      444.5     42683.91     160.2975
        12    891.5984    999.5230     4079.422     318.4533  15.9735   0.0848     7.31    0.225  16.44   0       20.6     1123.281     82.48689
        13    416.1381    995.0446     4603.415     336.4619  15.8423   0.0794     6.37    0.128 -65.78   0      20.86     1136.623     82.52364
        14    191.7979    992.6585     3960.012      352.803  16.0058   0.0968     4.98    0.097  68.49   0      15.42     847.1093     81.93967
        15    831.6823    977.6625     9992.767     357.9121  15.0008   0.0389     4.45    0.135  -0.19   0      44.38     2595.939     86.03699
        16    251.2345    976.9766     7258.303     435.8566  15.3479   0.0652     5.35    0.246 -19.25   0       27.9     1575.111     84.14616
        17    971.0040    972.3412     4896.139     159.1768  15.7754   0.0353     1.03    0.184  88.79   0      66.74     4516.469     91.55327
        18    379.6757    970.6973     2851.873     189.6415  16.3622   0.0722     3.22    0.472 -27.44   0      30.36     2125.768      84.7859
        19    688.3228    965.5004     5893.692     309.8626  15.5740   0.0571     8.89    0.344  25.93   0      27.65     1356.114     82.48182
        20    212.3045    956.0396     17447.04     408.7125  14.3957   0.0254     4.73    0.124 -15.22   0      67.64     3858.343     88.91046
        21    505.8347    957.7061     3689.446     357.6348  16.0826   0.1053     5.41    0.180  27.46   0      16.31     961.0605     81.16726
        22    830.9539    954.5209     6524.352      453.473  15.4637   0.0755     5.53    0.182 -74.96   0      21.93     1170.107     82.40033
        23    282.8536    956.0413     6261.356     155.4991  15.5083   0.0270     4.64    0.218 -18.48   0      96.47     5718.173     94.48932
        24    140.9976    954.0035     10905.79     153.7021  14.9059   0.0153     4.19    0.005  32.79   2      141.3     10782.22     105.8041
        25    164.6117    948.9600     2962.721     313.4297  16.3208   0.1149     6.22    0.397 -45.95   0      14.37     680.8366     81.91242
        26    896.6794    944.2672      22371.6     478.3738  14.1258   0.0232    10.04    0.050  84.90   2      75.45     3324.382     87.94017
        27    637.8575    945.1683     3741.705     351.3998  16.0673   0.1020     6.74    0.136   3.38   0       16.4     771.3533     81.29307
        28    339.7072    942.0134      13798.6     416.3985  14.6504   0.0328     4.53    0.107 -17.92   0      54.04     3207.424     87.63738
        29    684.6925    930.2830     43315.36      464.907  13.4084   0.0117     4.28    0.094  -5.71   0      152.2     10263.82     104.5147
        30    322.9287    931.5835      3287.52      312.245  16.2078   0.1031     5.24    0.200 -13.29   0      16.27     936.3148     82.18673
        31    120.9947    925.9913     5084.995     144.8397  15.7343   0.0309     0.00    0.005  51.60   2      89.86     5080.395     92.75114
        32    773.4731    916.5015     144212.8     510.1208  12.1025   0.0038     4.28    0.060 -11.52   0      379.1     33346.88     145.9758
        33    158.7984    916.3517     7292.111     405.2257  15.3429   0.0603     4.74    0.155  23.23   0       31.7     1807.324     84.35055
        34    987.6415    915.7370      3638.28     337.1302  16.0978   0.1006     4.55    0.180   2.92   0      16.85     915.2797     81.91178
        35      6.3961    912.2127      3139.16     335.4713  16.2580   0.1161     6.02    0.112 -67.87  16      14.47     671.3766     81.23223
        36    724.7224    911.2125     6930.203      353.456  15.3981   0.0554     4.82    0.132  -0.88   0      30.38     1762.193     84.22887
        37     82.3470    901.0367     14102.36     446.4351  14.6268   0.0344     4.44    0.180 -23.06   0      54.66     3235.612     88.11491
        38    174.4196    897.7725     12936.33      331.486  14.7205   0.0278    10.55    0.148 -30.33   0      56.31     3398.452     88.93463
        39    601.5409    898.5474     4303.906     333.6055  15.9153   0.0842     4.16    0.194 -13.38   0      21.61     1280.979     83.34795
        40    202.4559    891.8417      5828.76     366.3448  15.5861   0.0683     4.68    0.147 -22.02   0      26.01     1436.766     83.55918
        41    161.9884    880.8152     3856.982     142.8998  16.0344   0.0402     0.94    0.102 -88.59   0      65.05     3810.826     89.58627
        42    351.7674    874.6555     65402.16     476.5154  12.9610   0.0079     4.71    0.134 -17.42   0      212.1     15100.18     114.5498
        43    542.7539    862.1963     5680.532     429.8944  15.6140   0.0822     6.61    0.471 -20.29   2      19.29     873.3812     82.01251
        44     77.9178    862.6285      3923.16     356.5389  16.0159   0.0987     5.43    0.319 -27.91   0      14.92     781.3846     81.53944
        45    715.9932    861.2033     3328.835     327.5573  16.1943   0.1069     4.51    0.163   0.19   0      14.77     793.1469     81.57221
        46    297.3136    856.9803     2952.172     257.3568  16.3246   0.0947     3.18    0.342  -1.23   0      17.13     1065.543     81.89462
        47     40.0479    847.8674     18794.17     385.9936  14.3149   0.0223     4.45    0.134 -23.32   0      77.24     4723.261     91.87188
        48    286.3320    847.6806      5618.15     390.8708  15.6260   0.0756     4.51    0.157 -17.14   0       23.4     1373.054     82.74362
        49    592.1782    836.2538     5749.805     367.5073  15.6009   0.0694     5.26    0.192 -27.65   0      25.74     1479.383     83.67501
        50    830.4154    817.0183     3896.071     347.6856  16.0234   0.0969     5.12    0.147   0.46   0      16.97     921.3141     81.92853
        51    941.7819    807.9930     2857.581     321.7513  16.3600   0.1223     5.06    0.197   1.52   0       13.4     712.9863     81.34856
        52    638.8853    805.2598     6948.362     362.1627  15.3953   0.0566     4.74    0.121 -26.70   0      30.47     1657.188     83.52041
        53    252.8956    794.2609     38893.45     439.0839  13.5253   0.0123     4.47    0.172 -22.29   0      138.2     8877.951     101.2809
        54    916.9729    791.9933     4396.047     354.3404  15.8923   0.0875     4.23    0.030 -31.58   0      21.24     1233.563     83.00465
        55     43.5528    786.2227     3118.498     226.2667  16.2651   0.0788     1.69    0.242 -35.35   2      34.26     2291.729     86.05994
        56    685.7141    783.5335     13101.04     376.7741  14.7067   0.0312     4.45    0.111 -24.25   0      56.25     3301.107     88.08207
        57    140.9582    782.3373     5832.651     326.5793  15.5853   0.0608     4.39    0.125 -59.65   0      26.85     1602.657     83.79729
        58    720.9973    776.7031     3428.459     317.9884  16.1623   0.1007     4.86    0.221 -25.56   0      17.18     974.2294     82.07519
        59    552.3374    776.5154     3241.938     322.0227  16.2230   0.1079     5.25    0.005 -13.47   0      15.66     825.9822     81.22707
        60    194.9802    766.9390      9498.74     151.6073  15.0558   0.0173     0.00    0.093  69.70   0        126     8928.051     101.7433
        61     51.6285    758.8810     8316.878     429.2199  15.2001   0.0560     4.50    0.185 -45.53   2      30.84      1682.76     84.01426
        62    342.6237    757.0988     13555.84      416.266  14.6697   0.0333     4.67    0.202 -27.56   0      56.03     3282.355     87.42573
        63    173.5013    758.4896     6913.643     475.6677  15.4007   0.0747     6.21    0.201 -46.70   2      23.48     1083.562     81.72736
        64    530.0048    756.2994     2844.213     144.3915  16.3651   0.0551     1.13    0.113  89.98   0       49.8     3026.894     87.57491
        65    804.0034    750.4699     102534.4     493.0074  12.4728   0.0052     4.28    0.097 -20.85   0      297.4     24521.96       132.06
        66    724.6960    740.3806     5417.436     353.7407  15.6655   0.0709     4.20    0.204 -29.48   0      24.25     1423.846     82.66824
        67    818.7330    737.9225     4799.991     376.4853  15.7969   0.0852     5.55    0.317 -53.01   0      16.56     974.7822     81.64236
        68    242.3399    733.7512     9733.619     451.1551  15.0293   0.0503     5.11    0.078 -59.28   0      36.49     2049.883     85.00159
        69     66.6963    732.0293      14360.5     376.3539  14.6071   0.0285     4.88    0.177 -17.98   0      59.65     3367.143     87.64587
        70    685.7753    727.6179     4605.471     359.4551  15.8418   0.0848     5.08    0.363 -19.61   0      20.72     1200.494      83.1282
        71    204.6023    718.8494     10558.06      534.505  14.9410   0.0550    11.22    0.317  19.37   3      35.36     1750.758     84.19801
        72    194.6083    717.9113     24753.76     441.8786  14.0159   0.0194     4.75    0.135 -14.72   2      93.06       5506.7     93.60017
        73    598.8041    707.0792     9140.101     388.3622  15.0976   0.0461     4.81    0.211 -26.57   0      40.52     2402.494     86.14583
        74    713.9513    705.9026     2450.346     143.7702  16.5269   0.0637    -3.32    0.164  62.41   0      48.17     2157.635     84.66155
        75     57.4108    702.4153      9474.97     434.9721  15.0586   0.0499     5.29    0.235 -28.68   0      36.62     1991.881     84.84636
        76    294.3092    696.9088     14873.11     419.1109  14.5690   0.0306     4.45    0.172 -15.32   0      58.88     3427.993     88.40886
        77    275.5041    691.0295     8288.625     436.3935  15.2038   0.0572     3.73    0.204 -19.20   2      31.26     1555.659     82.81544
        78    693.3523    689.0282     4982.317     389.3611  15.7564   0.0849     7.75    0.220  24.45   0       20.7     984.4955     82.53554
        79    494.9983    686.7537     8251.983     464.0175  15.2086   0.0611     3.91    0.135 -12.49   2      25.35     1169.929     82.61532
        80    530.3837    670.4520     2464.354     171.9458  16.5207   0.0758     3.48    0.471  48.94   0      32.04     1659.886     84.16386
        81    820.4717    666.0546     4341.649     346.6971  15.9059   0.0867     4.08    0.111 -65.04   0      19.78     1142.661      82.3246
        82    472.1735    660.6389     3472.311     162.6895  16.1485   0.0509     2.59    0.376 -64.42   0      57.23     2956.421     87.79775
        83    449.7271    660.0393     5652.425     399.8836  15.6194   0.0768     5.17    0.232 -10.97   0      21.65     1163.691     82.59815
        84    758.6623    653.1995     87411.41     474.8845  12.6461   0.0059     4.30    0.076 -11.56   0      266.8     20924.19     125.8573
        85      5.7449    652.2133     5253.069     336.9004  15.6990   0.0696     5.07    0.106 -29.65  16      23.27     1281.701     83.13635
        86    203.9254    628.9096     2268.612     146.5475  16.6106   0.0702     4.60    0.226  44.88   0      50.55     2146.214     84.84069
        87    246.4830    621.4883     3752.002     296.5299  16.0643   0.0858     4.80    0.274  -0.55   0      20.07     1137.217     82.30956
        88    165.5413    614.4413     7603.611     384.0053  15.2975   0.0548     8.95    0.032 -12.30   0       31.4     1658.654     83.94902
        89    105.3782    602.9394     11940.84     374.8899  14.8074   0.0341     4.56    0.120  -6.50   0      51.09     3014.335     87.54231
        90    122.9825    602.7772     5632.104      398.759  15.6233   0.0769     5.34    0.170 -30.56   0      22.78     1227.896     83.20308
        91    269.5737    597.0831     15548.84      396.603  14.5208   0.0277     4.69    0.096 -27.28   0      63.78     3702.703     89.11226
        92    748.3050    593.2246     3329.928     303.6161  16.1939   0.0990     6.48    0.527 -35.49   0         15     754.1694     80.80618
        93    579.9996    592.9868     2755.166     141.1365  16.3996   0.0556   -38.43    0.005  68.04   2      61.19     2839.475     87.08717
        94    613.6132    587.6646     10290.87     400.2967  14.9689   0.0422     4.61    0.175  -4.94   0      41.61     2353.396     85.80927
        95    238.1170    586.8215     5204.079     359.8333  15.7091   0.0751     5.45    0.224 -28.56   0      23.26     1313.369     82.79453
        96    967.4882    585.4249     9117.493     400.7406  15.1003   0.0477     4.96    0.044 -36.68   0      37.84     2087.304     84.68274
        97    697.6517    583.5519     6590.754     336.4833  15.4527   0.0554     4.54    0.114 -44.14   0      32.03     1847.749     84.66963
        98     68.1781    572.7132     4259.626      319.974  15.9266   0.0816     0.00    0.600 -36.55   0      23.81     1779.589     83.85282
        99    506.5040    558.1559     61846.39     472.9406  13.0217   0.0083     4.48    0.122 -23.25   0      201.2     13856.76     111.5787
       100    764.1411    557.6935     27484.51     416.3967  13.9023   0.0165     4.89    0.076   3.44   0      106.6     6543.543     95.71401
       101    311.7457    559.7393      3486.47     326.3073  16.1440   0.1016     4.12    0.196 -44.83   0      14.65     900.3506     82.08722
       102    333.1488    534.6484     9559.393     405.4004  15.0489   0.0461     9.83    0.155  15.12   0      37.45     2174.712     85.54278
       103   1001.6793    535.8259     14985.37      178.048  14.5608   0.0129     1.01    0.060 -10.82   0      135.6     14533.45     113.5765
       104    733.4913    531.3055     3358.039     327.5775  16.1848   0.1059     3.67    0.094 -18.52   0      16.03     945.0498     81.77724
       105    649.5124    527.8647     12367.78     363.1079  14.7693   0.0319     7.08    0.122 -10.56   0       51.6     2880.284     86.78486
       106     62.0999    529.6996     3474.023     335.6981  16.1479   0.1049     6.04    0.320  -7.25   0      15.54      804.711     80.50776
       107    191.6067    525.7981     7221.544     402.9863  15.3534   0.0606     5.18    0.043 -51.73   0      27.41      1451.26     83.38566
       108     23.0590    523.0803     3827.667      325.181  16.0427   0.0923     0.00    0.522 -81.89   0      18.54      1482.22     83.04293
       109    296.3037    515.0215     6389.222     365.4783  15.4864   0.0621     4.20    0.149 -27.92   0       27.5     1630.608     83.23473
       110    503.7561    510.7528     16495.31     418.9301  14.4566   0.0276     4.50    0.081 -32.23   0      65.48     3974.479      90.1978
       111    738.7274    510.6278     18698.24     391.6529  14.3205   0.0227     4.38    0.075 -22.46   0      76.01     4613.248     91.59932
       112    727.1124    509.1393     2120.329     152.2715  16.6840   0.0780     3.59    0.291  44.95   0      36.06     1487.111     83.05631
       113    138.4646    505.9553     5136.225     352.3006  15.7234   0.0745     5.07    0.141  -3.14   0      23.28     1228.304     82.77575
       114    214.9090    493.7852     10872.41     172.7182  14.9092   0.0173     0.00    0.343  68.64   0        133     9783.664     103.2933
       115    397.8817    492.2329      7201.14     453.8121  15.3565   0.0684     5.68    0.067  14.87   0      24.02     1201.979     82.70344
       116    638.9764    486.8253      6880.79      403.896  15.4059   0.0637     4.54    0.134 -49.88   0      28.29     1614.781     84.25324
       117     26.5983    475.3858     4950.294     391.6189  15.7634   0.0859     5.66    0.238 -68.32   0      19.86     1088.915     82.39214
       118    206.7507    475.1352     7745.771     450.1525  15.2773   0.0631     8.38    0.286  18.98   0      28.99     1676.653     83.99773
       119    399.1003    473.0066     4475.319     304.4723  15.8729   0.0739     4.87    0.191 -40.52   0      22.68     1322.812     83.03483
       120    348.0388    469.8232     40880.05      465.628  13.4712   0.0124     4.35    0.040 -24.49   0      145.3     9826.888     104.2446
       121    831.2704    468.5146     53872.29     470.0396  13.1716   0.0095     8.31    0.109  25.52   0      180.2     12692.26     109.5062
       122    614.8950    468.7776      3375.65     306.5638  16.1791   0.0986     4.33    0.299 -11.45   0      16.87     982.3943     81.44555
       123    200.5450    467.8982     4479.436     375.1087  15.8719   0.0909     5.04    0.146 -17.34   0      16.51     911.6176     81.46633
       124     40.6727    466.0644     7077.932     407.2939  15.3752   0.0625     4.30    0.116  58.09   2      28.15     1535.702      83.4026
       125    247.9975    461.8395     21447.58     168.5707  14.1716   0.0085    -3.32    0.112  88.83   0      190.9     21363.69     126.7887
       126    521.4796    457.9998     11172.83     197.1224  14.8796   0.0192     3.15    0.468   0.05   0      120.3     9154.029     102.2469
       127    291.8943    455.1756     2888.054     311.9541  16.3485   0.1173     5.23    0.392 -22.53   0      15.84     890.1241     81.18767
       128    865.8705    454.9500     5865.063     276.4882  15.5793   0.0512     3.45    0.533  -3.16   1         37     2827.723      87.0565
       129    866.2106    445.5968     89946.49     477.9596  12.6150   0.0058     4.13    0.048  -5.18   0      274.2     22507.39     128.5462
       130    452.5154    443.1943     5375.662     362.4029  15.6739   0.0732     8.68    0.238 -30.93   0      23.75     1124.971     82.70678
       131    416.9980    430.1858     2661.984     140.9864  16.4370   0.0575     1.13    0.109  86.47   0      45.86     2567.578     86.37468
       132    964.3719    428.8517     4279.257     365.3823  15.9216   0.0927     4.39    0.245 -78.99   0      17.37     945.0603     82.21091
       133    787.3963    426.1564     34181.25     417.9143  13.6655   0.0133     4.29    0.089 -12.36   0      128.1     8505.068     101.1462
       134    746.6621    428.4116     6333.495      395.804  15.4959   0.0679     4.55    0.118 -39.11   0      26.58      1495.87     83.50716
       135    230.1509    429.3001     3211.783     322.0014  16.2331   0.1089     5.46    0.312 -30.77   0      14.99     822.2465     80.55725
       136    668.4555    426.9937     15756.01     445.2843  14.5064   0.0307     9.95    0.264 -19.92   0      59.23     3348.907     88.60751
       137    927.2061    421.6423     8813.077     476.5743  15.1372   0.0587     5.42    0.186   0.13   0      30.12      1777.21     84.69026
       138    657.7538    422.5197     5440.446     418.2368  15.6609   0.0835     4.81    0.173  -2.59   0      18.77     991.4802     81.68883
       139    417.6179    419.2717     5907.888     357.8018  15.5714   0.0658     5.26    0.076 -80.89   0      24.98     1331.379     83.27204
       140    929.4431    411.7564     11807.53     440.2461  14.8196   0.0405     5.18    0.294 -49.43   2      43.25     2417.642     85.56471
       141      4.2226    406.0160     10099.24     414.3745  14.9893   0.0446     4.96    0.066 -61.30  24       38.6     2169.622     85.73686
       142    672.1445    400.1206     15757.79     392.2159  14.5063   0.0270     4.46    0.128   3.66   0      64.39     3880.238     89.36518
       143    853.4540    400.5831     3099.427     310.6807  16.2718   0.1089     5.71    0.122 -42.47   0      15.68     908.6285     82.11013
       144    808.0173    388.8985     7303.886     287.1118  15.3411   0.0427     4.56    0.016 -34.17   0      33.66     1952.263     84.31953
       145    506.6844    384.1523     11702.14     369.9706  14.8293   0.0343     4.59    0.201 -26.78   0      49.46      2834.37     86.66454
       146    161.9799    383.5024     10178.63     403.5507  14.9808   0.0431     4.96    0.140 -29.03   0      40.71     2155.538     84.65592
       147    140.8280    379.9058     5719.841     348.8757  15.6065   0.0662     5.31    0.257 -10.84   0      27.37     1461.576     82.55684
       148    474.4314    371.9899     3399.618     340.9033  16.1714   0.1089     4.99    0.375 -26.22   0       14.2     762.0927     81.92084
       149    891.2061    367.7970     24440.87     437.6743  14.0297   0.0194     4.23    0.031 -53.70   3      94.27     5987.347     94.94749
       150    891.6493    358.0366     33863.67      439.517  13.6757   0.0141     4.05    0.054 -40.23   3      123.9      8232.14     99.99915
       151    220.9179    351.2681      9122.93     398.5193  15.0997   0.0474     4.83    0.197   4.33   0      37.35     2133.442     84.80647
       152    152.0515    347.9805     15737.78     448.2595  14.5076   0.0309     5.83    0.108 -24.95   0      59.74     3446.419     88.85728
       153    788.0277    348.8951     4057.986     343.9362  15.9792   0.0920     4.80    0.247 -33.98   1      17.93     1020.522     81.33359
       154    789.4001    343.3993     5674.936     435.0302  15.6151   0.0833     6.02    0.104 -39.31   1      17.81     917.6795     81.91844
       155     97.0580    342.5737     6279.433     414.4246  15.5052   0.0717     4.95    0.150   2.55   0      27.31     1520.945     83.57537
       156    176.3242    335.6140     3866.466     348.9423  16.0317   0.0980     3.43    0.139 -41.67   0      16.29     947.2458     82.21695
       157    254.0338    326.8663      2046.48     186.3033  16.7225   0.0989     0.00    0.037  38.68   2      35.11     1494.931      83.5046
       158    911.5621    321.7160     15029.58      338.216  14.5576   0.0244    10.36    0.187 -64.85   0       64.9     3223.043     87.67788
       159    153.5537    318.6422     2836.014     304.7083  16.3682   0.1167     5.46    0.152 -14.65   0      13.87     668.5051      81.2242
       160    328.0603    315.9554     3661.784     338.4618  16.0908   0.1004     5.08    0.237 -44.95   0      15.88     907.7353     81.89085
       161    500.5668    312.9107     6135.759      193.537  15.5303   0.0343     0.00    0.316  14.22   0      72.42     4462.189      90.6372
       162    709.9224    300.9367     11653.87     157.6493  14.8338   0.0147     4.41    0.100  37.61   0      139.3     11192.11     106.5142
       163    266.3513    285.7656     3871.673     368.7624  16.0303   0.1034     6.46    0.144  77.10   0       16.2     783.2419     81.54461
       164    930.1847    285.5786     4216.874     344.0412  15.9375   0.0886     6.01    0.210 -16.56   0      20.47     1091.565     82.61493
       165    510.2063    283.0865      5712.73      425.756  15.6079   0.0809     4.51    0.139 -37.90   0      19.97     1098.222     82.41782
       166    212.7430    279.7760     10378.64     500.0575  14.9596   0.0523    10.40    0.468 -72.10   0      33.32     1355.713     83.12483
       167    353.0570    274.0198     4999.765      369.457  15.7526   0.0802     4.96    0.168 -50.68   0      22.71     1338.763     83.07848
       168    177.2315    267.6829     7132.505     389.4747  15.3669   0.0593     4.48    0.067   2.90   0      31.46     1810.692     84.14861
       169    642.5281    264.3565       8398.3     370.3436  15.1895   0.0479     4.35    0.026 -69.89   0      37.03     2132.321     85.22172
       170    754.9147    262.4424      8084.23     402.3694  15.2309   0.0541     6.33    0.072 -36.12   0      32.53     1766.502     83.81734
       171    669.6851    264.0707     3485.672      327.666  16.1443   0.1021     4.25    0.273 -15.43   0      14.81     840.0586     81.26645
       172    443.3851    261.8844     3050.198     159.3333  16.2892   0.0567     1.54    0.162  19.50   0       39.3     2754.427     86.86494
       173    819.0693    256.3820     31251.28     463.7881  13.7628   0.0161     4.14    0.054 -55.44   0      115.6     7702.471     99.14729
       174    336.2996    258.5223     6375.178     394.7035  15.4888   0.0672     5.35    0.264 -24.21   0      28.74     1544.427     82.99908
       175   1021.8845    257.1542     9215.199     299.2062  15.0887   0.0353     4.37    0.117  72.29  24       46.6     2745.735     86.43179
       176    601.5343    245.3026     46267.79     432.7326  13.3368   0.0102     4.33    0.079 -12.64   0      163.9     11106.89     106.1649
       177    757.6696    230.3619     2642.628     298.6697  16.4449   0.1227     4.02    0.155 -43.79   0      14.44     840.8563     81.70502
       178    830.8997    217.1317     127486.7      496.385  12.2363   0.0042     4.12    0.045   0.06   0      349.8     31345.75     142.9507
       179    934.0291    220.1800     7149.348     374.3558  15.3643   0.0569     4.26    0.154 -24.26   0       33.3     2032.578     85.37281
       180    959.8682    220.4666      3671.25     322.3255  16.0880   0.0953     4.94    0.169  13.60   0      18.17      950.621     81.79272
       181    971.4924    209.8394     2877.736      267.455  16.3524   0.1009     4.59    0.155  16.70   0      15.55     905.9211     81.23187
       182    801.4570    207.6611     2961.992      264.183  16.3210   0.0969     4.69    0.184   8.28   0      16.01     967.2877     82.27233
       183    689.0647    204.1104     19513.12     442.2005  14.2742   0.0246     4.52    0.035  19.11   3      73.58     4454.109     90.81292
       184    696.9820    199.6747     54391.52     476.8601  13.1612   0.0095     4.17    0.078 -15.30   3      181.7     13126.91     110.8866
       185    880.4728    205.2382     3561.228     333.0991  16.1210   0.1016     3.83    0.060  10.56   0      16.91     1048.003     82.27921
       186    440.1919    197.9234     3311.256     320.6886  16.2000   0.1052     5.15    0.365 -10.25   0      16.04     934.0137     81.96375
       187    241.9126    194.3209     4016.591     302.6647  15.9904   0.0818     6.67    0.073  69.33   0      19.95     1072.127      81.9129
       188     16.1094    188.1746     3274.962     319.2738  16.2120   0.1059     6.13    0.253 -30.45   0      15.94     828.5496     81.01511
       189    506.9429    181.8713      4278.17     341.4885  15.9219   0.0867     5.27    0.228  19.36   0         20     1101.527     82.21096
       190    941.9707    181.3298     4634.852     376.3856  15.8349   0.0882     4.29    0.177  -3.11   0       18.4     990.4633     82.12012
       191     51.5207    179.4941     4222.908     355.4818  15.9360   0.0914     5.19    0.249   0.33   0      14.95      804.548     81.38582
       192    256.0005    173.0000     1288.181     145.0191  17.2251   0.1223  -869.71    0.147 -45.02   2      33.79     1259.771      82.8621
       193    184.8072    173.6415      4744.98     365.6719  15.8094   0.0837     4.97    0.137 -59.50   0      20.67     1127.778     82.92915
       194     73.1734    166.9070     65153.77     458.3281  12.9652   0.0076     4.45    0.055 -14.12   0      210.5     14631.55     113.3029
       195   1014.4192    154.8885     18644.21     425.3513  14.3236   0.0248     4.16    0.062  14.55  16      74.74     4729.232     91.49886
       196   1004.1401    152.6874     5475.974       398.67  15.6538   0.0791     6.49    0.084  10.56   0      19.49     1015.503     81.75563
       197    489.6643    147.5812     4419.983     294.0337  15.8864   0.0722     7.43    0.298 -20.16   0      20.59     1071.135     82.34309
       198    262.5722    126.6678     7523.313     428.7995  15.3090   0.0619     5.18    0.139 -35.94   0      27.92     1489.093     83.48871
       199    281.0848    121.8608     5271.396     349.8562  15.6952   0.0721     4.05    0.081 -39.59   0      24.15     1457.796     82.97606
       200   1013.1185    114.2528     3369.352     308.0055  16.1811   0.0993     3.73    0.239  -3.02   0      17.08     1005.646     81.72823
       201    478.9376    104.1945     5282.056     376.7762  15.6930   0.0775     4.49    0.172   6.63   0       22.5     1336.599     83.28629
       202    184.4950     89.0017     3901.224     362.7045  16.0220   0.1010     4.99    0.378  25.61   0       13.8     712.5063     81.34722
       203    879.5468     82.0923     19061.34     436.9112  14.2996   0.0249     4.43    0.067 -48.16   0      74.27     4533.604     91.01165
       204    908.2229     79.9529     21996.51     728.6298  14.1441   0.0360     8.02    0.399  20.25   2      38.17     1964.307     85.19087
       205    900.8774     77.6673     24907.22     553.5707  14.0092   0.0241     4.16    0.230 -68.87   3      66.79      3164.29     87.52545
       206    384.6657     71.5087     13513.87     397.6767  14.6731   0.0320     7.35    0.041 -24.70   0      55.33     3210.605     87.64563
       207    125.4240     70.3462     8414.556     429.2716  15.1874   0.0554     5.05    0.194  -8.91   0      32.61     1761.269     84.22637
       208   1023.1401     68.3959     4754.657     270.6922  15.8072   0.0618     4.83    0.453  81.44  24      26.11     1644.276     83.48527
       209    201.6926     63.3669     7902.643      395.582  15.2556   0.0544     4.68    0.039  16.06   2      32.59     1556.281     82.81714
       210     58.5355     63.1754     6232.591     326.8575  15.5133   0.0570     0.00    0.574 -39.23   0      28.99     1031.338     82.44908
       211    478.8615     62.4384     7842.806     450.2015  15.2638   0.0623     4.74    0.151  10.23   0      30.08     1664.347     83.96443
       212    434.9549     59.9496     4782.537     144.3643  15.8009   0.0328     4.36    0.093  63.37   0      81.29      4344.83      91.1262
       213    601.1938     55.4864     2933.237     291.3608  16.3316   0.1079     3.31    0.248  88.73   0      14.05     838.9199     81.69965
       214   1010.3264     50.0885     19603.41     523.2654  14.2692   0.0290     5.41    0.277 -17.60  16      65.41     3749.865       89.033
       215    469.8439     51.9912     3376.814     328.9445  16.1787   0.1058     5.55    0.398  20.35   0      15.41     869.8029     82.21912
       216     79.3881     50.7748     2874.786     250.2833  16.3535   0.0945     3.80    0.210 -64.96   0      15.49     873.8079     82.01369
       217     17.2052     32.6530     3459.996      318.011  16.1523   0.0998     3.83    0.197 -24.39   0      16.14     946.5958     82.21516
       218    872.6512   1015.9842     13433.88     453.0153  14.6795   0.0366     4.73    0.109   4.67  16      51.36     3085.868     87.93024
