#   1 NUMBER                 Running object number                                     
#   2 X_IMAGE                Object position along x                                    [pixel]
#   3 Y_IMAGE                Object position along y                                    [pixel]
#   4 FLUX_AUTO              Flux within a Kron-like elliptical aperture                [count]
#   5 FLUXERR_AUTO           RMS error for AUTO flux                                    [count]
#   6 MAG_AUTO               Kron-like elliptical aperture magnitude                    [mag]
#   7 MAGERR_AUTO            RMS error for AUTO magnitude                               [mag]
#   8 FWHM_IMAGE             FWHM assuming a gaussian core                              [pixel]
#   9 ELLIPTICITY            1 - B_IMAGE/A_IMAGE                                       
#  10 THETA_IMAGE            Position angle (CCW/x)                                     [deg]
#  11 FLAGS                  Extraction flags                                          
#  12 SNR_WIN                Gaussian-weighted SNR                                     
#  13 FLUX_APER              Flux vector within fixed circular aperture(s)              [count]
#  14 FLUXERR_APER           RMS error vector for aperture flux(es)                     [count]
         1    270.9993     35.2177     65414.91     509.5117  12.9608   0.0085     6.18    0.255 -13.84   0      199.5     10921.31     102.1955
         2    633.4294     27.5831     26621.62     597.0895  13.9369   0.0244     7.71    0.131 -49.81   0      80.47     3362.296     84.08281
         3     99.3248     24.1147     16257.77       443.86  14.4723   0.0296    12.18    0.389 -22.28   2      58.83     2735.398     81.42587
         4    159.0680     22.4105     2186.321     185.1333  16.6507   0.0920     6.23    0.607  89.08   0      23.74     1238.917     77.73563
         5    243.8145     20.7958     9105.906     398.6633  15.1017   0.0475     6.74    0.344 -11.07   0      37.24     1683.912     79.02595
         6    215.9562     18.5382     18891.72     359.6192  14.3093   0.0207     6.37    0.328 -13.52   0      74.32     3495.196     84.07384
         7     58.7099     14.3452     14452.12     401.6995  14.6002   0.0302     6.36    0.326 -18.62  16      56.97     2612.564     81.27297
         8    618.6165     10.7907     8415.359     440.7051  15.1873   0.0569    10.33    0.382 -38.60  16      27.96       1119.7      77.3863
         9    642.6042     10.9675     6966.405     440.8359  15.3925   0.0687     6.12    0.327  -4.20   0      24.08      1225.43     78.09364
        10    944.6918     11.3197     2809.447     292.6421  16.3784   0.1131     5.10    0.483   0.62   0      14.17     752.3395     76.09664
        11    899.7095      9.2549     11523.68     387.2594  14.8460   0.0365     6.21    0.303  -7.76  16      46.51      2195.16     80.09724
        12    785.7274      7.9444     11452.01     447.4875  14.8528   0.0424     7.99    0.306 -19.50  16      40.09     1465.371     78.19721
        13    155.9470      6.9139     9337.474     400.7313  15.0744   0.0466     7.07    0.398  -4.21  18      36.33     1549.634     78.24415
        14    736.3600      3.8756     83609.79     410.8586  12.6944   0.0053     6.31    0.359  -1.83  24      260.6     15653.07     112.2262
        15    858.7964      2.1133     7421.814     292.2568  15.3237   0.0428     7.97    0.484  -3.17  26      33.16     1240.666     77.93961
        16    274.8449      2.9539     54579.65     220.9115  13.1574   0.0044     0.00    0.372  14.22  24      337.2     53555.28      172.783
        17    497.5388      1.4089     2900.562      228.911  16.3438   0.0857     5.44    0.725   3.79  24      15.81     797.7506     71.40932
        18    528.3040    981.3203     28387.21     478.3722  13.8672   0.0183     6.36    0.259 -11.00   0      97.95     4624.046     86.71567
        19    487.7675   1022.6852     14454.59     418.6825  14.6000   0.0315     9.51    0.605   3.42  24      50.97     2043.073      79.8586
        20    932.2122    978.7235     60425.84     435.8891  13.0469   0.0078     6.16    0.251  -7.13   0      197.9     11203.15     102.8204
        21     16.8419    981.6518     4121.799     346.8291  15.9623   0.0914     6.57    0.203 -19.47   0      16.99     838.7479     76.75867
        22    746.0812    977.1871     10022.43     446.7609  14.9976   0.0484     6.22    0.313  -3.44   0      39.02     1780.285     79.30262
        23    292.9967    974.3625     38774.52     452.6861  13.5286   0.0127     6.19    0.263  -7.39   0      132.5     6746.893     92.78131
        24    682.3016    974.5092      7882.22     390.1082  15.2584   0.0537     8.84    0.397  -0.20   0      30.62     1278.727     77.25314
        25    355.5897    975.3557     4547.237     384.1519  15.8556   0.0917     6.20    0.393 -43.35   0      15.92     706.0573     76.56721
        26    239.4609    974.9922      3673.06     343.1685  16.0874   0.1015     5.05    0.384 -26.45   0      14.45     604.3431     76.06145
        27    970.9933    972.3441     4286.355     148.5647  15.9198   0.0376     0.99    0.168 -89.82   0      67.81     4528.754     87.00097
        28    526.6324    970.6662     12533.25      503.355  14.7548   0.0436     7.31    0.321  -6.30   0       40.5     1803.748     79.36983
        29    379.7582    970.5435     2813.489     168.4271  16.3769   0.0650     2.81    0.471 -30.44   0      32.61     2449.836     81.38922
        30    420.0000    965.7183     7673.148     398.8171  15.2876   0.0564     7.80    0.389  -5.89   0      31.05     1317.681     77.96558
        31     81.0753    961.7987     18261.23     456.9004  14.3462   0.0272     7.15    0.341  -5.29   3      62.49     2924.309     82.51616
        32     71.2095    954.1126     106017.8     488.4524  12.4366   0.0050     6.10    0.227  -6.36   2      296.5     18379.79     117.4869
        33    139.7870    956.2132     63423.05     520.6537  12.9944   0.0089     0.00    0.256 -40.45   0      193.7     7392.039     94.01969
        34    541.9422    958.2410     11615.56     437.0719  14.8374   0.0409     6.78    0.319 -12.39   0      43.85     2009.184     79.95593
        35    159.5570    955.6291     37564.89     482.7128  13.5630   0.0140     6.28    0.259 -15.02   0      130.5      6516.28     92.21468
        36    935.9788    956.8751      7027.32     358.5761  15.3830   0.0554     6.78    0.420  -6.34   0      29.69      1418.09     78.45528
        37    874.6594    956.1057     13194.31       604.89  14.6990   0.0498     9.76    0.350   2.73   0      33.63     1334.198     77.41616
        38    282.8819    956.0312     6481.613     141.3275  15.4708   0.0237    -3.32    0.154 -18.31   0      98.15     5745.223     89.95082
        39    815.9037    951.0016     3980.866     327.2139  16.0001   0.0893     5.67    0.438 -15.90   0      16.83     846.6176      76.5801
        40    774.7878    948.6102     9600.575     517.9639  15.0443   0.0586     8.15    0.480 -13.83   0      23.83     1006.196     77.05223
        41    620.6775    949.9511     3070.327     320.6014  16.2820   0.1134     5.66    0.336   4.24   0      14.92     707.7218     75.96327
        42    305.5671    949.4219      3567.45     313.6358  16.1191   0.0955     7.02    0.459   1.15   0      16.76     783.6376     76.79714
        43    462.2317    940.6552     16659.99      382.247  14.4458   0.0249    10.93    0.329 -11.42   0      64.93      2901.75       82.454
        44    551.9633    936.6445     65090.27     619.1036  12.9662   0.0103     7.58    0.338 -48.81   0      181.3     8268.713     96.27642
        45     79.5288    937.5657     5031.032     416.3334  15.7459   0.0899     7.26    0.393  -1.57   0      16.97     671.6496     76.05906
        46    880.8616    932.3824     6831.748     425.5793  15.4137   0.0677     9.10    0.272  -6.60   0      27.03     1130.376     77.41765
        47    388.8910    930.1107      8227.11     529.1935  15.2119   0.0699    10.92    0.607   9.16   0      23.69     839.2852     76.35587
        48    158.4497    929.6008     9330.041     376.8382  15.0753   0.0439     7.15    0.391 -15.61   0      36.55     1647.912     78.92234
        49    121.0111    925.9958     5062.837     136.2152  15.7390   0.0292     0.00    0.004 -37.24   2       90.4     4965.715     87.95924
        50    750.5554    923.6717     35556.76     606.8913  13.6227   0.0185     6.39    0.249  -4.18   2      92.87     4299.073     86.21954
        51    498.2085    927.0760     4041.814     351.2121  15.9836   0.0944     6.90    0.179  -0.78   0      17.61     816.4609     76.49055
        52    797.9200    925.9543     2138.126     147.8816  16.6749   0.0751     4.34    0.010  66.00   3       38.8     1795.867     78.95613
        53    794.1523    925.1761     3979.918     334.2339  16.0003   0.0912     7.63    0.474 -19.46   2      18.12     933.2841     77.23874
        54    639.2029    924.3867     8821.836     452.1806  15.1361   0.0557     8.38    0.421 -12.31   2      33.36      1182.21     77.56966
        55    620.1812    923.0726     6936.007     378.4716  15.3972   0.0593     7.21    0.341  -4.32   0         28     1299.516     78.11103
        56      5.4520    924.4352     4322.212     336.7727  15.9107   0.0846     7.18    0.372 -11.17  16       18.1     800.5089     76.44313
        57   1011.5404    921.3939     4232.105     335.5606  15.9336   0.0861     5.74    0.254  24.91   0      16.81     791.3931     76.61832
        58    347.3902    918.2178     9753.659     395.1341  15.0271   0.0440     8.33    0.274   1.07   0       38.6     1769.311     79.27116
        59    262.9342    919.2721     3413.548     282.3513  16.1670   0.0898     7.22    0.430 -19.55   0      16.78     739.9183     76.05953
        60    882.5199    917.5093     8551.742     511.4861  15.1699   0.0650     7.66    0.349  -1.39   2      25.26     856.8928     76.40826
        61    383.3511    915.3891     4918.915     391.3558  15.7703   0.0864     7.79    0.203 -14.22   0       19.1     811.9279     76.67921
        62    236.9186    913.9810     5905.932     460.0604  15.5718   0.0846     7.61    0.149 -62.00   0      19.62      728.273     76.22807
        63    746.4130    911.0045     10642.16     472.3304  14.9324   0.0482     8.38    0.388  -3.89   2      44.13     1180.037      77.5633
        64    478.7239    915.0339     4819.093     380.2635  15.7926   0.0857     7.47    0.654  -8.97   0      18.64     839.9886     76.56042
        65   1018.9273    913.6009     4176.873     341.2413  15.9479   0.0887     6.55    0.511   0.33  16      16.48      742.793     76.27135
        66     35.6957    912.3130     3240.453     329.0598  16.2235   0.1103     4.89    0.214  41.90   0      14.71     644.8592     75.77496
        67    554.3130    911.0092     6170.156     390.1028  15.5243   0.0687     6.42    0.344 -11.57   0      24.86     1174.372      77.5467
        68    467.4350    909.2189     6912.702     399.3538  15.4009   0.0627     8.14    0.343  -8.54   0      27.88     1204.181     78.22989
        69    973.0715    904.0916     18141.69     360.2208  14.3533   0.0216     0.00    0.133 -14.97   0       74.3     2570.222     81.15449
        70    143.1858    903.0718     14065.16     439.2257  14.6296   0.0339     6.59    0.323 -11.10   0      54.13     2549.838     81.66799
        71    436.4146    898.1211     54794.91     513.8701  13.1531   0.0102     6.16    0.246  -8.97   0        171     8939.431      97.6886
        72    913.5312    898.9467     19536.51     545.4996  14.2729   0.0303    11.35    0.280 -35.77   3      57.81     2538.345     81.25589
        73    908.8265    894.3441     15829.99     522.1743  14.5013   0.0358     5.29    0.571 -19.47   3      49.68     2441.423     81.17525
        74    889.8607    900.6320     4299.684     283.0637  15.9164   0.0715     7.53    0.464   2.20   0      19.91     915.3124      76.7837
        75    705.6160    898.9157     4993.015     351.8271  15.7541   0.0765     7.40    0.319  -8.23   0      23.37     1159.828     77.50406
        76    352.0866    897.8653       1816.2     133.6144  16.8521   0.0799     0.00    0.206 -59.94   0      43.76     1653.461     78.54515
        77    311.1933    889.4028     4970.446     314.6508  15.7590   0.0687     7.53    0.365   1.37   0      22.34     975.8348     76.96263
        78    371.2789    883.0621     7304.302     282.7417  15.3411   0.0420     7.34    0.380 -12.18   0      33.13     1522.527     78.16537
        79    216.4738    881.7953     38593.11     488.7707  13.5337   0.0138     8.56    0.386   4.00   0      118.8     5123.714     88.36655
        80    581.6071    880.6886     22848.12     531.8099  14.1029   0.0253     6.49    0.316 -10.71   0      72.62     3368.264        83.73
        81    636.3569    879.7690      6758.77     395.3702  15.4253   0.0635     6.60    0.394 -11.86   0      27.94     1281.472     78.25656
        82    512.3774    880.6185     3258.814     339.4914  16.2174   0.1131     5.48    0.348 -29.78   0      14.01     608.9266     76.27835
        83    162.0066    880.8316     3688.401     133.9024  16.0829   0.0394     0.98    0.103 -87.96   0      62.91     3559.794     84.61496
        84    568.7016    876.1624     28532.91     463.6538  13.8616   0.0176    13.09    0.343 -12.37   0      97.18     4506.198     86.04721
        85     65.4201    877.0967     7781.577     457.6158  15.2723   0.0639     7.70    0.304 -31.14   0      26.09     1012.901     76.46711
        86    842.7443    873.1429      85597.4     463.2476  12.6688   0.0059     6.28    0.230  -6.81   0      255.2     14912.47     110.9955
        87    775.8283    876.7981     5951.208     424.1974  15.5635   0.0774     8.48    0.372  -5.83   0      22.21      967.731     77.34003
        88    438.0259    868.7558     209725.5     555.1312  11.6959   0.0029     6.10    0.196  -9.24   2      477.1     36445.37     148.6865
        89    433.4137    852.8711     46489.41     455.6945  13.3316   0.0106     6.34    0.211  -8.67   2      155.2     7836.604     95.25092
        90    245.9366    873.4085     11660.54     315.7914  14.8332   0.0294     6.37    0.303  -8.90   0      49.29     2286.267     80.93118
        91    612.5695    867.2351      9089.48     463.3039  15.1037   0.0554     8.45    0.345 -12.76   0      29.65     1205.121     78.03451
        92    118.2700    867.4455     4436.158     376.9674  15.8825   0.0923     5.96    0.334 -22.63   0      17.81     819.4787     76.49951
        93    731.6721    865.9925     6192.977      448.275  15.5203   0.0786     8.30    0.443  -0.15   0      21.12     816.4745     76.49059
        94    705.0640    866.5309     4604.949     390.1829  15.8419   0.0920     7.13    0.521 -13.83   0      17.39     703.3987     75.95033
        95    660.5716    862.1345     3893.152     346.6793  16.0242   0.0967     5.54    0.274  -5.24   0      17.03     872.6981     76.65746
        96    598.6310    859.4416     18850.58     644.7286  14.3117   0.0371    14.95    0.664 -10.85   0      43.84     1356.353     78.47373
        97    791.3749    859.5934     3357.156     319.5961  16.1851   0.1034     4.22    0.134 -36.12   0      15.69     819.8771     76.70277
        98     76.2178    857.7451     11292.55     460.1979  14.8680   0.0443    11.13    0.347   2.72   0      40.19     1881.261     79.78573
        99    280.8373    856.4965     14290.03     459.1543  14.6124   0.0349    10.16    0.085 -14.17   0      55.96     2787.609     81.38148
       100      5.5613    851.6216     6203.807     385.1307  15.5184   0.0674     9.51    0.469  -8.32  16      22.58     918.9728     77.39687
       101    964.8763    851.1243     3633.654     316.1415  16.0991   0.0945     6.84    0.359 -18.06   0      16.85       790.53     75.80331
       102   1016.6041    848.5441     6077.034     356.8907  15.5408   0.0638     6.15    0.191 -16.70  16      25.68     1155.753      77.6916
       103    803.3060    849.9905     2869.229     297.9303  16.3556   0.1128     5.79    0.371   0.29   0      14.37     675.7381     76.07127
       104    138.2226    843.0084     24629.49     408.3657  14.0214   0.0180     6.24    0.266  -8.76   0      92.27     4553.106     87.06456
       105    323.4988    844.4459     4419.262     399.8724  15.8866   0.0983     7.29    0.415 -20.89   0      16.98     682.7567     75.27412
       106    192.7332    837.1297     178282.5     536.3643  11.8722   0.0033     6.14    0.202 -11.75   0      427.2      30098.2     138.3103
       107    460.3298    835.8630     6251.337      387.163  15.5101   0.0673     6.59    0.298   0.69   2      26.01     1142.048      77.4519
       108    968.5252    830.5397     2950.062      309.459  16.3254   0.1139     5.57    0.020  47.18   0       14.1     667.9173     75.84409
       109     18.5161    826.9645     9256.709     393.8669  15.0839   0.0462     6.48    0.350 -16.53   0      38.45     1773.086      79.0865
       110     72.6431    826.5582     8280.198     403.0222  15.2049   0.0529     5.58    0.239  -3.59   0      34.32     1592.368     78.36818
       111    580.4655    826.5761     4133.125     371.6138  15.9593   0.0976     7.11    0.341   5.34   0      17.17     691.3949     76.32112
       112    257.2404    819.7197     4713.552     334.7324  15.8166   0.0771     8.09    0.262 -16.55   0      20.89     922.2484     76.80422
       113    440.2806    815.7817     18157.93     435.1572  14.3523   0.0260     6.10    0.223  -8.81   2      63.65     2981.284     82.67294
       114    752.4478    816.1230     5731.626     450.6248  15.6043   0.0854     7.89    0.466 -28.93   0      18.19     604.0275     75.65239
       115     64.2776    812.6301     24266.31     426.7046  14.0375   0.0191     6.15    0.291 -14.27   0      88.85     4308.592     86.24463
       116    131.0775    811.8228     28237.09     560.9653  13.8730   0.0216     6.76    0.341  -5.34   2      74.57     3562.638     84.25596
       117    280.9844    812.0087     7564.399     418.6394  15.3031   0.0601     7.06    0.431 -12.79   2      30.11     1293.001      77.8936
       118    315.6080    807.9048     47498.84     742.8039  13.3083   0.0170    17.00    0.635   1.02   2      118.6      4030.31     85.50815
       119    169.6844    809.1838     4254.133     358.9767  15.9280   0.0916     6.10    0.277 -50.40   0       16.5     744.6254      76.0736
       120    837.4703    807.8137      5392.06      350.984  15.6706   0.0707     7.39    0.316  -4.94   0      22.17     965.9779     77.13446
       121    984.4392    806.2178     8507.257      471.302  15.1755   0.0602     7.09    0.328  -3.77   3       29.2     1321.124      78.5689
       122    983.2092    800.0684     5821.686     439.3655  15.5874   0.0820     5.90    0.179  51.24   3      20.66      911.449     76.77226
       123    466.3965    806.0106     6669.228     302.0988  15.4398   0.0492     6.55    0.379  -4.95   0       29.6     1386.088     78.16473
       124    930.8223    797.3132     158106.1     524.0665  12.0026   0.0036     6.18    0.183  -5.17   0      394.9     26745.08     132.5693
       125    707.0472    803.9398     7154.682     457.3044  15.3635   0.0694     8.56    0.377  -0.29   0      22.47     879.9917     76.67908
       126    275.4960    799.1011     8076.794     343.8289  15.2319   0.0462     6.68    0.369  -8.60   0      34.13      1587.03     78.15488
       127    626.6543    794.9020     22334.49      398.439  14.1276   0.0194     6.33    0.275  -9.06   0      84.43     3927.595     84.68813
       128    761.3434    793.1570      14026.9     680.4529  14.6326   0.0527    13.66    0.551 -27.14   0      31.63     799.9638     76.64375
       129    406.3604    794.3738     4987.981     339.5091  15.7552   0.0739     9.40    0.419   7.04   0      22.68     1015.471     77.48019
       130     20.8400    795.3907      4804.26     288.8776  15.7959   0.0653     0.89    0.446  -8.43   0      25.08     1582.695     79.32192
       131    884.7244    793.4800     1894.774     169.4818  16.8061   0.0971     5.02    0.523 -57.05   0    -0.4766     1287.731     77.27963
       132    737.2100    793.7153     6815.488     383.4785  15.4163   0.0611     6.62    0.316  -3.51   0      27.43     1281.038     77.85869
       133    686.9580    795.1790     3868.695     351.1001  16.0311   0.0986     5.78    0.395  -0.65   0      15.32     726.4664     76.62777
       134    326.6719    788.9005     3481.087     341.9113  16.1457   0.1067     5.34    0.512 -16.09   0      13.98     558.7652     74.69187
       135     43.7589    786.3258     1984.599     130.9786  16.7558   0.0717     1.92    0.357 -40.39   0       36.3     2103.834     80.22452
       136    616.8853    782.2794     5589.068     286.8084  15.6317   0.0557     6.57    0.334  -8.82   0       25.5     1213.824     77.26258
       137    939.4537    774.8474     17741.86     531.0826  14.3775   0.0325     6.74    0.331 -13.11   0      57.16     2686.659     82.04787
       138   1016.7507    768.5666     4587.167     342.6458  15.8461   0.0811     5.96    0.391  -1.32  16      18.98     855.3171     76.60591
       139    760.7985    766.0731     21934.68     430.8837  14.1472   0.0213     6.42    0.268  -9.18   0      80.32     3738.967     84.73026
       140    981.6273    766.6208     5833.563     410.2201  15.5852   0.0764     6.96    0.466  -5.23   0         22     969.4944     77.34521
       141    194.9330    766.9102     9906.092     149.3452  15.0102   0.0164     0.00    0.175  52.33   3      126.8     8876.334     97.22379
       142    187.9886    765.1837     11808.72     476.1534  14.8195   0.0438     6.69    0.396  -5.18   2      41.65     1935.811     79.74709
       143    611.0824    765.3243     4759.813     341.6294  15.8060   0.0779     7.73    0.409  -6.11   0      20.45     893.7769     76.11223
       144    270.9487    762.9159     5747.972     404.4722  15.6012   0.0764     6.86    0.366 -17.95   0      21.78     1007.702     76.65386
       145    468.9693    760.1855     4228.138     316.5686  15.9346   0.0813     7.39    0.471  -3.82   0      18.46     885.4598     77.09789
       146    176.7896    758.2333     6543.761     429.9496  15.4604   0.0714     5.80    0.300   6.28   0      23.65     1109.705     77.75612
       147    530.0021    756.2105     3463.036     136.3869  16.1514   0.0428     1.35    0.124 -89.09   0      53.71     3288.267     83.51259
       148    489.2514    754.2281     5621.012      359.841  15.6255   0.0695     8.74    0.269  -7.84   0      21.92     900.2273     76.94048
       149    732.8546    746.7971     30035.22     423.4162  13.8059   0.0153     6.38    0.316  -9.42   0      106.8     5182.877     88.69328
       150    775.9597    748.7040     7234.388     150.4577  15.3515   0.0226     0.75    0.145  78.46   0      88.04     6868.161     92.07465
       151    328.9360    749.4839     3592.167     348.7086  16.1116   0.1054     5.46    0.732  -5.27   0      13.39     615.4175      75.4818
       152    702.8975    745.4659     11766.04      418.147  14.8234   0.0386     6.26    0.291 -15.79   0      49.05     2129.554     79.91087
       153     51.4877    743.0696     6080.952     372.8032  15.5401   0.0666     9.07    0.344 -14.05   0      25.42      1070.89     76.84098
       154    687.3224    743.0537     12359.48     174.3126  14.7700   0.0153     1.18    0.095  78.36   3      119.6     11657.72     103.6711
       155    686.3253    739.2665     2651.662     137.8642  16.4412   0.0565     1.00    0.066   3.00   3      41.22     2516.756     81.19548
       156    529.5549    741.7365     14225.59     507.1798  14.6173   0.0387     6.69    0.328 -12.45   0      51.64     2266.516     80.68407
       157    505.4124    740.2501     28092.79     419.6146  13.8785   0.0162     6.51    0.279  -9.91   0      102.5     4904.397     87.97678
       158    987.8173    734.2358     39261.13     521.9971  13.5151   0.0144     6.37    0.249  -8.15   2      126.1     6248.455     91.72115
       159    555.5436    738.4132      19371.8     464.1707  14.2821   0.0260    12.48    0.259   4.70   0      71.28     3205.309     83.47216
       160    751.1028    732.9163     25951.72     385.7309  13.9646   0.0161     6.38    0.264  -2.57   2      94.49     4510.236     86.41687
       161    214.1797    733.8932     78692.64     579.7141  12.7602   0.0080     6.16    0.240  -7.96   2      202.8     10297.95     100.3379
       162    867.5895    734.2482     4768.577     396.1829  15.8040   0.0902     7.04    0.404  -6.37   0      18.42     827.9532     76.92818
       163    115.2015    732.8221     4702.645     353.8337  15.8191   0.0817     6.76    0.388 -20.97   0      19.08     842.9386     76.56918
       164    619.3498    731.9822     6596.255     399.1736  15.4518   0.0657     6.70    0.301 -19.56   0      24.59     1081.858     77.67468
       165    474.4542    730.7161     4352.646     348.0939  15.9031   0.0869     7.84    0.263 -16.06   0      20.63      948.563     76.47832
       166    179.3729    730.0422     8734.079     401.3543  15.1470   0.0499     6.37    0.382 -10.07   0      34.74     1635.445     79.27791
       167     32.3609    729.8267     9955.808      338.273  15.0048   0.0369     5.97    0.210 -22.13   2      36.85     1657.519     79.34116
       168    258.5600    718.3351     24763.82     499.6379  14.0155   0.0219     6.39    0.303 -11.03   0      86.79     4101.134     85.69619
       169    218.8599    717.1599     42974.98     853.5148  13.4170   0.0216     6.33    0.280 -11.84   0      84.02     3953.459     85.30364
       170    977.2541    713.2722     32830.56     459.9027  13.7093   0.0152     6.32    0.274  -8.90   0      116.2     5589.859      89.3844
       171    732.1555    714.9988     5920.333     336.7021  15.5691   0.0618     6.68    0.358  -5.67   0      25.66     1172.122     77.93834
       172    500.2140    710.8619     16157.42     479.0331  14.4791   0.0322     6.36    0.252  -1.46   0      57.53     2612.403     81.65257
       173    661.2727    712.0629     5303.894     400.3749  15.6885   0.0820     7.99    0.466  -9.58   0      19.98     949.3643     76.88442
       174    835.4489    710.4359     7223.052     458.1837  15.3532   0.0689     6.79    0.397   3.49   0      20.86      861.418     76.62401
       175    245.2535    710.5016     3936.435     339.9447  16.0122   0.0938     4.90    0.304 -12.93   0      15.84     626.9389     75.31123
       176    383.9554    707.6486     4138.565     378.8365  15.9579   0.0994     8.74    0.344 -51.15   0      18.31     661.4406     76.23187
       177     66.1566    702.9544     59158.63     464.4762  13.0700   0.0085     6.20    0.164 -15.91   0        184     9800.728     99.82745
       178    428.6472    701.8382     57770.08     467.1219  13.0957   0.0088     6.16    0.214  -8.79   0      183.6     9712.711     99.31564
       179    206.4436    699.0232      22007.9     405.9519  14.1436   0.0200     6.14    0.260  -8.35   0      83.96      4104.11     86.06455
       180   1000.6228    700.1438     3331.685     295.6767  16.1933   0.0964     5.82    0.449  11.21   0      16.92     852.6829      76.5981
       181    306.0577    697.2752     22001.42     404.9939  14.1439   0.0200     6.49    0.288  -9.52   0      82.87     3899.902     84.97887
       182    895.9496    691.6940     5392.829      242.798  15.6705   0.0489     0.00    0.627 -15.50   0      48.89     3320.492      83.0429
       183    359.9757    693.5162     2528.008       285.73  16.4931   0.1227     4.97    0.643  -0.66   0      12.76     576.8779     75.57079
       184    262.7523    686.4199      5565.24     335.3102  15.6363   0.0654     7.64    0.319 -21.93   0      23.48     1014.169     77.47637
       185    774.5471    683.8350     17270.74     389.6256  14.4067   0.0245     6.57    0.333  -5.18   0      66.44     3143.122     83.11665
       186    744.0881    682.9332     6325.641     417.9664  15.4972   0.0718     7.24    0.338 -17.39   0      24.39     1116.573     76.97598
       187    383.8283    681.0773     4079.656      365.279  15.9734   0.0972     6.88    0.351  45.02   0      16.05     663.8394     76.03572
       188    940.7780    679.2114     5412.072     406.1934  15.6666   0.0815     5.75    0.371   2.22   0      19.48     928.4874     77.02392
       189    366.6540    677.2881      3513.71     338.5207  16.1356   0.1046     6.21    0.231  34.65   0       15.3     619.8734     75.49522
       190    695.6698    672.9808     7284.604     383.7564  15.3440   0.0572     7.53    0.387   2.36   0      29.77     1259.989     77.99593
       191    530.3965    670.4478     2105.303     195.2111  16.6917   0.1007     3.49    0.506  47.22   0      24.99     1559.909     78.66851
       192   1015.9554    669.5149     8979.959     297.3957  15.1168   0.0360     9.99    0.383 -21.04  16      41.55     1797.321     78.96032
       193    584.1041    668.0212     28337.57     391.1121  13.8691   0.0150     6.24    0.271  -9.21   0      104.2     5100.535     87.77946
       194    793.0564    664.0363     2682.408     132.1839  16.4287   0.0535     0.00    0.130  27.47   0      56.72     2442.227     81.17751
       195    162.1843    663.6200     4257.748     375.8315  15.9271   0.0959     6.07    0.242  -3.93   0      17.46     815.5345      76.6899
       196    440.5797    662.4354      4251.71     339.0158  15.9286   0.0866     7.24    0.360  -7.51   0      19.64     960.9633     77.52007
       197    221.2527    658.0353     45937.32     416.3557  13.3446   0.0098     6.11    0.277 -10.49   0      157.6     8377.009     96.37124
       198    472.1720    660.6147     3801.576     152.9675  16.0501   0.0437     2.56    0.373 -64.42   0      57.05     3023.995     83.16337
       199    756.0256    657.8164      11162.7     470.1177  14.8806   0.0457     6.57    0.297 -13.00   0      39.78     1756.191     79.62331
       200    556.5695    649.1682     8334.278      493.678  15.1978   0.0643     7.33    0.331 -11.24   0       26.6     1198.588     78.01548
       201    919.2209    643.1470     3429.979     290.4712  16.1618   0.0920     6.96    0.449  -1.26   0       16.6     782.6631     76.59243
       202      3.6507    644.1138     2748.085     261.8859  16.4024   0.1035     5.23    0.270 -13.45  16       14.3     774.6284     75.95967
       203    201.0299    646.2732     10701.02      408.195  14.9264   0.0414     7.92    0.319  -5.95   0      40.53     1694.881     79.05748
       204    176.9735    638.2975     7025.255     465.6266  15.3833   0.0720     7.74    0.474  -2.93   0      20.35     721.3614     75.39059
       205     37.2084    634.8503     4357.189     348.0969  15.9020   0.0868     6.09    0.415   1.08   0      19.29     952.2653     77.09405
       206    699.8937    624.9418       107053     582.1494  12.4260   0.0059     8.31    0.054  78.81   0      272.9     13823.35     108.0285
       207    944.6844    631.5268     6711.188     300.8468  15.4330   0.0487     7.14    0.372  -4.39   0      29.25     1269.576     77.22622
       208    857.8224    631.8181     7726.059     372.7681  15.2801   0.0524     9.39    0.294  -3.65   0      29.04     1146.536     77.86369
       209    177.5558    630.9225     5274.266     408.0176  15.6946   0.0840     5.26    0.225 -33.07   0      19.96     943.4594     76.66532
       210    348.4233    629.9298     6112.977     334.5264  15.5344   0.0594     6.02    0.361   0.64   0      26.34      1250.85      77.9693
       211    203.9117    628.8940     2568.084     137.7263  16.4760   0.0582     4.73    0.222  44.49   0      50.08     2119.979     80.07717
       212    904.8808    625.1438     10302.12     406.0713  14.9677   0.0428     6.13    0.103  16.20   2      40.02     1720.578     78.73912
       213     32.7348    621.7578     33854.54     456.1865  13.6760   0.0146     6.08    0.267 -11.75   0      116.5     5829.566     90.16367
       214    554.5599    624.7249     4995.316     382.3982  15.7536   0.0831     7.77    0.455  -5.94   0      20.49      840.111     76.56078
       215    535.4849    621.2496     11632.93     424.5046  14.8358   0.0396     7.22    0.316  -9.80   0      44.24     1895.769     79.24318
       216    291.8331    620.6473     11668.46     420.8616  14.8325   0.0392     6.16    0.328 -12.30   0      45.74     2128.664     80.48738
       217   1018.8389    617.9600     33594.64     405.7658  13.6843   0.0131     6.21    0.249 -10.48  24      119.6     6034.466     90.67869
       218    389.3712    617.7037     16436.46     498.9476  14.4605   0.0330     6.53    0.203 -21.01   0      56.03     2457.343     80.45387
       219    612.1962    616.6252     3908.185     307.6564  16.0201   0.0855     2.94    0.238  12.64   0      18.78     1013.537     77.27446
       220    804.8207    607.8454     9681.701     425.2825  15.0351   0.0477     6.83    0.348   0.10   0       36.9     1656.254     79.33754
       221    141.6546    599.0620     599836.2     735.6761  10.5549   0.0013    12.55    0.143 -18.14   0      903.4     101568.4     227.3282
       222    483.0677    618.3944     9502.183     545.5754  15.0554   0.0624     7.67    0.086  76.31   0      25.17     895.7405     76.72575
       223    682.1046    599.2806     49550.99     498.5193  13.2624   0.0109     5.19    0.213 -27.20   0      156.7     8178.488     95.57857
       224    386.3659    601.3396     4532.374     361.3013  15.8592   0.0866     6.12    0.373 -16.64   0      18.42     897.1043     76.72978
       225    587.3331    598.7760     7001.716     389.5949  15.3870   0.0604     6.79    0.428 -10.70   0      28.33      1323.34     78.18031
       226    214.2419    596.2806     10385.85     435.5444  14.9589   0.0455     6.24    0.363  -3.10   0      38.46     1809.655     78.99581
       227    227.1764    595.7265      6421.47     448.3908  15.4809   0.0758     6.68    0.348 -19.22   0      21.28     957.7035     76.90907
       228    580.0082    593.0051     2845.076     190.0571  16.3648   0.0725     4.19    0.004 -18.72   2      62.09     2793.349     82.15466
       229    258.9980    592.5799     4465.502      365.519  15.8753   0.0889     7.47    0.429  -8.83   0      18.43     788.7079     76.40804
       230    418.9495    591.7241      4057.53     375.7104  15.9793   0.1006     7.30    0.536  -3.07   0      15.47     563.8293     75.53153
       231    199.1312    586.3906     7214.672     475.5858  15.3545   0.0716     6.63    0.421   4.97   2      23.79     1054.438      77.1944
       232     83.2788    588.2144     13010.02     402.8088  14.7143   0.0336     0.00    0.292   3.88   0      56.41     1992.398      79.9082
       233    849.6391    579.3701      8320.64     359.3949  15.1996   0.0469     5.67    0.321 -12.72   0      36.53     1853.831     79.90152
       234    193.9104    573.0991     6529.693     383.3091  15.4628   0.0638     0.00    0.617 -40.65   0      29.05     1300.359     77.31676
       235    647.0711    571.9066      6541.65     422.6866  15.4608   0.0702     6.69    0.296  -7.41   0      25.89     1085.119     76.88306
       236    761.4814    557.7057      19438.7     418.6151  14.2783   0.0234     6.26    0.289  -6.68   0      73.39     3291.742      83.3365
       237    609.0001    560.5052     3147.079     312.0935  16.2552   0.1077     4.99    0.645   0.13   0      13.37     570.3577     75.75578
       238    248.2132    557.4832     16021.22     516.2957  14.4883   0.0350     6.65    0.317 -11.44   0      51.33     2317.003     80.82616
       239     43.0910    557.8200      14759.5     407.6101  14.5773   0.0300     6.05    0.246 -14.69   0      57.73     2615.631     81.09089
       240    164.9453    552.8128     97352.62     474.7203  12.5291   0.0053     6.11    0.205 -10.53   0      279.3     16865.83     114.7908
       241    708.8783    551.8769     4424.003     405.6401  15.8855   0.0996     6.54    0.456 -15.81   0      14.56     532.0198     75.02424
       242     41.9049    549.7220      8369.63     446.7863  15.1932   0.0580     7.68    0.294 -14.80   1      29.27     1118.035     76.98029
       243    990.4466    543.5731     109148.7     501.6158  12.4050   0.0050     6.21    0.181 -10.56   3      300.6     18482.78     118.0799
       244    984.1056    530.5338     78921.82     526.6414  12.7570   0.0072     6.22    0.140   0.25   3      226.5     12277.07     104.8726
       245    123.3929    548.3919     4002.515     315.1811  15.9942   0.0855     7.52    0.333   0.23   0      19.38     855.1451      76.6054
       246     29.9401    543.0226     3711.399     346.5601  16.0762   0.1014     2.64    0.151 -70.80   0      17.66     982.8378     76.98331
       247    564.5019    540.6972     6078.822     394.9791  15.5405   0.0706     8.94    0.342 -22.62   0      24.75     955.9781     75.89089
       248    514.8311    537.2056     6692.584     474.5214  15.4360   0.0770     8.20    0.491  33.76   0      18.69     667.6652     76.45317
       249    325.0729    529.0813     97009.91     496.0854  12.5330   0.0056     6.26    0.217  -9.54   0      276.7     16207.83     113.0706
       250    701.9944    524.4896     6774.091     463.8383  15.4229   0.0744     8.44    0.462   0.88   2      23.97     833.7267     76.54183
       251   1022.9011    517.6782      7789.84     237.0033  15.2712   0.0330     4.51    0.427 -87.04  24      48.13      2954.52     82.03519
       252    142.1445    515.6137     11273.15     389.1065  14.8699   0.0375     7.85    0.390 -11.33   0      43.02     1857.564     79.71819
       253    627.5540    519.4759     15870.42     420.3719  14.4985   0.0288     6.33    0.329 -11.40   0      59.09     2754.514     81.85828
       254    387.4273    515.0073     10352.74     503.1393  14.9624   0.0528     6.92    0.303 -19.52   0      32.94     1542.186     78.81394
       255     81.7996    516.4814     4178.762     349.0906  15.9474   0.0907     6.94    0.242 -15.47   0      18.17     867.7921     76.64291
       256    350.8358    509.7128     46702.21     497.9965  13.3267   0.0116     6.34    0.259  -6.90   0      150.9     7716.551     94.47375
       257    240.8255    508.0277     16748.06     412.4873  14.4401   0.0267     6.63    0.266 -12.77   0      61.94     2798.352     82.54442
       258    785.5550    503.1177     8769.344     408.0675  15.1426   0.0505     6.96    0.370  -8.60   0      34.75     1586.306     78.35059
       259    460.0932    501.8776     7579.313     414.9336  15.3009   0.0595     6.51    0.269  -6.64   0      29.93     1392.914     77.98634
       260    609.9515    501.8792     4647.153     402.8939  15.8320   0.0942     7.02    0.571  -0.63   0       18.1     745.4782     76.07615
       261    530.0542    499.5179     4504.344     415.1146  15.8659   0.1001     7.07    0.365 -39.37   0      16.55     530.8039     75.22661
       262    133.0861    499.7012     5370.845     409.0186  15.6749   0.0827     6.10    0.170 -11.18   0      17.34     695.4708     75.51776
       263    930.8077    490.4167     84792.44     475.2283  12.6791   0.0061     7.37    0.233  -7.97   0      250.4     14356.02      109.568
       264    214.9239    493.8040     10814.12     163.0539  14.9150   0.0164     5.12    0.331  68.81   0      135.2     9811.325     99.69643
       265     56.2165    488.3268     55715.55     558.2947  13.1351   0.0109     7.80    0.367  13.23   0      158.3      7088.72     93.44939
       266    132.4226    489.5960     4657.171     374.0093  15.8297   0.0872     7.21    0.298  12.28   0      19.01     837.9177     76.55427
       267    366.0966    485.5411     33355.65     522.3912  13.6921   0.0170     6.23    0.306 -14.52   2      106.5     5106.811     87.97184
       268    554.0019    485.0863     11397.24     428.0104  14.8580   0.0408     7.15    0.320 -15.43   0      43.34     1934.162     80.12969
       269     32.0201    484.4082     8453.686     371.1318  15.1824   0.0477     5.70    0.344 -11.65   0      36.91      1810.87     79.39023
       270    391.7694    479.6166     8422.509     452.8352  15.1864   0.0584     7.36    0.363  -9.66   0      31.12     1303.047     78.31919
       271     77.1516    476.2382     6220.262     371.8488  15.5155   0.0649     7.02    0.314   0.02   0      25.87     1163.542       77.315
       272     16.7242    476.5755     7968.686     355.9253  15.2465   0.0485     5.67    0.246  -4.21   0      33.64     1557.189     78.66065
       273    375.4132    474.9062     6577.778     405.8928  15.4548   0.0670     7.86    0.385  -9.74   0      25.08     1118.115     76.98053
       274     51.5079    473.0626     9372.771     554.6669  15.0703   0.0643     9.22    0.409  -5.53   0      24.85     1002.952     76.63978
       275    869.1238    469.5952     21771.68     394.2106  14.1553   0.0197     8.42    0.223 -20.38   0      81.18     3789.408     84.86544
       276    664.8383    472.7578     3753.117     344.3471  16.0640   0.0996     6.08    0.270 -27.87   0      17.31     1023.472     77.10317
       277    308.9853    467.2134     2976.151     326.5154  16.3159   0.1191     5.09    0.208 -88.59   0      13.68     611.8571     75.88018
       278    567.1191    465.1401     13342.51     402.0349  14.6869   0.0327     6.78    0.345 -13.04   0       49.8     2222.192      80.1739
       279    887.5282    460.9686     5593.733     335.3295  15.6307   0.0651     7.29    0.397 -20.26   0      23.76     1081.961     77.27539
       280    248.3453    461.3897     26551.58      241.882  13.9398   0.0099     0.00    0.560 -51.85   0      207.3     23838.26     127.8523
       281    281.4905    455.8421     54739.18     448.7158  13.1543   0.0089     6.27    0.263 -10.89   0        179     9547.072     98.77928
       282    399.9908    453.8341     134838.2     510.8557  12.1755   0.0041     6.26    0.242 -11.77   0      351.5     23085.38     126.6292
       283    521.5153    458.0099      10468.9     184.8495  14.9502   0.0192     3.23    0.460  -0.58   0      120.4     8612.583     96.92521
       284    456.9311    455.4509     23877.19      425.589  14.0550   0.0194     6.65    0.289  -6.46   0      87.76     4160.856     85.85443
       285    866.1658    454.9916     5545.923      195.252  15.6401   0.0382     3.00    0.552  -0.50   0      43.16     2814.743     82.58954
       286    788.5234    453.1538     4421.444     374.8997  15.8861   0.0921     6.09    0.557  23.78   0      16.64     722.4063     76.00719
       287    584.4875    452.9671     3998.407     334.2465  15.9953   0.0908     7.28    0.397   4.53   0      17.99     800.1431     76.23928
       288    971.7326    451.7484     5003.067     369.0127  15.7519   0.0801     7.19    0.311   1.73   0      20.25       865.36      76.6357
       289     89.4272    449.4783     22588.04      433.912  14.1153   0.0209     6.29    0.269 -18.01   0      80.62     3829.401     84.97247
       290    657.0745    451.4446     4079.627     372.6211  15.9734   0.0992     7.06    0.495  -5.65   0      16.74     728.5687     76.22895
       291    172.2269    448.2712     17670.25     555.9721  14.3819   0.0342    12.76    0.573 -29.87   0      47.82     1882.198     79.59415
       292    557.0967    446.7897     9909.189     510.5753  15.0099   0.0560     7.46    0.369 -19.76   0      30.21     1322.103     77.97847
       293      3.8931    443.5241     12829.47     323.8817  14.7295   0.0274     6.34    0.127 -14.98  24      54.78     2405.183     80.69097
       294    885.5896    442.6260      17722.6     389.8891  14.3787   0.0239     6.94    0.353  -9.20   0       68.1     3151.823     83.32641
       295    337.1451    442.7188      4725.74      364.621  15.8138   0.0838     7.80    0.324   6.75   0      19.46     861.9117     76.22038
       296     58.9442    441.8392     9545.159     491.8806  15.0505   0.0560     6.49    0.260  -2.31   0      31.89     1435.919      78.5069
       297    778.9047    438.6813     7093.964      443.527  15.3728   0.0679     9.32    0.404  -9.16   0      26.24     1045.029     76.96584
       298    145.9028    430.5534     63155.86     521.2799  12.9990   0.0090     6.49    0.179  20.00   0      190.1     9582.111     98.54621
       299   1002.0601    434.1242     10962.63      466.716  14.9002   0.0462     6.77    0.343  -6.45   0      41.51     1896.567     79.44056
       300    511.1711    440.1701     6779.353     472.1102  15.4220   0.0756     8.82    0.459 -27.84   0      21.31     762.5942     76.73484
       301    378.3410    431.9102     3336.022     141.7448  16.1919   0.0461     1.48    0.185  -6.95   0      47.69     3005.595     82.36472
       302    416.9898    430.1692     2734.623     132.2736  16.4078   0.0525     1.18    0.108  89.16   0      46.57     2587.109     81.96073
       303    478.8962    428.9305      6869.74     373.2838  15.4076   0.0590     6.91    0.383  -0.31   0      29.07     1315.634     77.36165
       304   1015.3519    427.0002      6094.22     403.7093  15.5377   0.0719     5.18    0.272 -22.13  16      22.28     1048.404     77.17663
       305    728.8049    426.1563     7861.828     382.0778  15.2612   0.0528     6.28    0.344 -11.28   0       33.1     1629.425     79.26065
       306    986.8870    425.5127     6155.338     421.5618  15.5269   0.0744     7.79    0.464  -6.47   0      20.86     899.8417     76.53591
       307    172.4295    424.1776     14227.87     389.8371  14.6172   0.0298     7.06    0.357  -6.86   0      56.31      2647.84     82.12896
       308    292.7772    413.6446     14046.93     546.7581  14.6310   0.0423     6.93    0.228 -13.20   2      41.82     1733.727     79.55916
       309    738.2015    416.1651     8648.278      447.793  15.1577   0.0562     7.40    0.355 -10.68   2      29.46     1291.581     78.28592
       310    884.6725    406.0084     15578.91     459.7918  14.5187   0.0321     6.51    0.362 -16.20   3      55.08     2501.589     81.34354
       311    891.3643    397.9284     13114.42     451.7705  14.7056   0.0374     7.32    0.302 -12.05   3      48.07     2232.055     80.58694
       312    519.0259    403.7188     11988.37     394.4601  14.8031   0.0357     6.65    0.360  -7.20   0      46.17     2123.948     80.28148
       313     99.1230    404.9289     6812.892     384.4848  15.4167   0.0613     7.94    0.301  -5.82   0      26.58     1142.957     77.05383
       314    936.2819    399.7261     5179.673     379.4605  15.7142   0.0796     7.69    0.457  -1.50   0      21.02      951.151     76.28336
       315     62.2137    399.9911     3479.565     322.0951  16.1462   0.1005     4.78    0.413  -7.75   0      15.65     792.2264     76.41851
       316     80.1983    397.4520     4596.287     163.8785  15.8440   0.0387     2.23    0.419  66.36   1      60.79     3482.524     84.03957
       317    792.7925    394.5843      34169.2     467.2373  13.6659   0.0149     7.10    0.233  -6.05   0      119.7     5888.153     90.31123
       318    269.1409    397.2529     4042.361     353.4093  15.9834   0.0949     6.71    0.613 -16.15   0      15.55     704.2742     76.56192
       319     82.0718    390.1926     13046.44     426.1697  14.7113   0.0355     6.38    0.250  -6.28   0       45.6     2064.525     80.11308
       320    611.4580    389.8801     4274.729     392.9561  15.9227   0.0998     6.63    0.125 -50.05   0      17.39     784.3692     75.98881
       321    746.8852    383.2593     26494.86     441.2474  13.9421   0.0181     6.13    0.244 -10.11   0      95.52     4647.122     86.77612
       322    684.8885    385.4714     6376.289     419.8415  15.4886   0.0715     9.14    0.393 -17.22   0      24.08     957.1277     76.50376
       323    943.2579    382.1053     39787.93     452.3399  13.5006   0.0123     6.78    0.396 -21.20   0      133.8     6486.187     91.29664
       324    340.7089    382.9716      21347.6     412.2069  14.1766   0.0210    12.20    0.340   0.86   0      77.36     3119.938      82.4922
       325    985.3600    382.4240     5774.203     398.7053  15.5963   0.0750     8.29    0.505  -6.15   0      23.84     1091.438     77.70271
       326    409.1971    381.4520     3499.769     341.9237  16.1399   0.1061     6.84    0.409  -7.68   0      15.73      615.912     75.89233
       327    823.0208    380.6169     4886.189     363.6584  15.7776   0.0808     6.55    0.433  -4.68   0      20.04     890.0278     77.11135
       328     65.5227    377.2311     18741.44      398.332  14.3180   0.0231     6.71    0.303 -11.02   0      71.86     3282.019     83.49557
       329    885.9815    375.5015     14969.68     365.6979  14.5620   0.0265     6.26    0.356 -10.10   0      59.18     2815.385     81.64882
       330    523.9813    373.3286     3943.639     313.9083  16.0103   0.0864     7.36    0.514 -15.12   0      17.76     840.6171      76.7642
       331    611.5353    367.2373     11050.45     402.6638  14.8916   0.0396    10.99    0.264 -25.63   0      44.21     2014.967     79.97237
       332    437.7632    368.9572     5156.759      416.402  15.7191   0.0877     8.23    0.589   6.85   0       18.2     688.2529     76.31177
       333    387.2932    365.1950     46041.35     439.9119  13.3421   0.0104     6.40    0.253 -11.98   0        153     7778.344     94.94891
       334    968.0613    367.0367     18658.93     590.1294  14.3228   0.0343     6.56    0.328   4.18   0      49.98     2230.033     80.58124
       335    660.1225    363.0745     3565.025     340.8336  16.1198   0.1038     5.19    0.386  11.06   0      14.88     689.9946     75.50128
       336    964.8877    355.3773     16862.62     662.9768  14.4327   0.0427    11.42    0.349 -21.23   2      35.22     1374.988     77.73521
       337    311.2597    360.7570     6341.954     300.5677  15.4944   0.0515     7.78    0.309  -4.90   0      28.41     1275.498     77.84251
       338    238.5192    359.2715     31219.32     484.5319  13.7639   0.0169     6.54    0.309  -9.56   0      105.7     5104.001     87.96458
       339     91.7929    353.0894     50241.21     451.6028  13.2473   0.0098     6.28    0.274 -14.05   0      164.8     8722.542      97.1827
       340    585.4894    353.4688     6897.019      396.427  15.4033   0.0624     7.59    0.337 -12.24   0      27.72     1213.934     77.26289
       341    141.4484    345.5076     116783.9     505.0633  12.3315   0.0047     6.15    0.207 -12.95   0      316.3     19714.78     119.7834
       342    940.9400    347.6154     12020.15     391.5244  14.8002   0.0354     6.05    0.257  -8.85   0      47.55     2155.069     80.36953
       343    316.7815    344.0938     35679.61     396.3331  13.6189   0.0121     6.27    0.291 -10.13   0      127.5     6331.581     90.91095
       344    607.0834    343.1659     16932.88     355.1249  14.4282   0.0228     6.65    0.346 -11.45   0      66.97     3047.758     82.66844
       345    526.6895    341.8483      85823.4     540.4607  12.6660   0.0068    16.01    0.286   6.75   0      239.5     13397.47     107.2731
       346    969.3604    343.7960     6330.863      381.166  15.4963   0.0654     7.05    0.405   3.37   0      25.81     1117.615     77.77924
       347    110.9785    340.0408     7328.677     439.2642  15.3374   0.0651    10.31    0.593 -10.91   0      22.42     808.3488     76.87024
       348    564.1036    337.0950     8022.703     371.9098  15.2392   0.0503     6.05    0.291  -3.19   0      34.87     1592.579     78.36879
       349    481.9056    337.4136      5250.41       401.31  15.6995   0.0830     4.54    0.244  13.15   0      17.95     789.3601     76.20713
       350     41.1427    327.6918     4858.471     380.2871  15.7838   0.0850     7.94    0.236  -6.29   0      20.13      869.438     76.24281
       351    652.2519    314.4535     330307.2     620.2028  11.2027   0.0020     6.31    0.194 -10.57   0      634.4     55636.62     175.5875
       352    953.5377    320.8194     6674.946     303.3813  15.4389   0.0494     6.13    0.322  -3.15   0      31.01     1497.031     78.48665
       353    338.2221    313.1568     79560.76     559.6821  12.7483   0.0076     7.44    0.272  45.61   0      213.7     9852.257     100.0995
       354    268.3063    319.7476     9044.237     324.8087  15.1091   0.0390     6.51    0.368 -13.24   0      37.51     1665.296     78.38215
       355    877.7343    319.2094     6332.236     353.7867  15.4961   0.0607     7.47    0.419 -14.74   0      26.61     1265.762     77.81409
       356    162.0784    315.7017     58602.29     446.3541  13.0802   0.0083     6.19    0.225  -9.66   0      188.2     10201.34     100.1188
       357    382.8667    317.4645     6910.582     306.0969  15.4012   0.0481     0.97    0.578  11.55   0      33.35     866.5943     76.43712
       358    469.1874    313.7145     9597.822     416.0377  15.0446   0.0471     7.41    0.406 -10.46   0       36.7     1686.889      78.8384
       359    403.2242    314.7083     4405.151     388.0772  15.8901   0.0957     6.87    0.426 -12.65   0      17.49     771.1606     75.74521
       360    859.6337    312.6208     7657.241     483.8622  15.2898   0.0686     7.05    0.437 -13.83   0      23.97     1136.394     77.83408
       361    866.7647    304.6880     13231.66     526.2155  14.6960   0.0432     6.73    0.370 -11.01   2      39.23     1755.258     78.83916
       362    220.0410    302.9316     13558.99     461.3158  14.6694   0.0369     8.36    0.323  -6.43   0      48.63      2126.81     80.28958
       363    437.9886    294.7073      8235.46     545.0475  15.2108   0.0719    12.69    0.454  -1.47   2      22.36     572.1728     75.76123
       364    223.0344    292.5703     19658.39     488.6755  14.2661   0.0270     7.09    0.287 -10.96   0      66.97     2951.161     82.96409
       365    692.3591    290.9153     9430.553     527.5139  15.0637   0.0607    10.26    0.129 -66.85   0      26.93     881.1202     76.27763
       366   1007.8289    288.6899     3192.691     339.4471  16.2396   0.1155     6.67    0.666 -28.40   0      14.14      537.864     75.24793
       367    927.6777    287.3718     5237.648     412.7124  15.7022   0.0856     8.06    0.577 -11.83   0      18.73     726.4277     76.22256
       368    302.1561    287.3564     4022.353     317.6414  15.9888   0.0858     7.07    0.458 -20.75   0      17.44     740.3692     75.85709
       369    131.0646    286.5524     9136.088     478.9333  15.0981   0.0569     6.90    0.370   6.83   3      31.93     1490.806     78.46862
       370    125.7999    281.0590     12069.02     448.6641  14.7958   0.0404     6.88    0.274 -14.28   3      43.68     2045.228     80.05832
       371    535.0699    284.2464      6006.43     375.8593  15.5535   0.0680     0.00    0.196  38.63   0      26.14     927.6482     76.82021
       372    690.0198    283.2394     5770.136     427.7348  15.5970   0.0805     8.09    0.524  -3.69   0      21.39     904.8881     77.35551
       373    868.8189    282.0332     5978.178     405.5569  15.5586   0.0737     8.11    0.374 -15.59   0      22.38     1002.446     77.44198
       374    215.5606    278.8045     5365.371     362.8929  15.6760   0.0735     6.62    0.358 -20.72   0      22.73     1071.674     77.64487
       375    163.8111    277.4585     10890.51     481.3756  14.9074   0.0480     6.88    0.368  -7.37   0      37.69     1659.828     79.15245
       376    965.2828    275.4734     4700.487     333.5654  15.8196   0.0771     8.21    0.483 -17.04   0      20.78      876.692      76.0612
       377    198.6499    270.5766     32718.78     464.8694  13.7130   0.0154     6.49    0.286 -13.26   0      114.2     5617.727     89.97285
       378     86.7020    271.1393     7327.607     442.7736  15.3376   0.0656     9.77    0.404 -15.46   0      26.97     1133.677     77.02646
       379    284.3145    264.6859     230876.1     569.1891  11.5916   0.0027     6.38    0.180 -12.94   0        507     38266.18     151.1372
       380    154.9109    268.6567     10835.19      507.949  14.9129   0.0509     7.09    0.375 -10.72   0      35.01     1501.408     78.10394
       381     99.2591    267.8135     6317.054     403.8347  15.4987   0.0694     6.95    0.349  -2.66   0      25.71     1080.683     77.47169
       382     33.9104    265.8928     18542.48     521.1306  14.3296   0.0305     7.08    0.379 -14.95   0      59.92     2596.771     81.41914
       383     20.4118    256.8481     47512.49     477.7507  13.3080   0.0109     6.32    0.258  -9.71   0      155.4     7978.836     95.75148
       384    903.4812    254.6590     6584.688     366.8343  15.4537   0.0605     7.43    0.416 -11.30   0      27.41     1237.576     77.33241
       385    623.8553    249.2857     73158.09     511.4429  12.8393   0.0076     8.79    0.297  -2.32   0      216.6     11625.35     103.4506
       386    317.2407    253.0065      5348.84     405.2041  15.6794   0.0823     8.73    0.417 -10.73   0      21.59     965.6336     77.33387
       387    367.5126    252.1290     3665.008     164.9449  16.0898   0.0489     3.62    0.331  -2.88   0      39.61     2757.248     81.67657
       388    603.1270    249.8160     14065.89     470.6977  14.6296   0.0363     6.47    0.380 -11.85   0      49.36     2348.063     81.10453
       389    555.1363    250.1878     5922.481     371.6668  15.5687   0.0682     7.24    0.319 -13.58   0      24.82     1080.509     77.27112
       390    778.1522    240.9271     10313.71     431.9378  14.9665   0.0455     7.03    0.322  -9.52   0       39.6      1800.16     79.35956
       391    447.5887    239.9041     3069.718     296.7821  16.2823   0.1050     4.92    0.286  14.32   0      15.03     808.3293     76.46638
       392    160.8316    236.7765      6029.37     392.9861  15.5493   0.0708     6.63    0.284 -20.07   0      23.36     1064.735     77.62457
       393    586.8787    224.5002     23428.84     492.0016  14.0756   0.0228    11.07    0.243 -14.73   0      82.67     3731.573     84.16043
       394    284.8086    225.0104     7394.836     488.5153  15.3277   0.0717    10.00    0.343   9.86   0      23.71     920.4161     76.79881
       395    471.8246    226.0859     3736.546     338.6703  16.0688   0.0984     5.52    0.371  -8.72   0      15.41     729.1223     75.82339
       396     16.9807    223.7446     2060.637     147.7625  16.7150   0.0779     0.00    0.326 -89.09   0       37.8     1547.843     78.83025
       397    718.2173    215.2792     21655.78     474.3483  14.1611   0.0238     6.42    0.309 -20.57   0      75.11     3568.107     84.45419
       398    621.8488    217.5038     3263.448     329.0757  16.2158   0.1095     6.77    0.641 -18.33   0       16.5     642.9941     75.35966
       399    173.0141    217.3075     6062.773     439.4902  15.5433   0.0787     7.70    0.482  -9.51   0      20.14      849.722     76.18402
       400    241.2513    216.1406      3713.85      353.198  16.0754   0.1033     6.57    0.430 -10.54   0      16.24     656.2825     76.01313
       401    662.0875    210.4994     18540.01      512.141  14.3297   0.0300    12.97    0.426 -25.24   3      60.26     2705.393     81.34207
       402    651.7557    211.8062     10135.86     414.4684  14.9853   0.0444     7.52    0.442 -22.01   3      40.41     1872.742     79.76146
       403    463.8068    209.9511      5544.52     399.5441  15.6403   0.0783     6.55    0.544 -13.58   0      19.53     679.6981     76.28629
       404     63.9698    207.7657     5607.631     334.1829  15.6281   0.0647     6.78    0.317  -8.21   0      24.56     1087.737     77.69188
       405    854.5366    202.3327     11673.84      519.618  14.8320   0.0483     6.18    0.358  -4.91   0      38.25     1812.488     79.19965
       406    535.7357    200.9380      7867.25     316.7363  15.2604   0.0437     9.85    0.119  -3.83   0      33.52     1731.645     78.96732
       407    940.6526    201.8596     8017.574     433.4149  15.2399   0.0587     9.35    0.385  -6.27   0      29.73     1133.123     77.42571
       408    499.6765    201.5976     9305.146     355.6914  15.0782   0.0415     8.85    0.299  -4.00   0      38.37     1635.869     78.88766
       409    874.0457    187.8495     57196.61     563.0364  13.1066   0.0107     6.59    0.123  18.35   0        171     8750.124     97.40623
       410    861.7235    193.0120      10878.9     494.0655  14.9085   0.0493     7.83    0.517 -13.03   3      29.59     1230.896     77.71218
       411    760.3924    192.3199     18105.95     423.4107  14.3554   0.0254     6.45    0.343  -6.85   2      64.55     2994.723     82.70987
       412    725.8118    182.9049     208427.2     551.0995  11.7026   0.0029     6.20    0.207 -11.78   0      476.5     36744.96      148.936
       413    455.6887    182.8197     101379.8     501.1815  12.4851   0.0054    14.41    0.294 -14.58   2      284.6     16653.69     113.9633
       414    156.6546    186.2096     25889.63     401.4269  13.9672   0.0168     6.80    0.318 -13.43   2      92.53     3853.323     85.21828
       415    240.4096    185.6594     23422.06     439.6618  14.0759   0.0204     7.09    0.285 -16.97   2      77.17     3331.762     83.81576
       416    904.3362    179.4816     3593.704      324.569  16.1111   0.0981     5.62    0.233 -35.38   0      14.97     734.5903     76.04361
       417     28.2458    185.7222     7003.942     465.6162  15.3866   0.0722     6.50    0.358 -22.08   0      21.81     963.6173     76.72506
       418    498.8057    171.1189     9801.333     511.2848  15.0218   0.0567     9.03    0.387 -25.69   2      29.89     1134.699        77.63
       419    990.2704    173.8014     4656.808      364.578  15.8298   0.0850     7.15    0.629 -11.05   0      19.84     919.9596     76.79745
       420     64.7268    170.5380     8530.158     362.7421  15.1726   0.0462     6.98    0.348 -13.24   0      35.79     1566.254     78.68684
       421    820.6752    171.9195     5819.529     322.5444  15.5878   0.0602     0.00    0.493  -4.12   0       26.5     2368.233     80.39452
       422    688.3782    168.2136     22115.09     384.4716  14.1383   0.0189     6.22    0.295  -8.67   0      84.55     4139.092     85.97703
       423    201.4738    169.0827     4126.328     361.0458  15.9611   0.0950     7.08    0.449   1.19   0      17.93     767.9742     75.73565
       424    391.5479    164.5285     6053.079     437.7206  15.5451   0.0785     8.34    0.424 -11.88   0      21.25     903.5259     76.54684
       425     31.0862    161.5561     28728.24     438.8833  13.8542   0.0166    13.37    0.183  -5.26   0      101.1     4333.814     85.95163
       426    409.2660    160.3308     13289.35     562.4956  14.6912   0.0460    12.35    0.440 -11.51   0      39.78     1746.323     79.00955
       427    754.4325    159.8156     6835.183      384.498  15.4131   0.0611     8.35    0.431 -11.84   0      27.29     1249.362     78.36105
       428    783.4757    160.0131     3276.422     334.9127  16.2115   0.1110     4.82    0.271   0.05   0      14.74     705.7704     76.36392
       429    509.0348    151.0201     15101.88     607.5203  14.5524   0.0437     8.50    0.350 -26.08   0      35.47     1627.105     79.44907
       430    519.8604    147.0638     4634.518      383.195  15.8350   0.0898     6.82    0.554  -3.66   1      17.46     746.5582     76.28256
       431    494.3034    147.0942     4181.309     376.8137  15.9467   0.0979     5.91    0.571 -12.93   0      17.25     628.7982     75.52209
       432    131.8961    145.8858     4258.118       376.86  15.9270   0.0961     7.89    0.399  -9.68   2      18.29     745.0554     75.87114
       433    128.0082    143.0016     5935.944     137.6643  15.5663   0.0252     4.22    0.009  54.55   3      94.36     5517.299     89.37309
       434    584.9364    145.0375     4130.625      355.649  15.9600   0.0935     6.22    0.422   0.04   0      16.13     758.7159     76.31878
       435    758.4877    141.7400       9759.8     431.6462  15.0264   0.0480     6.33    0.285  -5.62   0      38.16     1723.155     78.74656
       436    175.3702    140.6535     17640.49     400.6118  14.3837   0.0247    12.75    0.407 -21.74   0      65.43     2947.028      82.5787
       437    507.2033    137.0309     9446.508     317.8674  15.0618   0.0365     8.42    0.409  -5.53   0      55.38     3725.654     85.05929
       438    429.5323    134.0821     28398.54     484.0071  13.8668   0.0185    14.47    0.626 -17.03   0      75.77      2754.51     81.66895
       439    908.6602    132.1481      6530.87     430.8419  15.4626   0.0716     6.44    0.247  89.16   0      20.37     765.1345     76.33789
       440   1004.1279    131.7658     9096.996     435.7603  15.1028   0.0520     7.70    0.380  -3.39   0      33.72     1566.339     78.68709
       441    279.9439    129.8255     20545.31     404.1759  14.2182   0.0214     7.05    0.316 -13.72   0      76.57     3577.784      84.2968
       442    121.3001    130.9007     4044.507     316.4367  15.9828   0.0850     7.49    0.255 -21.99   0      18.33     774.3926     75.34513
       443     80.6401    129.4277     7223.013     417.5283  15.3532   0.0628     7.21    0.341 -10.55   0      25.94     1106.699     77.74733
       444      3.8789    126.0781     4858.353     320.6618  15.7838   0.0717     7.24    0.459 -10.01  24      19.04     760.9431     75.71455
       445   1008.3052    116.0577     20326.98     512.9333  14.2298   0.0274     6.78    0.365  -9.72   2       67.1     2889.433     81.85468
       446    335.4425    120.0111     3465.751     320.8816  16.1505   0.1005     6.93    0.525  -0.08   0      15.78     630.9468     76.54642
       447    388.3171    115.1724     18451.18     655.3051  14.3349   0.0386    13.42    0.447  27.59   2      47.53      2052.81     79.88631
       448    798.9930    109.2659     4592.687     353.7631  15.8448   0.0837     8.48    0.553  -9.51   0      19.74     863.7501     76.63093
       449    402.3932    104.0670      11651.9     468.7058  14.8340   0.0437     9.22    0.405  -0.77   2      38.62     1762.976       79.253
       450    188.8787    103.8953     5231.708     373.3231  15.7034   0.0775     6.84    0.361 -18.79   0      20.77      899.688     76.33293
       451    799.4489    101.8029     2716.527      140.748  16.4150   0.0563     1.70    0.165 -34.50   0      42.42     2765.892     82.07867
       452    869.3336     96.6608     58725.86     490.2126  13.0779   0.0091     6.07    0.284 -12.88   0      186.1     10030.62     100.1951
       453    754.4774    100.4350     4578.869     357.0209  15.8481   0.0847     6.45    0.324   0.53   0      20.08     979.3848     76.97311
       454    593.1514     97.5078     9966.636      578.804  15.0036   0.0631    10.45    0.146 -31.17   0      24.97     882.5954     76.28203
       455    351.8964     92.8583     46818.77     461.7629  13.3239   0.0107     6.32    0.260 -14.16   0      157.2     8131.273     95.46623
       456    856.3633     93.4967     7483.876     482.9802  15.3147   0.0701     7.45    0.421 -11.35   1       19.7     773.5409     75.54773
       457    490.9170     89.3327     6946.682     444.3233  15.3956   0.0695     8.01    0.353 -18.32   0      24.51     1025.567     76.70681
       458    984.2396     88.7034     9242.392     533.2701  15.0855   0.0627    11.25    0.532 -23.33   0      26.03     924.0514     75.99917
       459    923.5316     87.6100     5046.617     384.4472  15.7425   0.0827     6.10    0.451  -9.98   0      19.31      920.982     76.80048
       460    120.0894     86.9584     3574.467     354.2025  16.1170   0.1076     6.88    0.519 -14.55   0      15.53     669.8849     75.64563
       461    614.0622     82.2056     4281.576     352.4669  15.9210   0.0894     8.43    0.608 -20.00   0      19.13     800.9901     76.64679
       462    155.4821     77.0719     64391.79     590.6922  12.9779   0.0100    18.24    0.566 -24.73   3      168.8     8583.508     96.53684
       463    157.8053     68.5540     33711.49     491.2451  13.6806   0.0158     6.51    0.303 -12.93   3        112     5417.233     89.29179
       464     10.3819     80.0734     33963.37     426.4279  13.6725   0.0136     6.26    0.276 -10.31  16      120.3     6011.379     90.79146
       465    478.3719     80.8451     7511.357     465.8638  15.3107   0.0674     9.19    0.490 -16.59   0      25.02     1047.031     77.57271
       466    283.1865     79.3686     5761.273     488.5475  15.5987   0.0921     5.63    0.624 -32.79   2       20.7     1036.054     77.73991
       467    913.8943     75.5003     5242.922     328.0894  15.7011   0.0680     6.75    0.441  -7.07   0      23.61     1054.163     76.58965
       468    633.5237     73.2142     4850.622     355.0204  15.7855   0.0795     7.60    0.574  -9.83   0      21.01     1045.547     77.36855
       469    733.1450     68.6975     23688.94     489.7569  14.0636   0.0225     6.51    0.323  -6.29   0      84.32      3912.45     84.64748
       470    849.8694     71.0912     6103.971     413.1892  15.5360   0.0735     6.77    0.525   4.08   0      16.99      681.419     75.88454
       471    466.3513     66.7960     45907.34     489.0047  13.3453   0.0116     6.41    0.282 -10.81   0      151.2     7779.087     94.95069
       472    344.4447     67.0525     9292.921     406.4593  15.0796   0.0475     7.25    0.350  -3.42   0      36.69     1608.183     79.00403
       473    791.3513     67.2088     3781.049     322.3077  16.0560   0.0926     6.87    0.420 -16.49   0       16.9     755.4392      76.5116
       474    859.0681     64.5164     8210.993     497.5257  15.2140   0.0658     8.56    0.416  -2.49   0      23.84     910.9681     76.36651
       475    311.5792     57.6383     54233.22     484.1451  13.1643   0.0097     6.29    0.283  -7.31   0      174.5     9405.168     99.23526
       476    281.9989     58.9528     13475.87     578.1758  14.6761   0.0466     6.97    0.315 -15.57   3      33.66     1486.319     78.45563
       477    283.9203     49.1736      41122.6     651.3453  13.4648   0.0172     6.38    0.147  13.18   3        112      5435.93     89.16592
       478    822.0552     68.5803     6988.683     378.5032  15.3890   0.0588     6.96    0.398 -14.17   0      31.05     1394.731     78.38758
       479    434.9648     59.9434     5079.273     136.2427  15.7355   0.0291     0.00    0.103  61.68   0      87.22     4642.523     87.12016
       480   1016.1745     55.4964     4211.737     356.7871  15.9388   0.0920     6.97    0.473 -13.43  16      17.16     807.8362     75.65083
       481     17.6898     51.6183     45167.72     625.5085  13.3629   0.0150    10.79    0.428  18.32  16      121.4     5151.839     87.91219
       482    946.5532     49.1821      15386.5      400.299  14.5322   0.0283     6.67    0.333 -14.94   0      60.32     2797.623      82.5424
       483    735.0096     48.4166     13966.13     471.4711  14.6373   0.0367     8.87    0.249  -7.76   0      50.55     2239.542     80.60806
       484    660.6104     47.4899     13100.76     466.0985  14.7068   0.0386     6.61    0.284   0.60   0      46.68     1971.533     79.65474
       485     50.2646     47.7793     9687.764     344.8922  15.0344   0.0387     6.58    0.370 -13.71   0      39.39     1810.705      79.5845
       486    637.6585     42.1727     10816.11     499.4897  14.9148   0.0502     7.06    0.353  -2.55   0      36.49     1638.698     79.09176
       487    863.2669     37.7717     19848.14     427.0719  14.2557   0.0234     6.24    0.268   0.98   0      74.56     3523.056     84.14912
       488    783.6480     39.2788     7307.625     447.9767  15.3406   0.0666     6.96    0.413  -3.36   0      25.61     1154.942     77.28971
       489    746.3676   1019.6207     4167.205     354.5827  15.9504   0.0924     6.44    0.514  -7.60  16      16.63     738.5986     76.66373
       490    825.1813     37.6380      5945.04     363.2557  15.5646   0.0664     6.00    0.475  -7.76   0      24.08     1190.226     78.18934
       491    292.4402     34.5597     5287.146     416.4732  15.6919   0.0855     7.24    0.360  -6.26   2       19.2      744.412     76.27617
       492    758.9907     35.2776     10085.71     445.0574  14.9907   0.0479     7.31    0.364 -10.25   0      37.48     1596.141     78.77312
       493    515.5304     36.4536     3866.173     323.5659  16.0318   0.0909     7.57    0.417   2.53   0       18.5     819.0237     76.29554
       494    438.2680     32.9290     10869.24     486.9605  14.9095   0.0487    12.74    0.637 -13.25   0      33.22     1165.367     77.32037
       495    228.2892   1016.5063     30819.34     421.0888  13.7779   0.0148     5.74    0.268 -12.37  16      112.3     5808.254     89.93799
       496   1006.2651     28.9489     14838.44     567.2294  14.5715   0.0415    10.14    0.459   9.14  16      41.92     1562.928     78.67723
       497    103.5364     28.0934     7128.713     199.0396  15.3675   0.0303     6.08    0.372 -82.32   3      65.27     5102.742     88.13714
       498    789.2852   1018.1576     3147.872      294.223  16.2550   0.1015     5.85    0.246  -4.98  16      16.07     777.5776     75.96849
       499    985.9354   1011.1926     33077.07     469.1868  13.7012   0.0154     7.72    0.260 -16.42  16      114.7     5529.858     89.40501
       500    213.8878   1008.4017     4034.551     371.5535  15.9855   0.1000     6.31    0.255  -8.91   0      16.26     704.7828       76.158
       501    371.3264     20.9100     4164.139     322.5777  15.9512   0.0841     7.18    0.395 -30.87   0      18.93     900.3465     76.33489
       502   1008.6890   1003.9467     13455.01     477.7493  14.6778   0.0386     2.85    0.283  -8.36   0      43.48     2468.339     80.86866
       503     78.9331   1002.6910     10591.29     442.7008  14.9376   0.0454     6.46    0.313  -5.91   0      41.25      1805.32     78.98334
       504    184.1909   1004.0494     5494.478     329.4403  15.6502   0.0651     8.29    0.344   0.45   0      23.66     1052.808     77.38988
       505     16.6714    999.3490     5450.386      428.469  15.6589   0.0854     7.80    0.499   5.03   0       19.2     722.2937     76.00685
       506    154.4305    996.1782     23812.27      392.438  14.0580   0.0179     6.31    0.298 -16.71   0      88.19     4194.448     86.30278
       507    939.7902   1009.0488     77961.57     493.5931  12.7703   0.0069     6.22    0.223 -11.17  16        233     12947.64     106.7517
       508    471.8031    991.0679     14209.42     439.3004  14.6186   0.0336    11.77    0.328 -13.70   0      49.59     2147.151     80.34714
       509    763.8872    983.7277     46052.66     471.3432  13.3419   0.0111     6.17    0.258  -8.83   0      152.8     7676.778     94.21387
       510    414.9785    984.7445     7973.733     395.0897  15.2458   0.0538     7.47    0.351  -7.75   0      31.52     1251.304     77.77184
       511    313.7481    984.7299     11026.56     418.6702  14.8939   0.0412     6.57    0.350  -1.48   0      43.07     1931.364     79.54005
       512    806.1687    981.8791     28295.34     443.9207  13.8707   0.0170     6.66    0.351 -16.22   0      96.71     4716.975     87.31417
