#   1 NUMBER                 Running object number                                     
#   2 X_IMAGE                Object position along x                                    [pixel]
#   3 Y_IMAGE                Object position along y                                    [pixel]
#   4 FLUX_AUTO              Flux within a Kron-like elliptical aperture                [count]
#   5 FLUXERR_AUTO           RMS error for AUTO flux                                    [count]
#   6 MAG_AUTO               Kron-like elliptical aperture magnitude                    [mag]
#   7 MAGERR_AUTO            RMS error for AUTO magnitude                               [mag]
#   8 FWHM_IMAGE             FWHM assuming a gaussian core                              [pixel]
#   9 ELLIPTICITY            1 - B_IMAGE/A_IMAGE                                       
#  10 THETA_IMAGE            Position angle (CCW/x)                                     [deg]
#  11 FLAGS                  Extraction flags                                          
#  12 SNR_WIN                Gaussian-weighted SNR                                     
#  13 FLUX_APER              Flux vector within fixed circular aperture(s)              [count]
#  14 FLUXERR_APER           RMS error vector for aperture flux(es)                     [count]
         1    573.6260     20.8183     7927.682     345.9709  15.2521   0.0474    13.49    0.522  -1.06   0      36.12     734.2083     48.48978
         2    603.2624      5.7215     3465.833     94.34826  16.1505   0.0296     0.97    0.119 -49.43  16      62.62      3309.04     59.05779
         3    839.1816      2.8858     3223.124     212.4631  16.2293   0.0716     9.09    0.486   1.26  24       19.9     432.4336     46.69341
         4    880.0349   1002.2758     16050.67     356.4424  14.4863   0.0241    11.55    0.472   0.28  16      70.69     1597.974     52.16644
         5    427.9828   1021.8014     25454.61     259.5424  13.9856   0.0111    15.35    0.600   0.57  24      120.9      2899.29     57.55731
         6     19.0966    996.2095     6100.555     357.6062  15.5366   0.0637    10.48    0.413  -3.06   0      24.46     466.4445     46.97878
         7    157.6799    993.7935     2605.883      89.1468  16.4601   0.0372     1.00    0.108  33.97   0      52.07     2554.269     56.27866
         8     94.6359    989.5408     15981.96     282.7775  14.4909   0.0192    10.61    0.445   1.50   0      73.35     1642.463      52.3599
         9    411.6168    984.4752     4772.576     291.5681  15.8031   0.0663     9.83    0.607  -2.99   0      23.46     500.5138      47.2627
        10    704.0708    977.0018     7722.917     335.0769  15.2805   0.0471    12.27    0.499  -0.54   0      37.03     814.7051     48.63441
        11    468.5735    974.8272     13334.25     366.4284  14.6876   0.0298    10.81    0.491  -1.90   0      58.97     1391.115     51.47672
        12    252.3772    977.8221     3353.648      256.456  16.1862   0.0830     6.87    0.476  13.23   0      17.68     473.4438     47.25176
        13    872.6224    972.1374     13494.86     373.3829  14.6746   0.0300    13.26    0.473  -2.92   0      56.01      1259.49     50.78141
        14    971.0014    972.3512     4447.312     96.68362  15.8798   0.0236     0.96    0.168  89.28   0       77.3     4566.807     63.80287
        15    379.7861    970.6036     2755.337      106.754  16.3996   0.0421     2.60    0.449 -26.42   0      45.99     2475.517     55.85893
        16    263.0625    960.0957     8690.944     104.8564  15.1523   0.0131     0.00    0.255  55.75   0      133.4     8725.613     77.06252
        17    282.7374    956.1154     6654.069     104.4718  15.4423   0.0171     5.07    0.302 -23.95   0      106.1     5769.039     67.78446
        18     21.2340    954.8095      12539.4     432.6251  14.7543   0.0375    13.45    0.537   1.01  18      38.99     798.6599     48.79093
        19    141.2635    953.6076     15419.65     133.1033  14.5298   0.0094     0.00    0.498 -56.04   0      164.5     13308.42     89.75263
        20     79.5879    950.2765     33719.44     331.6689  13.6803   0.0107    10.58    0.441  -0.47   0      139.1     3549.425     60.06963
        21    481.3420    951.8452     3964.686     283.5808  16.0045   0.0777     8.53    0.634  -0.03   0      19.58     461.3639     46.95419
        22    875.0655    950.6489     3270.406      269.248  16.2135   0.0894     7.88    0.486   2.67   0      17.25     380.7816     46.56252
        23     99.8117    948.8923     8086.845     295.5736  15.2306   0.0397    13.10    0.473  -1.46   1      39.19     852.7111     48.58023
        24     10.8964    947.7860      4070.55     276.1151  15.9759   0.0737     8.17    0.514   6.40  16      18.57     389.0813     46.48192
        25    826.0068    945.8256     2094.553     82.88183  16.6973   0.0430     1.00    0.100  88.85   0      51.41     2061.377     54.25169
        26    194.9985    941.9929     1077.384     83.49014  17.4191   0.0842     0.00    0.042 -41.87   2      41.54     1147.874     50.16718
        27    490.5989    930.9911     4153.118     285.2175  15.9541   0.0746     7.55    0.581   7.13   0      19.63     425.6954     46.78122
        28    121.0050    926.0029     5318.859     91.29617  15.6855   0.0186     0.00    0.007  35.32   2      100.7     5249.924      66.1915
        29    690.6590    916.9127     4304.627     290.7189  15.9152   0.0733     9.56    0.512  -8.64   0      20.83     447.1626     46.64439
        30    990.6322    912.3361     9647.388     315.1891  15.0390   0.0355    13.24    0.541   0.56   0      44.46     1044.364     49.69603
        31    495.3781    906.1733     2792.911     212.6659  16.3849   0.0827     0.00    0.510  49.14   0      17.86     817.9382     48.88065
        32    352.0614    897.8436     2218.805      86.5415  16.6347   0.0424     0.00    0.183 -70.55   0      55.22     1912.929     53.52101
        33     82.4809    896.6125     3014.734      259.977  16.3019   0.0937     6.70    0.526  20.61   0      16.56      375.451     46.53649
        34    852.5214    892.1215     7749.012      374.412  15.2769   0.0525    12.26    0.469   0.89   3      34.95     751.2177     47.98577
        35    847.9567    887.0660     6515.925     372.5299  15.4651   0.0621    11.79    0.551   3.85   3      28.14     612.3945     47.67962
        36    161.9915    880.7440     4170.857     91.52446  15.9494   0.0238     0.82    0.159  88.36   3       74.9     3878.587     61.39422
        37    157.7945    875.8558     5389.095     338.5219  15.6712   0.0682    11.41    0.610   1.31   2      24.19     545.6273     47.47914
        38    867.0787    874.0692     1673.215     85.09663  16.9411   0.0552     4.65    0.212  45.37   0      45.63     1360.801     50.90176
        39    521.1569    873.7810     5059.893     304.5497  15.7396   0.0654     8.50    0.550   2.02   3       21.8     484.7385     47.30606
        40    509.3274    869.4531     14194.08     393.6351  14.6197   0.0301    11.10    0.484   0.22   2      58.14     1287.831     50.68621
        41    577.2781    871.0308     2801.085     233.5148  16.3817   0.0905     0.53    0.580 -46.65   0      18.15     594.5049     47.59427
        42    378.7233    862.1002     77473.98      385.344  12.7771   0.0054    19.40    0.444  -3.21   0        257     7218.148     72.40268
        43    782.1653    866.5607     3285.076      245.733  16.2086   0.0812     6.73    0.489  26.38   0       17.7     417.1073     46.73948
        44    533.5059    853.5510     4833.928     307.1457  15.7892   0.0690     8.07    0.437  28.00   2      23.12     518.8326     46.87222
        45    373.6388    846.3604     10700.06     375.8244  14.9265   0.0381    10.90    0.435  -2.82   0      45.48     971.0298     49.35952
        46     78.5136    836.5441     14441.55     273.4127  14.6010   0.0206    10.73    0.479  -3.42   0      68.36     1595.545      51.9393
        47    133.0734    830.7419     39476.05     354.7738  13.5092   0.0098    10.45    0.432  -2.64   0      155.7     3982.349     61.59442
        48    881.2869    827.2057     994.6177     83.26453  17.5059   0.0909     2.34    0.448 -21.17   0      20.57     780.2744     48.47324
        49    380.3951    809.4547     9413.999     260.1519  15.0656   0.0300    14.60    0.456   4.19   0      45.61      1051.78     49.84313
        50      4.4322    806.2415     4109.408     255.4757  15.9656   0.0675     7.71    0.632 -14.65  16      18.69     339.9662     46.60534
        51    254.7490    801.1755     12431.78     360.0457  14.7637   0.0315    16.11    0.632  -0.72   0      48.77     1191.831     50.58922
        52    923.6750    799.8265     2691.111     218.4411  16.4252   0.0882     5.44    0.407   3.39   0      15.99      396.424      46.6388
        53    884.5632    793.6581     1959.087     114.0479  16.7699   0.0632     4.49    0.575 -56.54   0      29.05      1454.46      51.5374
        54    871.1078    790.5837      40239.2     351.2742  13.4884   0.0095    10.58    0.436  -0.36   0      157.8     3954.698     61.40059
        55    214.7158    792.5067     3517.615     266.3009  16.1344   0.0822     8.29    0.490  -2.65   0      18.36      460.028     46.82753
        56     43.6469    786.3598     2287.156     95.97482  16.6018   0.0456     1.57    0.283 -43.10   0      47.16     2255.268     54.85286
        57    900.1365    771.0905     9717.369     104.3929  15.0311   0.0117     0.00    0.024  13.61   0      117.9     9301.176     78.74167
        58    879.8154    768.1921     29483.43     446.8294  13.8261   0.0165    10.21    0.475   0.38   2      101.9     1720.622     52.69806
        59    194.9634    766.9237     9400.982     102.3342  15.0671   0.0118     0.00    0.144  63.78   0      135.1     8937.117     77.82873
        60    700.9600    759.2191     11953.93     261.8239  14.8062   0.0238    14.34    0.562  -1.09   2      57.61     1362.544     51.46005
        61    695.0032    756.0018     44492.02     161.6817  13.3793   0.0039     0.00    0.001  35.34   3      309.1     44379.97     148.8882
        62    529.9928    756.3560     3227.565     93.77254  16.2278   0.0316     0.92    0.167  88.79   0       63.1     3267.888     59.18557
        63    672.7979    740.2212     9647.792     330.0376  15.0389   0.0372    13.34    0.518   1.62   0       43.5     900.8959     49.03553
        64    591.1907    738.9938     1299.263     80.67157  17.2158   0.0674     1.08    0.122   5.08   0       35.1     1257.006     50.65917
        65    469.6942    735.3049     7809.549     340.9704  15.2684   0.0474    11.23    0.556  -1.96   0      35.53      752.825     48.22766
        66    926.7663    727.6819     5326.133     333.8695  15.6840   0.0681     9.30    0.528  -0.14   2      28.48     463.1362     46.84261
        67    154.5155    727.0992     15652.57     353.4088  14.5135   0.0245    16.27    0.385  -0.13   0      69.14     1556.983     51.66132
        68    691.9280    726.2325     4293.032     223.2791  15.9181   0.0565    10.75    0.653  -5.84   0      22.83     477.4935      47.0322
        69    119.1813    722.9720      3289.86     265.5765  16.2071   0.0877     8.51    0.650   5.89   0      18.38     396.1042      46.8783
        70    198.6748    711.9011     10206.78     370.6166  14.9778   0.0394    11.64    0.475  -2.12   0      44.13     920.3871     48.78042
        71    159.1979    710.7607     10619.53     315.8893  14.9347   0.0323    12.03    0.491   0.04   0      49.49     1179.188     50.53239
        72    350.3582    707.8154     970.5205     106.9134  17.5325   0.1196     6.01    0.617  66.63   0      11.38     405.0552     46.92167
        73    917.0923    706.5656     5165.255     271.3624  15.7173   0.0571    11.11    0.539  -1.73   0      27.83     626.7277     47.27343
        74    713.9507    705.9160     2372.055     85.30717  16.5622   0.0391     4.44    0.154  61.85   0      59.41     2118.499     54.17931
        75      6.8924    696.3965     23733.36     301.8186  14.0616   0.0138    13.01    0.310   1.06  24      102.5     2291.054     55.10329
        76   1010.5588    679.8577     12491.99     339.5433  14.7584   0.0295    15.24    0.467  -8.64  16      53.26     1170.923     50.27149
        77    717.0020    680.5253     1998.187     117.7711  16.7484   0.0640     5.61    0.459 -89.74   0       42.8     1433.726     51.44588
        78    530.4685    670.5258     2235.268     108.2755  16.6267   0.0526     3.48    0.491  47.34   0      40.55      1518.65     51.71082
        79    793.1685    664.0848     2746.197     91.06432  16.4032   0.0360     0.00    0.222  29.06   0      65.72      2464.01     55.71103
        80    524.2760    661.6074     13345.18     377.7937  14.6867   0.0307    11.63    0.455   1.90   0       55.7     1189.827     50.35688
        81    955.9810    662.4179       3617.3     263.7283  16.1040   0.0792     8.95    0.561  -2.13   0      19.44     407.7523     46.93473
        82    813.1734    662.4393     3121.596     93.51537  16.2641   0.0325     1.36    0.083 -68.14   0      62.84     3181.277     58.85204
        83    472.2268    660.5525     3790.497     104.9839  16.0533   0.0301     2.36    0.395 -63.44   0       68.1     3027.677     58.25585
        84    161.4583    651.6882      9471.05     281.5277  15.0590   0.0323    10.87    0.467   0.79   0      47.53     1061.652     49.54808
        85    139.7315    639.8221     3134.353     255.7112  16.2596   0.0886     7.45    0.471  -2.88   0      17.75      479.761      47.1628
        86    203.7236    628.7112     2466.605     103.4486  16.5198   0.0455     3.08    0.431  44.26   0      55.48     2061.616     53.94016
        87    640.3839    618.6664     58814.39     408.0385  13.0763   0.0075    10.53    0.283   1.47   0      201.2     4885.729     64.92897
        88    567.2341    622.0955     1305.117     85.76652  17.2109   0.0714     2.29    0.246  12.10   0      33.85     968.3282     48.88814
        89    561.0587    619.0101     4507.795     89.25428  15.8651   0.0215     0.00    0.042   4.50   0      84.87     4487.956     63.61003
        90    231.4101    614.3399     3965.263     287.0379  16.0043   0.0786     8.69    0.507  -8.63   0      20.04     448.7366     47.01305
        91    327.8447    611.2242     3303.023      251.977  16.2027   0.0828     6.17    0.475  -6.31   0      17.13     414.4782     46.96729
        92    407.9970    608.0018     2895.016     85.04848  16.3459   0.0319     0.00    0.014 -38.74   2      73.39     2953.629     57.77148
        93     82.0530    592.7945     158228.5     436.8434  12.0018   0.0030    12.61    0.367  -3.84   0      423.1     15417.17     94.94241
        94    622.3318    592.9405     19402.92     318.1863  14.2803   0.0178    10.88    0.449  -2.18   0      84.19     1910.444     53.51046
        95    145.0233    588.9983     5954.956     92.86617  15.5628   0.0169     0.00    0.033  -3.58   0      107.9     5863.083     68.26436
        96    573.7804    583.4099     3112.162     100.7458  16.2673   0.0352     1.87    0.201 -58.09   0      55.17      2818.92     57.23908
        97    185.8854    562.0110      2507.64     84.00693  16.5018   0.0364     0.00    0.074  -2.41   0      60.23     2532.402     55.88859
        98    105.3236    546.4452     31075.64     316.7794  13.7689   0.0111    10.40    0.457  -1.98   0      129.8     3290.157     58.98508
        99    151.0548    543.8409      6458.28     102.6819  15.4747   0.0173     0.00    0.308 -71.76   0      108.7     5983.233     68.74524
       100    930.8649    537.0080     48623.78     369.8448  13.2829   0.0083    10.27    0.388   0.32   0      182.2     4965.283     65.20684
       101    265.0917    522.3972     17585.88     331.2329  14.3871   0.0205    16.37    0.423   3.14   0      78.51     1886.048     53.40674
       102    965.6125    510.5892     4052.542     299.5941  15.9807   0.0803     9.12    0.574   9.18   0      20.03     416.0968     46.73457
       103    727.0902    509.0907     1559.804     84.79319  17.0173   0.0590     4.70    0.234  45.41   0       44.7     1324.108     50.84861
       104    214.9126    493.7410     10713.17     115.4251  14.9252   0.0117     0.00    0.375  70.61   0      140.8      9662.31      79.7772
       105    871.1649    483.8362     37048.07     335.2053  13.5781   0.0098    10.74    0.445   0.51   0        148     3873.316      61.3747
       106    956.0062    477.8951     1331.354     80.76192  17.1893   0.0659     1.01    0.030 -55.82   2       37.7     1270.191     50.71829
       107    301.4298    475.9910     1178.584     94.81058  17.3216   0.0874     2.18    0.408  11.25   0      26.77     957.5567     49.52555
       108    188.7978    469.9278      4707.71     100.1481  15.8180   0.0231     5.11    0.338  19.32   0      89.76     4248.212     62.65773
       109    809.2885    463.2631      8344.65     291.4532  15.1965   0.0379    11.97    0.534   1.27   0         41     927.5508      48.9291
       110    248.0021    461.8481        23836      129.429  14.0569   0.0059     4.45    0.110 -89.88   0      208.5     23646.58     112.8868
       111    505.9364    458.7887     4862.711     289.6995  15.7828   0.0647    10.00    0.366 -17.34   0      22.84      531.246     47.29123
       112    521.4185    457.9994     11064.89     126.5655  14.8901   0.0124     3.21    0.488   0.08   0      127.3     8853.277     77.58352
       113    866.0777    454.9965      4294.78     123.2709  15.9176   0.0312     3.41    0.558   0.15   0      57.37     2523.382     56.05334
       114    340.2863    447.3752     31005.93     364.3102  13.7714   0.0128    10.12    0.443  -1.70   0        127     3121.492     58.23489
       115    221.8602    449.3147     9242.493     300.7076  15.0855   0.0353    13.81    0.535  -2.09   0      44.41     1069.625     49.58463
       116     29.7691    442.8317     10333.33     332.6339  14.9644   0.0350    10.53    0.447   0.83   0      48.57     1138.039     50.34697
       117    990.4788    444.0482      3242.67     243.9674  16.2227   0.0817     6.78    0.558   3.54   0      18.58     510.3094     47.07093
       118    113.0314    440.9074      4843.13     288.7098  15.7872   0.0647     7.69    0.351 -13.74   0      22.98     561.7812     46.96015
       119    855.8988    433.3741     1804.997     107.3685  16.8588   0.0646     1.35    0.502  22.89   0      28.81     1321.065     50.50134
       120    416.9919    430.2666     2601.388     89.13535  16.4620   0.0372     0.90    0.165  89.03   0      55.84     2443.097     55.72687
       121    112.4350    417.7170     5281.838     259.7912  15.6930   0.0534    11.82    0.535  -1.03   0      28.41     670.8787     47.83993
       122    573.8230    415.9800      4301.36     107.4039  15.9160   0.0271     5.66    0.294  77.55   0       63.4     3804.989      61.2133
       123    926.1229    415.0970     1673.206     117.1423  16.9411   0.0760     4.48    0.152  27.99   0      36.55     1083.005     49.64593
       124     21.0846    400.3017     1819.159     115.0004  16.8503   0.0687     3.64    0.578 -19.20   0       31.6     1299.588     50.51627
       125    831.5683    391.3066      5032.88     321.1916  15.7455   0.0693    10.04    0.608   1.09   0      23.18     502.8595     46.67412
       126    733.3327    388.1003     21089.49     333.2057  14.1898   0.0172    10.69    0.436  -2.03   0      91.75     2111.234     54.04464
       127    279.7265    376.7216       4239.3     298.3223  15.9318   0.0764     8.77    0.510   7.85   2      20.13     453.8491     46.67695
       128    826.3855    370.0164     1384.223     155.8798  17.1470   0.1223     2.25    0.622  59.14   0      13.26     481.9758     47.05385
       129      5.9561    370.9026     3125.564     217.6016  16.2627   0.0756     8.43    0.668   3.80  16      18.64     443.5648     46.38449
       130    908.2181    360.5394     8015.753     408.7475  15.2401   0.0554    12.21    0.588  12.90   2      27.71     496.8954     47.12586
       131    327.8497    358.8122      19386.5     315.9528  14.2813   0.0177    11.09    0.450  -0.30   0      85.83     2043.024     54.17475
       132    903.8118    349.6746      5131.56     165.5619  15.7244   0.0350     0.00    0.232  29.27   0      65.09     2881.058     57.58323
       133     31.9531    346.6832     10604.82     309.1161  14.9362   0.0317    11.57    0.482  -0.69   0      51.86     1094.166     49.69699
       134    880.5886    340.6712     5039.148     313.6505  15.7441   0.0676     9.70    0.408  -5.94   0      24.05     531.7548     47.29367
       135     81.8461    339.1211     16275.78     334.1493  14.4711   0.0223    10.93    0.471  -0.52   0      71.58     1665.117      52.3506
       136    256.6111    337.1852     3086.395     240.9153  16.2764   0.0848     6.82    0.550   3.07   0      16.92     389.4892       46.605
       137    510.8800    330.3028     2496.725     108.8229  16.5066   0.0473     5.30    0.370 -69.61   0      51.49     1822.524     52.92318
       138    503.4482    330.0016     3015.718     243.7559  16.3015   0.0878     6.12    0.457 -63.86   0      16.56     343.5558     46.38046
       139    592.6488    308.0620     27941.38     347.3059  13.8844   0.0135    10.89    0.451  -2.41   0      116.7     2867.295     57.43084
       140    101.4033    309.5468     4404.633     299.8611  15.8902   0.0739     9.46    0.519  -2.17   0      21.77      542.884       47.466
       141    277.5723    305.6646     15725.68     348.6398  14.5085   0.0241     3.21    0.484   2.63   0      70.74     1492.668     51.70562
       142    328.1967    305.1682     1507.097     94.10947  17.0546   0.0678     0.00    0.375  37.75   0      40.84     1191.477     50.58762
       143    709.9183    300.9196     11210.54      106.277  14.8759   0.0103     4.47    0.120  44.67   0      146.1     10958.25     83.31985
       144    159.5538    296.4810     5259.421     309.2879  15.6977   0.0639    10.97    0.666   4.48   0      25.24     509.6217     46.94773
       145    158.1743    290.0070     1606.523     118.2107  16.9853   0.0799     2.39    0.167   5.44   0      34.96     1002.023     49.61574
       146    270.6083    253.1787     1176.253     93.30707  17.3237   0.0861     2.95    0.567  59.83   0      19.74     951.7599     49.27071
       147    564.0400    242.6940     5210.323     310.1617  15.7078   0.0646     9.64    0.523   2.65   0       23.2     516.2268     46.73916
       148    716.9770    234.6261     3582.788     263.6985  16.1144   0.0799     6.39    0.555 -20.25   0      18.11     368.7379     46.74543
       149    525.5636    217.7292     4166.913     295.4194  15.9505   0.0770     7.95    0.376 -10.15   2       20.3     461.3303     46.95403
       150    601.5464    204.0595      10742.6     393.4319  14.9222   0.0398    14.02    0.608  -3.17   2      36.61     802.6205     48.69378
       151    486.2822    202.7141     1210.396      87.1471  17.2927   0.0782     1.84    0.281 -44.99   0      31.59     1249.193     50.51266
       152    813.9763    181.1319      11388.4     374.3634  14.8588   0.0357    13.98    0.485  -3.99   0      47.14     998.0168     49.48362
       153    666.3038    176.4816     52036.05     375.3295  13.2092   0.0078    10.56    0.423  -1.74   0      192.5     5150.648     65.67836
       154    396.0245    176.4877        33561     332.4091  13.6854   0.0108    10.53    0.443  -2.87   0      135.7     3354.172       59.136
       155    181.1056    179.0230     9807.392     330.9999  15.0211   0.0367    11.43    0.513  -0.49   0      46.39     1027.151     49.27534
       156    511.0378    175.9985      4510.49     89.26114  15.8644   0.0215     4.26    0.047  -3.64   0      91.59     4383.177     63.32362
       157    256.0056    172.9932     1367.516     84.27622  17.1602   0.0669     0.00    0.016  32.58   2      45.23     1362.985     51.13241
       158      4.3069    164.3306     3357.276     222.3246  16.1850   0.0719     7.07    0.420 -14.23  16      18.46     469.8291      46.7547
       159    628.7145    161.6517     9961.185     337.0099  15.0042   0.0367    13.96    0.487  -0.01   0      47.04     978.8619     49.16686
       160    875.0724    182.5680     9681.418     108.2906  15.0352   0.0121     1.91    0.137  82.38   0      124.2     9301.284     78.88499
       161    948.7759    109.6997     6587.994      331.768  15.4531   0.0547    12.25    0.562  -1.89   0      31.77     693.3187     47.59249
       162    328.3345    108.6123     4793.941     291.1011  15.7983   0.0659    10.73    0.560   2.56   0      23.75     542.2068     47.34388
       163    809.6824     90.4312     15110.98     371.7216  14.5518   0.0267    15.21    0.415  -2.20   0      63.06     1333.781     50.89183
       164    291.7885     86.4309      15073.3     365.9688  14.5545   0.0264    10.96    0.460   2.51   2      63.34     1512.486     52.00982
       165     95.8730     70.7348     22164.16     345.1413  14.1359   0.0169    10.80    0.483  -2.44   0       92.5     2155.168     54.43653
       166    764.8719     62.8675     2986.969       239.06  16.3119   0.0869     6.12    0.267 -31.27   2       17.6     424.5239      46.6549
       167    406.6730     60.4624     18512.81     349.2438  14.3313   0.0205    10.94    0.465  -1.79   0      80.66     1817.704      53.1151
       168    671.9189     62.3912     3943.292     265.6052  16.0104   0.0731     7.05    0.371  17.55   2      19.72     537.5703     47.32161
       169    434.9392     59.8721     4981.595     96.48212  15.7566   0.0210     0.00    0.204  63.75   0       95.2     4699.382     64.27338
       170    250.1841     50.9992     2764.494     217.8717  16.3960   0.0856     5.10    0.233   3.80   0      15.37     389.6473     46.60577
       171    611.9328     42.5738     8662.562     106.1308  15.1559   0.0133     0.91    0.093  83.16   0      110.9     8247.854     75.78925
       172    809.9691     33.9497     3443.987     86.50304  16.1573   0.0273     0.00    0.098  43.85   0      76.04     3264.281     58.98093
       173    802.2278     31.7553     4476.039     284.9808  15.8728   0.0691     7.66    0.320   5.86   0      22.52     584.8214     47.78447
       174    168.1641   1009.3997     5837.178     299.5372  15.5845   0.0557    12.19    0.505   7.35  16      30.68     670.8401     48.19185
       175    924.1825   1004.2424     3597.226     269.0005  16.1101   0.0812     6.69    0.265 -54.22   0       17.1      371.885     46.76073
