#   1 NUMBER                 Running object number                                     
#   2 X_IMAGE                Object position along x                                    [pixel]
#   3 Y_IMAGE                Object position along y                                    [pixel]
#   4 FLUX_AUTO              Flux within a Kron-like elliptical aperture                [count]
#   5 FLUXERR_AUTO           RMS error for AUTO flux                                    [count]
#   6 MAG_AUTO               Kron-like elliptical aperture magnitude                    [mag]
#   7 MAGERR_AUTO            RMS error for AUTO magnitude                               [mag]
#   8 FWHM_IMAGE             FWHM assuming a gaussian core                              [pixel]
#   9 ELLIPTICITY            1 - B_IMAGE/A_IMAGE                                       
#  10 THETA_IMAGE            Position angle (CCW/x)                                     [deg]
#  11 FLAGS                  Extraction flags                                          
#  12 SNR_WIN                Gaussian-weighted SNR                                     
#  13 FLUX_APER              Flux vector within fixed circular aperture(s)              [count]
#  14 FLUXERR_APER           RMS error vector for aperture flux(es)                     [count]
         1    552.5232     19.6465     15524.77     299.8537  14.5224   0.0210     6.63    0.104 -77.59   0      84.12     2245.655     52.35847
         2     19.0894     16.5624     3726.073     240.6415  16.0719   0.0701     7.60    0.309 -44.97   0      24.22     613.5606     44.60687
         3    161.6474     11.1230     2330.098     164.9581  16.5816   0.0769     2.82    0.416  66.87  16      22.52     769.9673     45.50432
         4    134.8692     11.4012     2432.008     189.2403  16.5351   0.0845     4.37    0.224 -12.92   0      19.21     560.2802     44.66412
         5    818.6181      2.5101      4635.43     161.4291  15.8348   0.0378     5.74    0.372   1.91  24      41.08     1234.324     47.56218
         6    704.1370      1.8856     1543.721     115.8063  17.0286   0.0815     5.80    0.411   7.99  24      16.28     526.9178     43.94128
         7    858.6493   1001.2306     30134.86     285.3063  13.8023   0.0103     5.56    0.062 -28.47   0      151.3     5035.266     63.47415
         8    497.2711   1022.7545     1723.008     140.0103  16.9093   0.0882     6.56    0.304 -25.44  24      18.07     538.2313     44.44193
         9    449.7975   1022.4297     2610.833     176.0822  16.4581   0.0732     8.00    0.209  -1.76  24      20.69     530.8734     44.62391
        10    406.4096   1020.8627     52535.89     255.3145  13.1989   0.0053     6.18    0.202 -12.59  24      238.9     9659.486     78.29998
        11    117.0096   1023.1558     3507.942      167.305  16.1374   0.0518     6.60    0.633   1.73  24      28.63      929.916     46.19059
        12    132.6949   1000.8142     2064.167     159.3092  16.7131   0.0838     4.85    0.174  79.76   0      17.49     490.0562     44.08413
        13    103.1424    996.2841     4266.266     208.5406  15.9249   0.0531     6.11    0.175 -57.54   0      31.76     855.3636      45.8223
        14   1022.9257    994.4843     7363.339     168.8827  15.3323   0.0249     5.15    0.558  89.65  24      63.06     2331.465      52.5439
        15    926.9364    996.3986     3329.721     221.7516  16.1940   0.0723     5.81    0.165 -20.38   0      23.39     644.8363     45.09233
        16     73.1278    988.5325      30856.5     279.3949  13.7766   0.0098     5.52    0.065 -31.21   0      154.8     5114.012     63.60196
        17    390.7069    983.4091      10164.1     237.5612  14.9823   0.0254     5.95    0.095 -10.91   0      61.14     1600.782     49.57885
        18    682.7377    976.0560     14604.42     284.0688  14.5888   0.0211     6.01    0.073 -26.63   0      84.17     2373.618     53.09546
        19    232.5910    976.8107     7453.128     292.8387  15.3192   0.0427     6.45    0.130 -48.96   0      42.59      1083.01     47.14565
        20    447.1128    973.5668     24007.08     287.2715  14.0492   0.0130     6.15    0.054 -81.91   2        126     3846.938     58.90048
        21    445.5846    962.7610     3986.238     221.8733  15.9986   0.0604     7.66    0.102  65.67   3      26.33     618.5627     45.17664
        22    332.9747    976.9766     2927.973     226.7935  16.3336   0.0841     6.69    0.405 -52.39   0      18.21     450.6299     44.21334
        23    850.8650    970.8086     23087.67     303.1229  14.0915   0.0143    14.94    0.128   4.68   0      118.9     3777.174     58.71398
        24    970.9993    972.3462     4617.523     91.94333  15.8390   0.0216     0.95    0.171  88.58   0      79.85     4711.057     62.22398
        25    379.7828    970.6104     3014.341      102.046  16.3020   0.0368     2.58    0.451 -26.37   0      47.99     2513.713     53.60066
        26    664.1876    969.1511     2936.928     218.5708  16.3303   0.0808     7.91    0.266  -1.03   0      21.08      543.929     44.69035
        27    601.0470    966.7301     5650.848     263.6993  15.6197   0.0507     5.91    0.092 -85.18   0      34.53     920.5492     46.35586
        28    263.0797    960.1066      8547.13     101.1917  15.1704   0.0129     4.93    0.279  56.51   0      132.2      8515.37     74.77486
        29    725.4365    974.2902     7444.375     282.6387  15.3204   0.0412     3.17    0.110   2.72   2      41.36     1038.256     46.72062
        30    282.8083    956.0706     6420.005     95.01829  15.4812   0.0161     4.82    0.253 -19.82   0      107.8     5813.369     66.12772
        31     58.1207    949.2245     66035.98     312.9901  12.9505   0.0051     5.37    0.011 -49.54   0      266.4     11294.16     82.85012
        32      2.4530    953.8684      6340.94     172.5327  15.4946   0.0295     6.60    0.391 -87.06  24      50.45     1436.768     48.72098
        33    460.6133    950.6473     8925.081       296.05  15.1235   0.0360     6.24    0.060 -58.84   0      50.72      1333.65     48.54062
        34    141.3141    953.5283     13221.46     124.6668  14.6968   0.0102     6.13    0.525 -56.49   0        147     11118.79     82.24888
        35    855.0103    949.4133     8435.877     327.4456  15.1847   0.0422    12.78    0.325  19.16   0      41.83     996.4501     46.72651
        36     78.3357    947.9554     14586.86     220.6109  14.5901   0.0164     5.48    0.063 -25.24   0      91.31     2733.044     54.52272
        37    794.0840    948.8043     5883.345     281.3807  15.5759   0.0519     8.04    0.209  15.04   2      33.31     705.7882      45.3985
        38    826.0154    945.8428     2075.625      77.9494  16.7071   0.0408     1.00    0.103 -86.19   0      51.59     1999.038     51.56201
        39    539.9952    942.0402     2709.785     210.9326  16.4177   0.0845     5.12    0.296 -47.02   0       18.9     527.5635     44.60705
        40    702.3788    939.6614      2771.79     233.0176  16.3931   0.0913     8.08    0.016 -41.01   0      18.09     449.6912     43.98681
        41    195.0014    941.9958      1187.88      75.3166  17.3131   0.0689     0.00    0.015 -55.59   2         42     1186.669     47.64273
        42    693.5438    940.3535     2583.904     198.2491  16.4693   0.0833     6.77    0.116 -58.94   0      18.26     450.4824     44.10188
        43    470.9977    928.3224     10040.35     371.1713  14.9956   0.0401    13.02    0.521 -65.36   0      45.74     893.6089     46.22359
        44    121.0013    925.9954     5235.653      86.6746  15.7026   0.0180     4.19    0.004  42.42   2      101.3     5137.646     63.76306
        45    798.3090    925.5818     3658.731     153.8184  16.0917   0.0457     0.00    0.368 -48.65   0      41.66     1803.532     50.20849
        46     77.3281    921.8925     5841.065     181.5546  15.5838   0.0338     5.74    0.019 -71.85   0      41.87     1113.745      47.0864
        47    309.2154    922.6155     2207.449     207.4661  16.6403   0.1021     6.08    0.404 -34.81   0      15.27     340.1019     43.41689
        48    540.5317    917.5580     4596.733     125.6044  15.8439   0.0297     7.14    0.529  52.81   0      71.68     3261.115     56.68121
        49    669.4970    915.6175      10461.6     314.0212  14.9510   0.0326     8.91    0.125 -32.88   0      56.27     1408.427     48.38697
        50    558.3299    916.2615     2236.119     207.4975  16.6263   0.1008     3.97    0.190 -31.93   0      16.78     470.4599     44.09399
        51    969.1467    911.2833      17451.8     282.4706  14.3954   0.0176     5.51    0.069 -32.29   0      99.65     2983.639     55.38123
        52    930.9873    913.2031     4083.772     242.4957  15.9723   0.0645     5.23    0.031  -7.19   0      22.43     632.8504      44.9232
        53    796.9016    909.7208      7763.79     335.4647  15.2748   0.0469     8.11    0.234 -30.48   0      29.86     611.4338     44.48628
        54    266.2507    910.8454     2099.861     195.2051  16.6945   0.1010     6.77    0.211  20.64   0       16.4      397.674     43.82889
        55    397.8604    906.9595     5376.915     281.8399  15.6737   0.0569     7.36    0.208 -62.81   2      30.42     564.2518     44.57479
        56    181.3145    910.6947     2278.526     196.0374  16.6059   0.0934     6.36    0.396 -34.96   0      16.56     433.5779       43.792
        57   1002.7410    908.4611     4520.433     242.9046  15.8621   0.0584     6.61    0.337  14.89   0      28.39     678.2851      45.2606
        58    302.0004    907.2190     2994.931     211.2396  16.3090   0.0766     6.57    0.259 -59.06   2      20.98     475.5459      44.1202
        59    473.0766    903.0603     4685.523     239.0029  15.8231   0.0554     5.79    0.100 -51.79   0      31.29     838.3124      45.8444
        60    713.7506    917.0916     1970.994     201.2227  16.7633   0.1109     6.23    0.318 -61.94   0       15.8     403.1419     43.52158
        61    386.3347    901.7996     2412.368     202.9286  16.5439   0.0914     6.09    0.170  55.12   0      17.59     449.0727     44.20533
        62    962.4210    897.8882     5720.921     304.6117  15.6063   0.0578     6.52    0.124  43.91   0       26.3     599.4474      44.5349
        63    416.9424    899.9752     5124.927     87.78706  15.7258   0.0186     0.00    0.133  36.80   0      95.42     4809.328     62.58189
        64    891.7197    897.1469     3507.398     228.4458  16.1375   0.0707     6.31    0.070  80.77   0      25.38     645.6329     44.76998
        65    352.0991    897.7755     2736.757     87.17042  16.4069   0.0346     4.88    0.284 -63.68   0      63.56     2335.512     52.46832
        66     62.0208    895.4368     5278.071      220.438  15.6938   0.0454     5.72    0.127 -82.68   0      35.89     962.3835     46.87442
        67    831.8836    890.9494     15455.72     303.0448  14.5273   0.0213     6.41    0.033 -62.30   3      77.97      2179.76      51.9777
        68    827.6923    886.2794     9234.085     259.8075  15.0865   0.0306     6.08    0.188 -46.01   3      57.39     1476.409     48.90555
        69    808.8760    893.0224     3090.771     223.7025  16.2748   0.0786     5.42    0.111 -69.72   0      21.63     598.8821     44.86012
        70    624.3580    890.9277       4780.4     267.0981  15.8013   0.0607     6.48    0.048  -0.06   0      28.55     702.8025     45.27571
        71    354.8927    890.2845     3216.164     185.6272  16.2317   0.0627     5.59    0.216 -39.07   0      25.87     718.4203     45.24613
        72    229.9650    881.5577     5315.217     263.4099  15.6862   0.0538     6.26    0.208 -54.40   0      32.67     842.0812     46.07575
        73    161.9942    880.7735     3756.174     84.16892  16.0631   0.0243     0.90    0.142  89.28   0      74.91     3786.056      58.8315
        74    137.3467    874.6311     11527.59     293.4962  14.8457   0.0276    13.11    0.047  31.31   0      62.04     1555.041     49.36872
        75    290.1567    875.4147     2441.071     144.5922  16.5310   0.0643     6.61    0.162 -73.55   0      20.02     536.6131     44.65313
        76    500.3632    872.8429     9575.323     298.6021  15.0471   0.0339     6.02    0.027 -47.69   1      51.39     1368.782     48.60437
        77    867.1010    874.0898     1612.854     79.71564  16.9810   0.0537     4.64    0.206  45.26   0      45.83     1350.843     48.11574
        78    554.8887    871.4774     6178.424     235.7992  15.5228   0.0414    11.40    0.158  14.24   0      38.47     912.4246     46.10445
        79    487.8558    868.2144     25951.28     308.8443  13.9646   0.0129     5.65    0.074  -3.23   0      129.6     3994.095     59.62976
        80    430.9721    872.5986     2515.912     206.6242  16.4983   0.0892     6.21    0.209  53.57   0      16.11     406.5492     43.98616
        81    164.6482    866.0031     5543.647     247.3431  15.6405   0.0485     6.73    0.038 -51.95   2      36.47     720.4439     45.36418
        82    356.8336    860.9775     142894.1     377.0755  12.1125   0.0029    12.46    0.091 -19.41   2      427.8     23441.97     111.3797
        83    352.4536    845.1774      18358.6     296.2745  14.3404   0.0175     5.98    0.081 -68.03   3      98.06     2752.708     54.69408
        84    760.1391    865.1959     9590.263     242.1128  15.0454   0.0274    11.36    0.275   6.90   0      65.15     1112.582     47.39124
        85    531.3645    859.5916     3986.335     276.7705  15.9986   0.0754     6.48    0.257 -77.93   0      20.67     488.0114     44.40508
        86    623.2140    858.7855     2601.207      219.895  16.4621   0.0918     6.92    0.385 -45.40   0      17.13     378.4614     43.61723
        87   1002.6267    856.3871     2344.252     199.8175  16.5750   0.0926     5.59    0.348 -44.49   0      15.13     353.4336     43.59888
        88    515.6516    852.0383     11654.11     390.1137  14.8338   0.0364    12.31    0.494 -14.60   0      48.18     932.9117     46.52163
        89    199.0828    848.1566      4108.02     268.3531  15.9659   0.0709     7.58    0.197 -40.55   0      20.78     505.5665      44.0532
        90    884.2677    843.2147     2892.116     219.0827  16.3470   0.0823     6.16    0.098 -64.08   0      22.28     571.9775     44.61417
        91    935.8668    841.3582     2691.618     169.1081  16.4250   0.0682     0.00    0.298  80.87   0      25.51     1066.062     47.06387
        92    388.4774    840.2319     1929.782     185.3687  16.7862   0.1043     7.21    0.272 -24.52   0      15.57     394.2806     43.69957
        93     57.2159    835.4157     29528.71     309.1026  13.8244   0.0114     5.58    0.089 -32.09   0      146.9     4762.819     62.41275
        94    916.0165    835.7010     3235.319     96.39383  16.2252   0.0324     5.16    0.298 -87.48   0      64.07     2567.156     53.64486
        95    111.6283    829.5325     74408.43     316.3188  12.8209   0.0046     5.48    0.072 -27.86   0      287.5        12342     85.67632
        96    379.7951    827.8307     2964.355     195.5852  16.3202   0.0717     8.64    0.230  89.01   0      22.11     540.7848     44.67436
        97    887.6086    822.5970     1827.937     187.2125  16.8451   0.1112     5.82    0.145  43.74   0      14.15     365.8148     43.55128
        98    176.1824    811.8705     3217.742     195.2546  16.2311   0.0659     6.43    0.204 -52.64   0      23.63     604.6049      44.8891
        99    359.1265    808.1436     17817.61     268.1237  14.3729   0.0163     5.59    0.049 -31.94   0      101.2     3021.145     55.62289
       100     49.3987    804.4183     3310.091     255.0522  16.2004   0.0837     7.86    0.260  39.13   0      19.42     455.5043     44.01683
       101    234.7287    800.0154     19907.98     295.3994  14.2524   0.0161     6.37    0.156 -11.30   3      103.6     3014.755     55.77234
       102    225.8613    799.5964     7765.281     272.7802  15.2746   0.0381     6.70    0.147 -52.95   3      42.65     1076.423     47.21752
       103    756.3395    800.1781     2788.536     200.9313  16.3866   0.0783     5.43    0.139 -34.31   0      22.08     621.7562     44.86703
       104    903.0325    796.4352     8724.781     306.0472  15.1481   0.0381    15.12    0.467  81.78   0      42.05     627.7305     45.11451
       105    849.6823    789.4385     75043.75     313.2836  12.8117   0.0045     5.49    0.034 -26.11   0      290.3     12418.19     85.82127
       106    194.5185    791.2705     7253.777        249.4  15.3486   0.0373     6.36    0.175 -36.95   0      47.42     1230.379     47.64604
       107    677.6151    786.2371     6669.004     341.5886  15.4398   0.0556     8.08    0.043 -39.70   2      26.58     545.4734     44.80743
       108    683.9482    782.8427     5199.439     308.6094  15.7101   0.0645     7.69    0.305 -47.68   3       27.3     484.3968     44.27631
       109    545.0862    787.4755     3808.115     226.5977  16.0482   0.0646     6.41    0.047 -70.48   0      26.91     627.1632     44.56657
       110    325.5554    786.8046     5698.811      291.474  15.6105   0.0555     6.60    0.096   6.24   2      30.36     714.2419      45.4408
       111    656.3609    785.8551     4050.697      257.141  15.9812   0.0689     5.84    0.050  87.18   0      22.58     533.8681     44.52952
       112     43.6635    786.3851     2437.652     90.53154  16.5326   0.0403     1.44    0.274 -45.44   0      48.68     2256.418     52.49837
       113    536.0392    774.7719     2357.178     199.8322  16.5690   0.0921     6.04    0.255  -7.85   0      16.87     446.5134     44.19217
       114   1011.4205    770.4665     4266.891      280.508  15.9247   0.0714     8.45    0.442 -42.85  18      21.94     381.4013     43.74443
       115    858.3625    766.9762     28308.75     296.8946  13.8702   0.0114     5.94    0.053 -13.98   0      143.6     4809.715     62.81718
       116    194.9595    766.9075     9286.133     97.96951  15.0804   0.0115     4.55    0.163  64.13   0      134.6     8738.325     75.31979
       117   1006.1375    761.5475     7130.668      268.636  15.3672   0.0409     5.79    0.088  13.92   0      43.56     1169.705     47.56173
       118    679.3681    758.2151     25009.23     246.4528  14.0047   0.0107    13.43    0.130 -10.39   0      138.6     3871.607     59.24364
       119    529.9666    756.5314     4196.736     101.0822  15.9427   0.0262     5.25    0.355 -83.60   0      71.32     3499.272     57.62823
       120    106.7720    757.4252     3711.111      235.494  16.0762   0.0689     5.65    0.194 -76.02   0       24.5     643.7131     45.19496
       121    408.5102    746.0039     2167.708     195.9089  16.6600   0.0981     5.51    0.262   1.62   0      15.68     400.4883     43.73185
       122    651.6514    738.9802     16434.12     240.4555  14.4606   0.0159     5.75    0.082 -11.71   0       95.7     2755.232     54.70456
       123    621.1346    738.0776     6186.895     317.5237  15.5213   0.0557    10.85    0.150 -19.11   0      30.73     717.1137     45.13139
       124    448.6737    734.1006     13981.82     277.4713  14.6361   0.0216     5.61    0.093 -41.43   0         80     2242.339     52.15697
       125    424.0987    732.7323     4836.639     224.9266  15.7886   0.0505     5.78    0.038  19.99   0      33.95     870.8752     45.79255
       126    474.1203    730.6484     5988.104     283.1967  15.5568   0.0514     6.02    0.060 -21.36   0      34.04     835.1022     45.72169
       127    133.2245    726.1649     28773.04      295.187  13.8525   0.0111     5.60    0.082 -33.58   0      144.5     4679.402     62.26547
       128    906.3052    726.6382     7241.967     234.2278  15.3504   0.0351     5.93    0.120  -9.26   0      48.98      1342.43      47.9742
       129    670.0446    725.4664     9431.607     215.8015  15.0635   0.0248     6.08    0.063 -36.53   0      60.36     1591.584     49.53667
       130    537.9294    724.5176      3678.53     223.2065  16.0858   0.0659     8.36    0.298 -26.06   0      24.61     570.0301     44.38453
       131    393.2542    722.8083     4239.156     207.9241  15.9318   0.0533     9.42    0.183 -53.17   0      29.18     761.7014     45.67755
       132     98.1945    722.1513     7326.256     251.9035  15.3378   0.0373     5.76    0.068 -35.94   0         46     1266.438     48.12343
       133    177.5482    710.7227     17564.63     269.2742  14.3884   0.0166     5.77    0.071 -31.17   0       98.3     2756.645     54.53144
       134    137.9534    709.3798     21235.96      302.136  14.1823   0.0155     6.83    0.144 -55.14   0      110.3     3312.315     57.05774
       135    451.5212    711.4951     3040.044     228.5158  16.2928   0.0816     6.41    0.211 -11.94   0      18.26     477.9458     44.02165
       136    896.0881    705.4368     10460.21     224.0875  14.9511   0.0233     5.63    0.093   1.77   0      67.64     1913.906     50.80196
       137    350.2914    707.5829     1303.356     179.9054  17.2123   0.1499     6.25    0.661  66.57   0      11.82     284.5033     42.89756
       138    651.3608    706.9156     2324.724     210.5173  16.5841   0.0983     6.23    0.249 -79.30   0      15.64     404.0392     43.52626
       139    580.2596    704.6742     5713.519     305.8074  15.6077   0.0581     8.70    0.105   6.16   0      28.35     617.2427     44.73503
       140    713.9489    705.9348     2488.852     80.67435  16.5100   0.0352     4.44    0.130  62.22   0      60.58     2150.007     52.03567
       141    419.1894    703.1996     4216.732     245.6238  15.9376   0.0633     7.68    0.146 -40.16   0      26.61     687.5936      45.1993
       142    224.7877    689.5730     3580.787      211.869  16.1151   0.0643     5.28    0.031  72.24   0      25.82     738.1251     45.56009
       143    817.8228    682.9236     2044.841      190.707  16.7234   0.1013     6.49    0.147 -54.17   0      15.55     361.7326     43.52997
       144    989.5034    678.3872     21934.77     255.3573  14.1472   0.0126     3.99    0.089  -6.19   0      121.5     4321.805     60.78561
       145    693.8727    676.6778     2476.238     224.1702  16.5155   0.0983     7.26    0.231  26.95   0      17.88     429.8428     43.66079
       146    530.5310    670.5424     2629.406     131.6296  16.4504   0.0544     3.41    0.492  44.93   0      41.72     1538.254     49.29139
       147    617.0172    668.9549     1332.644      98.2292  17.1882   0.0800     0.00    0.021  48.77   3      36.83     1035.648     47.12469
       148    614.5058    665.1935     2626.804      207.925  16.4514   0.0860     4.94    0.065 -79.83   2      17.59     468.9883      44.0864
       149    793.2070    664.0930     2925.241     86.25512  16.3346   0.0320     4.88    0.288  27.19   0      67.15     2553.705     53.76997
       150    524.5351    663.2891     4007.189     267.3551  15.9929   0.0725     7.83    0.199  59.01   0      22.67     579.5417      44.4332
       151    502.9869    660.3638     24367.13     305.2839  14.0330   0.0136     5.77    0.082 -23.34   0      124.3     3861.338     59.28674
       152    935.1988    661.2662     7054.538     225.5368  15.3788   0.0347     6.02    0.008  77.33   0      46.68     1308.874     48.42448
       153    472.2182    660.5787     3909.424     99.20985  16.0197   0.0276     2.41    0.387 -63.23   0      70.36       3053.5     56.01733
       154    140.2034    650.5467      19434.3     250.2086  14.2786   0.0140     7.27    0.070 -55.58   0      109.9     3278.045     56.83512
       155    672.0016    655.0004     4970.343      85.9761  15.7590   0.0188  -307.49    0.001  -5.99   3      95.08     4691.455     62.15234
       156    674.5980    649.9297      4857.24     286.1573  15.7840   0.0640     6.94    0.156 -86.39   2      24.28     592.6948     44.71958
       157    359.3491    654.4149     1879.967     193.6912  16.8146   0.1119     5.56    0.259 -66.60   0      14.58     356.3747     43.61421
       158    474.8517    641.6691     3257.884     184.3573  16.2177   0.0615     0.00    0.358 -17.09   0      32.28     1381.933     48.56527
       159    119.6648    638.6483       6411.3     209.1195  15.4826   0.0354     5.69    0.064 -87.38   0      43.96     1187.086     47.64471
       160    623.8851    627.8036     3810.268     107.2772  16.0476   0.0306     5.74    0.510 -85.88   3       49.9     2212.909     52.40304
       161    618.9629    617.6943       109856     372.6934  12.3979   0.0037     5.92    0.117 -88.34   2      356.2     15294.43     92.96959
       162    203.7631    628.7511     2480.733     94.59798  16.5135   0.0414     5.30    0.404  44.84   0      59.75     2069.928     51.59006
       163    776.6905    624.3836      2713.58     222.7711  16.4161   0.0892     8.49    0.125  -5.92   0      18.86     374.1819     43.37008
       164    267.2822    622.3878     4720.171       261.03  15.8151   0.0601     9.28    0.212 -57.33   0      28.49      725.818     45.39109
       165    567.2635    622.0557     1315.101     81.90277  17.2026   0.0676     2.47    0.248  11.23   0      33.99     1009.074     46.89223
       166    824.2131    616.8893     2121.972     192.7108  16.6832   0.0986     3.60    0.233 -27.97   0      14.28     389.1511     43.44846
       167    454.0077    613.6814     4317.964     275.7162  15.9118   0.0693     7.46    0.140 -31.89   0      23.37     573.7731     44.62332
       168    210.8863    613.2139     9411.881      302.948  15.0658   0.0350     6.56    0.106 -30.33   0      53.16     1355.303     48.33947
       169    308.2058    610.0920     7997.583     293.2609  15.2426   0.0398     7.36    0.229 -46.60   0      44.76     1094.697     47.20195
       170    530.1724    608.6600     2440.002     165.1095  16.5315   0.0735     4.94    0.125 -67.72   0      21.29     586.7525     44.79862
       171    407.9891    608.0068     2929.536     80.40057  16.3330   0.0298     4.18    0.004  29.27   2      74.12     2946.392      55.4049
       172    996.5925    602.2104     2705.617     248.1924  16.4193   0.0996     7.21    0.579  43.31   0      15.53     358.2641     43.51186
       173    722.9592    599.6465      2311.14     208.1675  16.5904   0.0978     7.64    0.051  52.45   0      16.55      330.966     43.25618
       174     60.5520    591.6190     294888.4     462.0324  11.3259   0.0017     5.49    0.074 -39.83   0      648.6     49081.95     155.1127
       175    600.9939    591.8406     36876.35     291.0471  13.5831   0.0086     5.80    0.086 -48.73   0        173     5752.824     66.06744
       176    305.3596    593.3940      4047.61     244.4696  15.9820   0.0656     5.68    0.088 -55.71   0      25.81     692.2855     45.43856
       177    506.1154    591.1177     1996.263     135.1319  16.7495   0.0735     7.11    0.037  49.50   0      17.23     434.2817     43.79565
       178    145.2227    588.9092     7459.785     105.8867  15.3182   0.0154     5.36    0.180 -28.19   0      108.6     6223.182     67.30397
       179    133.2545    588.8918     3019.527     223.6301  16.3002   0.0804     5.73    0.226 -29.31   0      20.89     523.4702     44.14547
       180    177.8355    584.7938     2503.104     216.4319  16.5038   0.0939     7.26    0.138 -89.38   0      17.86     452.4899      44.2229
       181      1.9088    581.3850     1668.622     140.7926  16.9441   0.0916     5.34    0.313 -73.73  24      14.81     412.1858     43.56878
       182    305.2565    579.0390     1838.749     132.1203  16.8387   0.0780     0.00    0.211  16.19   0      21.61     816.0218     45.84052
       183    768.5159    572.0026     2246.231     200.3169  16.6214   0.0968     4.36    0.252  -0.58   0      16.11     408.2712     43.88381
       184    565.9821    564.5095     2002.922     184.7983  16.7458   0.1002     5.56    0.272  88.68   0      15.16     378.1838     43.27825
       185    185.8563    561.9971     2497.024     79.16852  16.5064   0.0344     0.91    0.090   2.57   0      60.71     2524.443     53.73718
       186    999.6938    558.4982     2731.631     239.7005  16.4089   0.0953     7.44    0.508  25.12   0      16.55     407.5404     43.43214
       187    166.9690    550.6245     5135.275     304.9769  15.7236   0.0645     9.76    0.032  39.25   0      25.55     602.2269     44.98585
       188    680.1589    550.1075      4586.54     196.8414  15.8463   0.0466     5.90    0.095 -46.91   0      32.12     806.3817     45.47133
       189     83.8831    545.2625     61408.34      302.019  13.0294   0.0053     5.59    0.098 -27.73   0      253.9     10167.19     79.57596
       190    150.9994    544.0020     5821.562     88.19756  15.5874   0.0165     4.18    0.002  64.12   2      109.7     5974.261     66.67839
       191    909.3611    535.8730     92524.18     337.8726  12.5844   0.0040     5.47    0.018  41.74   0      328.3     15272.39     93.12589
       192     42.0597    540.7231     3103.402     210.1967  16.2704   0.0736     6.78    0.020  23.53   0      21.79     582.4408     44.55787
       193    951.5005    533.0198     6713.905     239.3975  15.4326   0.0387     6.03    0.114 -43.62   2      43.93      1026.03     46.55622
       194    483.3138    532.9001     2874.154      238.302  16.3537   0.0900     7.23    0.190 -44.54   0      17.92     339.9732     43.07712
       195    243.9879    521.5311     32121.81     289.8512  13.7330   0.0098     5.61    0.062 -33.73   0      159.2     5274.804     64.25008
       196    620.6050    517.0174     2534.083     211.8998  16.4904   0.0908     6.69    0.237  52.46   0      16.64     359.5631     43.51864
       197    944.0825    509.8035     11096.76     254.3234  14.8870   0.0249     5.86    0.081 -80.20   2      69.62     1459.079     49.02477
       198    727.1068    509.0882     1500.051     79.39338  17.0597   0.0575     4.70    0.251  45.82   0      45.04     1289.626     48.02969
       199     60.5753    508.3958     2685.472     162.4656  16.4274   0.0657     5.45    0.180 -39.28   0      22.41     600.2021      44.8668
       200      2.0733    507.5063      1301.63     141.9316  17.2138   0.1184     6.03    0.627 -85.16  24      13.17     322.3054     43.09738
       201    305.7863    507.9884     1593.609     168.3534  16.9940   0.1147     3.33    0.195  -0.14   0       14.1     393.8652     43.69741
       202    269.6126    502.1266     4134.144      237.965  15.9590   0.0625     5.72    0.077 -84.84   0      28.12      726.605     45.50259
       203    615.4868    500.1334     6145.206     116.3932  15.5287   0.0206     6.42    0.385  75.68   0      82.79     4589.237     61.69825
       204    703.9089    495.3107     2922.083     198.6364  16.3358   0.0738     5.42    0.089  44.43   2      21.31     547.9241     44.38146
       205    379.0852    494.4601     2328.893     192.3203  16.5821   0.0897     5.73    0.176 -65.31   0       19.1     482.0243     43.93158
       206    214.9133    493.7453     10777.17     110.5941  14.9187   0.0111     5.32    0.373  70.90   0      142.3     9750.994     78.37826
       207     51.8519    492.3993     3420.943     251.7759  16.1646   0.0799     7.23    0.204  87.12   0       17.7     396.2285     43.70971
       208    849.7679    482.7719     70300.14      311.397  12.8826   0.0048     5.55    0.048 -27.86   0      277.6     11751.63     84.21188
       209    614.7046    475.6670     3082.795     118.7884  16.2776   0.0418     2.05    0.323  49.09   2      45.37     1912.353     50.79501
       210    956.3030    477.5968     1702.063     99.08024  16.9226   0.0632     4.91    0.459 -40.09   0      38.14     1295.713      48.1601
       211    301.7826    475.9937     946.1288     76.20442  17.5601   0.0875     2.80    0.208  -2.78   0       30.2     813.9713     45.83035
       212    311.2259    472.0427     5331.026     267.5662  15.6830   0.0545     5.84    0.220 -22.32   0      31.29     831.5388     46.12981
       213    788.0124    462.1596     16068.49     273.4254  14.4851   0.0185     5.62    0.052 -31.47   0      93.64     2795.497     55.04947
       214    248.0017    461.8473     23299.53     125.3927  14.0816   0.0058     0.00    0.108  89.69   0        208     23341.87     111.0872
       215    485.9108    457.5332     8562.795     266.6559  15.1685   0.0338     5.70    0.082 -26.10   0      54.35     1485.322     48.84698
       216    521.4080    458.0018     11199.33     121.9306  14.8770   0.0118     3.21    0.489  -0.06   0      131.3      9040.23     76.41747
       217    866.0847    454.9988      4314.08     115.9668  15.9128   0.0292     3.28    0.559  -0.18   0      57.72     2477.525     53.62961
       218    318.9270    446.2072     60316.68     323.1197  13.0489   0.0058     5.70    0.100 -27.41   0      246.3      9441.69     77.60226
       219    200.4087    448.3006     18535.25     250.8563  14.3300   0.0147     5.60    0.097 -32.48   0      104.7     3075.224     55.93088
       220    170.2110    450.0270     4548.067     233.1767  15.8554   0.0557     5.56    0.093 -53.06   0      32.35      885.858     46.29118
       221      8.4790    441.7535     19576.15      260.856  14.2707   0.0145     5.97    0.127 -41.08  16      106.6     3144.398     56.12423
       222    970.3986    442.6494     6545.855     245.7888  15.4601   0.0408     6.47    0.142 -42.36   0      42.21     1071.286     47.08909
       223    890.4458    443.9526     3456.832     217.9924  16.1533   0.0685     5.78    0.147 -34.46   0      25.16     671.8043     45.22805
       224    575.9145    443.5507     3105.668     231.2387  16.2696   0.0809     6.21    0.224 -15.23   0      17.22     372.9117     43.36343
       225     92.9279    439.6481     9889.686     296.7896  15.0120   0.0326    12.17    0.199 -15.42   0      52.84     1283.582     48.10281
       226    476.0868    438.8425     5869.039     281.3691  15.5786   0.0521     5.91    0.074 -22.06   0      33.02     798.8594     45.54118
       227    256.2471    434.9435     2928.376     199.2579  16.3334   0.0739     5.71    0.070  -1.90   0      22.74     600.8389     44.87003
       228   1010.7360    430.3235     3867.326     263.5524  16.0315   0.0740     8.05    0.617  20.44  16      21.51     454.9751      44.0141
       229    697.7941    431.1197     2354.671     207.6273  16.5702   0.0958     6.32    0.356  76.37   0      15.84     371.9098     43.69509
       230    431.1123    431.7175     2891.137     226.7565  16.3473   0.0852     5.98    0.589 -25.12   0      16.82     380.9792     43.51816
       231    416.9991    430.2886     2541.722     83.79264  16.4872   0.0358     0.87    0.162  86.90   0       56.9     2495.059     53.52151
       232    920.6370    427.3364     2645.267     204.3887  16.4438   0.0839     4.67    0.143 -48.17   0      16.16     414.2246     43.80318
       233    397.9449    421.5208     2821.273     181.8128  16.3739   0.0700     6.40    0.200 -36.71   0      22.63     563.5719     44.35144
       234     91.3368    416.7776     12221.39     273.3563  14.7822   0.0243     6.27    0.048 -49.62   0      71.49     1943.741     51.22235
       235    905.7121    417.3257      4459.94     220.1487  15.8767   0.0536     0.00    0.260  50.31   0      30.92     893.8596     46.01284
       236    647.3630    418.8875     1677.147     181.7269  16.9386   0.1177     5.59    0.443  -3.40   0      13.73     319.4976     43.08257
       237    657.8807    408.0063     3137.834     80.98724  16.2584   0.0280     4.56    0.117   0.51   0      67.64     2789.909     54.84844
       238    211.8456    406.1273     3084.683     205.4723  16.2770   0.0723     6.25    0.175 -72.90   0      21.67     550.3721     44.50397
       239     21.9180    399.9141     2211.614     103.8352  16.6382   0.0510     0.00    0.012 -50.63   2      46.05     1410.962     48.60046
       240    804.4761    397.5798     5581.653        187.2  15.6331   0.0364    -0.18    0.399 -37.42   1      49.69     2353.495     53.00925
       241    810.5882    390.4206     8869.129     264.6178  15.1303   0.0324     5.89    0.081 -13.32   0      53.43      1379.43     48.65413
       242    854.0387    391.2405     1621.635      144.994  16.9751   0.0971     2.01    0.175 -87.15   0      15.99     558.9503     44.54776
       243    711.7610    387.0002     41683.11     306.1647  13.4501   0.0080     5.64    0.057 -21.03   0      191.5     6840.482     69.70866
       244    530.2052    382.3244     2411.626     199.8941  16.5442   0.0900     3.68    0.218  23.54   0      15.73     424.6002     43.85698
       245    259.2336    375.5552     9726.982      313.099  15.0301   0.0350     6.23    0.107 -26.40   2      50.39     1257.334     48.08042
       246    665.6627    375.5306     4193.301     256.3152  15.9436   0.0664     6.12    0.078 -30.72   0      26.06     619.7105     44.85667
       247    904.3527    374.9066     3093.325     221.5092  16.2739   0.0778     5.48    0.148  -5.16   0      21.45     534.8779     44.09344
       248    741.5093    373.0001     3737.933     237.5863  16.0684   0.0690     7.41    0.186  20.79   0      23.41     613.0432     44.82288
       249    804.5616    368.0240     2818.979     188.4117  16.3748   0.0726     8.05    0.258 -12.26   0      22.15     571.9602     44.94158
       250    353.5396    365.9330     1479.124     83.82738  17.0750   0.0615     2.02    0.222  -0.81   0      30.09     1208.958     47.74894
       251    886.8881    359.5251     12352.21     331.2612  14.7706   0.0291     6.48    0.057   5.16   1      59.93     1564.398     49.21353
       252    530.1039    359.4940     5052.712     264.5727  15.7412   0.0569     7.04    0.062 -51.01   0      30.09     694.8417     45.12754
       253    306.2789    357.5971     35971.41     270.2853  13.6101   0.0082     5.60    0.068 -20.03   0      175.6     6086.183     67.05878
       254   1007.6796    357.1429     3322.526     248.7567  16.1963   0.0813     8.36    0.407 -16.13   0      20.17     469.2802      43.8656
       255    577.7902    355.0470     2588.954     239.5652  16.4672   0.1005     6.69    0.221   7.46   0      16.16       339.91     43.64048
       256    230.2658    353.4823     3741.642     265.7533  16.0673   0.0771     8.27    0.436 -38.76   0      19.98     405.2863     43.64492
       257    883.8079    349.1371     15469.96      338.125  14.5263   0.0237     0.53    0.137 -46.81   1      75.97     2779.906     54.80698
       258    504.2264    346.0011     4793.309     215.4467  15.7984   0.0488     5.97    0.115 -24.92   0      32.64     868.2687     46.31042
       259     60.4646    338.0611     31597.42      292.798  13.7509   0.0101     6.70    0.098 -45.14   0      155.4     5228.491     64.08604
       260    587.6843    343.4626     1083.001     76.61154  17.4134   0.0768     1.33    0.095  67.52   0      28.97     1128.046     47.15538
       261    859.8983    339.5929     10311.56     320.0808  14.9667   0.0337     6.66    0.114 -35.28   0      55.54     1509.624      49.1592
       262    526.0369    335.4860     5614.209     227.3294  15.6268   0.0440     6.31    0.147 -47.85   0      36.05     883.4609     45.96144
       263     10.7291    345.3945      25565.8     306.5739  13.9809   0.0130     6.75    0.108 -41.32  18      120.7     3673.037     58.30949
       264     31.7920    332.4118     3141.834     234.4232  16.2570   0.0810     7.75    0.249 -32.57   0       19.4     502.7487      44.2601
       265    971.6585    332.9199     1663.821     172.7462  16.9472   0.1128     5.35    0.298  15.22   0       13.5     329.1657     43.13354
       266    483.0984    329.4930      5580.79     234.1811  15.6333   0.0456     5.82    0.089 -28.24   0      39.13      1002.78     46.44259
       267    980.9025    314.3532     2902.943     224.0577  16.3429   0.0838     7.42    0.422  -1.43   0      19.42     501.0136      43.8071
       268    187.4139    312.1610     4076.621     258.1125  15.9742   0.0688     6.27    0.158 -60.85   0      24.82     613.1617     45.14946
       269    235.5045    336.5995     7499.582     269.4019  15.3124   0.0390     5.84    0.109 -50.95   0      43.28     1145.666     47.44672
       270    571.1669    306.8908     52608.68      299.024  13.1974   0.0062     5.56    0.097 -22.91   0      228.3     8626.048     74.91502
       271    256.8322    305.1592     27721.43     294.7911  13.8930   0.0115     5.87    0.180  59.20   0      135.7     4279.757     60.78924
       272    304.2068    310.2295     3505.922     238.3917  16.1380   0.0738     8.48    0.367 -25.88   0      22.65     563.1995     44.78825
       273     80.9133    308.3210       8348.8     247.4503  15.1959   0.0322     5.74    0.121 -16.55   0      53.76     1477.241     48.80937
       274    388.3970    306.1124     6216.318     248.4528  15.5162   0.0434     6.33    0.097  -2.28   0      39.95     997.0919     46.72963
       275    778.0054    305.0563     3017.256     226.8829  16.3010   0.0817     6.36    0.342 -41.31   0      18.04     462.3164     44.16282
       276    709.9118    300.9106     11312.62     102.5629  14.8661   0.0098     4.50    0.132  45.43   0        147      11105.9     82.27269
       277    139.1304    295.3960     10517.52     299.3184  14.9452   0.0309    13.30    0.117 -73.77   2      60.15      1530.11     49.25382
       278    141.7218    285.4221      4877.11     256.4447  15.7796   0.0571     6.49    0.047 -45.08   3      28.41     704.2027     45.28274
       279      5.0932    302.9039     1460.336     85.22266  17.0889   0.0634     3.14    0.220 -26.52  16      31.99     899.7659     46.14805
       280    158.1560    290.0126     1193.817     76.93958  17.3077   0.0700     2.45    0.166   3.59   0      37.47     1033.216     47.11296
       281    610.9258    283.9724     2830.924     222.8907  16.3702   0.0855     5.87    0.471 -58.54   0      16.96     364.1229     43.54245
       282     52.8364    278.2846     5923.205     280.1071  15.5686   0.0514     8.14    0.630 -17.77   2      29.23     1218.741     47.59049
       283    846.6846    277.8784     4553.387     175.8132  15.8542   0.0419     0.00    0.480 -65.42   0      50.64     2374.361     52.72912
       284    453.4101    275.8851     3022.061     168.8294  16.2992   0.0607     8.99    0.175  22.59   0      22.72     595.7581     44.73515
       285     43.8380    274.4424     4613.626     261.4052  15.8399   0.0615     8.03    0.352 -62.37   0      25.79     573.5134     44.62199
       286      5.4503    263.3597     2042.731     192.6173  16.7245   0.1024     5.64    0.501  66.59  16      14.78     397.3709     43.82732
       287    601.7993    263.6074     2133.301      192.089  16.6774   0.0978     4.81    0.227  57.27   0      15.21      394.635     43.70142
       288     73.8211    261.0563     6565.058     269.5207  15.4569   0.0446     6.50    0.115  -9.06   0      39.79     979.7758     46.64533
       289    202.9599    257.5636     3401.989     182.5373  16.1707   0.0583     5.57    0.106 -10.23   0      26.26     684.2507     45.18249
       290    267.9949    256.9975      1137.37     75.16402  17.3602   0.0718     0.00    0.017 -41.85   2       42.8     1160.717     47.51876
       291    270.5634    253.1937     1073.986     92.48653  17.4225   0.0935     2.58    0.458  63.37   2       22.7     976.3954     46.83805
       292    822.1437    246.9953     4079.243     226.8695  15.9736   0.0604     6.10    0.079 -17.44   0      28.61     759.0816     45.66452
       293    962.0496    246.2675     3242.191     239.1643  16.2229   0.0801     7.48    0.278  31.85   0      19.45     439.0032     43.93155
       294    543.4306    241.6022     10270.05      302.785  14.9711   0.0320     6.72    0.122 -30.95   0      55.81     1386.111     48.78563
       295    521.8852    242.0323     2957.916     209.4567  16.3225   0.0769     6.08    0.168 -32.63   0      20.85     537.1581      44.3263
       296   1011.6069    236.7252     1344.805     162.8463  17.1784   0.1315     5.37    0.505  54.19   0      12.27       308.39      43.1374
       297    697.6797    234.1922      9687.72      209.174  15.0344   0.0234    11.44    0.362  47.80   0      68.19     1130.377     47.37343
       298    955.1024    227.6021     2647.858     211.4446  16.4428   0.0867     5.23    0.097 -26.13   0      16.91     480.3958     44.14517
       299     16.9785    223.8890     1586.008     76.50854  16.9992   0.0524     4.37    0.118 -84.09   0      47.83     1441.066     48.64064
       300    505.7810    216.6908     7867.735      273.313  15.2604   0.0377     6.41    0.048 -15.53   0      48.68     1308.361     47.91466
       301    203.1921    217.3345     1863.892     181.2875  16.8239   0.1056     6.11    0.180 -45.76   0      14.57     344.0398      43.4375
       302    636.8890    208.0446     3772.193      234.513  16.0585   0.0675     6.84    0.218 -30.04   0       23.4     581.4734     44.44308
       303     92.0734    209.7261     1844.356      185.264  16.8354   0.1091     6.44    0.214  15.66   0      15.35     400.2711      43.6188
       304    581.3309    202.6016     13620.59     295.1125  14.6645   0.0235     6.56    0.159 -12.45   3      77.96     2191.188     52.30875
       305    570.4900    204.1902     8519.499     262.4614  15.1740   0.0335     5.70    0.107 -38.99   3      54.87     1525.212     49.13182
       306    486.2560    202.7467     1130.488     79.87325  17.3668   0.0767     1.79    0.277 -43.92   0      33.06     1201.268     47.91678
       307    773.0295    194.7329     2194.529     187.0046  16.6466   0.0925     4.07    0.207   1.44   0       17.8     502.1172     44.25686
       308    780.4277    186.5880     3042.213     162.9639  16.2920   0.0582     0.00    0.283 -32.77   0      33.09      1426.52      48.8736
       309    679.3645    184.6617     3817.563     230.3512  16.0455   0.0655     6.99    0.061 -33.88   0      27.17     677.3549     45.14779
       310    793.0092    180.0514     19822.87      300.665  14.2571   0.0165    10.47    0.089  -4.83   0      104.1     3148.424     56.31441
       311    644.8364    175.2215     96695.58     334.8781  12.5365   0.0038     5.59    0.075 -30.55   0      339.7     16188.19     95.48839
       312    159.8575    177.9296     18356.29     242.2655  14.3405   0.0143     6.27    0.152 -24.15   0      105.8      3188.57     56.30282
       313    374.5253    175.3115     63785.77     305.0072  12.9882   0.0052     5.53    0.097 -31.23   0      259.9     10663.26     80.98036
       314    511.0355    176.0063     4639.501     85.09705  15.8338   0.0199     4.26    0.046  -1.40   0      93.37     4429.454     61.34636
       315    256.0172    174.2137     2138.637     109.4104  16.6747   0.0556     3.08    0.563  89.75   0       32.6     1266.517     48.02212
       316    908.1248    165.2543     3502.793     93.16714  16.1390   0.0289     5.20    0.195  69.81   0      68.87     2864.923     54.98087
       317    607.3906    160.6682      18312.1     249.6771  14.3432   0.0148     6.95    0.086 -19.50   0      103.3     3033.184     55.75979
       318    967.1283    161.8820     2166.281     199.6149  16.6607   0.1001     5.52    0.200  54.49   0      15.13     370.3377     43.34993
       319    974.8094    157.5317     2795.326     131.9158  16.3839   0.0513     5.77    0.328  68.89   0      45.82     1724.795     50.14411
       320    673.3607    152.4960     2587.851     201.9182  16.4677   0.0847     5.84    0.325 -50.72   0      16.93     390.1553     43.22814
       321    801.0563    149.8337     7129.474     99.19568  15.3674   0.0151     5.00    0.304 -72.10   0      114.5     6496.598     68.36415
       322    835.9131    145.6425     2043.601     200.6967  16.7240   0.1067     6.14    0.168  -2.11   0      15.33     397.0111     43.48955
       323    676.6141    134.6362     3167.862     226.4948  16.2481   0.0776     5.71    0.182  44.47   2      19.35     477.5911     44.46179
       324     94.2819    133.4904     2585.444     197.6335  16.4687   0.0830     7.18    0.308 -14.32   0      20.07     498.2562     44.12638
       325    426.9268    129.4181     4244.033     253.9655  15.9306   0.0650     6.68    0.128  10.20   0      27.96     730.2053     45.52057
       326    352.8711    125.9499     4412.962     281.0615  15.8882   0.0692     8.85    0.615   6.02   0      22.31     377.0881     43.49783
       327    922.5052    123.6603     2696.533     220.5483  16.4230   0.0888     7.36    0.359  70.85   0      19.26     481.3423     43.81663
       328    198.7279    122.6021     5381.985     237.6159  15.6726   0.0479     6.05    0.081 -28.63   0      36.49     951.5304     46.50751
       329    927.3264    108.6656     12654.45     273.2693  14.7444   0.0235     5.89    0.077  -4.67   0      73.92     2101.609     51.72944
       330    957.2142    110.5014     1970.787     200.0042  16.7634   0.1102     5.50    0.523 -23.57   0      13.81     325.5663      43.2278
       331    307.3989    107.7298     9737.994      287.043  15.0288   0.0320     5.59    0.105 -18.60   0      57.98     1613.421     49.63676
       332    321.6687     96.5411     3316.044      227.182  16.1985   0.0744     6.93    0.233 -33.64   0      22.47     564.2346     44.57471
       333    108.5073     96.3567     2303.101     185.1671  16.5942   0.0873     7.79    0.169  23.48   0      17.28     387.6201     43.32777
       334    788.1234     89.1146     27624.88     310.0734  13.8967   0.0122     5.69    0.106 -20.95   2      130.4     4074.907     59.60986
       335    270.8539     85.3377     24555.25     268.3654  14.0246   0.0119     5.49    0.106 -21.58   0      131.6     4266.618     60.57893
       336   1020.1635     83.8993     2486.625     188.6593  16.5110   0.0824     6.89    0.142  45.51  16      18.41     501.6637     43.81047
       337    409.8057     82.2124     2750.612      232.997  16.4014   0.0920     7.64    0.099 -48.05   0      18.33     437.6615     43.92461
       338    532.5637     75.3232     3010.634     237.4049  16.3034   0.0856     7.15    0.291 -21.78   0      19.47     499.3675     44.24273
       339     74.0037     69.7362     41310.64     298.6103  13.4598   0.0079     5.59    0.332 -32.41   0      189.1     7044.341     70.30067
       340    200.6487     72.7994     2853.663     230.4612  16.3615   0.0877     6.53    0.462 -17.33   0      17.55     366.6478     43.55563
       341    832.3784     67.8415     3212.671     214.9131  16.2328   0.0726     8.09    0.071  87.11   0      25.17     653.3132     45.24321
       342    552.3193     65.7550     3159.468     212.5695  16.2510   0.0731     5.27    0.202 -34.42   0      21.44      568.592     44.37716
       343    652.1935     61.1157     8293.517     313.2294  15.2032   0.0410     7.41    0.080  -2.19   0       43.3     1114.966     47.40268
       344    385.3521     59.2559     34118.93     284.6241  13.6675   0.0091     5.63    0.107 -27.95   0      167.7     5767.545     66.04409
       345    740.7455     61.1570     5150.839     224.7006  15.7203   0.0474     5.64    0.051 -57.09   0      35.48     965.2674     46.67942
       346    263.0561     59.3286     2871.705     233.1151  16.3547   0.0882     5.79    0.278 -51.58   0      18.91     466.5051     43.96255
       347    434.9570     59.8854      4989.49     88.82239  15.7549   0.0193     4.60    0.187  63.05   0      95.74     4673.341     61.92841
       348    777.8815     56.6609     4756.534     276.5198  15.8068   0.0631    11.07    0.394  27.39   2      27.66     603.8348     44.55729
       349    200.0201     54.9990      3513.36     82.03429  16.1357   0.0254     0.00    0.017  46.58   2      74.77     3156.945     56.26197
       350    230.6222     50.2138     5510.999     225.6069  15.6469   0.0445     6.50    0.187 -31.41   0      37.62     1029.028     46.98883
       351    446.3761     51.2449     3148.549     242.1228  16.2547   0.0835     5.88    0.204  66.63   2       18.2     397.6301     43.94005
       352    865.0308     41.4440     2529.054     200.6376  16.4926   0.0862     5.61    0.255 -35.71   0      19.21     536.7757     44.65396
       353    579.7959     40.2178     3345.821      242.308  16.1887   0.0786     8.90    0.244  15.00   0      21.95     495.1105     44.22086
       354    556.7000     33.9736     2714.555     227.1182  16.4158   0.0909     7.26    0.250 -44.72   0      17.78     382.4935      43.0745
       355    782.4350     30.4462     8398.038      238.954  15.1896   0.0309     5.65    0.102  -4.32   0       54.9     1514.609     49.18224
       356    677.6911     27.9487     5095.899     250.3717  15.7319   0.0534     6.03    0.116  -6.23   0      33.47     871.4011     45.90178
       357    190.2212     27.9910     4926.055     284.9282  15.7688   0.0628     6.87    0.063  17.03   0      26.74     629.0742     44.90409
       358    354.9240     26.1927     5030.507      237.794  15.7460   0.0513     3.77    0.127 -39.01   2      34.18      1097.15     47.21376
       359    360.0050     23.0083     3491.647     81.97412  16.1424   0.0255     4.24    0.009  35.82   3      74.76     3138.145     56.18597
       360    924.9277     21.5996     4930.201     298.3406  15.7678   0.0657     8.23    0.420  11.88   2       23.8     378.6784     43.61835
       361    794.9404   1017.2366     3102.605     203.0994  16.2707   0.0711     5.23    0.139 -42.74  16       24.2     687.6263     45.19947
       362    577.8202   1018.5398     2114.154     188.8582  16.6872   0.0970     5.11    0.254 -88.43  16      15.34     367.4782     43.55996
       363    147.0970   1008.8972     9871.952     201.0367  15.0140   0.0221     5.55    0.030 -79.54   0      66.01     1826.477     50.11755
       364    708.2842   1010.2795     1776.668      167.874  16.8760   0.1026     3.56    0.210 -47.20   0         14     382.6645     43.30177
       365    904.6972   1003.3282     7437.451     285.2156  15.3214   0.0416     6.33    0.141 -26.57   0      44.83     1126.244     46.93887
