#   1 NUMBER                 Running object number                                     
#   2 X_IMAGE                Object position along x                                    [pixel]
#   3 Y_IMAGE                Object position along y                                    [pixel]
#   4 FLUX_AUTO              Flux within a Kron-like elliptical aperture                [count]
#   5 FLUXERR_AUTO           RMS error for AUTO flux                                    [count]
#   6 MAG_AUTO               Kron-like elliptical aperture magnitude                    [mag]
#   7 MAGERR_AUTO            RMS error for AUTO magnitude                               [mag]
#   8 FWHM_IMAGE             FWHM assuming a gaussian core                              [pixel]
#   9 ELLIPTICITY            1 - B_IMAGE/A_IMAGE                                       
#  10 THETA_IMAGE            Position angle (CCW/x)                                     [deg]
#  11 FLAGS                  Extraction flags                                          
#  12 SNR_WIN                Gaussian-weighted SNR                                     
#  13 FLUX_APER              Flux vector within fixed circular aperture(s)              [count]
#  14 FLUXERR_APER           RMS error vector for aperture flux(es)                     [count]
         1    915.6133     14.3626     4148.658      366.087  15.9552   0.0958     5.55    0.101  35.65   0       17.2     899.8183     82.68703
         2    752.1635      8.2951     32728.42     467.3694  13.7127   0.0155     4.93    0.114   4.02  16      112.8     6473.204     95.50141
         3    513.9820      3.6056     5143.321     251.0937  15.7219   0.0530     4.93    0.214   7.46  24      24.38     1258.016     83.02305
         4    437.3116      4.6873     2537.382     274.3273  16.4890   0.1174     1.73    0.526   6.00  16      14.82     1034.294     82.19138
         5    628.1837      2.2689     4165.726     288.3366  15.9508   0.0752     5.07    0.296  -2.34  24         19     1060.392      82.6965
         6    488.0190    995.6310     5311.375     393.8051  15.6870   0.0805     7.11    0.138 -51.79   0      20.33     935.7408     82.56974
         7    243.9261   1021.2514     10794.79     345.2314  14.9170   0.0347     5.27    0.094  21.05  24      46.56     2519.714     86.20101
         8    779.7244    988.4203     17581.08     445.1484  14.3874   0.0275     5.14    0.031  12.05   0      65.18     3527.374     89.21919
         9    822.2605    986.4769     10597.51     449.5833  14.9370   0.0461     5.77    0.166  -3.09   0      37.82     1906.019      84.5675
        10    947.8955    983.9598     25368.96     466.6555  13.9892   0.0200    12.32    0.037 -74.59   0      88.45     4850.485     91.55829
        11    329.2915    989.8284     3898.201     316.1954  16.0228   0.0881     4.86    0.125  64.72   0      17.85     913.1755     81.41833
        12    308.7267    979.1577     14904.55     427.3824  14.5667   0.0311     5.02    0.050   2.99   0         57     3068.811     87.84028
        13    541.3953    978.1046     8738.421     333.3281  15.1464   0.0414     0.00    0.521 -65.92   0      57.94     4427.223     91.28732
        14    970.9958    972.3688     4404.094      158.791  15.8904   0.0392     0.90    0.177 -88.19   0      64.89     4411.427     91.63853
        15    379.7622    970.6271     2714.646     180.2271  16.4157   0.0721     2.69    0.426 -24.55   0      30.39      2333.44      86.5378
        16     97.0252    966.7468     7593.025     461.7993  15.2990   0.0660     6.14    0.268 -16.22   0      25.31     1310.103     83.16551
        17    155.0334    961.8063     18192.11      423.894  14.3503   0.0253     4.63    0.058  26.86   0      70.82     4127.613     90.93192
        18    557.8063    963.2215     4622.699     362.7075  15.8378   0.0852     5.43    0.204   1.63   0      19.46      981.105     82.26152
        19    175.5118    960.4995      13541.8     371.8727  14.6708   0.0298     4.84    0.026 -36.81   0      56.27     3068.812     87.22832
        20     86.9779    958.9295     41171.54     482.6858  13.4635   0.0127     4.82    0.037 -51.72   0      138.4     8390.252     100.6715
        21    544.0637    985.9894     11047.57     466.3767  14.8918   0.0458     5.19    0.039  84.75   0      40.96     2218.297     85.61143
        22    282.8117    956.0692     6546.196     159.0455  15.4600   0.0264     0.00    0.246 -24.42   0      95.31     5700.707     94.40462
        23    141.3161    953.5404     12469.89     201.2143  14.7603   0.0175     6.13    0.522 -56.27   0      117.5     10696.45     105.4116
        24    478.4164    945.2682     6135.267     407.6402  15.5304   0.0722     5.15    0.155 -11.76   0      25.49     1345.337     83.47592
        25    567.3262    942.1343     23538.84     521.8131  14.0705   0.0241     5.01    0.026 -53.56   0      78.49     4293.498     90.75726
        26    766.2387    928.3910     9426.226     421.2923  15.0642   0.0485     5.51    0.072 -70.61   0      35.49     1815.219     85.16593
        27    120.9973    926.0092     5402.278     210.7535  15.6686   0.0424     4.18    0.003 -26.10   2       89.5     5017.963     92.74639
        28    363.1300    922.9606      4035.22     354.8703  15.9853   0.0955     4.72    0.370  38.33   0      16.76     910.4808     82.06617
        29    989.0280    909.6622     5764.042     377.8745  15.5982   0.0712     4.74    0.098  21.06   0      24.73     1355.262     83.07417
        30    158.8835    908.0619      5420.21     411.6026  15.6650   0.0825     5.01    0.083 -49.20   0      21.04     1150.898     82.29649
        31    929.3690    904.0313     8900.633     529.0746  15.1264   0.0646     8.27    0.239   9.29   2      23.86     1226.535      83.3663
        32    925.1137    899.1146     5114.939      430.521  15.7279   0.0914     5.31    0.230  61.66   3      18.76     911.4663     81.85104
        33    452.2637    902.9268     19851.32     452.2674  14.2555   0.0247     5.68    0.134   4.13   0      73.78     4021.066     90.27048
        34    789.2486    890.8785     2441.292     169.6655  16.5310   0.0755     3.64    0.387 -10.47   0      23.77     1680.765     83.95995
        35    232.1626    886.6813     15322.04     500.6976  14.5367   0.0355     7.14    0.311  15.74   0      49.82     2230.672     85.43554
        36    597.5612    885.4263     6753.547     413.4194  15.4262   0.0665     4.70    0.076  -5.25   0      28.35     1564.447     84.28249
        37    584.6627    880.7587     10425.53     467.0303  14.9548   0.0486     5.00    0.131 -27.01   0      38.48     2187.875     85.53064
        38    858.4317    877.9530        32341     455.5706  13.7256   0.0153     5.00    0.089  26.80   0      115.1     6870.179     97.54606
        39    161.9953    880.8502     3786.246     143.0725  16.0545   0.0410     1.02    0.086 -89.47   0      64.63     3961.094     90.31728
        40    261.9886    878.6060     4468.018     369.9232  15.8747   0.0899     6.97    0.130   4.74   0      19.65     995.3008     82.30074
        41    453.8447    873.5337     78483.58     489.1135  12.7631   0.0068     4.77    0.035  10.60   0      236.5     16113.88     116.8139
        42     91.7842    862.5342     3833.463     375.5247  16.0410   0.1064     6.56    0.292 -21.35   0      15.55      701.569     81.48556
        43    449.3316    857.7435     16783.61     440.7079  14.4378   0.0285     4.92    0.088  19.27   0      63.55     3483.422     88.70548
        44    153.9707    847.8038     9084.738     386.8531  15.1042   0.0462     5.09    0.109  36.33   0      37.87     2127.493     85.78734
        45    208.5024    842.0128     66521.01     457.9181  12.9426   0.0075     4.76    0.040 -13.96   0      209.6     13833.53     112.2897
        46     34.4958    831.6715     3118.288     326.7528  16.2652   0.1138     5.62    0.246 -49.27   0      14.64     791.5713     81.07818
        47    456.0715    820.7997     5737.971      364.632  15.6031   0.0690     6.93    0.181 -10.78   0      23.91     1252.841     83.00888
        48    147.3199    816.7935     8365.988     439.4037  15.1937   0.0570     4.94    0.081  71.59   0      30.37      1627.49     84.24062
        49     79.9533    817.5042     9512.118     417.0792  15.0543   0.0476     7.52    0.168   8.10   0      39.07     1993.041     84.37887
        50    332.7405    812.3789     12246.05     412.1177  14.7800   0.0365     0.16    0.293 -11.02   0      56.73     3929.883     90.04061
        51    946.4601    802.1259     59212.74      486.541  13.0690   0.0089     4.85    0.074  36.41   0      186.8     12136.34     108.8004
        52    292.0154    803.2164     2333.959     275.7822  16.5798   0.1283     5.02    0.181 -88.80   0      13.36     782.2748     81.71035
        53    642.4031    799.7597     9532.528     420.2888  15.0520   0.0479     5.16    0.053  -7.21   0       39.5     2220.884     86.03439
        54     43.7014    786.2877     2399.714     150.0596  16.5496   0.0679     1.78    0.264 -45.31   0      35.27     2200.386     84.93551
        55    955.6296    780.1186       5526.1     420.2466  15.6440   0.0826     8.55    0.242  62.31   0      22.01     1031.557     82.40079
        56    496.6616    778.4899      5612.17     171.2743  15.6272   0.0331     0.94    0.100 -57.16   0      67.47     5345.907     93.16402
        57    776.5457    771.1461     7765.803     407.4542  15.2745   0.0570     4.76    0.097  58.55   0      31.93     1768.037      84.8297
        58    203.6423    769.6832     3519.167      357.049  16.1339   0.1102     4.32    0.164  45.09   0      16.03     871.4321     81.52106
        59    194.9222    766.8445     9548.243      163.279  15.0502   0.0186     4.82    0.257  61.52   0      124.8     8791.213     101.3967
        60    529.9933    756.2586     3178.052     145.2105  16.2446   0.0496     1.23    0.124  89.98   0      50.39     3143.062     88.23479
        61    748.5388    751.8249     11080.36     438.7754  14.8886   0.0430     4.84    0.104   2.84   0      42.93     2326.493      86.1058
        62    928.1608    751.9165      2687.72     141.3167  16.4265   0.0571     1.02    0.108   9.24   0      39.49     2418.248     85.72504
        63    718.4230    750.4520     4186.276     320.6071  15.9454   0.0832     4.48    0.099 -11.80   0      19.96     1102.257     82.81146
        64    545.5305    746.7785     5513.373     392.7869  15.6465   0.0774     5.61    0.241 -26.40   0      22.31     1123.806     82.87059
        65    521.2845    745.2682        10524     368.8153  14.9445   0.0381     5.30    0.121 -27.69   0      41.99     2194.412     85.12953
        66    571.3656    743.1677     6266.604     339.6187  15.5074   0.0589     4.99    0.067 -52.03   0      27.39      1378.58     83.77979
        67   1003.2412    739.2649     13346.61     434.8448  14.6866   0.0354     5.32    0.081  18.19   0      49.27     2560.238     86.51443
        68    230.0230    738.7479     22386.93      401.321  14.1250   0.0195     4.99    0.061 -14.88   0      84.45     4850.042     92.52718
        69    766.8087    737.8399     8644.636     376.0586  15.1581   0.0472     4.91    0.080  20.81   0      38.29     2193.811     86.17032
        70     48.1856    734.6738     3675.234     325.7726  16.0868   0.0963     4.08    0.077  30.95   0      16.71     956.4562     82.41035
        71    274.4764    723.3189      8778.24     422.0017  15.1415   0.0522     5.42    0.107 -10.36   0       34.7     1752.778     83.72923
        72    234.7410    721.8672     8601.554     410.1029  15.1636   0.0518     8.46    0.223  52.64   0      33.13     1629.465     84.03373
        73    992.8802    718.2062     12095.64     417.4166  14.7934   0.0375     5.38    0.139  49.14   0      46.78      2525.87     86.63046
        74    516.1712    716.0038     5077.103     389.1077  15.7360   0.0832     5.01    0.083  62.11   0      19.81     1016.326     82.79125
        75     82.2224    707.8984     23555.72     511.4519  14.0698   0.0236    13.31    0.172  38.66   0       78.1     4229.165     90.00278
        76    444.4460    706.7572      20326.6     430.2561  14.2298   0.0230     5.03    0.043   2.51   0      77.21     4363.544     91.32438
        77    713.9477    705.8928     2375.785     143.9494  16.5605   0.0658     4.46    0.154  61.46   0      48.23     2113.041     84.70147
        78    222.2145    703.9645     7923.071     390.7665  15.2528   0.0536     5.12    0.025 -45.29   0      33.34      1734.38     84.94994
        79    321.7971    702.2796     7741.513     383.7436  15.2779   0.0538     4.73    0.102  20.52   0      32.05     1764.408      84.6092
        80    790.3449    688.8954     5751.833       384.89  15.6005   0.0727     4.13    0.111  19.77   0      24.08     1366.673     82.67455
        81    599.8750    673.0704     10356.05     417.5388  14.9620   0.0438     5.04    0.092  18.68   0      43.23     2401.389     85.88847
        82    530.4401    670.3196     2128.015     161.1384  16.6801   0.0822     3.60    0.534  48.79   0      30.36     1556.137     83.83517
        83    237.1208    663.0604     17134.13     384.6522  14.4153   0.0244     4.78    0.110 -18.03   0      66.64     3704.157     89.06899
        84    472.1636    660.6138     3913.807     166.3433  16.0185   0.0462     2.55    0.386 -63.10   0      51.81     3034.326     88.35936
        85    770.2776    663.5812     4428.815     338.3866  15.8843   0.0830     6.92    0.432 -13.12   0      22.46     1432.359     83.71252
        86    873.5831    636.8979     3165.971     349.2372  16.2487   0.1198     5.34    0.265  47.32   0      13.77     614.3756     80.80123
        87    715.9899    630.1136     41148.58      550.103  13.4641   0.0145    14.47    0.133 -87.67   0      126.1      6710.75     96.62107
        88    203.8838    628.8884     2607.979     147.3763  16.4592   0.0614     0.00    0.251  44.67   0      49.19     2159.615     85.24631
        89     48.6739    626.6266     12253.54     412.1218  14.7793   0.0365     5.15    0.130 -35.84   0       48.1     2645.948     86.73929
        90    551.3929    626.2743     4054.799     375.6586  15.9801   0.1006     5.99    0.111 -60.68   0      15.81     661.6362     81.15438
        91    307.7298    625.8368      4122.28     353.6661  15.9622   0.0932     4.16    0.171  80.98   0      17.94     965.1493     82.21743
        92    405.4102    622.9187     6403.942     441.4319  15.4839   0.0749     5.41    0.208  -7.16   0      22.09     1118.302      82.6397
        93    157.4873    604.2369     225349.3     592.1393  11.6179   0.0029     4.86    0.015  82.36   0      493.8     43689.79     161.5815
        94    820.5077    613.1935       3414.2     325.5904  16.1668   0.1036     5.09    0.241  -1.12   0      14.96     765.8508     81.66465
        95    697.8829    604.5175     19659.11     485.4959  14.2661   0.0268    10.92    0.077 -71.09   0      68.78     3914.592     89.80339
        96    230.6679    601.0574     3338.165     326.9057  16.1912   0.1064     5.60    0.215  34.96   0      15.06     819.8553      81.8148
        97    579.9958    593.0045     2844.829     141.5692  16.3649   0.0540     4.18    0.002  22.05   2      62.62     2974.947     87.59708
        98    865.4225    584.4771     3918.677     359.7932  16.0172   0.0997     5.31    0.309  46.51   0      14.48     823.5224     81.82499
        99    777.0387    562.5567     6708.741     371.2974  15.4334   0.0601     5.05    0.095  35.54   0      28.44     1571.967     84.09068
       100    264.2218    562.6202     5733.763     418.2296  15.6039   0.0792     5.28    0.112  35.37   0      21.16     1072.117     82.94427
       101     59.1808    562.4889     6727.152     456.5096  15.4304   0.0737     5.52    0.112  71.67   0      21.68     1065.415     82.06008
       102     12.5274    562.8430     4599.057     319.5054  15.8433   0.0754     7.29    0.145  17.19   0      19.64     884.0577     81.99296
       103    180.8044    557.7833     39271.11     477.1349  13.5148   0.0132     5.06    0.106  25.13   2      125.7     7180.924     97.90331
       104   1006.1163    548.5268     40395.59     472.9745  13.4842   0.0127     5.28    0.074  26.18   2      135.8     7972.514     99.18536
       105    999.8038    535.5353     28448.21     487.7661  13.8649   0.0186     5.47    0.128  61.81   2      95.86     5464.287     94.02383
       106    340.8942    534.1083     37097.15      440.041  13.5766   0.0129     6.05    0.075 -24.82   0      125.6     7301.914     98.00174
       107    643.5959    524.9817     6873.812     425.1953  15.4070   0.0672     9.25    0.340  49.18   0      25.87     1332.924     83.22785
       108    157.5928    520.9599     4235.503     373.3844  15.9327   0.0957     7.24    0.456 -31.77   0      17.31     843.5428     82.31557
       109    407.0058    519.9986     2687.076     153.4318  16.4268   0.0620     4.26    0.016  16.92   2      48.84     2201.982     85.56812
       110    366.6742    514.5577     17271.07      449.978  14.4067   0.0283     5.15    0.122  11.09   0      63.67     3472.254       88.878
       111    256.5088    513.0662     6958.538     437.6563  15.3937   0.0683     6.59    0.065  -4.28   0      25.82     1223.913     82.49789
       112    946.4193    495.4572      30632.6     475.8251  13.7845   0.0169     4.84    0.082  -2.17   0      108.6     6240.636     95.69563
       113     71.1429    492.6262     21559.94     555.7759  14.1659   0.0280     7.33    0.325  29.77   2      66.16     3474.864     88.88467
       114    382.1199    490.5389     10819.02     463.3842  14.9145   0.0465     5.37    0.015   9.67   0      41.53     2246.048     85.26727
       115    569.7407    490.1371     4774.273     411.2458  15.8027   0.0935     5.40    0.159  29.23   0      17.55     870.5228     81.95544
       116    214.9154    493.7779     10878.84     173.0411  14.9085   0.0173     5.19    0.348  69.02   0      133.1     9819.419     103.5034
       117     33.1912    482.0260     3266.749     338.9249  16.2147   0.1127     3.08    0.190  -1.62   0      14.48     791.3303      81.9537
       118    884.8000    474.8208     8538.062     402.3754  15.1716   0.0512     5.03    0.077  37.00   0      31.94     1694.048     84.20821
       119    582.9930    470.0393     4589.209     366.3604  15.8457   0.0867     4.59    0.007  30.51   0      19.86     1068.693     82.93488
       120    297.3035    460.7978     19871.51      420.569  14.2544   0.0230     4.89    0.064  27.71   0      74.85     4201.507     90.72363
       121    415.6275    458.8134     49991.63     479.4291  13.2528   0.0104     4.83    0.049   5.18   0      161.4     9854.477     104.0962
       122    472.7754    460.2964     9217.534     445.8918  15.0885   0.0525     5.03    0.057  21.92   0      34.45     1822.853     83.70617
       123    247.9985    461.8456     23466.73     171.5093  14.0739   0.0079     4.44    0.107 -89.35   0      202.1     23553.66     130.6251
       124    521.4900    457.9937     10769.97     197.0323  14.9195   0.0199     3.13    0.469   0.32   0      113.5     8815.651     101.6273
       125    105.2546    454.2751     8225.575      408.804  15.2121   0.0540     5.39    0.046  15.95   0      32.56     1643.355     83.85863
       126    864.9988    455.0059     3042.004     141.8854  16.2921   0.0507     0.00    0.008 -52.32   2      58.83     2746.606     87.00263
       127    189.2956    452.0904      5446.71     410.5313  15.6597   0.0819     5.47    0.467  -6.48   0      19.04     973.0462     82.02184
       128     19.3541    448.6663     4941.315     346.5476  15.7654   0.0762     5.20    0.062 -10.86   0      21.32     1135.429     82.68679
       129    901.2904    447.6496     6394.062     375.8855  15.4856   0.0638     4.27    0.043  20.79   0      26.23     1472.873     83.18092
       130   1017.9797    439.0076     3249.502     312.8883  16.2205   0.1046     5.25    0.349  -1.13  16      15.11     896.4011     82.02717
       131    161.3953    435.1297     22335.36     476.5522  14.1275   0.0232     4.93    0.089  10.04   0      79.16     4442.894     91.32633
       132    492.3488    433.1974     3831.134     225.4889  16.0417   0.0639     0.00    0.428  31.05   0      44.61      2316.31     85.87124
       133    188.3371    429.3115     5380.002     385.8291  15.6730   0.0779     5.54    0.187  66.43   0      21.17      1026.35     81.95181
       134    308.6886    418.7780     3545.616     344.3371  16.1258   0.1055     6.01    0.220  62.90   0         16     826.1861     81.39482
       135    901.0012    411.0039     7567.828      477.003  15.3026   0.0685     5.64    0.212  43.86   0      21.26     1073.147     82.51543
       136    535.1473    408.8494     4478.755     402.3014  15.8721   0.0975     5.58    0.264  30.85   0      17.19     890.0748     82.22708
       137    907.8230    402.8732     5860.918     445.1815  15.5801   0.0825     6.56    0.323 -48.42   2      20.54     922.0644     82.31545
       138    808.3504    399.8612     13579.08     391.7701  14.6678   0.0313     5.19    0.151   6.95   2      50.86      2687.14     86.84716
       139     98.1179    395.4250     4153.689     359.9416  15.9539   0.0941     6.24    0.236   8.71   0      17.03     833.7404     81.85337
       140    958.7181    387.3225      13787.6     380.3296  14.6513   0.0300     4.91    0.146  -3.48   0      54.85     2921.654     86.84406
       141    762.8337    388.2812     11360.23     451.9485  14.8615   0.0432    10.87    0.289  11.31   0      40.03     1960.682     84.92479
       142    356.1144    387.8835     6513.431     402.3412  15.4655   0.0671     4.86    0.047  -3.64   0      28.28     1503.906     83.47984
       143     81.1819    382.2564     7033.982     377.4567  15.3820   0.0583     6.04    0.141  -0.71   0      29.03     1436.529     83.72384
       144    901.6616    380.4265     5126.233     367.9087  15.7255   0.0779     4.90    0.219  -1.82   0      23.82     1336.496     83.45185
       145     10.2769    374.2694     4847.793     359.1388  15.7861   0.0805     6.45    0.104  15.27   0      20.23     1045.325     82.00443
       146    984.9446    372.5074     6516.928     371.1799  15.4649   0.0619     7.11    0.451  25.30   0       28.9     2186.553     85.10855
       147    627.2643    372.0746       4290.1     368.6049  15.9188   0.0933     4.45    0.176 -32.60   0      16.32     881.2024     81.76696
       148    403.0857    370.3376     17591.35      456.051  14.3868   0.0282     5.19    0.101   8.95   0       62.4     3383.504       88.247
       149    534.7821    370.0883     4774.424     196.9133  15.8027   0.0448     6.11    0.531  -1.58   0      38.41     2911.237     87.22717
       150    254.4813    364.2202     10617.83     416.6112  14.9349   0.0426     5.86    0.079  17.16   0         42     2341.639     86.14577
       151    107.6606    357.9241     18811.66      425.277  14.3139   0.0246     4.97    0.087  -4.54   0      68.61     3782.691     89.46896
       152    157.3416    350.4071     44465.75     504.1076  13.3799   0.0123     4.98    0.029  18.32   0      144.6     8485.632     101.0634
       153    956.6453    352.3407     4189.792      372.159  15.9445   0.0965     6.00    0.385  57.81   0      17.35     907.7177     82.05852
       154    332.5182    349.0891     13814.97     423.6533  14.6491   0.0333     5.40    0.084  -1.39   0      52.88     2733.062     86.76169
       155    542.3843    346.8486     29543.36     466.7754  13.8239   0.0172     5.12    0.159   9.43   0      102.7     5984.545     95.46032
       156    622.9481    347.8835     7261.377     414.7761  15.3475   0.0620     5.19    0.129   4.06   0      27.91     1451.049     83.12127
       157    178.0280    320.9617     22212.84     415.4344  14.1335   0.0203    12.39    0.082 -75.20   0      79.66      4434.72     91.69627
       158    667.8882    319.4650     121078.1      512.891  12.2923   0.0046     4.88    0.060  -1.77   0      324.3     24384.72     131.6569
       159    353.7633    317.8530     29622.14     557.4638  13.8210   0.0204     5.49    0.308  54.59   0      91.26     4997.345     92.69585
       160    283.9721    324.7974     3428.872     351.9542  16.1621   0.1115     5.05    0.190 -88.35   0      14.78     815.3748     82.23776
       161    485.3146    318.7330     3106.701     325.3757  16.2693   0.1137     5.16    0.214  47.40   0      14.18     738.8365     81.15055
       162    882.8336    309.9982     3259.716     319.9496  16.2171   0.1066     5.04    0.172  -0.76   0      14.94     838.8007     82.30248
       163    235.7609    307.9869     5645.143     433.8983  15.6208   0.0835     6.78    0.205  37.57   0      19.07     975.3347     82.89434
       164    709.9869    300.9698     11111.95     154.2713  14.8855   0.0151     0.00    0.041  60.29   0      139.2     10775.24     106.2556
       165    238.7950    297.5572     7010.082     447.7661  15.3857   0.0694     4.99    0.048 -30.32   0      24.73     1343.307     83.68404
       166    141.6713    286.0020     4683.264     394.5754  15.8236   0.0915     5.75    0.354  -2.06   0      16.69     777.7651      81.6978
       167    214.3747    275.4152     12495.27      466.125  14.7581   0.0405     4.92    0.065  23.09   0       47.1     2554.351     86.91084
       168    300.0431    269.7770     85751.48     498.7837  12.6669   0.0063     4.81    0.033  11.73   0      250.1     17508.33     119.7946
       169    170.7532    273.5247     4323.867      379.368  15.9103   0.0953     6.05    0.041  74.88   0      15.45     716.4599     81.30777
       170     49.5554    270.8033      5952.13     388.4711  15.5633   0.0709     5.04    0.119  13.50   0      23.88     1272.169     83.49062
       171     36.2898    261.7553      18336.1     478.3883  14.3417   0.0283     5.10    0.151  -3.17   0      65.83     3529.275     88.62163
       172    639.9918    254.4180     27574.03     496.4337  13.8987   0.0196     5.23    0.108 -21.76   0      91.54     5045.612     92.81413
       173    619.0745    254.9081     4780.071     387.7848  15.8014   0.0881     4.80    0.102 -51.24   0       18.7     975.5787      81.8109
       174    793.7133    246.5291     3221.418     310.0012  16.2299   0.1045     5.62    0.277  40.24   0      14.93     785.4998     81.28114
       175    602.4860    229.2860     7463.576     364.4833  15.3176   0.0530     5.07    0.052 -40.36   0      31.74     1745.944      84.1362
       176    733.7982    220.3734     7448.585     428.6381  15.3198   0.0625     5.70    0.130  20.19   0      29.12     1544.718     84.22926
       177    678.1045    215.2798     7421.722     486.2031  15.3237   0.0711     9.27    0.224 -56.83   0      25.13     1211.414     82.46345
       178    870.1608    207.2415     4008.955     388.4833  15.9924   0.1052     5.89    0.233  11.27   0      14.78      760.602     81.65004
       179    776.1246    197.1830     5937.941     390.7543  15.5659   0.0715     6.09    0.215  16.07   0      23.78     1254.618     83.22857
       180    889.6366    192.4753     20924.76     520.6733  14.1983   0.0270     5.04    0.100   3.79   0      69.73     3659.943     89.35665
       181    741.5226    187.8130     77161.84     507.3263  12.7815   0.0071     4.81    0.081   5.92   0      230.6      15509.6     115.6323
       182    172.5901    191.2333     10315.78     509.0541  14.9662   0.0536     5.48    0.062  70.15   2      32.63      1553.95     84.25417
       183    471.2478    187.8984     35969.47     467.0351  13.6102   0.0141     4.95    0.083  -5.42   0      124.6     7136.238     97.06647
       184    256.6097    190.5160     6628.093     420.8422  15.4465   0.0690     5.52    0.153 -14.76   0      25.23     1238.318     82.96911
       185    511.1705    176.0019     6260.856     164.1687  15.5084   0.0285     0.00    0.227  -2.25   0      91.28      5527.15     94.36507
       186    704.0532    173.0707     8457.584     412.1948  15.1819   0.0529     4.96    0.076   9.26   0      33.83     1813.876      84.3195
       187     79.6749    175.1584     3439.517     337.7215  16.1588   0.1066     5.29    0.289 -11.24   0       15.5     843.2394     81.87974
       188     47.0576    166.5215     10047.14      432.085  14.9949   0.0467     5.43    0.100  71.20   0      36.13     1822.249     84.13009
       189    425.6920    165.3194     3382.333     356.9619  16.1770   0.1146     5.17    0.418  43.49   0      14.53     740.8891     81.37602
       190    524.8644    156.3010     3723.494     349.5999  16.0726   0.1020     5.32    0.281 -77.22   0      14.82     745.2159     80.94814
       191    191.5073    145.5038     6408.757     344.9299  15.4831   0.0585     0.00    0.102  -5.19   0      30.54      2156.24     85.02756
       192    447.6860    138.1359     10441.61     550.4001  14.9531   0.0572     7.14    0.257 -17.14   2      29.22     1476.945     83.19204
       193    295.8654    134.7376     7141.497     391.4537  15.3655   0.0595     5.09    0.182  11.91   0      29.53     1501.687     83.47379
       194    404.8629    122.3891     4824.815     236.1375  15.7913   0.0532     5.92    0.484  77.39   0      49.47     3054.086     87.80218
       195   1022.8287    120.8400     3353.002     305.7485  16.1864   0.0990     6.41    0.242  69.75  24      16.49     958.3915     82.63206
       196    885.0761    101.4407     20739.32     476.7278  14.2080   0.0250     5.16    0.096   0.84   0       76.6     4263.495     90.87878
       197    367.6715     97.7250     17786.39     448.2508  14.3748   0.0274     5.63    0.012  60.54   0      63.95     3348.091     88.35807
       198     26.1716     84.9136     12072.13     361.2186  14.7955   0.0325     5.29    0.120 -43.18   0      47.92     2555.358     86.08777
       199    171.3263     81.9699     21594.74     549.3271  14.1641   0.0276     5.48    0.092  -3.76   3      69.67     3545.953     89.06625
       200    173.6929     73.5416     13014.08     492.4496  14.7140   0.0411     5.82    0.050 -80.79   3       44.7     2277.717     85.35165
       201    748.7806     73.5950     7911.103     370.8308  15.2544   0.0509     5.69    0.235  10.00   0      31.69     1681.701     84.17488
       202    837.4882     73.5861     2379.422     285.3651  16.5588   0.1302     5.53    0.298 -33.16   0      12.82     641.0831      81.0968
       203    482.2844     71.6006      15658.2     420.4149  14.5131   0.0292     5.68    0.171  -2.29   0      58.99     3072.591     88.25563
       204    359.7465     72.0814     2741.505     300.8751  16.4050   0.1192     5.97    0.536 -16.82   0      15.08     746.4858     81.17197
       205    327.2916     62.5201     19301.75     466.5704  14.2860   0.0263     4.95    0.069  -1.78   0      70.94     3813.596     89.54743
       206    434.9632     59.9609     5067.819     145.0941  15.7379   0.0311     0.00    0.084  62.21   0         85     4759.738     92.11144
       207     34.4321     57.0880     14235.47     538.0402  14.6166   0.0410     6.03    0.097  44.95   0      45.14     2190.787     85.32937
       208    299.5922     54.1187     15050.16     557.9289  14.5561   0.0403     5.23    0.044  28.10   0      44.39     2328.713     85.90406
       209    962.3267     54.0231     5902.859     368.3882  15.5723   0.0678     5.31    0.203  17.59   0      22.19     1092.533     82.78477
       210    750.4712     53.2031     3748.047     347.0528  16.0655   0.1006     5.34    0.047  -4.47   0      18.38     949.9475     82.17539
       211     66.0710     52.6851     3040.868     328.0625  16.2925   0.1172     6.26    0.222 -80.48   0      14.75     732.6427      81.1332
       212    676.4084     52.3499     4868.107     388.9856  15.7816   0.0868     4.98    0.128 -45.97   0      17.89     966.5788     82.43826
       213    879.4038     42.8428     7823.493     445.1807  15.2665   0.0618     5.94    0.135  38.19   0      28.88     1433.711     83.92921
       214    286.8029     40.2093     23237.49     472.2797  14.0845   0.0221     5.05    0.120  -1.03   0      83.05     4624.596      91.7774
       215    649.1656     31.9666     11189.49     540.0684  14.8780   0.0524     6.26    0.142  83.23   0      32.57     1529.911     84.18931
       216   1021.4553     33.2660     4655.238     366.4013  15.8301   0.0855     7.88    0.352  35.18  24      18.08     718.9771      81.3148
       217    116.0588     28.9086     5580.818     328.4612  15.6333   0.0639     5.40    0.174 -22.62   0      23.22       1234.4     82.52677
       218    231.8502     23.6799     6596.932     418.6984  15.4516   0.0689     5.36    0.231  -0.43   0      26.43     1321.588     82.76653
       219     74.7643     18.8680     4841.135     360.3754  15.7876   0.0808     7.04    0.151 -18.45   0      20.27     965.6478     82.21881
       220   1001.6218   1015.9521     11972.85     426.8676  14.8045   0.0387     5.00    0.090   7.36  16      45.29      2540.36     86.87424
       221    955.3884   1013.8789     29294.99     462.8122  13.8330   0.0172     5.05    0.056  14.69  16      102.4     5708.387      94.4231
       222     94.9371   1005.7808     7114.321     247.5188  15.3697   0.0378     6.82    0.398 -88.45   0      60.46     4285.925     90.93486
       223    170.1759   1001.0513     9730.957     369.5363  15.0296   0.0412     5.27    0.143  -1.76   0      39.09     2145.552     85.83517
