#   1 NUMBER                 Running object number                                     
#   2 X_IMAGE                Object position along x                                    [pixel]
#   3 Y_IMAGE                Object position along y                                    [pixel]
#   4 FLUX_AUTO              Flux within a Kron-like elliptical aperture                [count]
#   5 FLUXERR_AUTO           RMS error for AUTO flux                                    [count]
#   6 MAG_AUTO               Kron-like elliptical aperture magnitude                    [mag]
#   7 MAGERR_AUTO            RMS error for AUTO magnitude                               [mag]
#   8 FWHM_IMAGE             FWHM assuming a gaussian core                              [pixel]
#   9 ELLIPTICITY            1 - B_IMAGE/A_IMAGE                                       
#  10 THETA_IMAGE            Position angle (CCW/x)                                     [deg]
#  11 FLAGS                  Extraction flags                                          
#  12 SNR_WIN                Gaussian-weighted SNR                                     
#  13 FLUX_APER              Flux vector within fixed circular aperture(s)              [count]
#  14 FLUXERR_APER           RMS error vector for aperture flux(es)                     [count]
         1    563.4649     19.5768     7533.148     298.4327  15.3076   0.0430     6.65    0.060 -12.30   0      40.29     983.7672     48.44249
         2    829.6340      2.3645     2844.061     187.5485  16.3652   0.0716     7.19    0.439  -5.04  24       19.9     558.8782     46.52113
         3    869.7190   1001.6685     14201.85     275.3533  14.6191   0.0211     6.53    0.051  19.77   0      76.87     2036.768     52.85166
         4    417.5553   1021.1492     24599.96     241.1139  14.0227   0.0106     7.35    0.314   2.50  24      130.9     4040.068     61.12203
         5    915.8574   1004.3448     3653.829     187.1068  16.0931   0.0556     1.75    0.073 -89.98   0      29.74     1282.266     49.93023
         6      8.8924    995.2296     4530.283     255.5137  15.8597   0.0613     9.99    0.275 -18.19  16      26.82     663.7926     46.34518
         7     84.3704    988.7934     15573.06     315.2558  14.5191   0.0220     6.32    0.104  -1.28   0      79.64     2148.017     53.72663
         8    401.9743    983.8406      4961.82     257.9739  15.7609   0.0565    10.65    0.234  23.46   0       29.7     728.9299      47.3446
         9    693.9017    976.3878     7133.523      282.978  15.3667   0.0431     6.53    0.171  23.74   0      40.13     993.0676     48.37594
        10    243.4767    976.9681      3403.04     253.9844  16.1703   0.0811     7.07    0.236  -6.34   0      18.48     392.7931     45.46844
        11    458.4216    973.9995        12575     333.7105  14.7512   0.0288     6.54    0.102   7.94   0      61.76     1603.023     51.16135
        12    862.2870    971.3615     11498.99     319.0657  14.8484   0.0301     6.84    0.112  21.67   0      59.36     1523.009     50.59418
        13    971.0070    972.3410     4470.376     94.70161  15.8741   0.0230     0.96    0.163  89.94   0      78.63     4647.051     63.33881
        14    379.7946    970.6246     3010.288     106.0158  16.3035   0.0382     2.63    0.454 -25.81   0      47.18     2543.033     55.27597
        15    611.2216    966.5112     2374.472     196.0336  16.5611   0.0897     6.88    0.435  25.41   0      17.45     432.5922     45.43266
        16    263.0783    960.1152     9361.538     107.0441  15.0716   0.0124     0.00    0.290  56.62   0      134.2     8793.605     76.51089
        17    282.7539    956.0947      6553.73     102.2201  15.4588   0.0169     0.00    0.303 -21.32   0      107.2     5816.119     67.08586
        18     11.5124    954.3766      7422.86     300.5759  15.3236   0.0440     6.76    0.213  -7.03  16      38.85      984.223     48.11308
        19     69.3443    949.5821     31348.22     324.7916  13.7595   0.0113     6.04    0.062   3.14   0      146.7      4584.61     63.11436
        20    141.2528    953.6243     15636.13     130.3011  14.5147   0.0090     5.91    0.492 -56.37   0      166.6     13536.91     89.73656
        21    472.3335    951.1862      3778.79     278.8392  16.0566   0.0801     6.72    0.149  83.00   0      20.42     489.3256     45.94843
        22    865.7279    950.2342     3160.684     228.8943  16.2505   0.0786     6.12    0.426  45.37   2      18.57     392.6674     45.46782
        23     89.7957    948.4412     6741.332     231.8477  15.4281   0.0373     6.32    0.147 -14.03   0      42.43     1120.769     49.18964
        24      2.3349    946.2831     2082.728      160.492  16.7034   0.0837     5.51    0.406 -46.22  24       16.4     450.3111     45.63828
        25    825.9916    945.8265     2007.336     80.71497  16.7435   0.0437     0.99    0.102 -89.70   0      50.77     2009.829     53.03835
        26    194.9714    941.9916      1164.22     84.84582  17.3349   0.0791     4.19    0.011  44.74   2      41.08     1152.731     49.22882
        27    989.1781    933.9742     935.7628      79.3386  17.5721   0.0921     2.42    0.181   0.77   0       29.4     817.9944     47.77024
        28    481.7105    930.0223      3460.97      256.128  16.1520   0.0804     6.63    0.088 -28.23   0      20.53     485.4016     45.57916
        29    121.0114    925.9974     5171.884     89.18149  15.7159   0.0187     4.19    0.007  50.70   2      100.4     5122.622     64.94076
        30     88.8297    922.3670     2951.985     237.2751  16.3247   0.0873     7.94    0.276  27.78   0       19.1     435.0403     45.91215
        31    680.1963    916.5110      5404.32     277.7702  15.6681   0.0558     7.27    0.184 -33.60   2      32.07     582.8815     46.40887
        32    980.5942    911.6635     9065.428     300.0423  15.1065   0.0359     6.70    0.153   2.11   0      48.68     1246.857     49.66147
        33    485.0790    903.6213     2822.639     223.2439  16.3734   0.0859     3.58    0.402 -37.89   0       17.7     506.7789     46.15043
        34    111.6121    901.0987     1371.473     83.82263  17.1570   0.0664     1.05    0.177 -10.31   0      33.18     1297.155     49.78406
        35    352.0591    897.8812     2550.635     83.83702  16.4834   0.0357     0.00    0.173 -68.42   0      62.87     2288.048     53.92139
        36     73.6036    895.6068     2633.401     221.2498  16.4487   0.0912     6.59    0.314   2.34   0      16.06     397.8177     45.49355
        37    843.4511    891.3851     7333.515     330.9287  15.3367   0.0490    11.91    0.408  15.04   3      35.49     875.4385     47.93156
        38    839.8802    886.6138      5475.17     287.7342  15.6540   0.0571    10.01    0.338   9.27   3       28.5     654.7001     46.75925
        39    507.5609    885.3439     6750.627     102.6569  15.4266   0.0165     1.36    0.182 -42.49   0      94.75     6614.188     69.96632
        40    241.2805    881.4941     2473.771     222.8885  16.5166   0.0978     6.38    0.354  12.45   0      16.26     367.5699     45.22436
        41    161.9939    880.7561     3830.627     87.23795  16.0418   0.0247     0.85    0.148 -89.52   0      74.71     3815.112     60.36822
        42    148.7363    875.3231     5238.475     284.7502  15.7020   0.0590     8.25    0.220  -2.12   0      28.24     649.7426     46.62084
        43    701.5853    888.0912     1363.811     83.80186  17.1631   0.0667     1.24    0.182 -10.55   0      34.56     1344.939     49.78785
        44    510.9499    873.5837     4518.676     295.2259  15.8625   0.0710     9.09    0.273 -14.09   0      24.06     602.6716     46.62027
        45    566.5861    872.0851     2586.688     226.5642  16.4681   0.0951     5.61    0.576 -10.98   0      16.05     345.9492     45.11558
        46    499.1005    868.5301     12217.28      308.101  14.7826   0.0274     6.58    0.076  -5.77   0      64.56     1590.085     50.57911
        47    368.1128    861.3839     67898.88      343.271  12.9203   0.0055     6.16    0.088  14.08   0        258     9410.694     78.45861
        48    772.6742    866.0247     3225.832     244.7288  16.2284   0.0824     8.29    0.207  17.79   0      20.02     460.9504     45.80786
        49    525.2567    852.3483     6566.584     333.2157  15.4567   0.0551     8.14    0.231   1.49   0      25.72     464.2505     46.05651
        50    363.5158    845.4996     9820.674     337.0148  15.0196   0.0373     7.71    0.078   2.17   0      47.68     1056.448      48.3428
        51     68.4586    835.7933     14168.27     304.7596  14.6217   0.0234     6.43    0.141   3.98   0      74.13     2026.531     53.10988
        52    122.8060    829.9550     35837.34      308.639  13.6142   0.0094     5.97    0.062   7.15   0      163.3      5367.18     65.87212
        53    370.3425    808.4120     8538.983     275.0391  15.1715   0.0350     6.53    0.070 -12.53   0      49.27     1308.244     49.94161
        54    244.5753    800.1697     11786.66     360.1101  14.8215   0.0332    13.37    0.481  -0.75   0      49.34     1096.461      49.0772
        55    914.5916    798.5695     4388.184      301.829  15.8943   0.0747     8.37    0.073 -85.58   0      20.86     413.7213     45.80649
        56    860.8314    789.9366     36754.92     316.5603  13.5867   0.0094     6.09    0.113   6.75   0      165.9     5390.215     65.87059
        57    206.1828    791.0367     3262.323     249.0844  16.2162   0.0829     6.46    0.097 -82.08   0      20.44     593.1165     46.80224
        58     43.7135    786.2651     2416.844       89.638  16.5419   0.0403     1.78    0.211 -46.59   0      48.42     2246.428     53.74568
        59    545.0002    773.9321     3685.145     85.30854  16.0839   0.0251     0.00    0.058  85.99   0      75.61     3460.991     59.01997
        60    870.2758    766.2729      26236.6     243.2008  13.9527   0.0101     0.00    0.162 -50.05   0      159.9     7632.502      73.0535
        61    194.9622    766.9196     9359.583     100.6162  15.0719   0.0117    -4.75    0.154  63.94   0      135.2     8890.909     77.00753
        62   1013.0316    765.0029     2027.548     80.77187  16.7326   0.0433     4.23    0.015 -45.21   3      54.79     1823.088     52.33408
        63   1017.2908    762.4214     4009.848     265.3043  15.9922   0.0719     7.98    0.172  28.71  18      20.72     449.4887     45.39973
        64    694.3453    756.4454     51217.76     216.2357  13.2264   0.0046     9.00    0.493 -32.21   0      305.9     44643.11     148.9692
        65    530.0052    756.3176     2981.773     89.58221  16.3138   0.0326     0.98    0.162 -86.61   0      62.26     3076.863     57.42893
        66    289.8801    753.3722     1666.285     84.61819  16.9456   0.0551     1.48    0.188 -83.03   0      38.39     1533.585     50.85195
        67    662.0066    745.9960     8040.875     96.21552  15.2367   0.0130   -38.43    0.001  24.49   3      126.5     7886.996     73.98537
        68    662.9850    739.4432     8364.343     265.0121  15.1939   0.0344     6.22    0.088  -0.06   2      46.44     1207.633     49.58935
        69    591.2094    739.0244     1246.805     78.54433  17.2605   0.0684     1.04    0.116  -3.01   0      36.59     1299.312     49.90095
        70    459.8883    734.5704      6702.66      280.262  15.4344   0.0454     6.40    0.109   8.20   0       38.7     991.4071       48.147
        71    144.3501    726.6523     14017.45     299.3467  14.6333   0.0232     6.64    0.108   2.61   0      73.69     2007.253     53.12784
        72    917.2629    726.9487     3591.803     245.6121  16.1117   0.0743     8.72    0.198 -18.95   0      22.46     559.6899     46.29515
        73    681.2341    725.4198     3577.111     214.2714  16.1162   0.0651     7.75    0.130 -20.20   0      25.22     662.1068     47.13607
        74    109.4927    723.0626      3632.78     249.9564  16.0994   0.0747     6.94    0.179  12.84   0      21.18     540.1962     45.96779
        75    470.5077    720.5121     1163.393     83.25654  17.3357   0.0777     1.58    0.042  26.08   0      29.26     1190.142     49.18475
        76    188.7014    711.1733     8500.786     298.7225  15.1764   0.0382     6.89    0.154  -3.28   0      48.46     1178.131     48.80231
        77    149.2349    710.1078     10101.94     312.1425  14.9890   0.0336     6.83    0.142  12.12   0      52.97     1313.204     49.42735
        78    350.9959    708.9865     416.5239     68.73624  18.4509   0.1792     0.00    0.267  46.75   2      19.09     419.2345     45.60042
        79    907.1193    705.6765     5515.043     271.0565  15.6461   0.0534     8.18    0.238   3.29   0      32.59      745.619     46.85873
        80    713.9442    705.9072     2546.328     83.82535  16.4852   0.0358     0.00    0.139  62.60   0      60.81     2207.253     53.57976
        81   1000.5735    678.8625     10460.53      279.023  14.9511   0.0290     6.47    0.127  23.50   2      57.03     1526.525     50.92527
        82    530.5065    670.5824     2299.973     107.0049  16.5957   0.0505     3.33    0.506  47.19   0      42.95     1657.532     51.09057
        83    793.2277    664.0973     3004.938     91.11689  16.3054   0.0329     0.00    0.296  26.61   0      67.15      2584.87     54.96447
        84    514.2349    660.9155     11852.95     308.2652  14.8154   0.0282     6.79    0.096  -7.75   0      61.46     1615.111     51.11073
        85    946.4359    661.7853     3932.225     278.0063  16.0134   0.0768     8.38    0.279   4.25   0      21.46      495.045     46.32355
        86    472.2332    660.5515      3716.72     102.4369  16.0746   0.0299     2.41    0.388 -63.53   0      68.31     3056.655     57.25579
        87    151.5257    650.8513     9433.194     243.9514  15.0634   0.0281     6.45    0.142 -10.72   0      54.56     1332.637     49.83884
        88    131.0748    638.7098     3672.606     270.4953  16.0876   0.0800     9.20    0.408 -87.75   0      21.52     470.5084     45.62194
        89    203.7505    628.7339     2746.493     100.2612  16.4031   0.0396     5.34    0.406  44.81   0      58.54     2144.076     53.51091
        90    629.9515    618.0023     54652.27     368.1815  13.1560   0.0073    11.98    0.036  15.83   0      207.1     6516.854     69.64943
        91    567.3887    622.0973     1404.638     88.55316  17.1311   0.0685     2.20    0.347   4.97   0      32.15     1047.462     48.63081
        92    221.7598    613.5163     4584.545     289.3442  15.8468   0.0685     9.91    0.226 -83.55   0      24.78     539.7981     45.96582
        93    319.4963    611.0172     3744.219     259.9957  16.0666   0.0754     8.50    0.234   7.99   0      21.99     506.2467     45.68298
        94    408.0036    607.9975      2982.52     83.41566  16.3135   0.0304     4.19    0.003 -26.84   2      73.39     2961.044       56.875
        95     71.6974    592.0435     142654.4     398.7705  12.1143   0.0030     7.74    0.092   2.89   0      416.3     19249.57     102.9367
        96    612.2139    592.2558     17945.08     294.2645  14.3651   0.0178     6.49    0.115 -15.27   0      90.27     2449.178     54.88872
        97    145.0439    589.0182      6382.91     92.21608  15.4875   0.0157     4.34    0.065   9.73   0      106.7     5882.875     67.70683
        98    185.8787    561.9991     2307.532     81.55587  16.5921   0.0384     0.93    0.072  -2.76   0      59.75     2490.127     54.96101
        99    691.4015    550.3250     2264.653     206.5135  16.6125   0.0990     5.84    0.421 -25.55   0      15.11     352.7049     45.26762
       100     94.9895    545.6648     29821.46     299.7594  13.8137   0.0109     6.22    0.122  -2.36   0      139.7     4251.953     61.81863
       101    151.0532    543.8358     6272.798     100.2719  15.5063   0.0174     4.95    0.293 -71.27   0      107.7     5941.104     67.74466
       102    920.4755    536.3778     45318.03     341.1376  13.3593   0.0082     6.06    0.079  11.11   0      191.9      6535.99     69.78835
       103    963.1359    533.5933     3570.884     250.4333  16.1181   0.0762     6.63    0.238  14.43   0      18.86      441.848     45.82956
       104    255.0739    521.9878        16239     293.3989  14.4736   0.0196     6.54    0.157 -22.20   2      81.11     2159.119     53.67426
       105    955.3967    509.9871     3896.381     253.9006  16.0233   0.0708     6.70    0.188 -14.27   0      23.38     602.4021     46.50437
       106    727.1296    509.1252     1854.849     85.12315  16.8292   0.0498     0.00    0.289  39.53   0      48.24     1502.144     50.60591
       107    214.9080    493.7437     10808.88     113.6515  14.9155   0.0114     0.00    0.375  70.78   0      141.1     9697.019     79.21635
       108    860.8682    483.2653      34722.4     310.8355  13.6485   0.0097     6.23    0.128  -1.56   0      158.6      5032.41     64.54165
       109    956.3235    477.6419     1597.791     101.6392  16.9912   0.0691     5.04    0.487 -38.45   0      33.74     1255.019     49.59133
       110    799.1807    462.5261     7570.142      263.825  15.3022   0.0378     6.18    0.150   7.81   0      44.29     1174.265     49.21985
       111    248.0006    461.8486     23486.35     127.5856  14.0730   0.0059     4.44    0.107 -89.84   0      208.9     23588.06     112.2973
       112    497.2300    457.9709     4576.454     261.7434  15.8487   0.0621     7.96    0.113 -43.85   0      25.81     613.6105     46.78775
       113    521.4176    458.0032     10939.27     122.9236  14.9025   0.0122     3.21    0.487   0.08   0      128.1     8885.053     76.99024
       114    866.2154    454.9962     3961.476     117.4989  16.0054   0.0322     3.28    0.560  -0.20   0      50.74     2261.038     54.00538
       115    329.9781    446.6746     29217.83     327.8047  13.8359   0.0122     6.46    0.125  -1.03   0      136.8     4059.617     61.19468
       116    211.5423    448.6862     9032.071     277.8571  15.1105   0.0334     6.59    0.176 -11.05   0      49.64     1258.954     49.39378
       117    181.7773    450.4156     2873.885     240.5508  16.3538   0.0909     7.28    0.475  16.25   0      17.17     412.8893     45.80236
       118     19.6141    442.1344     10745.74     358.7096  14.9219   0.0363     7.70    0.217  -7.98   0       49.9     1205.091     49.36198
       119    981.2819    443.1555     3311.908     242.0689  16.1998   0.0794     6.44    0.187 -15.71   0         21     545.2891     45.99297
       120    483.0059    440.9991     56004.73     176.2361  13.1294   0.0034     4.20    0.008 -14.50   0      347.1     55657.06     164.8863
       121    103.5544    439.8197     4817.705     312.9946  15.7929   0.0706     9.56    0.300  -8.87   0      24.98     540.3499     46.43052
       122    416.9977    430.1893     2413.569     81.85083  16.5434   0.0368     1.10    0.098 -89.07   0      56.31     2433.188     54.72505
       123    102.5875    417.3142     6423.064     303.7968  15.4806   0.0514     7.47    0.048  -4.25   0      33.82     767.8678     47.19318
       124     21.3270    400.2345     1865.986     103.5336  16.8227   0.0603     3.97    0.541 -18.38   0      37.31     1346.054      50.0068
       125    975.1437    399.5963     1469.895     84.08907  17.0818   0.0621     1.04    0.208 -75.25   0      33.73     1377.663     50.25653
       126    821.1895    390.4369     4708.175     281.9711  15.8179   0.0650     8.11    0.121  -4.37   0      26.05     592.8816      46.8011
       127    722.7490    387.3121     19934.09     311.6086  14.2510   0.0170     6.96    0.158   0.63   0        100     2766.351     55.90104
       128    270.6814    375.7489     4231.036       277.29  15.9339   0.0712     9.17    0.328  -9.99   2      22.17     457.5429     45.55731
       129    897.7969    359.6839     6236.068     309.3149  15.5127   0.0539     6.83    0.259   6.92   2      29.53     716.6359     47.17258
       130    691.9288    361.2309     2572.496     85.47144  16.4741   0.0361     1.00    0.141 -75.45   0      52.88      2508.39     55.03648
       131    317.4237    358.0506     17490.35     307.6609  14.3930   0.0191     6.38    0.133  -3.25   0      91.17     2564.765     55.46154
       132    894.7596    347.7860     4897.782     294.6134  15.7750   0.0653     8.46    0.187   4.96   0       21.4       499.15     46.34369
       133     21.7537    345.9033     10846.42     274.0339  14.9118   0.0274     7.62    0.111 -17.26   0       58.6      1507.75     50.41987
       134    870.6698    340.2012     4592.753     274.6879  15.8448   0.0650     9.61    0.307 -17.55   0      25.88     624.3316     46.61142
       135     71.5292    338.4517     15501.62     300.0271  14.5241   0.0210     6.86    0.124  -9.60   0      81.15     2198.805     53.64347
       136    246.4682    337.0366     3564.407     243.9518  16.1200   0.0743     5.40    0.210   1.26   0      22.34      616.301     46.57224
       137    536.3373    335.7133     2473.828     224.0823  16.5166   0.0984     6.56    0.390   4.36   0      15.53     339.3436     44.96378
       138    494.7749    330.1400     3096.948     276.8412  16.2727   0.0971     9.43    0.268  15.19   0      18.53     417.1176     45.58987
       139    582.2989    307.1788     25796.85     305.9882  13.9711   0.0129     6.27    0.096  -5.42   0      123.8     3534.047     58.75829
       140    267.2043    305.7243     16630.95     342.7461  14.4477   0.0224    14.60    0.062  -0.14   2      75.83     1781.066     51.94625
       141     92.4726    308.2604     4459.208     263.1667  15.8769   0.0641     6.76    0.212   6.88   0      27.78     708.7516     47.02124
       142    399.4182    306.2695     3416.134     263.2796  16.1662   0.0837     8.04    0.217 -26.94   0      20.38     452.9006     45.88433
       143    709.9124    300.9090      11398.4     105.1207  14.8579   0.0100     4.51    0.130  45.19   0      146.9     11143.77     83.32775
       144    149.8761    295.4569     6169.895     336.9276  15.5243   0.0593    11.07    0.046  21.85   2       29.1     667.1805     46.70578
       145    158.1882    290.0140     1233.444     80.18681  17.2722   0.0706     2.27    0.161  -1.09   0      37.49     1079.307     48.77941
       146     84.5115    261.6675     2777.434     224.9837  16.3909   0.0880     5.72    0.312  -3.16   0      18.21     497.3447     45.75544
       147    270.7475    253.2866      1191.61     90.98573  17.3097   0.0829     3.03    0.500  59.11   0      22.92     933.3925     47.87237
       148    554.4943    241.9046     4412.381      277.919  15.8883   0.0684     9.89    0.240 -11.96   0       24.6     549.1719     46.12796
       149    708.2292    233.4453     4020.908     256.6243  15.9892   0.0693     8.36    0.488  -5.02   0      23.03     591.5516     46.68048
       150     16.9868    223.8934       1749.4      79.9854  16.8928   0.0497     4.41    0.120  89.18   0      47.19     1500.272     50.49194
       151    516.8957    217.1044     3610.881     266.4683  16.1060   0.0801     7.69    0.130  49.05   0      21.45     464.3931     45.70835
       152    582.1216    204.4302     5815.271     329.8843  15.5886   0.0616     8.22    0.340   6.78   3      27.25     606.4332     46.52406
       153    592.5346    202.7824     7956.231     326.0807  15.2482   0.0445     7.32    0.188 -10.44   2      38.31     946.0579     48.15458
       154    486.2988    202.7254     1037.685     82.91267  17.4598   0.0868     1.85    0.269 -45.21   0      30.99     1178.067     48.91122
       155    803.9034    180.3386      10029.9     307.7862  14.9968   0.0333     8.32    0.215  -2.10   0      52.79     1362.024     49.86578
       156    170.9995    178.4968     10063.72     312.1147  14.9931   0.0337     7.36    0.415   9.67   2      49.94     1266.165     49.64238
       157    172.3634    174.7288     3128.804       153.51  16.2616   0.0533     6.56    0.228  -1.47   3      36.21     1649.988     51.36956
       158    655.8411    175.5582     47439.62     324.9626  13.3096   0.0074     6.53    0.123   1.52   0      200.4     6746.098      70.3935
       159    385.6454    175.6357      31899.7      322.293  13.7405   0.0110     6.28    0.112   0.48   0      146.5     4517.207     62.87117
       160    511.0322    176.0080     4617.198     87.75653  15.8391   0.0206     4.27    0.050  -3.23   0      92.39     4481.771     62.82793
       161    256.0036    174.1295     2238.907     116.4327  16.6249   0.0565     3.51    0.563 -89.80   0      33.53     1250.714      49.5716
       162    618.4077    160.9505     9410.286     284.3319  15.0660   0.0328    12.77    0.159 -18.93   0      51.04     1351.589     50.13848
       163    801.0010    150.0033     6618.785     92.79559  15.4481   0.0152     4.19    0.003  21.91   2        115     6598.614     69.91571
       164    209.9812    122.6441     2120.859     194.3716  16.6837   0.0995     6.68    0.340  26.72   0      16.46     419.0322     45.83284
       165    938.2639    108.9824     6198.324     304.0676  15.5193   0.0533     7.16    0.211 -15.80   0      32.98     779.8948     47.36385
       166    318.3059    107.6660     4762.246      277.725  15.8055   0.0633     6.56    0.146  11.08   0      26.35     634.9827     46.43407
       167    799.0543     89.6960     13658.54      333.249  14.6615   0.0265    14.08    0.164 -30.08   0      67.26     1792.744     51.68855
       168    281.9294     85.7435     13659.08     306.1276  14.6614   0.0243     6.69    0.223 -12.12   2      67.67     1739.417     51.66052
       169     85.6554     69.9464     21066.53     312.8602  14.1910   0.0161     6.41    0.186 -16.68   0      102.3     2967.188     57.08679
       170    662.7437     61.8674     3639.921     253.1445  16.0973   0.0755     8.24    0.325 -13.01   0      20.81     479.6888     45.78434
       171    580.0950     62.9427       1840.2     81.88847  16.8378   0.0483     4.42    0.128 -25.81   0      51.31     1691.603     51.24191
       172    396.5338     59.5070     17649.34     328.7351  14.3832   0.0202     7.76    0.164  -2.24   0      87.59     2338.261     54.23109
       173    751.5096     61.3629     2572.275     212.5764  16.4742   0.0897     4.54    0.139 -13.96   0      15.27     413.1111     45.33511
       174    434.9680     59.9131     5085.881     90.44905  15.7341   0.0193     0.00    0.158  70.36   0      96.18     4726.248      63.4544
       175    241.6953     50.2648     2892.518     228.0436  16.3468   0.0856     7.93    0.275  -8.63   0      19.51     467.2087      45.6055
       176    793.8160     30.5604     3936.628     237.6558  16.0122   0.0656     8.92    0.186  -9.42   0      25.81     655.2197     47.10285
       177    688.3879     28.4120     2183.609     209.6304  16.6521   0.1043     5.84    0.152  50.32   0      15.46     380.2288     45.40559
       178    365.9694     26.6376     2412.436      210.513  16.5439   0.0948     5.53    0.427  30.02   0      15.72     367.0405     45.45707
       179    158.1741   1009.0723     4930.037     237.4832  15.7679   0.0523     7.66    0.053  -7.84   0      29.91     725.4579     47.10192
       180    932.9990     19.9984      31335.1     140.8748  13.7599   0.0049     4.20    0.008  27.17   0      258.1     31053.21     126.5067
