#   1 NUMBER                 Running object number                                     
#   2 X_IMAGE                Object position along x                                    [pixel]
#   3 Y_IMAGE                Object position along y                                    [pixel]
#   4 FLUX_AUTO              Flux within a Kron-like elliptical aperture                [count]
#   5 FLUXERR_AUTO           RMS error for AUTO flux                                    [count]
#   6 MAG_AUTO               Kron-like elliptical aperture magnitude                    [mag]
#   7 MAGERR_AUTO            RMS error for AUTO magnitude                               [mag]
#   8 FWHM_IMAGE             FWHM assuming a gaussian core                              [pixel]
#   9 ELLIPTICITY            1 - B_IMAGE/A_IMAGE                                       
#  10 THETA_IMAGE            Position angle (CCW/x)                                     [deg]
#  11 FLAGS                  Extraction flags                                          
#  12 SNR_WIN                Gaussian-weighted SNR                                     
#  13 FLUX_APER              Flux vector within fixed circular aperture(s)              [count]
#  14 FLUXERR_APER           RMS error vector for aperture flux(es)                     [count]
         1    564.5688     20.1323     7939.236      284.473  15.2506   0.0389     5.76    0.138 -12.84   0      45.71      1409.03     52.55633
         2    831.0178      2.5523     2980.873     150.4389  16.3141   0.0548     5.81    0.320  -2.10  24      24.99     795.6356     50.07321
         3    916.4608   1004.4611     4291.831     210.9613  15.9184   0.0534     2.00    0.146 -42.15   0      33.32     1442.956     52.81643
         4    418.5600   1021.5173     27315.69      233.817  13.9090   0.0093     5.80    0.310  -1.93  24      147.4     5520.899     67.87654
         5    870.9320   1001.9694     15865.46     259.1266  14.4989   0.0177     5.57    0.119 -11.48   0      89.25      2909.63     58.68781
         6    115.6477    996.7343     2187.108     219.8699  16.6503   0.1092     6.30    0.145   6.23   0      16.12     467.1029     48.31169
         7      9.3244    995.4955     5320.468     276.4745  15.6851   0.0564     9.94    0.257  -6.44  16      29.69     841.1994     49.67999
         8     85.1788    989.2274     16181.07     262.8461  14.4775   0.0176     5.35    0.100  -8.29   0      89.45     3077.097     59.53448
         9    402.9788    983.9456     5432.294     264.3787  15.6625   0.0529     9.02    0.245  14.82   0      32.17     869.4656     50.28815
        10    244.7177    977.6303      3776.02     278.4496  16.0574   0.0801     6.92    0.339 -35.31   2      21.35     611.3617     48.86312
        11    694.7469    976.6442     8607.609     298.8644  15.1628   0.0377     5.71    0.118  -3.59   0      46.46     1389.538     52.58607
        12    459.3951    974.2615     14438.27     340.5059  14.6012   0.0256     5.88    0.094  -2.80   0      71.73     2237.101     56.12976
        13    863.2502    971.6865     12236.81     291.5066  14.7808   0.0259     5.69    0.056 -19.55   0      70.09     2245.478     55.84261
        14    737.5420    974.5177     3035.816     244.5742  16.2943   0.0875     5.40    0.257 -47.29   0       16.8     452.1838     47.99233
        15    971.0061    972.3474     4537.853     99.26838  15.8579   0.0238     0.98    0.174  89.75   0      77.57     4615.262     65.05023
        16    379.7665    970.6026     3106.828     111.8042  16.2692   0.0391     2.49    0.453 -26.96   0      46.49     2550.385     57.48861
        17    613.4647    967.5527     3708.913     279.4691  16.0769   0.0818     8.11    0.252 -35.40   0      18.91     466.5746      48.3092
        18    282.7878    956.0756     6654.038     102.5497  15.4423   0.0167    -0.99    0.263 -19.68   0      106.3     5858.983     69.25938
        19     12.4369    954.7001     8464.444     306.6752  15.1810   0.0393     6.17    0.149 -34.02  16      44.93     1301.203     51.50942
        20     70.2237    949.9311     34691.07     295.1124  13.6495   0.0092     5.33    0.075 -15.13   0      163.7     6265.514     70.49582
        21    141.2488    953.6256     15364.36     134.4313  14.5337   0.0095     5.89    0.488 -56.37   0      165.7     13511.16     91.03356
        22    473.0383    951.0829     4388.086     277.3326  15.8943   0.0686     5.77    0.072 -26.38   0      25.57     773.6763     49.49138
        23    867.2227    949.6723     3098.573     240.9295  16.2721   0.0844     5.15    0.173  31.61   0      19.63     601.4238     49.06181
        24     90.6377    948.6408     7264.827     207.7474  15.3469   0.0311     5.57    0.108 -17.88   0      47.24     1451.493     52.73963
        25    806.7938    949.6201     2842.935     239.4399  16.3656   0.0915     4.26    0.209  25.29   0      16.08     420.4216     48.09158
        26      2.9066    946.9949     3625.284     205.1926  16.1016   0.0615     6.26    0.168 -44.95  24      22.62     696.7879     49.38037
        27    826.0071    945.8292     2073.037     85.06154  16.7085   0.0446     1.04    0.109  87.91   0      49.64     2018.297     55.34511
        28    194.9991    942.0003     1035.226     82.24192  17.4624   0.0863     4.16    0.002  48.06   2         39      1084.65     51.13436
        29    482.6975    930.5424     4163.324     268.9164  15.9514   0.0701     5.60    0.164 -44.16   0       24.5     689.2536     49.10217
        30    120.9985    926.0027     5460.351      126.362  15.6569   0.0251     0.00    0.005  48.58   2      100.4      5272.41     67.21793
        31     89.5949    922.9092     3163.491     213.9856  16.2496   0.0735     4.49    0.080 -24.87   0      21.89     693.4651     49.36508
        32    682.2963    916.9341      6058.69      261.501  15.5441   0.0469     9.73    0.301  24.54   0       38.5     875.5861     49.95717
        33    981.3737    912.0565     9128.365     265.8517  15.0990   0.0316     5.50    0.137  -3.06   0       56.3     1788.542     54.17263
        34   1015.5056    909.6968     1831.341     199.4748  16.8431   0.1183     5.22    0.423 -35.88  16      13.39     383.4687     47.66581
        35    410.5745    908.0726      2689.17     227.0854  16.4260   0.0917     3.57    0.219  77.46   0      16.58      499.642     48.46452
        36    485.3004    903.7351      3039.95     229.4041  16.2928   0.0820     3.33    0.269 -62.03   0      19.54     628.1595     48.69564
        37    973.3101    901.5842     4424.593     118.3139  15.8853   0.0290     0.00    0.540 -53.10   0      77.61     3597.903     61.09939
        38    904.1251    897.3373     2909.203     273.3912  16.3406   0.1021     7.37    0.369 -26.72   0      15.64     428.4339     48.12943
        39    352.0570    897.9263     2526.826     87.98528  16.4936   0.0378     0.00    0.141 -62.48   0      61.82     2256.753     55.99562
        40     74.2898    896.3868     2785.086     231.1048  16.3879   0.0901     5.12    0.281 -11.11   0      18.71      583.064     48.60817
        41    844.6718    891.6964     8893.313     349.8772  15.1273   0.0427    11.04    0.185  25.57   2      41.47     1088.418     50.79837
        42    840.2486    887.2624     6353.196     305.5973  15.4925   0.0522     5.98    0.144   7.16   3      32.63     872.5529     50.18281
        43    636.5945    891.6863     2295.937      211.651  16.5976   0.1001     4.05    0.157  44.32   0      15.67     486.0623     48.40079
        44    242.0457    882.3050     2569.218     237.2931  16.4755   0.1003     6.94    0.230  -2.04   0      17.26     441.7096     47.81752
        45    988.4708    878.3126     7304.396     136.3951  15.3410   0.0203     1.68    0.502  49.94   0      93.26      5199.52     66.79179
        46    161.9839    880.8079     3772.382     89.48684  16.0585   0.0258     0.95    0.128  79.21   0      74.56     3811.639     62.08271
        47    149.8768    875.6437     5612.938     292.5087  15.6270   0.0566     6.03    0.116 -41.55   0      30.31     868.4366     50.16417
        48    867.1707    874.1514     1653.194      97.1701  16.9542   0.0638     5.06    0.372  38.95   0      44.64     1338.294     52.47847
        49    567.6873    872.7750     3507.283     248.6542  16.1376   0.0770     8.11    0.102   3.15   0      21.46     579.9904      48.5938
        50    512.7368    873.5338     4659.392     280.2411  15.8292   0.0653     6.04    0.174 -45.87   0      25.96     691.4711     49.23431
        51    499.9419    868.9745     15059.82     330.2038  14.5555   0.0238     5.75    0.140 -16.05   0      75.44     2430.615      56.8025
        52    773.9702    866.4963     3138.726     222.2042  16.2581   0.0769     4.71    0.156  86.87   0      22.71     695.2829     48.88547
        53    368.9997    861.6795     76820.31     341.2183  12.7863   0.0048     5.40    0.083 -16.84   0      284.9     13369.78     90.54762
        54    177.4813    866.7369     2145.072     213.6039  16.6714   0.1081     5.38    0.478 -48.61   0      15.39     431.6259     47.89487
        55    527.3797    852.7834     7036.928     372.7618  15.3815   0.0575    10.86    0.524 -17.25   0      25.95     643.8872     49.37965
        56    364.5473    845.9489     10892.47     328.6934  14.9072   0.0328     6.10    0.148 -12.91   0      53.95     1637.472     53.75853
        57     69.4188    836.0484     16169.63     289.9425  14.4782   0.0195     5.60    0.110 -20.94   0      86.02     2790.982     58.43203
        58    123.6993    830.2820     40367.94      303.429  13.4849   0.0082     5.26    0.104 -14.24   0      181.9     6992.032     72.55298
        59    371.4238    808.8633      9530.68     263.3659  15.0522   0.0300     6.09    0.207 -22.11   0      55.39      1646.31     53.68435
        60    245.1632    800.6356     13394.64     375.8217  14.6827   0.0305    12.48    0.547   2.87   0      57.52     1326.719     52.19917
        61    916.1246    798.2325      5074.12     334.1973  15.7366   0.0715    10.38    0.464  72.86   0       23.2     583.6283     48.85678
        62    884.6042    793.5994     1950.857     117.3575  16.7744   0.0653     4.55    0.574 -56.23   0      27.26     1403.482     52.53233
        63    861.7515    790.2251     40380.01     302.9438  13.4846   0.0081     5.15    0.088  -4.43   0      184.8     7671.896     75.05264
        64    206.5157    791.9142     3748.719     253.6455  16.0653   0.0735     7.49    0.136 -40.93   0      23.56     624.5507     48.92442
        65    557.7996    787.9378     1890.937     187.9419  16.8083   0.1079     6.14    0.240 -58.74   0      14.87     448.5372     48.34839
        66    337.4799    787.6647     2531.467     201.0177  16.4916   0.0862     3.07    0.288  35.61   0      17.39     581.1392     48.72234
        67     43.6665    786.3220     2435.149     98.98213  16.5337   0.0441     1.59    0.277 -44.64   0      46.78     2194.601     55.63516
        68    870.7598    766.4302     27825.25     237.4877  13.8889   0.0093     0.00    0.183 -75.93   0      165.3     9496.995     80.38961
        69    194.9607    766.9138     9361.308     104.1537  15.0717   0.0121     4.53    0.157  63.66   0      135.1     8919.957     78.43629
        70   1018.0224    762.3060     3861.168     240.4045  16.0332   0.0676     5.62    0.089  76.21  16      24.72     729.6251     49.16692
        71    694.4116    756.6031     53401.25     226.3715  13.1811   0.0046     0.00    0.483 -43.20   0      305.5     44809.25     149.9651
        72    530.0061    756.3683     3193.054     96.14021  16.2395   0.0327     0.83    0.175 -87.60   0      62.98     3170.523     59.89007
        73    663.8094    739.6127     9319.344     264.3197  15.0765   0.0308     5.81    0.128  -4.29   0      53.52     1584.302     53.30888
        74    633.9703    738.5374     2587.853      237.311  16.4677   0.0996     7.63    0.498 -24.29   0      15.82     427.5508     48.12526
        75    591.2341    738.9946     1275.066     84.69018  17.2362   0.0721     1.07    0.129  -0.48   0      34.81     1251.038     52.09921
        76    460.8502    735.0116      7175.53     269.2332  15.3604   0.0407     6.04    0.191  -7.22   0      43.76     1265.761     52.04837
        77    436.4250    733.7726     2721.346     222.4515  16.4130   0.0888     5.73    0.145 -40.88   0      18.04     548.2037     48.93727
        78    486.7158    731.6411     2758.905     238.7333  16.3982   0.0940     7.41    0.145 -56.70   0      18.12     448.3045     47.97395
        79    145.2178    726.9313     15057.35     273.0766  14.5556   0.0197     5.65    0.132 -12.30   0      84.45     2720.945     58.05584
        80    919.0859    727.2640     4523.561     271.4378  15.8613   0.0652     5.33    0.075  14.73   0      25.27     743.0338     49.35046
        81    682.2643    725.8563     5074.676      241.549  15.7365   0.0517     5.41    0.146 -22.12   0       32.5     960.3125     50.69706
        82    110.7182    723.0757      3783.23     251.3027  16.0553   0.0721     6.39    0.098 -21.97   0      23.54     687.8958     48.97365
        83    189.6852    711.5570     9499.856     270.0809  15.0557   0.0309     6.07    0.167 -15.63   0      54.31     1586.507     53.09298
        84    149.9851    710.2484     10662.53     291.3071  14.9303   0.0297     5.64    0.055  -8.16   0      60.88     1955.118     55.08506
        85    907.9307    706.1243     5947.429     237.3715  15.5642   0.0433     7.61    0.189   9.37   0      37.55     1061.499     50.79592
        86    713.9604    705.9111     2469.593     87.83731  16.5184   0.0386    -4.75    0.144  61.59   0      60.08     2197.078     55.64528
        87    592.4382    705.6376      1685.95     203.0332  16.9329   0.1308     5.43    0.128  18.97   0      13.57      386.608     47.93152
        88    432.0246    704.3831     2477.572      227.533  16.5149   0.0997     6.07    0.397 -14.54   0      15.21      379.216     48.14608
        89      1.8646    695.4512      3096.69     183.7729  16.2728   0.0644     6.46    0.574 -79.04  24      21.71      702.562     49.04166
        90    237.3167    690.2869     2220.981     223.2858  16.6336   0.1092     6.27    0.163   3.09   0      14.54     422.5945     47.97709
        91   1001.9101    679.3995     11556.45     246.3591  14.8429   0.0232    13.04    0.198  25.98   0       67.1     2136.051     55.61144
        92    530.4684    670.5147     2287.352     111.4781  16.6017   0.0529     3.34    0.492  47.87   0      41.18     1597.285      53.1391
        93    515.1103    661.2654     13773.83     312.9879  14.6524   0.0247     6.12    0.167 -10.08   0      71.92     2178.098     55.56771
        94    947.5359    662.4522     3754.932     233.3444  16.0635   0.0675     7.58    0.142   7.07   0      24.38     673.2816     49.27207
        95    793.1826    664.0629     2845.709     93.73036  16.3645   0.0358    -2.30    0.256  19.96   0      64.43     2417.314     56.74926
        96    472.2222    660.5794     3775.613     106.3287  16.0575   0.0306     2.41    0.386 -63.81   0      68.59     3083.206     59.55779
        97    152.3888    651.1537     10721.67      262.686  14.9243   0.0266     5.81    0.154 -13.80   0      63.16     1957.278     55.09397
        98    131.8674    639.6281     4029.504     241.1856  15.9869   0.0650     8.04    0.035 -54.11   0      24.77     716.3743     49.47044
        99    203.7594    628.7422     2634.375     103.8607  16.4483   0.0428     0.00    0.396  45.25   0      59.69     2201.864     55.87975
       100    630.9433    618.3163     61597.46     362.8862  13.0261   0.0064    12.18    0.029  -2.65   0      232.8       9048.4     78.80758
       101    279.3583    623.0621     2004.251     204.1245  16.7451   0.1106     5.87    0.244  48.99   0      14.88     432.6271     48.14923
       102    567.1778    622.0239     1205.354      84.5029  17.2972   0.0761     2.49    0.173  -0.30   0      32.44     908.9689     50.58499
       103    222.9121    613.6499     4337.495     239.6069  15.9069   0.0600     5.00    0.146 -19.52   0      27.47     827.1595     49.73638
       104    320.2715    610.8350      4123.56     259.8138  15.9618   0.0684     6.35    0.244 -21.46   0      24.23     649.2734      49.1612
       105    407.9955    608.0055     2912.632       87.276  16.3393   0.0325     0.00    0.003  -1.05   2      71.75     2903.988     58.66595
       106     72.5718    592.3760     161540.3      404.141  11.9793   0.0027     6.21    0.078  -9.31   2      451.9     27925.67     121.8161
       107    613.0056    592.6324     20516.47      285.565  14.2197   0.0151     5.49    0.150 -10.77   0      104.5     3486.592     61.07772
       108    145.0659    589.0025     6649.995     96.51891  15.4429   0.0158     0.00    0.082  -4.36   0      107.9     6096.765      70.0353
       109    185.8748    562.0018     2544.132     86.31107  16.4862   0.0368     0.94    0.083   6.54   0      59.46     2523.871     57.17441
       110    692.2266    550.5740     2243.658     210.8856  16.6226   0.1021     5.58    0.263 -57.61   0       15.6     454.1852     48.49867
       111     95.9118    546.0040     33065.57     281.3543  13.7016   0.0092     5.34    0.117  -8.89   0        158     5971.135     69.54029
       112    150.9959    544.0098     5995.084     94.96428  15.5555   0.0172     4.19    0.001  43.37   2      107.5     5937.891     69.43156
       113    921.4343    536.6908     50054.14      309.633  13.2514   0.0067     5.18    0.098  -2.38   0      214.6     9051.967     78.74178
       114    964.1151    533.6351     3307.696     235.4676  16.2012   0.0773     6.08    0.137  52.44   0      21.28     584.2947     48.73706
       115    256.2978    522.0116     18431.94     273.1416  14.3361   0.0161    14.02    0.221 -26.60   0      95.65     3081.511     59.34969
       116    956.5599    510.6930     4739.199     283.4949  15.8107   0.0650     6.43    0.081   1.34   0      26.66     735.4191      49.1937
       117    727.0947    509.1063      1794.12     87.79542  16.8654   0.0531     3.45    0.271  44.65   0      46.26     1411.373     52.45232
       118    282.4093    503.2043     2909.332     240.7509  16.3405   0.0899     5.60    0.227  33.41   0      16.29     422.1693     48.09984
       119    214.9053    493.7443     10643.88     117.5941  14.9323   0.0120     0.00    0.380  69.90   0      140.2     9583.213     80.26048
       120    861.7568    483.6075     39434.58     308.1255  13.5103   0.0085     5.18    0.104   0.11   0      180.2     7372.972     74.22272
       121    956.4670    477.6577     1616.331     105.9402  16.9787   0.0712     4.67    0.515 -29.37   0      26.65     1286.108     52.02205
       122    301.8035    476.0298     990.8447     92.42083  17.5100   0.1013     2.74    0.212   2.34   0      29.77     841.3583     50.28031
       123    322.9612    472.8742     2751.743     225.8248  16.4010   0.0891     6.02    0.390  22.90   0      16.46     481.0952     48.37747
       124      8.6334    469.4623     2297.167      215.163  16.5970   0.1017     5.38    0.135  73.29  16      14.55     428.4717     48.12961
       125    404.1155    464.1991     3544.877     148.2876  16.1260   0.0454     0.98    0.182  79.85   2      42.31     1953.502     55.07839
       126    799.9886    462.9562     8774.401     267.7964  15.1420   0.0331     6.00    0.224 -12.72   0       52.4     1611.039     53.64666
       127    248.0007    461.8507     23356.26     130.0371  14.0790   0.0060     4.43    0.106  89.81   0      207.9      23421.3     112.9944
       128    498.2458    458.1560     4673.115     221.7501  15.8260   0.0515     5.22    0.096  -5.43   0      30.49     952.6005     50.66248
       129    522.0035    457.9968     8855.565     101.5797  15.1320   0.0125     4.19    0.002 -30.99   2        134     8810.305     78.27122
       130    866.1918    454.9942     3997.072     126.1015  15.9956   0.0343     3.28    0.565  -0.50   0       49.7     2244.341     56.05225
       131    212.6332    448.8550     11772.52     294.7249  14.8228   0.0272     5.89    0.118 -28.63   2      60.69      1750.97     53.90369
       132    330.8318    446.9745     34415.63     344.1395  13.6581   0.0109     5.51    0.125  -9.85   0      155.6     5800.665     69.15446
       133    182.7590    450.9896     3794.731     267.4868  16.0520   0.0766     6.73    0.289  34.43   0      19.51     507.4566     48.87047
       134    623.2680    448.0696     4456.421     97.55779  15.8775   0.0238     0.87    0.119   0.48   0      74.13     4285.976     63.70152
       135     20.5714    442.5783     11402.97     313.1812  14.8575   0.0298     6.00    0.200 -26.65   0      60.18     1853.158     54.66277
       136    982.6909    443.6912     3823.188     226.9006  16.0439   0.0645     5.94    0.213  -4.94   0      25.14     725.5937     49.39158
       137    105.3265    440.2663     5966.118     301.8543  15.5608   0.0549     5.64    0.112 -27.07   0      29.49     869.9629     50.05148
       138    488.2861    439.6715     3188.429      246.546  16.2411   0.0840     6.71    0.120  44.14   0      18.17     465.9057     48.05727
       139    416.9895    430.1949     2691.857     86.69918  16.4249   0.0350     1.08    0.110  87.82   0       57.4     2610.799     57.51892
       140    635.6898    426.9582     1272.568     119.8478  17.2383   0.1023     1.28    0.130   1.03   2      21.32     787.9789     49.55701
       141    411.1869    425.2799     2807.975     153.1415  16.3790   0.0592     2.69    0.482  69.27   0       35.4     1563.145     53.21861
       142    103.3362    417.4006     6946.607     286.8305  15.3956   0.0448     5.46    0.107 -13.39   0      39.61     1196.295     51.85985
       143     21.3150    400.2526     1759.281     111.7452  16.8867   0.0690     4.09    0.555 -17.80   0      30.82     1215.715     51.48129
       144    822.5899    391.2686     5107.342     264.0992  15.7295   0.0562     6.75    0.246  -5.31   0      30.93     942.7177     50.49958
       145    723.7648    387.7422     22192.51     285.3247  14.1345   0.0140     6.44    0.166  -1.28   0      115.5       4044.4     62.92903
       146    271.5924    376.3633     4527.333     287.0031  15.8604   0.0688     6.61    0.091 -49.41   2      24.53     682.2076     49.55571
       147    678.6811    376.4829      2062.89     202.7169  16.7138   0.1067     5.38    0.496 -41.69   0      14.43     416.0931     47.69561
       148    899.1047    359.9840     7485.293     350.2472  15.3145   0.0508    11.23    0.272 -22.05   0      34.85     932.9738     50.09808
       149    318.2859    358.5144     19826.38     275.9333  14.2569   0.0151     5.52    0.136 -14.14   0      105.3     3523.555     60.92067
       150    543.1250    360.4565      2638.92      230.961  16.4464   0.0950     6.23    0.127  13.27   0      16.02     461.3759     48.16045
       151     22.7692    346.3555     11261.49     234.2326  14.8710   0.0226     5.94    0.142 -19.41   0       67.9     2261.539     56.33512
       152    895.9630    348.2867     5699.789     330.1143  15.6104   0.0629     6.64    0.246 -11.61   0      23.84     592.1974     48.65086
       153    517.0441    346.5915     2347.772     201.5546  16.5734   0.0932     7.54    0.101 -66.18   0      17.22     491.1965     48.67181
       154    871.8177    340.7550     5648.993     306.0538  15.6201   0.0588    10.14    0.165   6.73   0      29.49     817.9252     50.17427
       155     72.5001    338.7913     17591.67     317.1684  14.3867   0.0196     5.92    0.151 -17.17   0      91.16     3003.507     59.05023
       156    437.6000    340.9572      1601.69     88.99574  16.9886   0.0603     1.22    0.171  11.60   0      38.51     1648.095     53.80342
       157    247.4560    337.4152     3361.884     242.4171  16.1835   0.0783     8.81    0.386  -3.83   0      24.37     657.4925     49.32085
       158    538.1775    336.7324     2628.677     214.1178  16.4507   0.0885     5.50    0.264  11.16   0       18.9     537.4863     48.76473
       159    495.9585    330.5981     3362.531     253.8901  16.1833   0.0820     8.41    0.148  -3.62   0      20.41     609.4445     49.22087
       160    198.0605    325.8421     2176.729     120.3113  16.6555   0.0600     3.34    0.526 -87.10   0      29.37     1330.551     52.21585
       161    583.1936    307.7015     28788.65     291.0465  13.8519   0.0110     5.39    0.111  -5.87   0      140.8     5148.859     66.79887
       162     93.2033    308.9007     4163.612     225.2545  15.9513   0.0588     6.13    0.099 -41.38   0       29.5     838.9655     50.03047
       163    268.8755    305.8481     17890.75     322.0691  14.3684   0.0196     5.56    0.088  26.03   2      83.63     2502.898      56.9859
       164    400.2133    306.8297     3717.563     235.2268  16.0744   0.0687     8.65    0.213 -15.49   0      23.08     662.6027     49.46571
       165    709.9121    300.9087     11523.87     108.7703  14.8460   0.0103     0.00    0.130  45.25   0      145.8     11098.54     84.58429
       166    151.2896    296.2309     5269.209     272.0615  15.6956   0.0561    10.20    0.283  -6.56   0      32.08     956.6285     50.32451
       167    158.1196    290.0046     1526.642     115.2401  17.0407   0.0820     2.46    0.151   3.85   0      35.58     992.6313     50.84174
       168    154.4830    286.0113     2029.872     209.9426  16.7313   0.1123     5.04    0.385 -26.49   0      14.37     401.8759     48.00386
       169     86.0799    262.0543     3154.915      227.551  16.2525   0.0783     4.82    0.242 -48.35   0      21.02     645.8281     48.90076
       170    215.2722    258.4326      1903.35     194.9996  16.8012   0.1113     5.95    0.281 -10.95   0      15.04     457.4642     48.26632
       171    769.0706    253.7495     1383.801     104.0094  17.1473   0.0816     1.16    0.112  86.85   0      30.85     1236.118      51.8032
       172    270.6526    253.2339     1133.463     95.94679  17.3640   0.0919     2.93    0.562  61.18   0      20.51     935.9874      50.5879
       173    980.9496    250.1914     1589.903     83.76073  16.9966   0.0572     1.16    0.097  85.38   0      37.79     1533.708     53.20551
       174    835.1310    247.9428     2017.087     191.2543  16.7382   0.1030     3.99    0.377  -8.31   0      15.17     499.6753     48.34085
       175    555.6572    242.2609     4836.704     256.3779  15.7886   0.0576     5.78    0.180 -13.74   0      30.17     857.2164     50.23276
       176    166.6133    241.8436     5502.331     101.4525  15.6486   0.0200     0.88    0.074   5.55   0      83.08     5289.387     67.45325
       177    709.5051    233.7489     3960.699     220.3398  16.0056   0.0604     7.52    0.298   3.30   0      26.16     749.6104     49.25922
       178     17.0016    223.9012     1736.523     84.15762  16.9008   0.0526     0.00    0.109 -82.06   0      46.75     1458.254     52.76876
       179    517.9680    217.5761     4168.344     245.6244  15.9501   0.0640     6.25    0.255 -19.36   0      25.91     752.3556     49.87638
       180    583.2804    204.8831     5997.535     291.7821  15.5551   0.0528     5.83    0.231 -13.05   0      30.88     950.7078     50.17847
       181    405.4580    205.7446      1369.87     88.40175  17.1583   0.0701     0.97    0.101 -27.18   0      34.98     1511.246     53.22221
       182    593.5752    203.1855     7940.665     289.1758  15.2504   0.0395     5.65    0.184  -5.44   0      44.08     1354.578     52.43476
       183    691.2630    185.4567     2387.443     214.5611  16.5552   0.0976     6.98    0.209  20.66   0       16.7      431.263     48.26712
       184    804.8227    180.7593      11195.6      306.256  14.8774   0.0297     7.14    0.174   8.08   0      61.24     1973.935     55.16264
       185    171.8046    178.7742     10313.87     271.3179  14.9664   0.0286     5.61    0.220 -13.45   0      60.74     1977.639     55.06917
       186    656.7452    176.0720     54252.32     320.7419  13.1640   0.0064     5.18    0.134   3.38   0      226.2     10067.79     81.76785
       187    386.5250    176.1360     36299.48     307.2707  13.6002   0.0092     5.26    0.130   1.13   0      166.8     6447.719      71.0808
       188    511.0362    175.9963     4585.665     91.52906  15.8465   0.0217     0.00    0.044  -3.73   0      92.04      4403.71         64.4
       189    256.0090    174.1214     2241.221     121.6708  16.6238   0.0590     3.52    0.561  89.58   0      32.29     1249.982     51.86399
       190    619.4878    161.3541     10089.29     251.0432  14.9903   0.0270     5.80    0.169   7.89   0      60.22     1880.162     54.33548
       191    801.0472    149.8535     6977.368     106.1261  15.3908   0.0165     4.94    0.284 -71.92   0      113.5     6447.618     71.16475
       192    439.1679    130.2908     2134.772     211.4779  16.6766   0.1076     5.89    0.271 -76.59   0       14.2     404.9328     47.51644
       193    211.1472    123.2299     2897.371     235.7078  16.3450   0.0883     4.56    0.141 -41.41   0         19     597.2104     49.04229
       194    939.5905    109.3536     6595.244     267.6255  15.4519   0.0441     5.28    0.100  12.73   0      40.41      1303.06     52.32565
       195    319.7796    108.4189     5513.444     261.6001  15.6464   0.0515     5.49    0.177  -9.52   0      32.29     997.0092     50.97901
       196    800.0532     90.1021     13603.96     289.4814  14.6658   0.0231    13.09    0.228 -25.88   0      75.19     2432.166     56.49131
       197    283.1798     85.7877     15273.58     286.1141  14.5401   0.0203    13.65    0.214 -38.85   2      78.66     2544.708     57.36176
       198     86.3400     70.4315     23301.04     318.4225  14.0816   0.0148     5.49    0.210 -19.13   0      115.9     4074.348      63.0371
       199    845.1650     68.9784     2331.521     203.0178  16.5809   0.0946     5.06    0.192  -1.36   0      14.07     460.6277      48.6522
       200    753.3301     62.1329      2920.03     242.0025  16.3365   0.0900     5.12    0.176  39.58   0      18.98     586.0724     48.74535
       201    664.1766     61.9791     4194.812     272.2654  15.9432   0.0705     8.64    0.325   2.87   0      23.55     661.7922     49.46199
       202    580.0739     62.9732     1809.978     86.11369  16.8558   0.0517     4.40    0.136 -29.76   0      50.55       1641.9     53.55388
       203    397.3906     59.8594     19151.36     297.8564  14.2945   0.0169     5.12    0.151   0.28   0      102.7     3734.809     61.89771
       204    434.9742     59.9397     5031.686     92.62994  15.7457   0.0200     0.00    0.104  67.86   0       95.3      4690.99     65.31428
       205    242.7527     51.0916     3198.538      226.274  16.2376   0.0768     5.57    0.115 -29.09   0      21.21     644.7719     48.89585
       206    794.5848     31.0927     4664.583     233.5881  15.8280   0.0544     5.88    0.170 -14.47   0         31     926.5755     50.18861
       207    689.6274     28.7190     3118.041     233.3662  16.2653   0.0813     6.87    0.213 -23.80   0      19.87     534.0983     48.62583
       208    202.2812     28.5808     2024.201     192.0445  16.7344   0.1030     5.51    0.245 -59.36   0      14.59     490.0743     48.41963
       209    366.8647     26.9721     2426.576     218.7517  16.5375   0.0979     6.24    0.112 -65.52   0      16.73     497.0388     48.45231
       210    159.3408   1009.5331     5440.534     228.5148  15.6609   0.0456     5.23    0.159   1.37   0      35.72     1098.412     51.19548
       211    933.0113     20.0082     31576.64     143.6878  13.7516   0.0049     4.26    0.036  35.85   0        259     31302.17      127.867
