#   1 NUMBER                 Running object number                                     
#   2 X_IMAGE                Object position along x                                    [pixel]
#   3 Y_IMAGE                Object position along y                                    [pixel]
#   4 FLUX_AUTO              Flux within a Kron-like elliptical aperture                [count]
#   5 FLUXERR_AUTO           RMS error for AUTO flux                                    [count]
#   6 MAG_AUTO               Kron-like elliptical aperture magnitude                    [mag]
#   7 MAGERR_AUTO            RMS error for AUTO magnitude                               [mag]
#   8 FWHM_IMAGE             FWHM assuming a gaussian core                              [pixel]
#   9 ELLIPTICITY            1 - B_IMAGE/A_IMAGE                                       
#  10 THETA_IMAGE            Position angle (CCW/x)                                     [deg]
#  11 FLAGS                  Extraction flags                                          
#  12 SNR_WIN                Gaussian-weighted SNR                                     
#  13 FLUX_APER              Flux vector within fixed circular aperture(s)              [count]
#  14 FLUXERR_APER           RMS error vector for aperture flux(es)                     [count]
         1     63.8196     16.2326     5804.136     386.4916  15.5907   0.0723     4.24    0.134 -26.57   0      24.92     1537.567     88.85418
         2    904.8583     10.9915      4258.56     338.3807  15.9268   0.0863     4.06    0.076 -68.59   0      20.63     1312.484     88.04858
         3    790.6520     10.5196     5004.207     414.8835  15.7517   0.0900     5.80    0.185 -67.41   0      17.57     956.2701     86.42934
         4    161.0345      9.3882     4227.919     268.8409  15.9347   0.0691     6.12    0.224 -45.29   0      24.53     1859.165     89.89687
         5    741.6220      5.5027     36702.84     428.3943  13.5883   0.0127     4.29    0.078  -7.26  24      132.4     8944.233       105.17
         6    275.0106      2.9930     54948.62     214.6689  13.1501   0.0042     0.00    0.010 -20.77  24      335.8     54153.05     178.1314
         7    503.2490      1.7979     3624.367     238.5902  16.1019   0.0715     4.37    0.442  -0.15  24      21.41      1490.69     87.13405
         8    476.8377    992.8798     6019.712     454.7106  15.5511   0.0820     7.54    0.090 -14.47   0      20.55     1052.926     87.14568
         9    769.0481    985.5066     18353.11     443.0428  14.3407   0.0262     4.62    0.069 -24.90   0      68.46     4193.979     94.34784
        10    319.0877    986.4075     4220.516     370.9453  15.9366   0.0954     5.46    0.208 -16.29   0      17.86     1019.569     86.82744
        11    811.6168    983.6153     10752.92     413.1842  14.9212   0.0417     4.92    0.171 -24.15   0       41.2     2486.725     90.80801
        12    533.4924    983.1001     11051.44     467.0057  14.8915   0.0459     4.93    0.179 -18.46   0      41.68      2418.89     89.97031
        13    937.4349    980.5643     23965.65     415.5801  14.0510   0.0188     4.31    0.118 -14.74   0      91.47     5975.588     99.35867
        14    751.3253    978.7977     3923.387     352.7034  16.0158   0.0976     5.54    0.157 -23.83   0      16.23     954.3209     86.88814
        15    298.1092    976.3665     14964.48     413.0683  14.5623   0.0300     4.49    0.126 -23.37   0      58.69      3621.16     92.74125
        16    531.8578    972.5763     5324.437      429.342  15.6843   0.0876     7.65    0.134  72.34   0      20.33     1049.513     87.13677
        17    971.0114    972.3351     4414.916     167.7442  15.8877   0.0413     1.03    0.168 -89.59   0      64.31     4600.227     95.95196
        18    379.7824    970.5665     3142.982     191.3255  16.2566   0.0661     2.64    0.472 -30.24   0       28.8     2427.975     91.32359
        19     86.2008    963.5269     7819.848     466.5088  15.2670   0.0648     5.01    0.134 -35.18   0      25.88     1452.278     88.18102
        20    144.4997    958.8433     19711.84     491.0467  14.2632   0.0271     4.62    0.107  74.64   2      73.27     4471.656     94.59031
        21    141.2311    953.6617      13653.8     205.8838  14.6619   0.0164     0.00    0.480 -56.50   3      135.9     10995.87     110.0631
        22    547.3862    960.0998     5442.871     425.8794  15.6604   0.0850     5.75    0.269 -24.00   0      19.68     1107.695     87.28839
        23    164.9199    957.3785     15657.51     459.5025  14.5132   0.0319     4.91    0.116 -28.24   0      57.21      3492.75     93.29191
        24     76.4525    956.0359     42920.53     483.3067  13.4183   0.0122     4.52    0.075 -13.26   0      145.4     9970.803     107.9257
        25    282.8447    956.0463     6990.007     168.2366  15.3888   0.0261     4.69    0.232 -18.95   0      94.89     5823.366     99.00986
        26    467.3620    942.4281     6785.644     426.5953  15.4210   0.0683     4.71    0.210 -33.83   0      25.15     1519.589     88.80817
        27    556.6859    939.3403     23942.46     500.0852  14.0521   0.0227     4.65    0.115 -24.13   0      83.14     5060.167     96.62007
        28    163.6458    931.6962     3782.242     351.1844  16.0556   0.1008     5.55    0.425 -44.10   0      15.68     839.6679     85.88846
        29    121.0023    925.9897     5067.909     153.0022  15.7379   0.0328     4.18    0.003 -71.79   2      87.93     5015.404     96.93037
        30    755.8807    925.5422      10520.9     458.0532  14.9449   0.0473     4.75    0.010 -38.71   0      40.19     2420.282     90.19695
        31    352.6031    920.3311     4343.406     364.1854  15.9054   0.0911     5.06    0.120  45.78   0      17.22     977.4313     86.94856
        32    978.1750    906.6151     6901.974     412.2812  15.4026   0.0649     5.60    0.314  12.65   0      25.12     1392.619     88.48265
        33    148.3306    904.7352      5239.46     370.2141  15.7018   0.0767     5.08    0.238 -22.00   0      22.25     1273.022     87.48834
        34    441.5452    900.1021        19799     418.1304  14.2584   0.0229     4.60    0.098 -14.91   0      75.43     4596.654      95.3129
        35    919.0150    900.7494     7813.034      499.789  15.2680   0.0695     4.99    0.238  -2.17   0      23.02     1326.812     88.08556
        36    914.4802    895.9223     6947.981      514.268  15.3954   0.0804     7.25    0.274   7.65   1      18.34     866.1271     85.95844
        37    221.4630    883.7316     15108.33     434.4902  14.5520   0.0312     7.67    0.307  11.85   0      49.16     2198.002     89.85909
        38    586.6908    882.7042     7173.496      406.293  15.3607   0.0615     4.35    0.069 -28.02   0      29.63     1788.563      88.8175
        39    641.6897    881.2155      2509.39     285.5604  16.5011   0.1236     5.13    0.382 -17.72   0      12.96     767.5291     85.93159
        40    162.0013    880.8290     3593.153     150.7957  16.1113   0.0456     0.98    0.086  88.08   0      60.78     3651.243      94.1054
        41    574.1580    877.8715     9620.741     417.4048  15.0420   0.0471     4.58    0.050 -30.68   0      38.88     2315.134     90.37754
        42    847.9552    874.9918     34002.64     415.0226  13.6712   0.0133     4.43    0.037 -27.26   0      121.2     8227.257     104.5745
        43    251.1295    875.8015     4631.503     329.6069  15.8357   0.0773     4.50    0.106 -45.18   0      21.62     1272.368     87.71611
        44    443.2314    870.6621     85027.06     508.6796  12.6761   0.0065     4.50    0.073   0.45   0      247.9     19067.55     125.6298
        45    619.3973    871.0444     3875.269     318.2163  16.0292   0.0892     6.62    0.529  62.25   0      19.12     1480.741      88.7087
        46    600.1805    862.1223     3936.232     376.1534  16.0123   0.1038     5.49    0.379   9.39   0      14.65     878.7772     86.92188
        47     80.9986    859.5197     4020.559     348.4662  15.9893   0.0941     3.35    0.221  15.41   0      19.14     1231.547     87.61028
        48    438.6460    854.8171     19965.79     510.2336  14.2493   0.0278     4.57    0.118 -33.36   0      70.64     4397.831     95.89153
        49    286.3354    857.7310      3822.04      352.638  16.0443   0.1002     3.46    0.132 -18.46   0      15.93     1014.921     86.81528
        50    143.5323    845.2207      10435.8     434.3593  14.9537   0.0452     5.15    0.114  -3.30   0      39.96     2286.086     90.52679
        51    197.9656    839.1138     72161.69     483.5402  12.8542   0.0073     4.45    0.070 -20.25   0        219      16325.8     120.4009
        52     23.7204    828.6570     3861.041     351.2354  16.0332   0.0988     5.79    0.250 -52.94   0      17.02     953.7005     86.42258
        53    445.2744    817.8663     7083.739      409.937  15.3743   0.0628     4.74    0.093  -0.34   0      26.81     1550.374     88.20589
        54    136.5381    813.6623     8660.609     462.5932  15.1561   0.0580     5.13    0.083 -76.42   0      31.35     1824.108      88.9084
        55     69.4795    814.4969     9921.244     410.2841  15.0086   0.0449     4.77    0.194 -20.09   0       38.8     2290.545     89.86945
        56    286.0973    812.1454     3759.553     349.7357  16.0622   0.1010     0.00    0.526  81.98   0      17.25     1321.559     87.15428
        57    321.1612    809.6925     10612.27     505.0561  14.9355   0.0517     5.03    0.188  -9.79   0      35.68      2118.38     89.20796
        58    936.0205    799.0538     63494.41     470.9894  12.9932   0.0081     4.31    0.070  -4.17   0      201.3     15308.97     118.8048
        59    281.1874    800.9933     3166.007     356.4696  16.2487   0.1223     5.05    0.207   0.64   0      14.48     822.5023     86.54266
        60    631.6232    796.7391     8819.922       399.74  15.1363   0.0492     4.88    0.117 -21.01   0      36.45     2140.681     89.93777
        61    944.8639    776.5856      6106.31     413.0608  15.5356   0.0735     4.35    0.044   3.14   0      23.61     1496.201     88.29415
        62    765.9308    767.9764     9374.482     382.0647  15.0701   0.0443     4.74    0.063 -77.10   0       36.9     2253.732       90.223
        63    194.7020    766.8437     12097.97      209.024  14.7932   0.0188     0.00    0.118  26.94   0      124.6     9571.467     106.3279
        64    530.0222    756.3377     3164.642     159.8741  16.2492   0.0549     1.01    0.170  76.81   0      48.85     3209.049     92.59819
        65    738.0199    748.6556     12094.45     423.5226  14.7935   0.0380     4.91    0.118 -15.98   0       45.8      2713.96     91.59469
        66    707.9123    747.3781     5518.894     382.4016  15.6454   0.0752     7.41    0.215 -43.54   0      21.54     1138.714     86.90776
        67    534.9288    743.9825     6249.784     429.8315  15.5103   0.0747     3.86    0.025 -17.18   0      21.79     1331.326      88.0972
        68    510.5606    742.1492     10568.13     370.7702  14.9400   0.0381     4.71    0.094  -1.96   0      42.28     2545.442     91.17558
        69    560.1139    740.4318     7974.985      400.516  15.2457   0.0545     8.24    0.190 -41.53   0      33.47     2217.564     89.90855
        70    219.4370    735.8514     24676.27     449.6402  14.0193   0.0198     4.48    0.137 -23.71   0      91.08     5858.009     98.88628
        71    993.0389    735.9876     14248.47     460.9904  14.6156   0.0351     4.60    0.152 -11.24   0      54.57     3436.145     93.79903
        72    756.1857    735.1907     11373.07     358.8745  14.8603   0.0343    10.20    0.162 -60.14   0      44.64      2369.19     90.51337
        73    185.9630    732.4783     4090.621      336.779  15.9705   0.0894     6.73    0.569  30.36   0      17.22     949.8553     86.87646
        74     37.2567    731.7225     3292.814     342.1661  16.2061   0.1128     6.06    0.283 -37.38   0      14.98     842.8273     86.36358
        75    737.9851    727.4690      1863.82     154.8011  16.8240   0.0902     2.12    0.308  58.45   0      23.18     1650.052     88.91564
        76    263.8018    720.4229     9621.694     472.7312  15.0419   0.0534     4.64    0.047   0.97   0      37.23     2228.358     90.15906
        77    224.0518    719.3691     9803.408     468.5479  15.0216   0.0519     4.75    0.162 -18.57   0      35.61     2238.773     90.18531
        78    982.4034    715.1844      13884.1     476.8882  14.6437   0.0373     5.45    0.128 -29.40   0      51.71     3102.567     92.33647
        79    505.6100    712.9738     6687.174     446.1218  15.4369   0.0725     4.74    0.088   4.02   0      23.83     1397.318     88.26728
        80     71.3799    704.7435     23822.63     473.1801  14.0575   0.0216     4.51    0.088 -22.79   0      84.68     5275.658     97.53867
        81    433.7836    703.6947     22589.03     423.2215  14.1153   0.0203     4.41    0.137 -30.78   0       85.2     5390.101     97.18645
        82    211.7926    701.1685     10452.36     467.7896  14.9520   0.0486     6.18    0.095   0.39   0      37.12      2060.85     90.18271
        83    311.1994    699.4749     9375.541     413.6426  15.0700   0.0479     5.16    0.200  -6.27   0      36.66     2065.524     89.74765
        84    779.7369    685.9329     6955.628     421.9486  15.3942   0.0659     4.95    0.231 -22.27   0      27.22     1542.237     88.18493
        85   1021.4786    671.1617     3501.789     311.5632  16.1393   0.0966     5.29    0.332 -41.42  16      14.63     882.1392     86.69913
        86    589.2484    670.1173     11881.28     422.2197  14.8128   0.0386     5.19    0.214 -12.25   0      45.55     2672.798       90.831
        87    530.1675    670.3577     2205.023     161.6434  16.6415   0.0796     4.04    0.474  46.40   0      15.68     1579.372     88.96104
        88    226.4906    659.9745     19220.21     451.3496  14.2906   0.0255     5.03    0.166 -23.44   0      71.55     4209.722     94.38575
        89    472.1867    660.6038      3836.65     175.7567  16.0401   0.0497     2.52    0.379 -64.99   0      53.32     3055.915     92.22157
        90    761.3373    659.7319     4087.348     380.2305  15.9714   0.1010     6.64    0.471 -22.34   0      16.42     890.9453     86.72221
        91    205.7695    648.2560     3651.121     334.9855  16.0939   0.0996     3.52    0.203 -21.61   0      17.25     1142.646     87.37935
        92    705.3046    627.1310     41291.83     544.2089  13.4603   0.0143     5.04    0.170 -81.98   0      129.7     7935.889     102.9679
        93    201.0087    630.9877     2298.608     155.4381  16.5963   0.0734     3.76    0.195  88.88   3      28.23     2180.917     90.03939
        94    203.9957    628.9968     2225.906     155.3318  16.6312   0.0758     4.69    0.234  45.26   3      48.45     2068.428       89.755
        95    910.1901    625.9812     5571.374     410.3242  15.6351   0.0800     7.07    0.406  34.10   0      20.89     1166.966     87.44259
        96     37.7962    623.7045     13256.47     433.5205  14.6939   0.0355     4.97    0.138 -31.69   0      50.63     3075.553     92.26996
        97    540.4565    623.2587     4699.132     357.4457  15.8200   0.0826     6.69    0.080 -57.76   0       21.1     1202.831     87.99382
        98    297.1270    622.5490     5055.654     375.4932  15.7406   0.0807     6.29    0.192 -57.50   0      20.28     1056.793     86.92482
        99   1022.6302    619.9351     7812.365     296.6065  15.2680   0.0412     4.49    0.279 -82.47  24      39.92         2597      91.0836
       100    394.2646    619.6858     6478.844      447.141  15.4713   0.0750     5.06    0.082 -73.34   0      23.19     1391.415     87.56611
       101    810.1356    609.5271      4306.21     400.9433  15.9148   0.1011     5.84    0.259   0.24   0       16.1      861.652      86.4131
       102    146.8407    601.1545     246769.2     605.3478  11.5193   0.0027     4.53    0.054 -20.41   0      522.7     54201.03     178.0797
       103    687.2820    601.5074     21335.84     546.0292  14.1772   0.0278     4.80    0.080  -9.78   2      66.71      4026.92     94.37151
       104    592.3107    600.7103     2658.646     297.7381  16.4383   0.1216     4.41    0.211  48.25   0      13.88     858.8731     86.40579
       105    579.9832    592.9842     2521.835     149.1723  16.4957   0.0642     0.00    0.012 -23.37   2      58.17     2707.699     91.35939
       106     85.8763    589.3469     6247.645     281.4672  15.5107   0.0489     0.16    0.420  23.20   0      43.48     3437.449     92.94106
       107    145.0452    589.0192     6630.553     155.3061  15.4461   0.0254     0.00    0.051  -4.45   1       97.2     6101.176     99.84705
       108    854.9157    581.2525     3201.473     333.1754  16.2366   0.1130     5.66    0.441   5.11   0      14.28     822.2798     86.07628
       109    766.4787    559.5761     8044.632     398.0385  15.2362   0.0537     4.80    0.146  23.05   2      30.27     1734.643     88.90579
       110    253.5663    559.1793     6557.375     457.1829  15.4582   0.0757     5.91    0.066  53.11   0      23.75     1304.795     88.25678
       111     48.0992    559.7237     6467.495     453.8284  15.4732   0.0762     4.11    0.109 -70.18   0      23.59     1404.091     87.36923
       112      2.0734    559.9583     8643.953     151.7401  15.1582   0.0191     4.67    0.092 -55.66  24      103.6     7454.128     102.4891
       113    170.0817    554.7072      39886.7     446.1385  13.4979   0.0121     4.62    0.130 -26.29   0      136.8     9127.268     105.9449
       114    995.5444    545.3775      46605.1     510.2807  13.3289   0.0119     8.17    0.143  53.33   2      148.2     10201.63     108.4107
       115    989.3021    532.4980     32988.84     505.1755  13.7041   0.0166     5.70    0.064  46.74   2      107.4     6653.983     99.69601
       116    330.3974    530.9523     39497.79     447.0659  13.5086   0.0123     4.60    0.110 -25.81   0      134.8     8964.365     105.7851
       117    633.1062    521.3387     6292.805     407.0365  15.5029   0.0702     5.10    0.159 -16.67   0      25.92     1443.139     87.47075
       118    147.4791    517.3817     5071.762      401.377  15.7371   0.0859     7.07    0.118 -17.51   0      19.51     1023.956     87.30064
       119    392.4920    516.8348     3716.624      358.226  16.0746   0.1047     5.36    0.342 -39.60   0      14.36     759.9078     85.44221
       120    355.9995    511.5598     19963.57     476.6241  14.2494   0.0259     4.97    0.117 -30.95   0      69.46     4224.408     95.47961
       121    246.3839    509.9954     6676.949     362.8796  15.4386   0.0590     4.78    0.141  -8.75   0      27.11     1579.443     88.50816
       122    790.9905    504.9816      3770.68     367.9481  16.0590   0.1060     5.22    0.306  -1.09   0      15.13     956.7488     86.89449
       123    936.0226    492.4129     34750.93     437.8127  13.6476   0.0137     5.14    0.062  -2.86   0      123.8     8061.827     104.0213
       124     67.8944    495.0422     4650.624     335.6629  15.8312   0.0784     6.75    0.511  85.69   3      25.12     2177.662     89.35886
       125     60.5287    489.7045     20930.49     500.7257  14.1981   0.0260     4.69    0.279  12.55   2      71.07     4335.021     94.68698
       126    559.0691    487.1021     4847.602     398.7374  15.7862   0.0893     4.75    0.085 -18.99   0       19.6     1158.154     86.95859
       127    214.9156    493.7961      11083.4      182.152  14.8883   0.0178     0.00    0.334  68.50   0      132.7     9945.438     108.0584
       128     21.9000    478.7718     3271.281     362.1306  16.2132   0.1202     5.70    0.334 -56.41   0      14.56     808.2351     85.33543
       129    371.0862    487.3936     11721.87     416.1391  14.8275   0.0386     4.92    0.016 -78.83   0       46.4     2712.473     91.37127
       130    874.1271    471.8208     9682.321     468.4892  15.0351   0.0525     4.65    0.117 -33.89   0      37.15     2270.654     90.26562
       131    248.0009    461.8446     23368.48     178.1239  14.0784   0.0083    -3.32    0.109  89.41   0      200.3     23435.57      133.599
       132    286.8069    457.6493     21987.05      425.268  14.1446   0.0210     4.84    0.128 -21.66   0      82.46     5158.189     97.47102
       133    462.8508    457.4954     11100.68     474.5019  14.8866   0.0464    10.36    0.410   0.62   0      39.63     2099.244     89.15919
       134    405.2176    455.6759     54707.42      474.207  13.1549   0.0094     4.63    0.115 -13.29   0      177.6     12528.52     113.3612
       135    521.4935    457.9942      10243.2     206.9975  14.9739   0.0219     3.15    0.468  -0.12   0      110.1     8527.026     104.8412
       136    572.6406    467.1469     5426.286     386.2694  15.6637   0.0773     6.55    0.288 -30.75   0      22.38      1191.47     87.73566
       137     94.7900    451.1176     9573.119      393.839  15.0474   0.0447     4.86    0.172 -38.87   0         37     2232.346     90.16911
       138    179.2295    448.7940      5965.39      442.359  15.5609   0.0805     5.79    0.320 -35.14   0      18.83      1084.58     87.68787
       139      8.6480    445.1680      5836.44     377.2997  15.5846   0.0702     4.55    0.154 -36.40  16      24.41     1466.419     88.44502
       140    890.7941    444.7276      7086.13     326.7129  15.3740   0.0501     4.90    0.260 -15.37   0      30.77     1923.859     89.38818
       141   1007.4805    435.9737     4282.651     375.0251  15.9207   0.0951     6.67    0.276 -65.36   0      18.31     1066.263     87.18045
       142    150.9212    432.0641      24409.4     468.1248  14.0311   0.0208     4.57    0.125 -30.41   0      89.13     5692.245      98.3003
       143    416.9894    430.2126     2446.509     149.0575  16.5286   0.0662     1.05    0.116  85.88   0      42.68     2415.836     90.63042
       144    733.9839    428.0011     3673.102     383.9298  16.0874   0.1135     5.75    0.436 -14.73   0      14.57     746.9987     86.34415
       145    177.4802    425.9879     5340.594     370.2762  15.6810   0.0753     4.83    0.137  -5.82   0      23.83         1431     88.12616
       146    298.0475    415.8684     3960.374     369.4281  16.0057   0.1013     4.22    0.225  73.31   0       16.3     985.5464     86.96978
       147    890.1104    408.3935     6427.682     436.8825  15.4799   0.0738     8.72    0.244  62.78   0      25.96     1377.528     87.98815
       148    524.1934    405.8274     5161.893     420.9814  15.7180   0.0886     4.93    0.105 -89.22   0      18.73     1064.383     87.40583
       149    897.0488    399.8011     4662.628     377.9241  15.8284   0.0880     5.39    0.278  -5.02   0      18.87     1092.629     87.24916
       150    797.9875    396.6833     14214.85     439.7737  14.6181   0.0336     4.75    0.151  -0.63   0       54.5     3322.857     92.66042
       151     87.4407    392.2170     4893.751     406.2546  15.7759   0.0902     5.27    0.180 -22.72   0      19.05     1145.609     88.07442
       152    948.0821    384.3929     15394.46     458.2771  14.5316   0.0323     4.56    0.144 -15.27   0      61.36     3881.554      94.4474
       153    751.8727    385.2033     10809.06     440.2987  14.9155   0.0442     4.66    0.102 -18.24   0      41.64     2509.417     90.86479
       154    344.9922    384.5421     9078.151     364.3803  15.1050   0.0436     0.00    0.348   6.54   0      38.12     1704.927      89.0558
       155     70.6701    379.1023     8364.596     430.9483  15.1939   0.0560     4.77    0.210 -32.74   0      32.87     1934.286     88.73771
       156    891.1768    377.6800     5986.112     367.9508  15.5571   0.0668     4.33    0.105 -35.90   0       26.4     1599.576     88.55984
       157    972.9898    369.0154     5829.317     414.1236  15.5860   0.0772     3.71    0.002 -34.20   0         21     1355.319     87.93077
       158    616.2107    368.9197     5060.485     423.3076  15.7395   0.0908     7.35    0.274  -7.48   0      19.18     1110.092     87.29464
       159    392.5382    367.0998     19435.82     448.1064  14.2785   0.0250     4.73    0.088 -18.65   0      70.54     4245.636     94.47219
       160    243.7746    361.1429     12346.39     415.2717  14.7712   0.0365     5.11    0.208 -17.30   0      47.41     2832.753     91.66996
       161     97.1307    355.0385     21074.77     412.7805  14.1906   0.0213     5.13    0.154 -23.85   0      77.35     4781.085     96.37939
       162    969.4252    357.2330     3828.392     351.2142  16.0425   0.0996     5.03    0.267  -0.74   0      13.97     863.4191     87.11276
       163    146.7289    347.3893     48105.76     488.8327  13.2945   0.0110     4.41    0.117 -23.55   0      158.7     11139.19     110.3587
       164    946.1948    349.4254      4917.15     376.7456  15.7707   0.0832     4.83    0.094 -73.58   0      20.56     1163.536     87.66327
       165    321.9688    345.9813     14835.88     410.5568  14.5717   0.0301     4.83    0.158 -16.59   0      58.63     3613.862     94.01508
       166    531.7164    343.9279     36196.97     466.3298  13.6033   0.0140    12.24    0.142 -11.09   0      124.3     7368.478     101.9052
       167    612.2258    345.0886     7348.196     430.4119  15.3345   0.0636     5.36    0.241  -9.45   0      28.93     1662.272      88.2663
       168    569.0155    339.3521      3795.27     348.3192  16.0519   0.0997     6.43    0.175  26.21   0      16.86     964.9009     87.37712
       169    273.6042    321.7484     3946.063     311.8871  16.0096   0.0858     5.18    0.247 -20.22   0      18.62     1096.359     87.48893
       170    657.4032    316.5345     139277.4     546.3423  12.1403   0.0043     4.44    0.102   8.13   0      356.3     31758.02     146.9402
       171    347.6089    321.5178     5280.919     430.4879  15.6932   0.0885     6.83    0.147   2.78   3      19.94     991.7433     86.98597
       172    342.8123    314.2257     30009.47     469.7673  13.8069   0.0170     4.58    0.129  -3.55   2      104.7      6744.61     101.1024
       173    167.3173    317.6786     24540.29     463.8752  14.0253   0.0205     4.72    0.162 -23.23   0      87.72     5381.366     97.16602
       174    474.0598    315.7268     3730.603     349.7169  16.0706   0.1018     4.00    0.305  -6.49   0       15.8     946.1588     86.86678
       175    872.1425    306.9791     6230.967     381.5096  15.5136   0.0665     6.61    0.189   1.70   0      25.24     1852.138     89.20565
       176    224.9887    305.0143     6294.417     451.5212  15.5026   0.0779     5.28    0.258 -22.31   0      23.21     1320.287     87.84018
       177    228.3286    294.4819     8688.295     470.1493  15.1527   0.0588     8.89    0.350 -18.04   0      30.31     1757.277     88.51059
       178    131.0157    283.2188     5388.232     415.0939  15.6714   0.0837     5.67    0.217 -27.57   0      18.23      1019.26     87.28842
       179    169.3666    279.3851     4219.237     377.6573  15.9369   0.0972     4.56    0.125 -43.59   0       17.1     1012.208     87.72951
       180    203.8543    272.4720     13670.03      441.773  14.6606   0.0351     5.95    0.212 -26.52   0      52.45     3168.968      92.2822
       181    289.5393    266.7498     97353.43     494.2235  12.5291   0.0055     4.62    0.099 -17.19   0        278     22263.95      131.285
       182     38.9069    268.0559     7431.776     464.1594  15.3223   0.0678     5.19    0.214 -34.31   0      26.45     1588.099     87.84659
       183     91.4668    272.2839     2813.098     346.2294  16.3770   0.1337     5.24    0.437  37.84   0      12.34     670.4489     85.67445
       184     25.6524    258.7853     20238.17     480.9528  14.2346   0.0258     4.60    0.117 -26.48   0      73.43      4558.99     96.06371
       185    629.2461    251.5210     30713.16     501.1514  13.7817   0.0177     4.82    0.147 -21.60   0      103.6     6479.167     100.1031
       186    608.2010    251.7945     5238.684     421.0228  15.7019   0.0873     5.53    0.062 -58.52   0      20.45     1157.444     87.41783
       187      3.0686    245.2970     2797.939     159.3519  16.3829   0.0619     2.19    0.252  75.88  16       42.8     2162.234     89.54438
       188    783.5789    243.1952     3754.156     372.0127  16.0637   0.1076     6.05    0.175 -78.67   0      16.39     916.9677     86.79037
       189    591.8985    226.2728     9084.942     401.1453  15.1042   0.0480     5.18    0.089 -20.71   0      35.78     2070.403     88.85973
       190    723.1044    217.3878     9211.466     456.3031  15.0892   0.0538     4.63    0.134  -1.95   0      33.06     2121.699     89.88979
       191    657.7104    213.7183     5341.482     363.4276  15.6808   0.0739     6.85    0.387  12.34   0      24.41     1638.549     88.43279
       192    667.6694    212.0581     5950.138     404.3672  15.5637   0.0738     4.07    0.114  -9.53   0      24.31     1524.137     88.36604
       193    859.7682    204.5455     3966.342     290.2018  16.0040   0.0795     5.97    0.288 -14.54   0       18.1     1068.596     87.18653
       194    945.4061    203.3659      2914.02     296.2415  16.3388   0.1104     3.48    0.154  40.33   0      14.52     868.0677     87.12489
       195    541.1791    202.3302     3691.417     379.9937  16.0820   0.1118     5.73    0.505 -33.60   2      15.06     828.6101      86.7906
       196    505.0630    203.7605     2763.497     319.0005  16.3964   0.1254     6.19    0.318 -27.58   0      15.55     944.0025     86.86115
       197    765.8147    194.2283     6169.099     372.1372  15.5244   0.0655     4.78    0.165 -12.08   0      27.94     1751.303      89.3992
       198    681.1121    193.3745     9374.997      174.335  15.0701   0.0202     0.86    0.100  79.69   0      101.6     9312.601     106.1525
       199    879.1596    189.4544     22697.88     485.2307  14.1100   0.0232     4.48    0.093  -1.30   0      80.78     5066.994     97.25815
       200    730.9837    184.8694     88173.48      498.121  12.6367   0.0061     4.44    0.096  -8.19   0      258.8     21150.47     129.4983
       201    460.8705    184.9281     47980.69      508.922  13.2973   0.0115    13.06    0.143 -47.89   2      145.4     9804.632     107.3882
       202    162.1611    187.9810     13219.25      494.172  14.6970   0.0406     5.29    0.139 -27.60   2      43.18     2210.267     90.78017
       203    246.0340    187.5104     9384.413     482.0916  15.0690   0.0558     4.68    0.214 -26.83   0      31.11     1893.753     88.86034
       204     70.0543    172.4075     4239.983     386.8719  15.9316   0.0991     3.47    0.073 -74.37   0      15.67     879.0634     86.92262
       205    693.6741    170.2766     10157.55     424.8542  14.9830   0.0454     4.26    0.091 -20.04   0      39.14     2388.078     90.11577
       206     36.4579    163.5598     10984.43     412.0939  14.8981   0.0407     5.35    0.088  27.01   0      41.65     2286.728     90.30608
       207    414.7759    162.4146     3748.787     306.8693  16.0653   0.0889     4.55    0.101  10.48   0      17.89     1126.905     87.56824
       208    514.0815    153.3880     3401.779     334.8163  16.1707   0.1069     4.50    0.227  13.13   0      16.47     1000.652     87.00924
       209    653.4984    149.8642     4006.344     170.1689  15.9931   0.0461     2.19    0.180  11.24   0      45.26     3350.297     92.51067
       210    763.5018    143.6725     3717.528     366.5469  16.0744   0.1071     4.62    0.041 -22.14   0      16.07     919.2481     86.09878
       211    180.3580    142.7053     8043.483     394.2321  15.2364   0.0532     4.98    0.120 -56.36   2      29.42     1626.605     87.71729
       212    437.3805    135.1740     10912.69     545.3718  14.9052   0.0543     5.64    0.231   3.04   0      32.74     1926.583      89.8437
       213   1009.3363    133.7867     3366.802     324.1152  16.1820   0.1045     4.28    0.155 -16.36   0      16.22     975.0555     86.94236
       214    285.1072    131.8211     8729.061     407.1622  15.1476   0.0507     4.66    0.180 -12.18   0      35.39     2144.367     89.27415
       215      8.1661    128.9344     2803.429     210.9301  16.3808   0.0817     4.67    0.182 -27.48   0      23.22     1546.995      88.4248
       216   1010.0002    120.9735      4383.59     151.9823  15.8954   0.0377     4.23    0.010 -46.32   3      73.79     4105.912     95.19714
       217   1013.1285    117.9198       7069.1     417.2194  15.3766   0.0641     5.01    0.209   4.81   2      27.92     1699.465     88.36202
       218    393.4060    117.0445     4578.235     418.2701  15.8483   0.0992     5.52    0.341 -42.12   0      18.65     1109.318     87.52259
       219    408.7614    106.5367     4868.188     301.0936  15.7816   0.0672     0.00    0.151  68.40   0      27.81     2130.626     89.91236
       220    874.4197     98.6190     24389.65     486.0224  14.0320   0.0216     4.44    0.095   1.06   0      87.36     5650.317     98.81547
       221    357.0643     94.8404     19412.48     411.8642  14.2798   0.0230     4.60    0.114 -16.69   0      74.59     4735.275     96.27131
       222     15.4583     82.0982     14894.21     413.0297  14.5675   0.0301     5.12    0.184 -25.04   0      58.31     3490.035     92.85333
       223    160.6429     79.1093     23520.88     522.5034  14.0714   0.0241     4.57    0.139 -30.44   3      80.02     4934.874     96.32491
       224    162.8525     70.6199     13489.33     470.3324  14.6750   0.0379     5.08    0.105 -20.98   3      50.58     3003.037     92.30918
       225    738.2756     70.7893       9738.4     423.4448  15.0288   0.0472     4.64    0.148  -7.97   0      38.45     2350.297     90.46593
       226    827.3149     70.7631      4042.28      381.523  15.9834   0.1025     3.23    0.127 -16.84   0      15.52     920.3648     86.33487
       227    471.4350     68.7287     18672.91     445.4688  14.3220   0.0259     4.33    0.119  -3.31   0      71.45     4595.547     95.94087
       228    349.4193     68.9035     4217.462     403.3922  15.9374   0.1039     5.82    0.235 -51.77   0      15.43     865.1509     85.95586
       229    316.7264     59.6524     22461.03     455.1919  14.1214   0.0220     4.68    0.098  -7.00   0      83.82      5248.28     97.26842
       230    287.3629     60.7465     5185.133      445.356  15.7131   0.0933     5.69    0.220 -64.89   0      16.99     895.3987     86.96532
       231     23.7403     54.1464     18398.11     608.4253  14.3381   0.0359     8.65    0.260  28.67   0      55.16     3180.838     92.74591
       232    951.8196     51.2688      6711.65     409.7307  15.4329   0.0663     4.33    0.039  34.00   0      26.53     1611.177     88.81622
       233    331.2345     53.0703     3314.776     183.4894  16.1989   0.0601     4.60    0.420  12.31   0      31.36     2374.679     90.52716
       234    288.9686     51.2304     16372.08     549.4743  14.4647   0.0364     4.88    0.198  -3.11   0      49.81     3162.011     92.91635
       235    739.7304     50.4336     6151.728      445.849  15.5275   0.0787     7.60    0.316 -44.87   0      22.04     1312.959     87.82121
       236     55.2068     49.7765     4593.396     392.2381  15.8447   0.0927     4.91    0.187 -48.70   0      17.77     1042.974     87.35014
       237    665.4241     49.2861     4918.566     401.2903  15.7704   0.0886     4.33    0.118 -71.29   0      18.53     1081.871     86.75899
       238    868.5870     39.9481     7354.254     361.9177  15.3337   0.0534     4.16    0.076 -22.63   0      32.39     1980.263     89.75571
       239    276.0191     37.3539     25754.55     446.8235  13.9729   0.0188     4.53    0.117  -9.99   0      95.17     6259.593      100.207
       240    764.1950     36.8376     3697.117     333.5133  16.0803   0.0980     5.12    0.254  42.50   0      16.98     1046.884     87.59011
       241    638.5786     29.5962     11157.83     541.7763  14.8811   0.0527     7.71    0.398 -88.32   0      34.54     1747.571     88.93884
       242   1011.3247     30.8274     5693.685     460.0421  15.6115   0.0877     8.24    0.494  17.03   0      18.88     877.9061     86.68803
       243    105.1562     25.9042     7012.629     399.9695  15.3853   0.0619     5.06    0.270 -33.69   0         27     1515.972     87.43018
       244    248.5067     22.9235     3030.762     307.9731  16.2961   0.1104     6.27    0.262 -51.87   0       15.6     861.3195      86.1793
       245    220.8900     20.5244      8195.43      383.989  15.2161   0.0509     8.96    0.190 -12.53   0      33.47     1963.411     89.03831
       246    233.2771   1018.1910     12397.78     417.7129  14.7666   0.0366    10.21    0.204  -5.67  16      47.56     2924.383     91.89685
       247    990.9824   1013.0528     12521.67     429.6404  14.7558   0.0373     4.82    0.122 -32.13  16      50.15     3148.741     92.66722
       248    944.9821   1010.9705     29656.66     413.8519  13.8197   0.0152     4.65    0.078 -19.90   0      110.5      7336.31       102.62
       249   1014.1651   1006.0413     3507.575     319.5302  16.1375   0.0989     4.90    0.366  10.34   0      15.39     870.8828     86.90124
       250     83.9256   1004.4748     4684.983      391.008  15.8232   0.0906     3.32    0.174  -4.82   0      18.75     1183.711     87.02535
       251    159.4171    998.1086     10479.24     462.4003  14.9492   0.0479     5.01    0.091 -10.03   0       38.3     2229.944     89.71607
