#   1 NUMBER                 Running object number                                     
#   2 X_IMAGE                Object position along x                                    [pixel]
#   3 Y_IMAGE                Object position along y                                    [pixel]
#   4 FLUX_AUTO              Flux within a Kron-like elliptical aperture                [count]
#   5 FLUXERR_AUTO           RMS error for AUTO flux                                    [count]
#   6 MAG_AUTO               Kron-like elliptical aperture magnitude                    [mag]
#   7 MAGERR_AUTO            RMS error for AUTO magnitude                               [mag]
#   8 FWHM_IMAGE             FWHM assuming a gaussian core                              [pixel]
#   9 ELLIPTICITY            1 - B_IMAGE/A_IMAGE                                       
#  10 THETA_IMAGE            Position angle (CCW/x)                                     [deg]
#  11 FLAGS                  Extraction flags                                          
#  12 SNR_WIN                Gaussian-weighted SNR                                     
#  13 FLUX_APER              Flux vector within fixed circular aperture(s)              [count]
#  14 FLUXERR_APER           RMS error vector for aperture flux(es)                     [count]
         1    281.7016     38.5428     94734.27     550.5592  12.5587   0.0063     8.53    0.299   5.32   2      251.9     11114.27     100.1282
         2     28.3567     54.8336     61263.61     613.7735  13.0320   0.0109    10.61    0.496  19.63   0      156.7     6168.565     88.67286
         3    644.0745     30.9018      37999.2     593.8376  13.5506   0.0170     8.26    0.141   5.91   0      106.7     3437.935     80.67215
         4    110.6124     27.2589      23016.9     470.6273  14.0949   0.0222     8.35    0.411   0.67   0      76.77     3077.791     80.36155
         5    382.3973     23.9832     6757.509     443.0983  15.4255   0.0712     8.79    0.479   4.26   0       24.3       882.11     73.69885
         6     69.6682     17.5719     20932.71     440.7414  14.1979   0.0229     8.65    0.406  -0.74  16      72.66     2787.049     79.35617
         7    954.9657     14.7639     4182.706     348.2391  15.9464   0.0904     8.22    0.430  24.39   0      18.21     719.5782     73.38981
         8    910.2868     12.3718     17224.19     413.8253  14.4097   0.0261     7.99    0.456  -0.67  16      61.84     2151.171     77.14613
         9    653.7086     14.1018     10146.57     517.2124  14.9842   0.0554    10.87    0.551   1.42  16      29.48     1032.604      73.5844
        10    630.1489     13.4100      8166.39     431.6463  15.2199   0.0574     8.09    0.467   7.12  16       33.5     1336.254      75.2753
        11    796.2061     11.3021      16825.6     420.4218  14.4351   0.0271     8.62    0.267   4.00  16      55.34     1757.324     76.35015
        12    226.6979     21.8335     27804.56     481.1258  13.8897   0.0188     8.72    0.399   0.75   0      92.18     3566.562     80.85815
        13    747.1042      6.8272     129556.1     505.6741  12.2189   0.0042     8.50    0.358   2.19  24      332.7     16376.73     111.1793
        14    166.1614     10.2272     14570.75     455.7449  14.5913   0.0340    12.82    0.550   0.82  16      49.27     1859.572      77.0238
        15    280.9334      3.9591     62812.32     494.5226  13.0049   0.0086    11.75    0.452  -7.26  18      218.4     1473.394     75.50024
        16    869.9752      5.1023     7942.634     339.3578  15.2501   0.0464     8.99    0.527  -0.35  16      31.64     1195.813     73.89471
        17    508.8311      2.7871     18304.52      320.657  14.3436   0.0190     9.43    0.541   1.09  24      74.79     2973.029     80.41891
        18    430.1377      2.4825     8795.844     324.9678  15.1393   0.0401    10.24    0.560  -1.17  25       37.6     1448.229     75.04668
        19    416.1777      2.2795     9795.708     320.1654  15.0224   0.0355    10.44    0.656  -0.37  25      41.38     1562.314     75.76743
        20   1005.3578      2.0544     5144.042     305.4279  15.7217   0.0645     8.47    0.638  -1.98  24      23.64     1123.122     74.62904
        21    622.8776      2.0279     10221.17     252.2302  14.9762   0.0268     9.80    0.672  -0.11  24      47.84     2056.305     77.23501
        22    899.0016      1.4864     2384.502     220.6569  16.5565   0.1005     5.47    0.735  -5.36  24      12.37     550.6763     68.85394
        23    537.5314    973.9830     21358.92     586.8295  14.1761   0.0298     8.49    0.296  -1.61   3      71.21     1953.828     77.11736
        24    756.6808   1022.7505     4169.664     252.4114  15.9497   0.0657     7.95    0.474   4.12  24      20.68     865.1847     73.25971
        25    497.6446   1023.3174     5784.152     330.4676  15.5944   0.0620     7.47    0.707   1.39  24      19.97     805.6423      71.1035
        26    239.0241   1019.7787     41711.71      403.097  13.4494   0.0105     8.00    0.369   1.02  24      139.2     5973.426     88.33231
        27    538.9203    984.5251     44393.41     535.3765  13.3817   0.0131     8.20    0.332   3.00   2        129     4928.829     84.76836
        28     27.7901    985.0877     6597.897     427.5084  15.4515   0.0704     9.77    0.433  -6.40   0      22.69     717.1791     72.99405
        29    303.6465    977.7017     56891.43     520.5699  13.1124   0.0099    14.56    0.282  -3.28   0      167.9     6930.706     89.81758
        30    605.4599    983.2086     4510.444     356.5161  15.8645   0.0858     5.65    0.417  15.37   2      16.09      689.585     73.29687
        31    756.7117    980.0983     13931.09      430.565  14.6400   0.0336     8.96    0.422   4.95   0      49.65     1754.914     75.78249
        32    223.1485    980.9944     3786.584     319.2273  16.0544   0.0916     4.63    0.191  -4.27   0      15.67     717.8102     73.38434
        33    693.0358    977.7371     12036.96     475.1169  14.7987   0.0429     9.53    0.477   6.15   0      39.68     1324.135     75.04959
        34    365.8589    978.2968      5756.86     432.0236  15.5995   0.0815     7.84    0.582 -14.55   0         19     734.8493     72.85425
        35    250.4756    978.1215     6675.752     453.3606  15.4387   0.0738     8.66    0.445  15.45   0      20.56     707.0361     72.57188
        36    234.0301    977.4543     7399.639     475.8889  15.3270   0.0698     7.50    0.376 -13.68   0      19.05     710.1809     72.97225
        37    971.0000    972.3511     4727.381     143.6058  15.8134   0.0330     0.95    0.173 -89.46   0      70.08     4645.156     84.51034
        38    430.7085    968.8761     12077.67     498.4893  14.7950   0.0448     8.79    0.434   5.69   0      39.96     1498.017     75.19731
        39    379.8132    970.6335     2933.692     170.4236  16.3315   0.0631     2.51    0.487 -24.39   0      32.53     2344.398     78.62227
        40     91.4265    965.1075     26978.56     492.4176  13.9225   0.0198     8.37    0.443  -4.81   3      84.45     3498.615     80.84292
        41     81.9720    957.3843       151009     538.1595  12.0525   0.0039     8.20    0.321   4.66   3      365.4     18829.88      116.818
        42    150.0645    960.1688     72029.73     552.1542  12.8562   0.0083     7.97    0.296   4.15   0        203      8933.77     95.34866
        43    552.6685    961.6907     15703.12     427.3629  14.5100   0.0296     8.60    0.428   4.14   0      55.88     2068.865     76.90327
        44    170.2856    958.8298      54477.2     492.1229  13.1595   0.0098     8.16    0.325   4.03   0        165     7029.828     90.54014
        45    946.8434    960.3639     10296.59      387.736  14.9683   0.0409     9.46    0.440   2.65   0      37.44      1361.96     75.35287
        46    885.4252    959.5660     20747.43     663.8698  14.2076   0.0347    10.95    0.499   9.12   0      44.06      1654.82     76.41724
        47     11.7302    958.4321     7669.328     444.3659  15.2881   0.0629     9.29    0.526   3.02  16      26.42     938.2338     73.87173
        48    282.8226    956.0751     6514.981     143.9605  15.4652   0.0240     4.77    0.240 -23.28   0      98.23     5711.248     87.49288
        49    827.0741    953.5901     6353.008     434.7953  15.4926   0.0743     7.86    0.501   9.28   0      22.91     943.5406     74.08012
        50    788.7597    951.3748     15733.47     596.6761  14.5079   0.0412     8.91    0.663  -1.58   2         36     1491.701     75.93056
        51    631.1714    952.8939     5346.764     337.6148  15.6798   0.0686     9.47    0.523   3.24   0      21.15     796.8375     72.65725
        52    316.0782    952.9774     7200.663     434.4211  15.3566   0.0655     7.98    0.467  10.52   0      25.27      1055.16     74.23059
        53    141.3172    953.5291     13210.96     183.6184  14.6977   0.0151     6.13    0.524 -56.47   0      135.5     10920.49     99.68741
        54    473.1527    943.8412     24489.16     440.9631  14.0276   0.0196     8.35    0.394   6.08   0      81.83     3021.286     80.02421
        55    154.3069    946.0232     6502.672     434.0558  15.4673   0.0725     6.99    0.326 -11.61   2       21.4     787.3879     72.82308
        56    772.9760    944.2374     5624.867     388.6615  15.6247   0.0750     6.45    0.135   2.60   2      19.48     636.9506     73.52108
        57    562.6718    939.9460     89116.17      613.089  12.6251   0.0075     9.64    0.239 -34.92   0      229.5     8546.007     94.26923
        58     89.9947    940.7980     5529.489     454.3521  15.6433   0.0892     8.21    0.575   4.13   0      19.53     687.9567     73.09767
        59    947.7214    938.3809     3876.154     345.9914  16.0290   0.0969     7.10    0.486  11.44   0      15.75     644.1417     73.15582
        60    890.8675    935.7045     15989.57     542.5151  14.4904   0.0368     9.70    0.507   1.52   2       51.1     1240.095      74.4137
        61    403.0066    936.9851     9858.529     139.2922  15.0155   0.0153     0.00    0.006  57.11   3      131.8     9507.227     96.70589
        62    399.4407    933.3790     12875.86     565.6036  14.7256   0.0477    11.52    0.555   7.62   2      33.66     1391.283     75.62939
        63    169.2808    932.8475     12283.87     401.4846  14.7767   0.0355     8.08    0.376   2.56   0      45.67     1744.326      75.9381
        64    508.9723    930.3151      5363.73     376.4335  15.6763   0.0762     9.14    0.502   7.67   0      21.03     760.8168     73.12979
        65    761.2573    926.8165     37209.84     528.2988  13.5734   0.0154     8.09    0.321   6.66   0      116.3     4442.367     84.13228
        66    105.8370    929.3929     4616.288     387.1548  15.8393   0.0911     6.76    0.315   1.10   0      18.04     834.4812     73.93723
        67    806.1617    927.9611     8699.928      499.087  15.1512   0.0623    10.68    0.489   1.84   0      27.01     884.2024     73.70531
        68    650.2693    927.4017     9755.447     461.1073  15.0269   0.0513     8.63    0.454   0.77   0      34.55     1265.243      75.0606
        69    120.9973    925.9980     5071.863       131.25  15.7371   0.0281     4.19    0.006  36.76   2      92.08     5145.404      85.8451
        70     16.1553    927.4886     11960.88      595.834  14.8056   0.0541    10.01    0.557   5.41  16      23.66     752.1035     72.90806
        71    631.1196    926.0958     8680.858     352.1727  15.1536   0.0441    10.55    0.493   2.86   0      34.24     1264.979     74.48966
        72    890.3292    921.5067     14442.56     593.7958  14.6009   0.0447    16.63    0.618 -18.14   0      33.52     904.9005     73.57621
        73   1021.4838    924.4866     3385.412     264.1019  16.1760   0.0847     3.59    0.018  43.74  16      18.35     938.6213      73.6803
        74    358.4189    921.4031     14281.83     457.1577  14.6130   0.0348     8.27    0.415  -3.91   0      49.42     1823.426     76.54666
        75    273.4920    922.6174     4732.197     273.1761  15.8123   0.0627     8.13    0.537   1.65   0      20.67     816.4575     72.91375
        76    394.0989    918.8747     12865.09     602.6981  14.7265   0.0509    10.23    0.488  -6.36   0      25.55     755.5555     72.72367
        77    247.9698    917.9108     8999.011     513.2586  15.1145   0.0619    10.18    0.164   7.33   0      27.39     796.4799     73.04626
        78    489.4859    918.2109     8423.912     496.8206  15.1862   0.0640     9.66    0.473  -2.45   0      24.27     912.3635     73.59926
        79     45.5076    915.4525     5049.831     372.4478  15.7418   0.0801     5.97    0.329 -23.92   0      16.62     757.9017     72.92612
        80    756.6268    913.9525      11696.8     534.7678  14.8298   0.0497    10.94    0.518   9.74   0       32.9     1218.564     75.10857
        81    565.1788    914.0561      8792.43     353.2519  15.1397   0.0436     7.76    0.508  -0.36   0      32.51     1194.497     74.65598
        82    478.0164    912.7032     11605.37     551.7325  14.8384   0.0516    11.81    0.367  -8.49   0      34.46     1240.993     74.22523
        83    983.8651    907.9894     22001.09      419.839  14.1439   0.0207     8.59    0.394   2.32   0      75.73     2871.044     79.59637
        84    153.9928    906.3396     20093.62     463.1166  14.2424   0.0250     8.33    0.392   4.07   0      70.11     2591.055     78.97301
        85    923.2388    899.6241     40546.46     617.0909  13.4801   0.0165    17.12    0.238  24.56   0      94.01      2098.95     77.72691
        86    447.0886    901.2311      80273.6     575.6375  12.7386   0.0078     8.04    0.305   0.62   0      217.6     9253.492     95.81155
        87    900.6649    903.9540     6285.484     305.1139  15.5042   0.0527     9.20    0.477  -1.75   0      26.29     980.0128     74.00015
        88    716.2703    902.3684     8369.101     464.2655  15.1933   0.0602    10.65    0.484   1.80   0      28.42     994.1622     74.04359
        89    557.3954    900.9496     4394.111     283.1179  15.8928   0.0700     0.00    0.641   0.36   0      21.73     939.1363     74.06661
        90    321.8030    892.4131     7049.857     291.4028  15.3795   0.0449     9.74    0.503   3.75   0       29.6      1156.37     74.53982
        91    522.2784    893.0598     4491.229     367.3021  15.8691   0.0888     7.61    0.651   4.92   0      17.89     595.3903     72.41789
        92    227.1127    885.1276     54049.02     488.3008  13.1680   0.0098     9.29    0.421   9.20   0      154.4     6192.973     88.09248
        93    382.0624    886.5557     10219.62     318.2413  14.9764   0.0338     9.12    0.434   3.84   0      39.97     1451.521     75.43437
        94    592.2715    883.8138     30988.68     548.1148  13.7720   0.0192     8.14    0.381  -0.18   3      92.92     3600.443     81.82633
        95    579.7145    879.1761     39432.51     517.0303  13.5104   0.0142     8.28    0.392   3.64   3      120.7     4684.652     84.27993
        96     16.7562    884.6647     3853.229      342.882  16.0354   0.0966     6.05    0.203  24.93   0      16.64     728.4012     73.22331
        97    647.2566    882.8311     10054.35     430.1687  14.9941   0.0465     8.37    0.475   2.56   0       36.3     1346.303     75.11669
        98    522.4203    883.6692      4453.78     381.5125  15.8782   0.0930     7.18    0.466   9.18   0      17.08     610.9253     73.05256
        99    853.4230    876.3682       124872     515.4185  12.2588   0.0045     8.27    0.309   3.76   0      321.6     15787.79     110.7415
       100     75.6734    880.2521     10789.21     497.9015  14.9175   0.0501    10.14    0.321 -10.35   0      32.13     1022.744     73.93932
       101    786.6174    879.9358     8135.998     470.9897  15.2240   0.0629     8.97    0.432   3.55   0         27     964.1948     73.95155
       102    448.7561    871.9310     299958.7     621.0808  11.3073   0.0022     8.03    0.246   2.83   2      585.1     37498.67      148.578
       103    444.2564    856.1185     66974.97     506.3517  12.9352   0.0082     8.01    0.305   4.50   3      194.3      8184.92     93.24236
       104    162.0075    880.7990     3589.328     128.6572  16.1125   0.0389     0.94    0.102  89.01   0      65.61     3726.556     82.00275
       105    256.8307    876.8127     16292.79     364.9244  14.4700   0.0243     8.42    0.364   4.81   0      60.04     2186.815     77.98341
       106    506.9817    875.5250     4630.149     357.5872  15.8360   0.0839     5.55    0.262 -88.69   0       16.7     677.8286     73.26041
       107    742.7598    869.7238     11706.05     580.6367  14.8290   0.0539    11.59    0.467  27.73   0      30.47     926.0701     73.83429
       108    714.4762    869.5009     6032.749     417.1093  15.5487   0.0751     9.39    0.401   2.75   2      22.67     827.7522     72.94894
       109    622.8517    870.5107     14478.86     554.8392  14.5982   0.0416     0.00    0.439 -10.46   0      42.92     1382.446     74.84721
       110    129.5916    870.4955     6158.349     414.6151  15.5263   0.0731     9.24    0.502  -1.33   0      21.79     798.7473     73.44133
       111    670.9357    864.9135     5712.561     361.2371  15.6079   0.0687     9.83    0.286  12.56   0       22.1     832.1264     73.15708
       112    609.7396    862.4966     27474.63     676.2256  13.9027   0.0267    17.31    0.612  -6.58   0      61.25     1794.624     76.08849
       113    802.8371    862.8982     4847.172      380.815  15.7863   0.0853     8.78    0.613   7.50   0      19.79     687.2446     72.31363
       114     86.5768    860.7947     15545.19     463.1858  14.5210   0.0324    12.95    0.473   7.01   0      49.44     1906.777     76.97857
       115    291.5260    859.1111     15635.08     550.8161  14.5148   0.0383     8.47    0.393   2.62   0      48.49     1846.883     76.24442
       116     16.5666    855.0881     11559.64      546.538  14.8426   0.0513    11.34    0.554   4.18  16       30.4     898.4911     73.36296
       117    975.7770    854.4445     4977.787      365.665  15.7574   0.0798     9.09    0.545   0.90   0      20.98     813.7287     73.87341
       118    813.5616    853.5312     4882.617     419.0334  15.7784   0.0932     8.43    0.493  -3.60   0      17.83      614.367     72.86851
       119    480.1557    850.9368     4595.292     379.7302  15.8442   0.0897     6.69    0.572  -2.00   0      16.23     612.4581     72.86256
       120    290.1661    849.8349      5068.23     384.6591  15.7379   0.0824     5.63    0.429  11.23   0      18.36     776.3124     73.75821
       121    149.2061    846.3571     35324.62     433.5957  13.6298   0.0133     8.31    0.361  -0.48   0        115     4496.604     84.44711
       122    334.5386    847.4798     6117.698     435.4888  15.5335   0.0773     8.27    0.481   3.54   0      21.79       826.91     73.14087
       123    203.4701    840.4905     253957.9     598.1025  11.4881   0.0026     8.13    0.259   0.99   0      524.6     31484.27     138.9718
       124    978.6080    846.5993     3401.171     313.3341  16.1709   0.1000     5.25    0.509  -9.58   0      14.45     601.3937     72.82803
       125    471.7050    838.7473     7505.102       310.63  15.3116   0.0449     9.77    0.453  -2.62   0      31.26     1105.089     73.80794
       126    979.3840    833.7933     4471.962     356.4915  15.8738   0.0866     7.67    0.487   3.82   0       19.3     749.2913     73.28812
       127     83.4660    829.9304     12683.33     516.2656  14.7419   0.0442     8.26    0.406   3.57   0      43.27     1569.204     75.60036
       128     29.3781    830.0762      13368.7      407.365  14.6848   0.0331     8.61    0.418   0.77   0      47.69     1795.099     76.64814
       129    590.7461    829.8937     6426.461     417.3238  15.4801   0.0705     8.68    0.413   1.79   0      23.27     999.9648     73.48352
       130    380.1837    825.3907     3552.538     335.3471  16.1237   0.1025     6.48    0.349  11.56   0      15.59     723.6816     73.20866
       131    267.5348    823.3834     6963.693     364.9555  15.3929   0.0569     9.34    0.464   6.53   0      28.44     1035.584     74.17062
       132    451.0550    819.1353     22189.51     383.6909  14.1346   0.0188     8.38    0.375  -0.76   0      79.72     3057.077     80.12579
       133    763.2929    819.3540     11727.81     594.5512  14.8270   0.0551    10.88    0.457 -15.81   0      27.59     849.1108     73.01546
       134     75.0121    815.8917     36330.51     477.0133  13.5993   0.0143     8.67    0.353   2.23   0      114.6     4331.705     83.32272
       135    141.7365    815.2126      31433.5     494.4695  13.7565   0.0171     8.09    0.423   2.11   0      98.72     4058.906     82.91875
       136    291.8257    815.5275     10091.88     414.2005  14.9901   0.0446     8.92    0.421   2.73   0      37.81     1395.208     75.26451
       137    325.8719    811.0516     46711.75     591.1836  13.3264   0.0137    15.35    0.600   0.65   2      110.3      4539.55     84.05696
       138    848.1743    811.1459     7511.931     410.1924  15.3106   0.0593     8.65    0.450   4.41   0      28.37     1060.655     74.24741
       139    993.9196    803.0321     11148.26     186.8414  14.8820   0.0182     0.00    0.304   6.69   3      118.2     8404.048     94.07755
       140    476.9644    809.4028     9222.338     409.4071  15.0879   0.0482     8.76    0.466   1.56   0      34.74      1389.84     75.62506
       141    941.4894    800.5224     226319.2     586.2955  11.6132   0.0028     8.32    0.272   4.85   0      487.4     28131.51     133.2695
       142    995.0007    809.6007     13262.92     541.3716  14.6934   0.0443    11.60    0.182 -19.86   2      40.81     1356.395     75.14722
       143    718.0272    807.1758     9871.347     528.6422  15.0141   0.0582    10.74    0.526   5.28   0      27.71      946.718     74.28143
       144    285.2350    802.2626     14162.46     488.6524  14.6222   0.0375    11.18    0.481   3.74   2      49.49     1818.466     76.53194
       145    637.2662    798.2626     32518.59     468.4167  13.7197   0.0156     8.71    0.359  -1.67   0      107.5     4230.096     83.21605
       146     30.8064    799.3120     6148.804     412.8926  15.5280   0.0729     8.50    0.523   1.35   0      23.44     824.4522     73.52084
       147    771.5140    796.1920     23693.14     798.8546  14.0634   0.0366    16.12    0.525 -19.60   0      44.49     993.9279     74.04288
       148    748.0599    796.8934     12243.87     545.5215  14.7802   0.0484     8.59    0.439   1.36   0      36.12     1322.632     74.66536
       149    697.9085    798.2977     10951.18     565.4584  14.9013   0.0561     9.75    0.544  14.65   2      24.36     656.1296     72.41228
       150    417.3209    797.8140     7976.426     344.5747  15.2455   0.0469     8.14    0.426   3.64   0      31.75     1260.928     74.85794
       151    180.8019    812.6790     5813.451     364.2385  15.5889   0.0680     8.88    0.545  -3.00   0      22.89     783.4122     73.39386
       152    338.0293    792.3504     5322.059     432.6167  15.6848   0.0883     8.29    0.573   7.04   0      19.01     603.7275     73.22449
       153    627.4523    785.6053     8436.399     332.2867  15.1846   0.0428     8.33    0.415   3.53   0      33.91     1267.811     75.06837
       154     43.7169    786.2917     1958.768     133.9519  16.7700   0.0743     1.85    0.289 -43.27   0      36.77     2065.481     77.07785
       155    321.0185    780.8148     6927.195      437.538  15.3986   0.0686     0.00    0.496  35.14   0      24.41     967.3298     73.96119
       156    950.1174    778.1071     25365.99     584.1374  13.9894   0.0250     8.99    0.389  -1.89   0      75.03     2757.717     79.09266
       157    771.5135    769.2996     33479.88     493.9729  13.6880   0.0160     8.43    0.379   2.39   0      108.3     4144.401     82.63847
       158    196.2256    767.5409     30299.82     470.3698  13.7964   0.0169    16.44    0.705  25.15   2      100.4     7384.183     91.58061
       159    191.4140    763.2378     8512.814     382.9964  15.1748   0.0489     4.89    0.579  45.62   3      34.37     2239.868     78.31952
       160    621.9122    768.9150     6909.869     410.7245  15.4013   0.0646    10.58    0.636   5.01   0       24.5     823.6065     73.32467
       161     67.3311    769.5041     4678.929     374.1255  15.8246   0.0868     6.69    0.352  18.38   0      18.08     698.3251     72.54459
       162    282.0418    766.6713     7507.458     439.4591  15.3113   0.0636     6.72    0.394  -3.94   0      25.65     1047.315     74.20657
       163    480.1510    763.4018     6232.745     412.0775  15.5133   0.0718     9.42    0.595  -3.94   0       23.8     893.1221      73.7328
       164    992.1988    770.0611     7622.167     397.9453  15.2948   0.0567     8.84    0.487   3.70   0      30.33     1230.947     74.95669
       165    500.0685    757.2894     7692.834     423.0815  15.2848   0.0597    10.13    0.557   4.68   0      26.36     939.5701     73.49011
       166    227.9524    758.1470     6409.209      459.455  15.4830   0.0779     7.15    0.607   0.02   0      17.79     541.6553     72.83674
       167    743.4890    750.0203      44674.9      477.265  13.3748   0.0116     8.47    0.359   1.69   2      136.5      5424.91     86.25304
       168    529.9941    756.2610     3232.076     130.7701  16.2263   0.0439     1.26    0.125 -89.98   0      53.94     3240.641      80.8208
       169    868.4955    751.3028     6859.308     501.0921  15.4093   0.0793     9.47    0.375 -10.75   0      19.87     575.3945     72.15844
       170    341.0163    752.4792     6266.857     398.9554  15.5074   0.0691     5.93    0.747   0.07   0      18.46     559.7621       72.698
       171    713.8232    748.5925     19277.82     539.9575  14.2874   0.0304    14.14    0.474  -8.07   0      62.38     2179.643     77.78001
       172    540.4183    745.1539     27460.28     658.1158  13.9032   0.0260     9.12    0.415   3.92   0      68.46     2549.779     79.03413
       173     62.0318    746.2894     8397.857     404.5822  15.1896   0.0523    10.34    0.467   2.17   0      33.02     1237.766     74.21535
       174    516.1543    743.6583     39944.73     462.1177  13.4964   0.0126     8.29    0.346   1.57   0      129.1     5212.247     86.02189
       175    565.8925    741.5726     31726.46     596.2182  13.7464   0.0204    14.73    0.445   1.91   0      89.79     3336.805     80.38673
       176    998.4227    737.4645      50663.3     480.8476  13.2383   0.0103     8.39    0.334   5.06   0      156.3     6397.362     89.25735
       177    225.0263    737.1381     88469.78     524.1077  12.6330   0.0064     8.10    0.296   2.84   0      243.9     11107.92     100.5387
       178    761.5410    736.2555      36803.7     424.4422  13.5853   0.0125    14.71    0.406  -3.40   0      121.4     5166.223     86.23043
       179    878.4999    737.4483     6828.463     455.7816  15.4142   0.0725     8.99    0.525   0.40   0      22.95     774.0768     72.38998
       180    913.2245    736.3318     6883.949     458.1415  15.4054   0.0723     7.66    0.416  33.67   0      20.13     535.3781     72.81715
       181    629.9394    735.2680     9541.529     431.5473  15.0510   0.0491     9.07    0.349  -5.11   0      33.48     1151.352     74.52451
       182    125.6627    736.1779     5778.123     284.2268  15.5955   0.0534     9.25    0.471  10.57   0      24.21     936.4528     74.05838
       183    485.1123    733.9551     7105.211     379.3611  15.3711   0.0580     9.07    0.496   6.02   0      27.79     1119.652     74.04494
       184    189.7140    733.2485     13400.75     448.8734  14.6822   0.0364    11.75    0.426   5.25   0      49.11     1731.997     75.90119
       185     42.9660    733.2419     12966.65     432.5268  14.7179   0.0362     8.40    0.430   3.51   0      46.64      1831.81     76.75691
       186    122.9967    727.9680     3208.823     130.7297  16.2341   0.0442     4.25    0.033  47.99   2      59.14     2754.932     79.62189
       187    269.1477    721.6084     36445.94      552.949  13.5959   0.0165     8.13    0.350   3.86   0      109.6     4450.757     84.15495
       188    230.3962    720.2344     37704.04     579.7989  13.5590   0.0167    10.04    0.417 -14.00   0      106.3     3771.958     82.47382
       189    543.7542    722.5551     3868.678     348.0341  16.0311   0.0977     7.45    0.605   9.50   0      16.89     634.1332     73.12473
       190    987.8290    716.4548     49682.59     504.9027  13.2595   0.0110     8.53    0.359  -0.91   0      148.2     5813.845     87.59691
       191    743.2355    718.2073     8390.127     380.1301  15.1906   0.0492    10.02    0.471   4.69   0      32.53     1161.549     74.93584
       192    671.3925    715.5815     9271.485     471.5373  15.0821   0.0552     9.17    0.474  -3.38   0      28.79     1063.451     74.25597
       193    511.0336    714.2286     23884.12      545.161  14.0547   0.0248     8.04    0.347   6.18   0      74.36     2926.854     80.11113
       194     51.1125    714.7607     6324.047     445.2759  15.4975   0.0765     9.16    0.584   0.11   0      19.58     649.8752     72.58868
       195    845.5793    713.5507     9463.403     507.8988  15.0599   0.0583    10.55    0.511  -1.70   0      28.36     998.2776     74.43901
       196    255.1678    713.8995     6281.819     433.1206  15.5048   0.0749     6.28    0.254 -21.42   2      22.89     780.0325     72.60466
       197    833.3829    713.4230     6586.512     443.8118  15.4534   0.0732     8.40    0.510  -4.36   0      19.43     792.9694     73.80952
       198     76.8553    706.2509     84209.96     518.1596  12.6866   0.0067     8.02    0.250  -1.60   0        231     10456.73     99.19911
       199    394.9871    710.4684     6891.613     481.5845  15.4042   0.0759     9.20    0.574   2.31   0      21.22     781.8152     73.38891
       200    713.9451    705.9075     2538.058     129.5583  16.4887   0.0554     0.00    0.149  64.66   0      50.15     2085.956     76.95376
       201   1009.8436    704.0129      7402.77     448.2104  15.3265   0.0658     7.92    0.045  58.17   2      24.46     887.2558     74.09927
       202    217.2067    702.2472     31110.85     408.5407  13.7677   0.0143     7.94    0.368   4.32   0      105.3     4178.714      83.5872
       203    316.8305    700.5807     32898.78     511.3788  13.7071   0.0169     8.17    0.386   2.08   0      104.6     4114.847     83.41336
       204    370.6962    697.1284     4847.709      371.369  15.7862   0.0832     6.39    0.579   4.87   0      16.77     588.2487     72.19892
       205    121.8571    696.3177     3771.307     355.0453  16.0588   0.1022     6.26    0.447  -8.46   0       15.2     631.0701     72.52979
       206    908.6969    693.6486     3618.918     305.4562  16.1036   0.0917     6.86    0.378   2.57   0      16.71     759.8824     72.73719
       207    334.7128    693.2091     5234.352     412.3889  15.7028   0.0856     7.75    0.301   0.16   0         19     696.7611     73.12504
       208    273.0219    689.6857     8912.976     454.4807  15.1249   0.0554    11.37    0.477   6.14   0      32.31      1049.86     73.83041
       209    785.3470    687.1392     24046.19     414.9948  14.0474   0.0187     8.42    0.419   2.75   0      83.94     3128.328     80.32764
       210    439.3452    705.1685     82139.58     517.2507  12.7136   0.0068     8.36    0.291   1.62   0      230.1     10237.84     98.40795
       211    754.7892    685.8768     7573.262     412.8162  15.3018   0.0592     9.90    0.499   0.19   0      27.62     1032.362     74.16075
       212    394.3867    684.1542     9567.052     577.9578  15.0481   0.0656     9.79    0.142  10.73   0      22.96     661.9145     73.40487
       213    951.5397    682.2048     5693.003     384.1043  15.6116   0.0733     9.92    0.475  -9.28   0      24.34     938.4405     74.06448
       214    376.4851    680.5892     6138.655     436.3147  15.5298   0.0772     8.41    0.564   1.42   0      19.74     818.6342     73.50285
       215    706.7144    676.1446     11738.72     499.7585  14.8259   0.0462     9.76    0.461   8.63   0      40.23     1294.797     74.58058
       216    594.7491    671.3580     40402.42      447.505  13.4840   0.0120     8.35    0.363   2.65   0      132.4     5329.634     86.49592
       217   1023.2032    672.2960     2739.256     184.1998  16.4059   0.0730     3.75    0.455 -85.18  24      20.85      1213.19     73.56279
       218    615.6169    674.6956     4848.967     319.9828  15.7859   0.0717    10.24    0.199  -8.45   0       20.2     709.7897     72.58051
       219    530.4168    670.4044     1748.649     151.0672  16.8932   0.0938     3.62    0.486  40.48   0      18.98     1455.002     75.44485
       220    173.0001    667.0029     6084.936     375.9248  15.5394   0.0671     6.62    0.370   5.54   0      24.91     1048.103     74.20898
       221    451.6935    665.5126     6951.808      395.771  15.3948   0.0618     8.97    0.412  -1.94   0      26.55     942.4595     73.69214
       222    232.0886    661.3058      66946.7     473.7144  12.9357   0.0077     8.17    0.342  -0.06   0      198.2     8348.824     93.79265
       223    793.0842    664.0450     2462.754     129.4261  16.5214   0.0571     4.37    0.137  28.25   0      57.32     2371.332     77.79202
       224    765.3576    661.1058      16780.9     522.8445  14.4380   0.0338    11.47    0.478  -2.32   2      56.77     2314.773     77.44331
       225    472.1792    660.6544     3849.395      147.121  16.0365   0.0415     2.56    0.372 -63.08   0       62.5     3081.312     80.37151
       226    567.6812    652.2568     9591.733     488.7077  15.0453   0.0553    10.59    0.542   1.16   0      32.27     1090.861      73.9565
       227    806.7982    647.6223     4750.835     345.5389  15.8081   0.0790     3.88    0.202  -9.47   2      16.83     706.8143     73.15628
       228     13.5745    647.2426     4954.142     380.8788  15.7626   0.0835     7.12    0.210  -2.59   0      18.62     865.7443     74.03326
       229    930.1512    646.2855     5483.286     324.8376  15.6524   0.0643     9.18    0.509   8.73   0      23.37     908.4984     73.39396
       230    211.4878    649.4017     13041.35     420.0659  14.7117   0.0350     8.01    0.380   5.54   0      48.15     1774.733     76.40195
       231    187.1504    641.4294      8818.68     504.8029  15.1365   0.0622    10.49    0.522   1.04   0       25.7     918.4546      74.1949
       232    401.5477    646.5612     3604.318     313.4814  16.1079   0.0945     7.35    0.620  -2.98   0      15.99     565.3099     72.91051
       233     47.8446    638.1855     6056.537     391.6447  15.5444   0.0702     9.55    0.524   6.41   0      23.15     893.7782     74.11928
       234    868.7247    635.2202     12282.55      482.652  14.7768   0.0427    12.73    0.385  11.84   0      38.83     1252.854     75.02308
       235    955.4637    634.8721     11044.13     384.4956  14.8922   0.0378     9.35    0.438   6.87   0      40.18     1358.995     74.96577
       236    710.7393    628.1902     155757.9     623.7925  12.0189   0.0043    18.66    0.152  16.11   0      347.7     14824.75     108.6163
       237    188.6135    634.5462     7639.942     450.7017  15.2923   0.0641     9.54    0.429  -0.24   0      27.29     976.7173     74.18184
       238    359.0623    633.1087      9505.26     507.2176  15.0551   0.0580     9.52    0.468  -1.21   0      31.72     1165.257     74.18478
       239    916.5078    628.4099     18256.13     432.8419  14.3465   0.0257     0.00    0.435   4.12   2      71.82     5361.429     86.41513
       240    203.8923    628.9027     2436.088     132.0967  16.5333   0.0589    -2.30    0.246  45.06   0      51.58     2111.676     76.84498
       241     43.4067    625.0352     46339.01     468.2963  13.3351   0.0110     8.29    0.352   1.75   0      145.5     6105.669     88.67191
       242    546.2810    624.1566     19808.75      393.272  14.2579   0.0216     0.53    0.327  -5.11   0      78.43     4376.417     83.44459
       243    493.7349    622.0795     11364.12      578.664  14.8612   0.0553    12.81    0.072  43.90   0      31.51      959.912     73.74594
       244    302.6103    623.9927      18116.4     514.5255  14.3548   0.0308     8.51    0.434   2.99   0      57.88     2225.448     77.73113
       245    400.2043    621.0461     23677.23     525.1577  14.0642   0.0241     9.77    0.321   6.91   0      72.04     2567.217     78.90437
       246   1023.5178    620.9774     2781.332     232.0421  16.3894   0.0906     4.91    0.634  89.47  24      14.79     724.6368     68.80898
       247    621.9575    619.3680     5818.639     358.3418  15.5879   0.0669     6.53    0.373   4.18   0      26.21     1056.134     74.61545
       248    936.6707    619.4326      3841.47     319.2664  16.0388   0.0903     5.35    0.235  -8.18   0      17.46     781.7896     73.38883
       249    565.2681    627.8970     8356.961     482.2755  15.1949   0.0627    10.12    0.441   1.80   0      26.74     856.6884     73.23335
       250    152.2620    602.3967     862018.9     843.5436  10.1612   0.0011    17.48    0.209  10.98   0       1097     107085.7     231.8066
       251    815.2170    610.9685     14755.92     467.3816  14.5776   0.0344     8.55    0.491  10.42   0      49.43     2113.677     77.76996
       252    693.0708    602.5338     71218.66     536.8085  12.8685   0.0082    15.67    0.247  -5.46   0      193.6     7305.572     91.22968
       253    598.1135    601.9070     10300.53     390.4774  14.9679   0.0412     8.32    0.443   2.11   0      39.86     1603.012     75.70193
       254    225.1052    599.5057     16363.45     537.4089  14.4653   0.0357     9.22    0.442   3.26   0      48.19     1699.816       75.992
       255    238.1214    599.3340     8662.934     496.2145  15.1558   0.0622     9.29    0.458   7.50   1      23.84     863.2482      73.2537
       256     37.5739    598.3234     6246.912     432.2813  15.5108   0.0752     8.56    0.459   8.96   0      21.62     699.0121     73.13203
       257    429.8510    595.4385     4845.091     392.7544  15.7867   0.0880     8.80    0.575   2.78   0      19.02      627.244     73.10331
       258    269.0443    595.5308     4949.186     368.5505  15.7637   0.0809     8.56    0.523  -1.14   0      19.71      721.826      73.2029
       259    397.7072    604.4308     6945.982     455.8402  15.3957   0.0713     9.86    0.478   8.92   0       24.5     791.2408     72.63974
       260     93.2827    591.3917     15473.39     471.5128  14.5260   0.0331     8.60    0.438   4.33   0      52.49     1987.828     77.03323
       261    860.4419    582.5664     11717.26     359.1079  14.8279   0.0333     9.33    0.454   4.73   0      43.74     1548.278     75.91275
       262    210.0455    589.9130     11731.29     567.6525  14.8266   0.0525    10.77    0.466   5.30   2      33.27     1065.191     73.87758
       263    284.6847    581.2833     2548.888     140.1157  16.4841   0.0597     3.39    0.354  41.51   0       33.9      2214.88     77.51712
       264    202.0833    578.0590     7435.639     455.3046  15.3217   0.0665     9.59    0.515   3.37   0      24.41     931.8868     73.46635
       265    658.0057    575.2308     8832.479     415.2236  15.1348   0.0511     8.96    0.431   4.36   0      33.45     1213.254      75.0925
       266    898.8799    566.0792     3385.962     340.4917  16.1758   0.1092     5.52    0.507  17.87   0      15.31     699.4292     72.54806
       267    258.4330    561.1328     24334.42      608.761  14.0344   0.0272    10.09    0.395 -17.76   0      67.04     2561.309     78.70701
       268    619.5089    564.5458     3826.365     336.5898  16.0430   0.0955     5.83    0.491  31.15   0      15.53     598.6584     72.42815
       269    772.1334    560.9224     24640.69     442.6494  14.0209   0.0195     8.41    0.374   3.87   0      85.33     3189.526     80.14677
       270     53.6323    561.1341     19578.36      404.716  14.2706   0.0224     7.88    0.305  -2.36   3      70.25     2701.457     79.11066
       271     52.2534    553.0396     13624.59      556.408  14.6642   0.0444     9.25    0.346   3.88   3      37.31     1345.457     75.30309
       272      6.3651    560.8927      24807.7     417.9694  14.0135   0.0183     8.29    0.387   1.24  26      81.31      3079.44     79.47718
       273    175.7027    556.0700     140457.6     533.6849  12.1311   0.0041     8.35    0.295   1.54   2      348.1     17163.48     112.9021
       274    417.4087    558.6456     3761.315     340.7422  16.0617   0.0984     5.89    0.669   8.79   0      13.56     534.4719     73.00922
       275    717.2427    555.7017     4725.322     349.6107  15.8139   0.0803     5.63    0.152 -71.27   0      18.68     659.4635     72.22626
       276    901.7008    554.6039      4708.73     380.7323  15.8177   0.0878     7.89    0.556   5.91   0      18.49      746.233     73.27863
       277    682.0881    553.2319     2547.344     134.9468  16.4848   0.0575     1.57    0.179  67.50   0       39.3     2381.921     78.00533
       278   1001.0704    546.8743     155069.1     546.4124  12.0237   0.0038     8.54    0.278   3.65   3      372.1     19130.18     117.0371
       279    994.7177    533.9487     114385.2     568.0719  12.3541   0.0054     8.44    0.254   4.60   3      287.4     12946.41     104.2039
       280     40.8472    547.2388     5473.501     396.7162  15.6543   0.0787     7.05    0.645   5.98   0      17.32     669.8162     72.84643
       281    574.9581    544.1120     7895.544     444.4816  15.2565   0.0611     9.33    0.483  -0.59   0      26.54     888.4016      73.3317
       282    512.7202    544.6102      6242.64     457.8233  15.5116   0.0796     7.70    0.402   6.52   0      18.48     602.9594     72.83292
       283     76.5224    544.1111     3309.224     336.2404  16.2007   0.1103     6.17    0.524  -0.46   0      15.31     623.6923     72.50666
       284    525.5658    540.5099     10537.95     609.4457  14.9431   0.0628    11.04    0.427  21.28   0      24.67     752.8429     72.71519
       285    863.9646    539.7751      3095.76     239.8732  16.2731   0.0841     0.00    0.140 -44.20   2      18.51     1080.715     74.69028
       286    335.7846    532.3227     140119.5     538.1818  12.1338   0.0042     8.21    0.281   2.32   0      346.7     17545.16     114.1668
       287    916.7275    531.5673     5590.421     367.9816  15.6314   0.0715     5.61    0.517  -2.10   2      17.69     606.0037     72.84241
       288    712.7858    527.7707     8805.889     425.3528  15.1381   0.0525     9.81    0.473   1.69   0      29.99      1052.61     74.60471
       289    638.3616    522.6891     21804.57     423.1047  14.1536   0.0211     8.53    0.369   1.17   0      76.06     2762.704     78.92714
       290    152.9524    519.1593     16323.68     445.5926  14.4680   0.0296    11.02    0.377   7.13   0      56.05     2013.775     77.10976
       291    723.8679    519.9066     4752.402     375.1183  15.8077   0.0857     4.83    0.211 -49.58   2      17.11     713.8733     72.98376
       292    398.3971    518.2578     14714.24      554.295  14.5807   0.0409     9.23    0.430   1.35   0      42.33     1440.247     75.58863
       293     92.0605    519.8292     6928.618     375.4896  15.3984   0.0589     9.59    0.440   6.24   2      25.39     950.8685     73.71807
       294    133.6922    551.4188     5904.125     333.7589  15.5721   0.0614     9.06    0.491  -0.63   0       23.8     888.9109     73.13924
       295    361.4952    512.8536     67835.12     556.2036  12.9214   0.0089     8.14    0.301   2.36   0      192.9     8119.831     92.93078
       296    251.7454    511.2640     23851.87      456.475  14.0562   0.0208     8.68    0.372  -0.43   0       80.1     2907.047      79.6991
       297    830.8141    511.2077     4458.654     367.2819  15.8770   0.0895     6.55    0.608   9.23   0      16.65     655.0818     72.99538
       298    796.1520    506.3668     12710.98     458.7055  14.7396   0.0392     8.71    0.420   3.68   0      44.69     1600.842     75.88292
       299    620.4080    505.1559     6306.201     356.6643  15.5006   0.0614     9.84    0.485   9.48   0      23.71     835.8644     73.94148
       300    470.9677    504.9339     11326.06     432.4861  14.8648   0.0415     8.54    0.464   2.80   2       38.9     1474.084     75.50232
       301    541.6091    502.2050      6220.27     431.4446  15.5155   0.0753     9.38    0.492   2.22   0      20.91     638.0836     72.94244
       302    142.8495    503.2241     10357.41     573.9518  14.9619   0.0602    10.90    0.573  -7.05   0      25.21     819.1761     73.89017
       303    750.4832    502.5418     4474.627     366.3233  15.8731   0.0889     5.61    0.257  44.62   0      17.43     752.5861     72.90955
       304    941.4439    493.7793     121437.1     520.0862  12.2891   0.0047     9.59    0.306   7.78   0      312.7     15278.88     109.6921
       305     67.0372    491.6784     77977.95     546.8561  12.7701   0.0076    17.93    0.401  17.14   0      205.4     7464.005     91.77849
       306    214.9237    493.8020     10722.91     157.3815  14.9242   0.0159     0.00    0.330  69.28   0      136.6     9806.936      97.4077
       307    143.3438    492.7858     5272.671     367.7853  15.6949   0.0758     9.24    0.604   0.89   0      21.28     755.3687     73.50056
       308    376.8805    488.6809     42800.36     499.6667  13.4214   0.0127     8.43    0.370   2.39   0        132     5182.579     85.44598
       309    564.5339    488.4555     18014.54      516.548  14.3609   0.0311     8.91    0.453   0.45   0      56.21     2095.575     77.16653
       310     43.0027    487.6160     12622.15     482.0755  14.7472   0.0415     9.08    0.394  -0.78   0      45.75     1605.852     75.89793
       311    402.5448    482.7894     11134.28     493.7606  14.8833   0.0482    10.32    0.463   1.35   0      36.34     1376.918     75.39797
       312     27.4457    480.0756     11156.16     410.4792  14.8812   0.0400     8.81    0.420   3.89   0      41.72     1605.269      75.7087
       313     86.7435    478.4954     10033.08       364.92  14.9964   0.0395     0.00    0.538  19.35   0      38.52     1100.242     73.79301
       314    740.3182    479.1327     4783.972     394.5241  15.8005   0.0896     7.00    0.338  -6.51   2      18.24     679.2553     72.68061
       315    386.0471    477.8383     9967.568     512.9952  15.0035   0.0559    11.07    0.457   4.10   0      31.05     1024.592     73.94501
       316     59.3788    476.6823     13233.55     639.4423  14.6958   0.0525    14.38    0.678  -2.52   0      32.81      1062.57     74.06164
       317    879.6171    473.1312     30454.71     435.1371  13.7909   0.0155     8.28    0.361   4.01   0      103.6     4094.083     83.18612
       318    788.3515    474.5127     4851.524     423.2346  15.7853   0.0947     7.21    0.545   6.55   0       16.7     532.1119     72.21903
       319    577.7775    468.4195     19155.64     493.1353  14.2943   0.0280     8.95    0.386  -0.76   0      63.41     2212.183      78.0573
       320    319.2891    469.7535     5175.094     396.5452  15.7152   0.0832     6.78    0.329   8.62   0       19.5     808.3969     73.08333
       321     12.1357    469.4323     4870.794     347.6675  15.7810   0.0775     8.65    0.436   2.65  16      20.73     764.7704     73.33611
       322    898.1524    464.4103      7347.35      317.305  15.3347   0.0469     9.14    0.520   6.02   0      30.11     1175.439     74.97796
       323    410.6544    457.0254     192751.3     561.8672  11.7875   0.0032     8.25    0.278   0.29   0        437      24614.6     127.3539
       324    292.2883    459.0077      77608.1     481.7609  12.7752   0.0067     8.34    0.323   1.53   0      223.7     9738.861      97.1025
       325    467.5777    458.6626     34654.72     428.2961  13.6506   0.0134     6.98    0.344   0.80   0      116.2     5243.421     86.26909
       326    262.2663    460.8036     10400.76     550.5912  14.9573   0.0575     9.64    0.457   1.82   0      29.45     1056.806      74.4268
       327    248.0034    461.8471     23477.01     159.9766  14.0734   0.0074     0.00    0.106  89.80   0      204.3     23654.85     125.6295
       328    799.3661    456.7307     8419.677     493.9501  15.1868   0.0637     9.12    0.438  15.38   2      30.05     886.9647     73.71382
       329    522.0038    457.9984     8753.854     137.4779  15.1445   0.0171     0.00    0.003 -52.48   2      127.4     8685.547     94.75515
       330    100.3076    452.7807     32624.87     452.2625  13.7161   0.0151     8.44    0.261  -6.15   0      103.6     3831.385     81.77308
       331    594.9641    456.4212     6972.399     453.5093  15.3915   0.0706     9.19    0.507   2.71   0      22.23     815.4304     74.07075
       332    982.2851    454.9453     9219.736     488.5346  15.0882   0.0575    10.15    0.425   6.46   0      27.58     972.4599     73.59176
       333    968.8521    455.2675     5564.147     409.1117  15.6365   0.0798     6.63    0.442   4.25   0      17.05     644.8611     72.96355
       334    667.8700    453.5149     9665.712     438.9582  15.0369   0.0493    10.24    0.387 -35.88   0      37.42     865.7833     73.26157
       335    182.7607    451.5831     26198.16     631.2189  13.9543   0.0262    14.59    0.522 -23.28   0      65.48     2140.252     78.02991
       336    567.6602    450.1042        14052     530.4365  14.6307   0.0410    10.55    0.423  -7.37   0      39.66     1393.588     74.88103
       337     14.1091    447.2124     22351.61     481.5034  14.1267   0.0234    14.48    0.264  -3.25  16      74.26     2630.019     78.54414
       338    348.0936    445.9550     6151.532     397.1045  15.5275   0.0701     9.59    0.577   6.86   0      23.13     864.1673     73.06231
       339     69.3914    444.7740     14875.98     511.7055  14.5688   0.0374     8.70    0.165   2.31   2       45.3     1694.843     76.35029
       340    789.5845    442.0726     13576.39     536.8911  14.6680   0.0429    10.08    0.457   5.65   2      47.08     1147.011     74.70175
       341    522.0579    443.4763     9201.423     499.3153  15.0904   0.0589    12.36    0.450 -23.47   0      28.87     839.7632     73.37473
       342    156.7215    433.7289      90911.8     558.6018  12.6034   0.0067     8.74    0.301  17.10   0      241.1     10129.68     97.86786
       343   1012.8878    437.2052     17953.43     526.0622  14.3646   0.0318     8.88    0.420   4.45  24      54.59     1851.592     76.63025
       344    488.0156    432.5084     11664.31     436.7501  14.8329   0.0407    10.59    0.366 -22.19   2      45.43     1503.582     75.21413
       345    376.3379    438.4499     3570.846     339.5705  16.1181   0.1033     6.62    0.426  15.48   0      15.51     605.4297     72.84063
       346    995.6691    429.2202     11798.37     563.2816  14.8204   0.0518    12.32    0.658   2.15   0      29.38     1114.589     74.60304
       347    739.6749    429.4611     11490.38     417.5276  14.8492   0.0395     9.25    0.466   5.45   0       42.6     1508.054      75.6045
       348    416.9882    430.2314     2526.038      126.765  16.4939   0.0545     1.06    0.104  88.68   0      47.85     2582.991     79.12959
       349    183.1771    427.4143     20867.68     461.1911  14.2013   0.0240     8.52    0.383   0.15   0      71.32     2706.371     79.30417
       350    896.1616    445.8595     24321.76     380.3094  14.0350   0.0170     8.25    0.407   4.53   0      86.75     3454.305      81.2447
       351    748.5782    419.6140     9523.193      433.181  15.0530   0.0494     8.87    0.468   5.30   0      36.63     1398.161     75.46198
       352    439.7575    419.4102     5392.203      405.527  15.6706   0.0817     7.87    0.424  -4.29   0      18.91     713.0739     73.75602
       353    595.9933    418.3615     4551.312     383.4282  15.8547   0.0915     4.68    0.218  -0.16   0       16.7     797.0226       73.822
       354    303.5893    416.9996     18485.02     560.9289  14.3330   0.0330     9.12    0.436   1.71   0      51.52      1927.19     76.85413
       355    895.2822    409.3223     23101.13     526.9348  14.0909   0.0248    13.71    0.419  -4.58   3      71.91     2693.126     78.54582
       356    902.3787    401.7421     19829.69     551.2567  14.2567   0.0302    14.21    0.236  13.98   3      63.01     2153.478     77.52042
       357    375.5462    412.1825     2552.235     264.7294  16.4827   0.1126     5.58    0.466   7.71   0      13.48      589.435     72.98567
       358    110.0662    408.1819     10293.94     446.5027  14.9685   0.0471     9.57    0.486   0.25   0      34.97     1338.596     75.28238
       359    529.6737    406.9688     16526.52     396.7797  14.4545   0.0261     8.19    0.366   1.70   0      58.88     2201.553     77.66124
       360    946.7095    403.0248     6373.121     298.1126  15.4891   0.0508     9.67    0.489   0.50   0      26.27     999.7446     73.48283
       361    116.5256    402.8063     6372.811     436.4367  15.4892   0.0744     7.80    0.486 -14.64   1      18.52     616.6785     72.68046
       362     73.0933    403.2639     5099.899     374.3811  15.7311   0.0797     8.29    0.513  -4.56   0      20.33     836.4977     73.36462
       363    803.6039    397.8651      53402.2      521.775  13.1811   0.0106     7.07    0.344   1.91   0        163     6790.449     90.25271
       364    279.7656    400.4659     6427.724     446.9215  15.4799   0.0755     8.68    0.507  -4.49   0      21.23     787.1677     73.40549
       365     93.0855    393.0905     20005.69      553.259  14.2471   0.0300     9.98    0.148 -18.94   0      61.07     2141.998     77.30315
       366    621.5055    393.6076     6390.298     398.1344  15.4862   0.0677     8.64    0.438  17.54   0      24.32     765.8843     73.33956
       367    757.3828    386.4694     41581.68     499.1121  13.4527   0.0130     8.23    0.349   5.02   2      127.8     4959.875     85.51884
       368    695.4848    388.8549     10103.45     492.5652  14.9888   0.0529     8.59    0.457  -2.64   0       32.1     1054.969     73.84613
       369    954.1255    385.4023     56778.64     496.0576  13.1145   0.0095     9.70    0.420 -10.97   0      168.2     6291.116     88.82657
       370    351.0936    386.1591     30881.85     489.1581  13.7757   0.0172     8.22    0.392   4.26   2      92.28     3454.907     80.71995
       371    287.4543    388.8175      6294.25     456.2944  15.5026   0.0787     7.30    0.284   1.67   2      18.62     736.3489     73.44173
       372    995.9113    385.8249     7789.937     357.6085  15.2712   0.0499     9.64    0.504   0.45   0       30.4      1147.39     74.13002
       373    833.4315    384.2500     7576.333     453.8119  15.3014   0.0650    10.04    0.507   0.53   0      27.18     973.5943     73.98043
       374    419.3178    385.0633     4021.554     328.1724  15.9890   0.0886     7.21    0.581  -3.51   0       18.2     767.9522     72.95744
       375    463.3021    383.9250     4716.085     366.4731  15.8160   0.0844     6.15    0.474   4.53   0      17.57     712.3399       72.784
       376     76.1954    380.3715     27900.89     459.2607  13.8860   0.0179     8.48    0.396   3.90   0      93.27     3708.316     82.29826
       377    896.6787    378.9776     21715.49     441.1449  14.1581   0.0221     8.27    0.429   2.57   0      76.36      3036.02     80.06604
       378    535.0613    376.4665     5453.406     358.1101  15.6583   0.0713     9.86    0.569   2.46   0      23.18     782.8979     73.39227
       379      5.4125    372.7282     18202.88     391.4363  14.3497   0.0234     8.79    0.343   5.82  24         66     2435.214     78.52324
       380    975.2687    358.6168      25641.8     857.7218  13.9776   0.0363    15.84    0.462 -39.63   3      45.47     1513.691     75.80913
       381    978.6105    370.4002     25915.04     633.3646  13.9661   0.0265    13.29    0.535  15.20   2      65.85     2300.877     77.95136
       382    622.1580    370.4757     17211.81     470.8434  14.4104   0.0297     8.31    0.410   4.15   0       57.7      2131.16     77.45496
       383    448.7280    372.0617     6822.758     435.8566  15.4151   0.0694     9.27    0.470  -3.99   0      23.01       787.85      73.4076
       384    397.9774    368.4607     64264.51     465.6086  12.9801   0.0079     8.24    0.334   2.59   0      191.9     8182.171     93.53999
       385    669.7678    366.8362     6466.716     416.4936  15.4733   0.0699     6.33    0.409  -0.48   0      24.65      1170.46     74.96287
       386    174.3399    367.0282     3995.688     207.4296  15.9960   0.0564     0.00    0.314   7.68   0       46.2     2412.891     78.27727
       387    321.8755    363.8024     9995.104     437.5077  15.0005   0.0475     9.02    0.424  -1.75   0      36.72     1370.665     75.19037
       388    249.2638    362.4572     42851.04     508.8485  13.4201   0.0129     8.42    0.345   1.92   0      132.8     5267.158      86.3316
       389    102.4990    356.3510      72862.9     508.9877  12.8437   0.0076     8.16    0.324  -2.14   0      208.6     8990.956      94.8877
       390    596.2418    356.8677     9271.199     405.9486  15.0822   0.0476     8.79    0.458   4.01   0      33.07     1241.835     74.79995
       391    152.2264    348.7415     169225.9     562.4677  11.9288   0.0036     8.32    0.273  -2.37   0      394.2     21043.86     120.8137
       392    857.7966    355.2187     3726.577     305.5363  16.0717   0.0890     5.78    0.535  -4.15   0      17.77     1022.359     74.13009
       393    951.4107    351.0706     21391.81     575.8422  14.1744   0.0292    13.23    0.264   4.40   0      65.76     2247.007     77.79414
       394    365.0390    353.7727     4739.008     398.0841  15.8108   0.0912     6.31    0.544 -10.11   0      16.59     616.3113     73.26353
       395    536.9893    345.0003     120683.8     564.3256  12.2959   0.0051    17.20    0.383   3.75   0      302.5      15512.3     109.9164
       396    327.5551    347.3748     52732.42     459.9451  13.1948   0.0095     8.32    0.344   2.73   0      162.7     6829.395     90.50787
       397    617.7764    346.4660     28292.74     460.9985  13.8708   0.0177     8.37    0.399   2.87   2      88.69     3460.655     81.43714
       398    980.2825    346.9519     8559.158     428.5498  15.1689   0.0544    10.36    0.489   5.54   0      33.08     1207.121     74.31293
       399    618.9977    341.0045     23828.89     160.4758  14.0572   0.0073     0.00    0.001 -40.53   3        219     23552.05     125.4434
       400    120.9217    343.4641     12247.98     592.9553  14.7798   0.0526    11.82    0.603 -11.77   0      28.89     950.8524     73.71802
       401    574.8105    340.3984     12610.31     355.6997  14.7482   0.0306     8.30    0.407   1.24   0      48.32     1839.771     76.59518
       402    493.3596    340.6560     9421.958     555.3288  15.0646   0.0640    10.66    0.513  18.01   0      25.26     767.4606     73.53794
       403    746.6842    335.4373     5985.526     440.2881  15.5572   0.0799     8.31    0.557  -2.41   0       19.2     612.9273     72.47291
       404     51.6100    330.6218     6780.468     406.3043  15.4219   0.0651     9.38    0.511   7.34   0      25.51     1008.471     74.27906
       405    662.8524    317.7548     471885.1     693.5001  10.8154   0.0016     8.50    0.256   2.28   0      775.1     58875.13     178.3828
       406    964.3348    323.8382     9526.091     384.5222  15.0527   0.0438     9.49    0.453   2.23   0      37.46     1415.424     75.32554
       407    783.6340    324.7401     4039.506     358.2048  15.9842   0.0963     7.60    0.386   4.92   0      16.55     692.4228     73.11156
       408    348.9353    316.4465     113354.1     593.3627  12.3639   0.0057     9.85    0.284  34.37   0      273.9      11002.6     100.1586
       409    278.9533    323.1255     12363.08     343.3417  14.7697   0.0302     8.01    0.401   4.43   0       49.2     1946.811     76.72714
       410    888.5401    322.4525      9508.44     479.1246  15.0547   0.0547     9.14    0.488   4.44   0      33.43     1193.786     74.65381
       411    172.8523    318.9542     83068.62      500.917  12.7014   0.0065     8.43    0.342   0.90   0      234.1     10828.42     99.90491
       412    395.8599    321.2230     6430.326     386.3836  15.4794   0.0653     8.79    0.501   5.20   0      25.54      1021.87     74.12859
       413    479.9656    316.8442      14589.3     462.7166  14.5899   0.0344     8.26    0.397  -0.95   0       50.9     2037.542     77.36368
       414    414.1761    318.0005     6307.414     435.5878  15.5004   0.0750     9.05    0.558  -0.42   0      21.46     825.3904     73.52374
       415    575.4641    317.0984     5412.064     415.0627  15.6666   0.0833     8.41    0.540  -4.04   0      19.37     718.3711     72.80283
       416    870.8837    315.8054     12250.96      528.321  14.7796   0.0468    12.27    0.565  -3.20   2      34.91       1114.9       74.604
       417    876.7276    308.0634     17173.03     516.1776  14.4129   0.0326    13.51    0.405   1.87   2      53.99     1948.691     76.91769
       418    230.5718    306.1427      20539.7     490.1621  14.2185   0.0259     9.23    0.421  -2.81   0      64.91     2470.681     78.44488
       419    448.4062    298.8653     12868.71     600.9285  14.7262   0.0507    15.20    0.369   4.99   0      33.62      906.236     73.77322
       420    233.5072    295.7751     34090.68      583.274  13.6684   0.0186     8.79    0.279   2.75   3      89.17     3266.948     80.18899
       421    703.4243    294.3386     11843.91     578.2383  14.8163   0.0530    12.35    0.249  -6.39   1      31.66     837.6593     73.75457
       422   1019.3682    290.7570     5358.058     356.0596  15.6775   0.0722     8.94    0.242  -5.29  26      21.32     767.5309     73.73115
       423    938.0316    290.3935     7335.151      477.349  15.3365   0.0707    10.62    0.551  -9.18   0      23.06     721.1282     73.58797
       424    312.4651    290.8223      5383.49     387.6049  15.6723   0.0782     8.63    0.561  -6.65   0      21.05     777.8852     73.57015
       425    141.3192    289.8514     15480.42     534.3826  14.5255   0.0375    10.90    0.539   4.51   3      44.86     1830.017     76.19413
       426    136.7399    284.2645      17713.4     497.4943  14.3792   0.0305     9.34    0.438   4.20   3      57.11      1909.25     76.80106
       427    700.8780    286.5487     7839.541     432.2968  15.2643   0.0599    10.06    0.493   5.38   0       28.4     1025.368      73.9474
       428    544.3199    287.3661     9749.371     316.7858  15.0276   0.0353     9.64    0.425  -8.42   0       53.1     2625.045     78.89084
       429    879.5250    285.5972     9365.287     478.3146  15.0712   0.0555    10.46    0.489  -1.39   0       30.6     1070.562     74.27773
       430    226.5268    282.2052     12676.72     563.6359  14.7425   0.0483     9.50    0.478   3.33   0      31.39     1184.851     74.43594
       431    174.6334    280.6689     14178.47     497.3076  14.6209   0.0381     8.58    0.385   2.38   0      48.64     1843.965     76.60762
       432    975.6476    278.8154      7211.25     366.0814  15.3550   0.0551    10.05    0.530  -2.04   0      27.88     1047.497     74.58913
       433    831.7517    278.6916     6980.139     524.6964  15.3903   0.0816     9.04    0.351  35.65   0      18.85     545.6478     72.26161
       434    209.2707    273.8029     48031.89     509.7653  13.2962   0.0115     8.31    0.360  -0.82   0      147.2     6184.172     88.71285
       435     97.1925    274.5722     13304.52      560.096  14.6900   0.0457     9.22    0.417   0.58   0       35.3     1232.786     74.96226
       436    294.9975    268.0497     330387.2     627.0388  11.2024   0.0021     8.16    0.275   1.83   0      622.9      43003.9     156.7731
       437    692.5784    274.2965     4535.951     360.4961  15.8583   0.0863     4.37    0.153  77.70   0      18.26     798.7033     72.85839
       438    903.5697    273.4463     3621.051     336.4511  16.1029   0.1009     6.91    0.646  -6.56   0      14.74     553.8739     73.06959
       439    165.4985    271.9408     16729.07     555.7602  14.4413   0.0361     8.99    0.432   5.06   0       48.7     1767.167     76.00642
       440    110.0431    270.9737     11219.37     540.5131  14.8751   0.0523    10.91    0.458  -3.08   0      30.62     1052.897     74.60559
       441     44.7544    269.0547     28590.85      581.127  13.8594   0.0221     8.96    0.358  -2.83   0      80.52     2994.715     80.12626
       442    706.7615    263.7525     5886.905     432.0919  15.5753   0.0797     8.76    0.404 -38.43   0      20.53     948.9695     73.71221
       443     31.1256    259.9577     69443.32     547.2069  12.8959   0.0086     8.46    0.348   2.78   0        197     8533.093     94.38877
       444    914.2073    258.0135     9231.052     418.8484  15.0869   0.0493     8.92    0.464   2.69   0      35.22     1321.386     75.04127
       445    634.5736    252.5923     105512.9     537.4296  12.4417   0.0055     8.27    0.403   6.61   2      273.8     12621.74     103.9045
       446    613.6826    252.8941     17334.99     473.1607  14.4027   0.0296     9.04    0.453  -2.65   3       57.4     2023.574     76.95419
       447    328.0395    256.1541      7546.75     392.5085  15.3056   0.0565    10.37    0.531   5.93   0      28.19     1058.632     74.04956
       448    565.6729    253.2979     9268.813     376.9034  15.0824   0.0442    11.54    0.426   6.77   0      34.41     1147.789      73.9393
       449    232.6326    246.9597     4298.276     312.8506  15.9168   0.0790     8.02    0.449  25.76   0      17.42     702.9862     73.53192
       450    789.2805    242.9255     23664.05     490.8854  14.0648   0.0225    13.39    0.135 -20.11   2      82.22     1408.115      74.7352
       451    458.7963    242.8201     4712.988     327.5681  15.8168   0.0755     8.46    0.547  11.05   0      20.12     735.0128     73.24383
       452    171.7101    239.9345     8196.309     437.3852  15.2160   0.0580     9.87    0.449   1.00   0       31.2     1198.061     74.28521
       453    333.1009    237.2637     3589.274     354.9288  16.1125   0.1074     6.52    0.696  -8.58   0      15.29     560.2914     72.11086
       454    683.1036    231.8352     2539.523     282.8839  16.4881   0.1210     5.16    0.381  82.48   0       13.9      604.553     72.05327
       455    295.8836    228.8839     10707.67     501.4195  14.9258   0.0509    12.36    0.464  26.08   0      32.14     965.2516      73.7624
       456    597.5462    227.4962      32205.1     494.1055  13.7302   0.0167     8.21    0.361   4.04   0      104.7      4026.91     82.31471
       457    481.7418    229.2101     4449.572     338.0628  15.8792   0.0825     7.94    0.509  -5.52   0      17.84     727.3047     73.41373
       458    252.1193    219.3338     5989.791     430.4987  15.5565   0.0781     7.97    0.606   5.91   2      21.56     686.4622     72.70315
       459    728.8384    218.6758     32085.88     524.0601  13.7342   0.0177     8.55    0.316  -2.49   0      96.44     3629.841     81.73426
       460    183.8294    220.3675     10179.26     530.7863  14.9807   0.0566    10.20    0.557  -2.33   0       25.5     889.9385      74.1075
       461    661.7417    214.8195     14227.03      409.582  14.6172   0.0313    11.96    0.463   8.56   3      55.81      2256.29     77.82126
       462    672.8583    213.3808     27698.45     603.5753  13.8939   0.0237    11.60    0.404   6.20   3       79.5     3087.288     80.21143
       463    474.7619    213.1978     7119.866     472.0068  15.3688   0.0720     8.69    0.405   4.87   0      24.12     721.2859     73.58846
       464     74.9790    210.9180     8343.889     420.9065  15.1966   0.0548     8.68    0.457   3.64   0      30.94     1107.171     74.19839
       465    865.3687    205.6083     14328.76     506.5768  14.6095   0.0384     8.66    0.454   3.65   0      48.28     1810.625     76.87923
       466    951.1484    204.9574      11070.2     465.5859  14.8896   0.0457     9.63    0.433   6.57   0      38.63     1409.016     75.49467
       467    510.5006    205.2229     12247.04     351.4471  14.7799   0.0312     8.84    0.445   0.14   0      45.68       1671.7     75.34415
       468    546.5032    203.8782     9765.334     324.5523  15.0258   0.0361    10.21    0.471   6.53   0      38.95     1407.527     74.92332
       469    884.6899    191.0927     85891.97     644.1373  12.6651   0.0081     8.65    0.243  48.67   2      218.4     9267.542     95.99302
       470    872.4786    196.0057     13411.04     549.2512  14.6813   0.0445    10.05    0.466  -4.94   3      37.44      1263.32     75.05478
       471    243.6391    202.9355     4489.383     362.4325  15.8695   0.0877     7.94    0.487   9.72   0      18.57     796.0331     73.43293
       472    450.4125    198.5404      6592.07     448.5918  15.4524   0.0739     8.84    0.613   7.77   0      19.68     689.4993      73.2966
       473    771.1386    195.5133     22432.86     438.2839  14.1228   0.0212     7.86    0.368   4.65   0      79.76     3148.897     80.03147
       474    736.4993    186.0862     303285.4      633.051  11.2954   0.0023     8.30    0.286  -0.02   0      589.1     37757.74     148.6873
       475    466.0316    186.1517     147504.5     543.2569  12.0780   0.0040    17.41    0.276   0.78   0      356.1     19085.78     117.1936
       476    251.1288    188.7661     27854.39     437.8527  13.8878   0.0171     8.29    0.417   0.20   0      92.44     3821.107     82.26438
       477    167.5001    189.4335      29960.9     405.2792  13.8086   0.0147     8.35    0.405   1.51   0      102.7     4085.137     82.12999
       478     39.1444    188.8162     13555.18     657.6323  14.6697   0.0527    11.74    0.506  -0.24   0      30.15     979.7977     74.19128
       479    912.8863    183.1253     5126.568      392.012  15.7254   0.0830     8.35    0.699   0.05   2      22.14     852.4791     73.02595
       480   1000.3189    177.0182     7215.431     378.4896  15.3543   0.0570     7.55    0.423   2.52   0      27.29     1283.943     74.92778
       481    106.0161    175.7837     1657.404     148.5574  16.9514   0.0973     3.44    0.498  83.07   0      22.89     1222.271     74.74048
       482    510.5419    174.7923     16781.18     438.5954  14.4379   0.0284    12.11    0.222  -4.03   0      68.51     4780.101     85.03973
       483    256.0113    173.9034     2244.784     171.5856  16.6221   0.0830     4.53    0.569 -89.61   0      25.69     1410.809     75.31161
       484     75.6590    173.8830     12837.48     444.6107  14.7288   0.0376     9.80    0.440   1.78   0      45.64     1640.661      75.6272
       485    699.1408    171.4554      31407.9     400.8064  13.7574   0.0139     8.14    0.388   3.36   0      108.2     4449.132     84.31926
       486    211.9009    172.4493     6175.998     355.5836  15.5232   0.0625     9.79    0.532   2.08   0      25.25     910.5777     73.01216
       487    894.1110    172.7141      3583.22     246.1764  16.1143   0.0746     7.83    0.625  -0.24   0      16.28     630.0551     72.72227
       488    821.5202    172.2651     9077.404     416.2121  15.1051   0.0498     8.30    0.634   6.27   0      30.92     1524.744     75.46659
       489    676.5312    172.4589     4721.699     401.6282  15.8148   0.0924     7.73    0.566 -12.37   0      18.25     667.4614     73.03392
       490    403.0422    167.5839     12355.57     518.1821  14.7703   0.0455    10.76    0.229  -4.25   2      38.09     2212.477     78.05815
       491     41.9891    164.9397     38064.37     469.5891  13.5487   0.0134     8.41    0.341   5.91   0      120.4     4560.446     84.45065
       492    420.4200    163.5495     16496.82     528.1302  14.4565   0.0348     8.88    0.427   0.92   2      50.03     1779.395     76.78684
       493    793.8286    163.5472     4454.922     347.3956  15.8779   0.0847     7.34    0.538  14.89   0      18.73     779.6115     73.57549
       494    765.3989    162.9142     8593.634     382.1158  15.1646   0.0483     9.09    0.495   2.52   0      32.69     1264.676     75.24797
       495    980.4597    157.3013     4825.176     371.3553  15.7912   0.0836     6.61    0.565  24.35   0      16.96     601.3459     72.43658
       496    927.2383    156.5577     6690.229     479.2708  15.4364   0.0778     8.24    0.555  -4.25   0      19.64     691.9718     73.11015
       497    519.6025    154.6586     26211.77     715.6315  13.9538   0.0296     9.43    0.445  -1.68   2      48.33     1681.491     76.31053
       498    529.7341    150.6382     7538.995     478.1895  15.3067   0.0689     9.81    0.528  -2.80   3      23.66     911.3882     73.78909
       499    755.9706    150.0264      4741.57     362.5906  15.8102   0.0830     6.19    0.421   0.90   0      16.43     748.3719     73.67207
       500    141.9690    149.1821     9919.833     537.3281  15.0087   0.0588     9.39    0.523   3.43   2      32.54     915.0018     74.18433
       501    594.6387    148.1546       8110.5     498.8185  15.2274   0.0668     7.72    0.523  10.57   2      22.21     969.9882     73.96935
       502    186.1690    144.1225     24715.13      415.361  14.0176   0.0183    14.54    0.411   2.72   0      82.22     3083.888     80.20181
       503    769.4138    144.9772     14078.06     483.4968  14.6286   0.0373     8.23    0.404   2.58   0       47.4     1820.474     76.72334
       504    518.5609    140.5017     11480.92     552.9677  14.8501   0.0523    12.29    0.535 -14.21   0      34.86     1228.337     73.99467
       505    440.3048    137.3212     40642.25     546.2811  13.4776   0.0146    14.94    0.581 -12.74   0      104.6     4054.537     82.56326
       506    348.0405    139.4358     3922.801     360.1093  16.0160   0.0997     7.27    0.601 -21.63   0      17.37     1170.408      74.5826
       507   1014.4568    135.1604     12438.27     426.4569  14.7631   0.0372    11.64    0.416   2.32  16      44.36     1628.514     75.96575
       508    918.9434    134.7769     10128.74      551.124  14.9861   0.0591    12.49    0.325  27.00   0      27.72     573.2618     72.74019
       509    290.6317    133.1025     29005.47     490.4633  13.8438   0.0184     8.37    0.400   3.58   0      96.81     3800.692     81.51358
       510    132.5023    134.0051     6008.125     416.2433  15.5532   0.0752     9.98    0.549  -6.30   0      23.21     776.8691      73.3736
       511     91.4341    132.8457     9790.854     492.4209  15.0229   0.0546    10.20    0.486   1.46   0      33.53     1204.291     74.87582
       512    252.4373    129.6114     4516.074     338.1075  15.8631   0.0813     6.96    0.311   6.88   0      19.47     839.0891      74.1433
       513     14.7938    129.4039     6240.611     382.5754  15.5119   0.0666     9.37    0.489   2.83   0      23.98     886.2852     73.71172
       514    706.8947    124.8014     3357.698     146.3595  16.1849   0.0473     0.00    0.316  63.53   0      64.69     3049.232     80.10354
       515    345.6518    123.3203     5333.979     399.3143  15.6824   0.0813     7.86    0.465  -1.64   0      20.03     704.4158     72.75925
       516    398.9537    118.2534     26879.03     676.5507  13.9265   0.0273    13.65    0.527  26.93   2      61.05     2190.657     77.81219
       517   1018.8370    119.3962     21674.51     403.2571  14.1601   0.0202     8.65    0.380   4.38  24      77.45     3054.456     80.47231
       518      4.7732    116.3187     5887.802     271.5316  15.5751   0.0501     8.86    0.516   2.50  24      27.53     1112.367     74.40553
       519    809.6232    111.9439     8410.182     325.7903  15.1880   0.0421     1.51    0.308  19.74   0      34.91     1090.285     74.33805
       520    634.2658    106.4373     8578.164     406.4354  15.1665   0.0515     9.21    0.644  -1.22   2      29.39     900.0806     73.75425
       521    413.1692    107.1764     16832.52      498.519  14.4346   0.0322    12.80    0.551   4.08   0      52.82     1869.008     77.05163
       522    199.4243    107.1198     6285.762     396.2858  15.5041   0.0685     9.15    0.469  -6.16   0      22.83     827.4363     73.53006
       523    879.0447     99.8038     92615.48     615.5402  12.5833   0.0072     9.45    0.541   3.96   0      235.8     12191.26     102.9586
       524    604.0660    100.9381     12174.75     572.1928  14.7864   0.0510     9.29    0.399   4.21   0      33.59     1030.035     74.15363
       525    683.0701    101.8520      3620.61     368.6952  16.1030   0.1106     6.29    0.568  -1.48   0      15.66     634.3857     72.73581
       526    362.4991     96.0498     67512.51     491.6455  12.9265   0.0079     8.25    0.326   2.59   0      198.3      8658.07       94.087
       527    765.2084    103.7427      6160.57     382.5279  15.5259   0.0674     9.12    0.576   1.08   0      24.08     875.9014     73.87232
       528    995.2997     91.9041     14451.12     599.1595  14.6002   0.0450    13.52    0.566 -21.74   0      36.03     966.6873     73.38052
       529    501.7864     92.7871     10652.41     505.6279  14.9314   0.0515     9.61    0.493   4.38   0      32.96     1136.376     74.47884
       530    933.8176     90.8967     6771.147     425.9356  15.4233   0.0683     9.62    0.540   9.00   0      24.26     905.3888     73.19043
       531    130.8008     90.4826     4922.059     334.1543  15.7696   0.0737     8.26    0.533   4.84   0      20.31     819.4742     73.69852
       532    166.1526     80.3737      92932.3     626.5252  12.5796   0.0073    12.20    0.520 -20.98   3      217.4     9366.658     96.66942
       533    168.3606     71.9100     48856.26      513.603  13.2777   0.0114     7.97    0.383   2.01   3      145.8     6205.112      88.2849
       534    624.2180     85.7685     5956.535     382.4066  15.5625   0.0697     9.06    0.535   3.60   0      22.77     840.2419     73.95493
       535    488.6118     84.3116     11153.71     538.5099  14.8815   0.0524    10.46    0.516   3.68   0      29.29     1049.148     73.82821
       536    746.8053     83.9655     5359.222     371.6819  15.6772   0.0753     5.65    0.327  14.46   0      18.39     862.7386     74.02404
       537    291.6056     83.6721      5915.89     398.7555  15.5700   0.0732     8.73    0.597   3.32   2      21.97     822.4019      73.5145
       538    924.3240     78.9163     8464.634     430.9798  15.1810   0.0553     9.85    0.510   5.17   0      30.71     1163.622     73.98795
       539    643.9535     76.6463     7762.433     468.5402  15.2750   0.0656     9.87    0.485  -1.63   0      28.07     1043.922     74.38745
       540    860.3141     74.7401     9837.827     543.8654  15.0178   0.0600     9.65    0.441  -7.23   2      24.61     700.1362     72.74588
       541     53.6049     74.7290       6020.7     436.2533  15.5509   0.0787     9.77    0.446   2.39   0      23.66     784.0782     73.39592
       542    743.8173     71.9222     34137.14     542.9141  13.6669   0.0173     8.73    0.406   2.82   0        108     4119.486     83.25549
       543    477.0504     70.0386     66011.21     516.3448  12.9510   0.0085     8.44    0.344  -0.14   0      193.5     8444.465     94.17513
       544     88.7847     74.3981     3197.208     319.9199  16.2381   0.1087     5.13    0.392 -41.19   0      14.61     638.0699      72.9424
       545    832.7679     71.8946     11408.29     468.7921  14.8569   0.0446     9.51    0.498   1.84   0      39.59     1465.751     74.72033
       546    354.9846     70.3312     13069.32     405.4492  14.7094   0.0337     9.62    0.400   4.71   0      46.86     1690.823     76.33832
       547    801.4359     70.4265     5513.146      352.146  15.6465   0.0694     8.33    0.482   3.87   0      22.25     1007.033     74.46574
       548    870.1178     67.6634     11415.63     526.6141  14.8563   0.0501    10.27    0.533   3.97   0      32.46     1148.752      74.1342
       549    322.1597     60.9001     75096.92     523.0526  12.8109   0.0076     8.41    0.333   1.44   0      215.1     9364.144     95.62889
       550     21.0451     83.3481     48820.07     443.8261  13.2785   0.0099     8.31    0.340   2.04   0        154     6372.975     89.19524
       551    798.8801   1021.1832     5317.619     337.5952  15.6857   0.0689     4.29    0.218  25.26  18      21.08     965.8112     73.95652
       552    294.7936     52.6815     57255.36      674.148  13.1055   0.0128     9.04    0.387  12.48   3      144.8     5551.314     87.07645
       553    538.7403     61.9546     6490.067     468.6812  15.4694   0.0784     8.33    0.363 -10.03   0      23.07     760.8514     73.32396
       554    490.8135     62.3787     6732.146      451.819  15.4296   0.0729     9.19    0.525   2.58   0      21.54     835.7947     73.74883
       555    434.9623     59.9494     5089.229       131.28  15.7334   0.0280     0.00    0.096  64.48   0      88.79     4656.662     84.54127
       556    996.6362   1014.4162     45903.57     483.7609  13.3454   0.0114     8.56    0.343   1.72  16      144.5     5716.504     87.83073
       557     61.1441     51.0094     15539.94     388.0605  14.5214   0.0271     8.98    0.394  -1.97   2      53.55      1912.79     76.99632
       558    957.1638     52.4993     23076.78     487.7084  14.0921   0.0230     8.42    0.429   3.69   0      76.31     3062.505     79.42873
       559    745.5979     51.5897        20873     550.3973  14.2010   0.0286     8.50    0.374  -2.37   2      64.66     2482.758     78.47986
       560    671.2156     50.7839     17187.96     510.6484  14.4119   0.0323     8.59    0.385   8.00   0      58.12     2125.664     77.43884
       561    648.0351     45.2517     15673.86     534.4649  14.5121   0.0370     8.12    0.394   7.47   0      48.38     1923.837     76.84422
       562    873.9523     41.1610     28263.08     455.5573  13.8720   0.0175     8.30    0.383   6.32   0      95.96     3800.507     82.03441
       563    794.0682     42.4757     10903.63     471.5705  14.9061   0.0470     9.06    0.510   4.76   0      34.86      1372.15     75.00563
       564    836.3701     41.6331     11851.57     472.7792  14.8156   0.0433     8.55    0.468   5.01   0      43.97     2046.164     77.57241
       565    769.5908     38.6987     15015.99       425.33  14.5586   0.0308    12.72    0.396   6.30   0      53.19     1840.489     76.59731
       566    526.3644     39.9518     7565.336     437.0573  15.3029   0.0627     9.07    0.509   5.35   0      25.77     925.8532     73.83363
       567    486.8980     38.1256     3967.819     331.3673  16.0036   0.0907     3.76    0.213  -3.20   2      16.42     717.0219     72.60315
       568    449.2849     36.2609     16802.21     583.2375  14.4366   0.0377    14.85    0.637 -10.69   0      46.72     1481.873     75.14851
       569    302.8098     37.6377     6669.798     446.2492  15.4397   0.0727     9.51    0.490   1.51   0      23.43     956.0159     74.50086
       570    211.8967     36.7411     3561.084     342.6883  16.1210   0.1045     7.34    0.437   8.44   0      15.79     709.0829     72.77383
       571   1016.8847     32.4306     19850.59     435.3136  14.2556   0.0238    10.97    0.489  11.10  24       60.6     2407.613     78.08015
       572    950.5057   1012.2805       110360     519.3436  12.3930   0.0051     8.33    0.294   1.31  16      291.4      13091.6      104.656
       573    900.9997     32.4101     3607.649     315.7422  16.1069   0.0950     5.08    0.698  -5.73   0      15.11     576.4204     72.75006
       574    774.2497   1017.0265     3313.481     338.3498  16.1993   0.1109     5.79    0.378  -0.53  16      14.66     683.3069     73.47107
       575    254.5307     24.1092     12888.09     401.8265  14.7245   0.0339     8.86    0.415  -3.36   0      46.78      1684.65     75.94663
       576    224.0892   1011.8997     6080.307     423.8939  15.5402   0.0757     8.38    0.505   4.23  18       19.4      763.149      72.7474
       577    932.9981     19.9927     32082.87     171.7681  13.7343   0.0058     0.00    0.012  60.39   0      255.8     31519.47     139.1316
       578     88.6241   1006.0087     24204.28     615.0989  14.0403   0.0276     9.50    0.335   7.36   2      62.85     2321.525     78.19349
       579    451.9011     57.5783     3930.799     365.0137  16.0138   0.1008     6.56    0.359   8.72   0       15.8     592.8774     72.01643
       580   1019.4695   1007.4620     16136.22     443.8992  14.4805   0.0299     8.98    0.377   6.06  26      50.85     1756.894     76.34887
       581    195.1023   1007.4066     9750.436      423.347  15.0274   0.0472     9.45    0.428  -0.14   0      34.62     1284.001     74.92796
       582    165.1908    999.3411     34402.95     424.8305  13.6585   0.0134     8.51    0.359  -1.59   0      111.9      4366.04     83.92584
       583     27.2177   1002.4709     7301.887     466.0353  15.3414   0.0693     9.57    0.493   4.39   0      23.77     855.8525     73.81062
       584   1001.7640   1000.4340     4196.213     355.3172  15.9429   0.0920     7.69    0.538   9.21   0      17.69     671.0273      73.2393
       585    856.7167   1001.0953     6591.191     447.7987  15.4526   0.0738     7.66    0.646  -4.15   0      17.87     635.3728     72.73889
       586    482.3658    994.3481     18759.23     398.9481  14.3170   0.0231     8.37    0.365   5.45   0      63.66     2344.255     78.07773
       587    242.6307    995.9295     6785.159     465.7833  15.4211   0.0746     7.67    0.353  -4.13   0      20.13     610.5683     72.85666
       588      8.3315    992.9309     10044.68     435.0907  14.9952   0.0470     8.99    0.386  -1.82  16      36.99     1261.776     74.67044
       589    292.6190     62.1265     19738.67     740.4494  14.2617   0.0407    17.03    0.655   2.33   3      43.07     1568.884     75.97442
       590    774.5435    986.9883     64330.29     485.0723  12.9790   0.0082     8.20    0.326   3.32   0      191.5      8143.72     93.59847
       591    904.5477    989.1478     3664.082     285.0351  16.0901   0.0845     7.99    0.550   3.02   0      17.49     716.5201     73.57374
       592    425.3896    988.0060     12181.37     456.1123  14.7858   0.0407     9.23    0.369   1.52   0      42.19     1473.855     75.50163
       593    324.4271    987.9352     15833.39     419.0381  14.5011   0.0287     7.98    0.407  -0.18   0      57.37     2210.783     77.50511
       594    816.7878    984.9913     41283.68     513.0186  13.4606   0.0135     8.07    0.372  -3.65   0      125.5     5110.182     85.75181
       595    943.0483    982.1100      89363.4     492.3521  12.6221   0.0060    11.92    0.299   8.33   0      249.7      11111.2     100.1213
