#   1 NUMBER                 Running object number                                     
#   2 X_IMAGE                Object position along x                                    [pixel]
#   3 Y_IMAGE                Object position along y                                    [pixel]
#   4 FLUX_AUTO              Flux within a Kron-like elliptical aperture                [count]
#   5 FLUXERR_AUTO           RMS error for AUTO flux                                    [count]
#   6 MAG_AUTO               Kron-like elliptical aperture magnitude                    [mag]
#   7 MAGERR_AUTO            RMS error for AUTO magnitude                               [mag]
#   8 FWHM_IMAGE             FWHM assuming a gaussian core                              [pixel]
#   9 ELLIPTICITY            1 - B_IMAGE/A_IMAGE                                       
#  10 THETA_IMAGE            Position angle (CCW/x)                                     [deg]
#  11 FLAGS                  Extraction flags                                          
#  12 SNR_WIN                Gaussian-weighted SNR                                     
#  13 FLUX_APER              Flux vector within fixed circular aperture(s)              [count]
#  14 FLUXERR_APER           RMS error vector for aperture flux(es)                     [count]
         1    559.4637     19.2746     16220.96      343.446  14.4748   0.0230     8.01    0.143  -4.94   0       79.1     1846.062     50.08452
         2    932.9928     20.0633     32019.15     141.3406  13.7365   0.0048     0.00    0.069  55.05   0      258.1     31163.09     125.8722
         3     26.5620     16.1961     4679.468     280.2152  15.8245   0.0650     7.49    0.361 -16.53   0      23.77     526.9307     43.90577
         4    143.0260     10.5197     2910.496     228.5869  16.3401   0.0853     6.70    0.139 -16.59  16      16.92     329.9276     42.65334
         5    938.5103      3.0339     1363.663     82.15955  17.1632   0.0654     1.31    0.158   1.90  16      33.42      1332.45     47.39942
         6    825.8391      2.3570     4619.799     178.3494  15.8384   0.0419     8.87    0.589  -0.10  24      34.71      1028.22     46.22459
         7    712.8252      1.6538     1292.003     124.2641  17.2218   0.1045     5.44    0.587  -7.74  24      12.94     381.2931     41.70025
         8      5.1853    994.7008      8252.59     237.3408  15.2085   0.0312     6.99    0.157 -10.75  24      50.21     1187.766      46.8014
         9    504.4029   1022.8121     2211.886     169.7873  16.6381   0.0834     6.90    0.471  -5.91  24      16.85     413.3651     43.09563
        10    456.9719   1022.2596     2855.797     183.3038  16.3607   0.0697     7.93    0.343  -7.92  24      21.56     507.1557     43.58744
        11    413.5557   1020.6698     54803.67     273.6725  13.1530   0.0054     7.67    0.331  -4.87  24      233.7     7433.616     71.05109
        12    124.4214   1023.2412     3602.828     174.3649  16.1084   0.0526     7.92    0.647  -1.51  24      28.04     834.4893     44.73809
        13    935.3267    996.2371     4131.334     264.1652  15.9598   0.0694     7.59    0.354 -21.54   0      19.89     449.7232     43.28695
        14    110.5889    996.0485      4091.63     228.2137  15.9703   0.0606     8.61    0.347  -6.50   0      26.19     580.3084     44.18121
        15     80.2912    988.2422     30923.07     299.9631  13.7743   0.0105     7.18    0.238 -12.04   0      146.2     3839.182     58.27143
        16    397.9397    983.0817     10188.36      237.704  14.9797   0.0253     7.57    0.219  -5.72   0      57.01     1335.441     47.51311
        17    240.0311    977.2828     9777.715     372.9292  15.0244   0.0414    13.59    0.135  29.15   0      42.43     864.4648     45.30836
        18    689.8923    975.7355     14946.76     300.8268  14.5636   0.0219     7.29    0.224  -2.53   0      78.61     1808.224     49.72321
        19    454.3530    973.2606     25070.41     325.1286  14.0021   0.0141     7.32    0.185 -15.18   2      119.4     2981.416     54.99572
        20    453.2447    962.9254     5781.939     297.4104  15.5948   0.0559     7.53    0.132  32.45   3      26.16      555.076      43.8366
        21    341.7390    976.3040     2519.525     212.1339  16.4967   0.0914     5.73    0.122 -70.63   0      15.27     323.0829     42.39497
        22    732.1008    973.8033     5425.026     269.6833  15.6640   0.0540    10.72    0.452 -23.23   2      29.51     606.6829     44.10334
        23    858.4055    970.7524     23741.37     323.4702  14.0612   0.0148     7.44    0.199  -5.26   0      112.9       2848.8     54.53146
        24    971.0145    972.3528     4690.722     90.89824  15.8219   0.0210     0.94    0.172  89.13   0      80.51     4744.667     62.00701
        25    379.7980    970.5917     3031.298      101.674  16.2959   0.0364     2.43    0.458 -26.64   0      48.68     2522.368     53.06478
        26    672.5167    969.1494     3338.351     249.2258  16.1912   0.0811     8.49    0.343  17.48   0      19.56     396.7257     42.78793
        27    608.3123    966.4725     5230.972     259.7184  15.7035   0.0539     7.39    0.199  -3.29   0      32.83     728.8925     44.41127
        28    263.0614    960.0949     8742.247     99.33937  15.1459   0.0123     0.00    0.259  56.30   0      133.2     8664.212     74.75798
        29      7.2263    953.5502     16086.88     308.2585  14.4838   0.0208    10.88    0.166  26.09  24      78.16     1731.138     49.75021
        30    282.7701    956.0961     6669.198      98.1497  15.4398   0.0160     0.00    0.291 -24.29   0      107.4     5813.743     65.37756
        31     65.2153    949.0142      68197.2     337.2809  12.9156   0.0054     7.40    0.192  -9.68   0      259.9     8243.806     73.59705
        32    467.8961    950.2645     8951.967     313.6591  15.1202   0.0381    10.60    0.274  -8.50   0      46.78     1021.355     45.98619
        33    141.3050    953.5380     13042.18     122.9788  14.7116   0.0102    -0.55    0.523 -56.49   0      148.2     11035.77     81.65008
        34    862.1390    949.2499     7359.906     307.1766  15.3328   0.0453    12.39    0.235  -9.25   0      38.53      769.317     44.93361
        35     85.4939    947.7573     14502.04     242.2803  14.5964   0.0181     7.41    0.255  -7.61   0      83.02      2057.85     50.75857
        36    801.2220    948.5514     5702.095     310.1572  15.6099   0.0591     9.21    0.362   5.44   0      28.43     582.8008     44.19403
        37    744.0414    945.9697     6675.012     95.73108  15.4389   0.0156     0.00    0.049  76.38   0      93.48     6232.391     67.23918
        38    826.0000    945.8223     2051.609     76.70712  16.7198   0.0406     1.02    0.110 -84.90   0      51.95     2050.202     51.00245
        39    547.7216    941.5278     2798.438     226.9222  16.3827   0.0881     6.58    0.256  89.69   0       17.5      398.066     42.79505
        40    195.0224    942.0134     1014.812     73.57112  17.4840   0.0787     0.00    0.007  35.85   2      40.49     1086.074     46.60946
        41    701.0399    940.3967     3577.686     245.1536  16.1160   0.0744     6.60    0.204 -29.45   0      18.18     378.3067     43.12957
        42    989.2023    934.0094     948.1598     74.95463  17.5578   0.0859     4.47    0.172   1.67   0      31.11     813.8831     45.15846
        43    477.4144    929.3047     9520.988     353.2882  15.0533   0.0403     8.82    0.292  -2.41   0       44.6      909.654     45.53447
        44    121.0049    925.9971     5401.417     118.3576  15.6687   0.0238     0.00    0.002 -67.27   2      101.5     5180.647     63.43642
        45    807.8258    924.6640     3575.753     224.5714  16.1166   0.0682     6.06    0.494   4.22   0      18.62     346.6769     42.85267
        46     84.2746    921.4095     5316.425     184.4218  15.6860   0.0377     9.18    0.333  -5.84   0       33.1     711.2417     44.74442
        47    676.5107    915.4649     11273.82     339.1151  14.8698   0.0327     7.32    0.122  -0.48   2      53.66     1162.853     46.68026
        48    976.3602    910.9890     22454.65     373.0679  14.1217   0.0180     7.22    0.187  -2.44   0      94.34     2354.085     52.60867
        49    804.5513    909.7794     7821.578     347.4754  15.2668   0.0482    10.89    0.473 -17.53   0      29.56     540.0025     43.97338
        50    189.7239    910.4745     1932.537     199.4556  16.7847   0.1121     5.93    0.665 -28.21   0       15.1     309.8737     42.21253
        51   1009.3026    907.4952     5402.948     300.6705  15.6684   0.0604    12.26    0.376  26.10  16      28.81      484.329     43.14157
        52    405.5047    905.9899       8322.7     348.8184  15.1993   0.0455     9.81    0.398  -1.28   2      30.14     560.4918     43.86467
        53    567.0055    915.5701     2593.924     219.8535  16.4651   0.0920     6.02    0.422  81.55   0       15.4     331.1378     42.88029
        54    481.0314    902.8005      6017.76     291.5878  15.5514   0.0526    11.38    0.391  -5.03   0      31.63      672.359     44.65221
        55    938.7213    913.1140     3722.376     247.2027  16.0729   0.0721     8.09    0.349  11.09   0      21.14     482.3133     43.24015
        56    970.0587    897.6241     9307.534     343.3334  15.0779   0.0401    10.43    0.311  -3.62   2      47.53     546.7272     43.79329
        57    899.3162    897.0191     4441.703     220.1547  15.8811   0.0538    10.40    0.303  -7.72   0      25.94     582.7208     43.97969
        58    416.9747    900.0204      5237.47     85.62768  15.7022   0.0178     4.29    0.051 -31.42   0      95.32      4853.72     62.40544
        59     69.5370    894.8848     5566.424     271.1101  15.6361   0.0529     8.18    0.239 -17.25   0      33.76     742.7666      44.5881
        60    837.6933    888.7037     20973.06     327.6933  14.1958   0.0170    19.56    0.348  32.90   0      85.38     1175.863     46.74356
        61    815.8096    892.4513     3213.252     258.8592  16.2326   0.0875     8.57    0.166  31.73   0       18.1     305.9184     42.63596
        62    631.7278    890.6317     4391.536     252.9959  15.8935   0.0626     7.68    0.326 -18.25   0       26.3       607.95     44.10987
        63    362.6541    890.1459       2897.8     150.9085  16.3448   0.0566     9.15    0.312   5.97   0      22.36     481.3226     43.66904
        64    237.6089    881.1211     5507.891     291.5947  15.6475   0.0575     9.02    0.318  -1.41   0         29     579.7772     43.96447
        65    161.9933    880.7824     3829.159     83.23306  16.0422   0.0236     0.89    0.137 -88.60   0      76.45     3845.354     58.45707
        66    298.7634    877.4467     4708.427     129.4554  15.8178   0.0299     0.00    0.347  60.26   0      73.17     3343.765      56.4733
        67    144.3779    874.5168     10646.41     307.6888  14.9320   0.0314     7.73    0.295   3.52   2      54.39      1170.42     46.81792
        68    507.4559    872.5656     9960.767     339.6253  15.0043   0.0370     7.91    0.247  -2.85   3      47.24     992.8152     46.05019
        69    495.0747    867.9732        28002     348.7975  13.8820   0.0135     7.52    0.237  -1.96   2      125.1       3071.4     55.36634
        70    867.0836    874.0822     1521.354      78.1954  17.0444   0.0558     0.00    0.200  44.59   0      46.57      1356.27     47.71159
        71    562.4604    871.6184     5613.364     268.9668  15.6269   0.0520     7.87    0.334  -0.93   0      33.74     725.8218     44.71307
        72    769.0271    865.4250     7518.333     285.8272  15.3097   0.0413     8.25    0.260   7.93   0      40.96     882.2596     45.70809
        73    364.0729    860.7020     143607.6     387.8062  12.1071   0.0029     7.27    0.166  -7.25   2      422.5     17193.72      97.2439
        74    359.5389    844.8654     18921.02     324.4554  14.3076   0.0186     7.43    0.162  -5.32   3       93.8     2224.576     51.77365
        75    172.2757    865.5757     4346.214       262.56  15.9047   0.0656     7.43    0.155  -8.65   0      25.85      545.241     43.78558
        76    631.2352    858.3942     2436.484     212.0449  16.5331   0.0945     7.05    0.278   6.74   0      17.28     413.7942     43.31617
        77    538.7045    858.0428     4867.244     289.4704  15.7818   0.0646     8.31    0.197 -34.73   0      21.66      340.035     42.26318
        78    522.9138    851.6263      14423.8     454.4225  14.6023   0.0342    16.01    0.507 -10.58   0      47.44     884.8862     45.30671
        79    207.8047    847.7567     3646.479     234.9045  16.0953   0.0700     5.82    0.324 -86.64   0      19.02     454.1897     43.52761
        80    891.2443    842.7808     3713.101      259.752  16.0757   0.0760     8.95    0.276   3.88   0      21.16     385.9559     43.16986
        81    946.9827    838.0021     1912.818     76.29478  16.7958   0.0433     0.00    0.014 -55.31   2      52.27     1827.784     50.00151
        82     64.4683    835.1314     29113.93     314.7355  13.8397   0.0117     7.26    0.233  -8.17   0      138.3     3570.397     57.29587
        83    118.7911    829.3135     76153.23      336.349  12.7958   0.0048     7.19    0.187 -10.42   0      280.3     9403.884     77.09625
        84    881.3450    827.3063     921.3809     82.37072  17.5889   0.0971     2.32    0.469 -31.79   0      21.19     718.6885     44.35902
        85    388.1762    827.4628     2508.676     213.2309  16.5014   0.0923     6.33    0.123  20.97   0      16.62     345.1736      42.8447
        86    183.0573    811.9163     3248.617      247.244  16.2208   0.0827     7.45    0.238 -20.44   0      20.32     458.4984      43.1148
        87    366.3252    807.8907     18109.56     277.2081  14.3552   0.0166     7.71    0.214  -8.19   0      92.91     2185.688     51.41956
        88    239.8621    799.7590     24139.67     361.9197  14.0432   0.0163    14.40    0.539  -0.86   0      99.43     1791.177     49.83484
        89     56.5243    804.1794     2983.841     219.1831  16.3131   0.0798     5.78    0.689  14.31   0      17.58     338.8025     42.81089
        90    763.6450    799.6259     3229.905     217.8204  16.2270   0.0732     7.88    0.080  -0.26   0      21.59     511.2213     43.82438
        91    910.4905    796.5371     9257.843     338.1102  15.0837   0.0397    12.13    0.245  79.39   0      42.34     680.4074      44.2691
        92    856.8320    789.2415     77297.85     339.2133  12.7796   0.0048     7.12    0.189  -3.62   0      284.4     9900.395     78.66627
        93    201.8444    790.9270     6565.289     284.6545  15.4569   0.0471     9.69    0.280  -8.97   0      39.57     838.4333     45.28185
        94    553.0110    787.2768     4110.213     235.3527  15.9653   0.0622     8.55    0.277  -8.45   0      24.76     539.4683      43.7556
        95    332.8530    786.6395      5828.44     298.2376  15.5861   0.0556     8.54    0.301  -7.44   0      29.64     618.7345     44.27205
        96    684.3159    786.8264     7965.667     352.6207  15.2469   0.0481     9.16    0.168 -13.76   2      27.93     386.8321     42.84555
        97    663.2538    784.0303     3960.347     199.9923  16.0057   0.0548     0.00    0.426  73.24   0      34.05     1552.924     48.63932
        98     43.6402    786.3472     2326.327     88.85445  16.5833   0.0415     1.51    0.271 -45.57   0       48.5     2226.657     51.87377
        99    971.9481    781.0533     3109.037     79.77863  16.2684   0.0279     4.31    0.089 -33.12   0      72.82      3021.75     55.33286
       100    544.7980    773.9534     4674.523     103.0192  15.8257   0.0239     5.41    0.097 -25.43   0      77.02     3658.153     57.72466
       101    865.6275    766.5935     47944.54     364.1576  13.2982   0.0082     7.17    0.169  -1.33   2      195.8     4418.981     60.72396
       102    194.9613    766.9166     9425.098     97.32085  15.0643   0.0112     4.53    0.155  63.54   0      135.4     8871.229      75.3847
       103   1013.2907    761.2686     9767.983     322.3976  15.0255   0.0358    11.81    0.274   0.49  18      49.63     788.9477     44.92796
       104    686.8206    758.0995     22416.99      265.168  14.1236   0.0128     8.78    0.219  -4.96   2      114.2      2852.74     54.11391
       105    695.0007    756.0007     44121.48     158.1349  13.3884   0.0039     0.00    0.001 -22.42   3      309.1     44150.46     147.4372
       106    114.7399    757.1987     3805.674     266.9938  16.0489   0.0762     8.45    0.111  -8.39   0      21.15     423.1419     43.25631
       107    530.0082    756.3475     3232.877     87.17702  16.2260   0.0293     0.92    0.166  88.82   0      64.44     3216.212     56.04182
       108    658.8845    738.8550     24403.96     374.5684  14.0313   0.0167     7.51    0.238  -3.95   2      105.8     2111.011     51.08843
       109    628.7246    738.0623     5533.523     302.7227  15.6425   0.0594     7.54    0.262 -16.52   0      28.05     631.1914     44.22946
       110    591.1870    738.9747     1289.778     74.41569  17.2237   0.0627     1.00    0.108  -0.36   0      37.97     1282.722     47.55867
       111    455.7028    733.9316     14438.51     325.6734  14.6012   0.0245     7.72    0.293  -6.23   0      73.41     1692.408     49.19099
       112    431.3358    732.3881     5440.276     247.8275  15.6609   0.0495     8.13    0.162   9.58   0      33.51     713.5405      44.6506
       113    481.6030    730.6208     5719.718      295.374  15.6066   0.0561     9.11    0.053  27.81   0      29.97     603.7747     44.08835
       114    543.1290    729.0728      1651.61     149.8089  16.9552   0.0985     2.76    0.178  69.47   3      14.51     527.7256     43.58651
       115    545.0183    724.5583     3392.872     237.1576  16.1736   0.0759     6.51    0.056 -69.14   2      20.95     482.9273     43.67739
       116    140.3711    725.9301      28660.4     312.5274  13.8568   0.0118     7.21    0.211  -7.51   0      136.9     3637.329     57.64262
       117    914.0743    726.3098     7195.183     252.2516  15.3574   0.0381     8.40    0.305  -0.87   0      44.18     965.0825     45.70723
       118    677.3119    725.0043     9179.566     228.1148  15.0929   0.0270     8.46    0.292 -12.84   0      54.45     1242.155     47.26474
       119    105.4293    722.1405     8251.465     292.9214  15.2087   0.0386     8.06    0.304  -3.62   0       43.6     948.5096       45.831
       120    400.7484    722.6204     4300.167     254.7715  15.9163   0.0643    10.10    0.313 -15.82   0       26.2     592.5263      44.1373
       121    184.5042    710.4786     18003.31     279.2399  14.3616   0.0168     7.24    0.273  -7.13   0      92.82     2255.633     51.72779
       122    145.3369    708.9684     22435.29     334.3951  14.1227   0.0162     8.81    0.321 -19.52   0      104.6     2536.635     53.12585
       123    458.3921    711.4501      2499.97     188.5751  16.5052   0.0819     1.68    0.319 -48.98   0      19.25     744.3055     44.91204
       124    351.0166    708.9954     464.5906     64.95752  18.3323   0.1518     0.00    0.254  44.92   2      19.75     386.7386     42.95498
       125    903.2020    705.1858     10865.28     226.1684  14.9099   0.0226     7.18    0.284  -4.08   0      64.68     1510.355     48.53725
       126    713.9504    705.9045     2219.046     78.71386  16.6346   0.0385     4.41    0.157  60.72   0      60.85     2096.595     50.93176
       127    586.6353    704.3040     5838.471      334.749  15.5843   0.0623    10.69    0.398  -7.30   0      25.09     463.2983     42.92091
       128    426.6244    703.1644      4456.52     278.3452  15.8775   0.0678    10.11    0.191 -12.13   0      24.35     462.2409     43.56962
       129    958.6747    703.6596     2636.595     89.64454  16.4474   0.0369     1.50    0.257  45.46   0      54.76     2605.788     53.33252
       130    232.1128    689.3596     3499.348     219.1797  16.1400   0.0680    10.02    0.058  30.88   0       24.4     519.8165     43.43682
       131    996.3825    678.2253     21576.99     274.9382  14.1650   0.0138    15.52    0.294  -2.87   0      109.5     2861.711     54.67157
       132    824.7926    682.5102     1678.706     174.5613  16.9376   0.1129     5.16    0.277  89.59   0      13.53     311.2145     42.55351
       133    700.4547    676.1067     2988.884     242.6716  16.3112   0.0882     8.45    0.342   6.11   0      18.27     371.5975     42.54355
       134    530.6088    670.6037     2717.684     130.5095  16.4145   0.0522     3.07    0.514  45.75   0      41.42     1637.809     49.13042
       135    793.2300    664.0949     2881.824     87.61305  16.3508   0.0330    -0.99    0.302  26.09   0      66.42     2465.278     52.46137
       136    622.7505    664.4331     2405.509      215.869  16.5470   0.0975     6.24    0.288 -31.44   0      15.52     339.7462     42.70562
       137    510.1330    660.1712     25049.92     327.6428  14.0030   0.0142     7.31    0.241  -4.76   0      118.5     3034.006     55.21262
       138    942.6699    661.1030     7448.049     268.3247  15.3199   0.0391     7.28    0.244  -2.84   0      44.11     1022.405     45.88873
       139    472.2501    660.5184      4052.49      99.2907  15.9807   0.0266     2.32    0.396 -64.29   0      70.56     3174.232     55.61753
       140    147.4790    650.1617     20027.22     258.5923  14.2459   0.0140     7.19    0.228  -5.59   0        105     2578.042      53.3027
       141    168.5538    651.1892     4021.771     123.5624  15.9890   0.0334     5.82    0.570 -47.76   0      62.89     2855.635      54.6463
       142    682.3051    649.7499      3612.99     250.8898  16.1053   0.0754     9.66    0.330  24.65   0      23.39     508.4798     43.26862
       143    311.8445    644.1554     1357.294     135.2798  17.1683   0.1082     4.96    0.306 -44.49   0      14.73     568.2495     43.90484
       144    483.6390    640.5075     4147.378     265.0699  15.9556   0.0694     7.56    0.245 -51.50   0      19.31     298.9203     42.15351
       145    126.8233    638.3279     6362.056     210.6883  15.4910   0.0360     8.00    0.262 -20.40   0      40.77     1014.194     46.25763
       146    792.9835    638.2021     10099.52     113.3273  14.9892   0.0122     2.29    0.227 -89.89   0      114.2     8463.938     74.27372
       147    203.7260    628.7233     2524.613     95.72959  16.4945   0.0412     5.36    0.423  44.77   0      57.72     2082.787     50.96272
       148    626.0001    617.2943     111319.1     384.6787  12.3836   0.0038     7.72    0.050  -2.99   0        351     12233.86      85.0305
       149    274.8145    621.9370     4366.085     269.2277  15.8998   0.0670     7.42    0.231   1.46   0      22.56     464.1273     43.36251
       150    567.3429    622.0814      1196.03      78.7555  17.3056   0.0715     2.33    0.280  14.65   0      33.11     994.5313     45.85343
       151    218.1249    612.8062     8898.712     313.6205  15.1267   0.0383     7.21    0.199  -8.63   0      47.29     1061.327     46.28531
       152    462.1917    613.2057     3984.231     259.0806  15.9991   0.0706     8.97    0.334   2.02   0      23.27     493.2628     43.51495
       153    315.4849    609.7599     8796.459     336.4011  15.1392   0.0415     8.63    0.290  -6.92   0      41.47     876.9938     45.26711
       154    408.0191    608.0039      4236.91     127.7051  15.9324   0.0327   -19.21    0.364  80.39   2      74.13     3073.217     55.37379
       155    537.8323    608.8022     2744.657     200.9663  16.4038   0.0795     5.90    0.163 -57.58   0      19.83     472.7358     43.62433
       156     67.6829    591.3546     300939.4     482.2015  11.3038   0.0017     7.15    0.164  -4.99   0      649.7     36492.55     135.0481
       157   1002.0104    596.0219     2201.467     77.14984  16.6432   0.0381     4.24    0.003 -26.53   2      56.25     1954.386     50.66684
       158    608.0583    591.4880     37631.92     316.7596  13.5611   0.0091     7.30    0.212 -13.42   0      165.2     4446.814     60.59502
       159    313.3431    593.0921     4158.136     259.2331  15.9528   0.0677     6.51    0.183 -11.07   0      22.72     510.9244     43.39027
       160    513.4819    590.5267     2021.349     198.9651  16.7359   0.1069     5.68    0.406 -54.75   0      15.11     349.0988     42.42319
       161    152.6885    588.9919      3390.06     239.1351  16.1745   0.0766     8.08    0.456 -43.29   0      21.42     457.4744     43.21865
       162    817.9763    588.0316     7184.131     90.64737  15.3591   0.0137     0.00    0.008 -84.01   0      111.8     7068.188     70.00725
       163    144.5006    588.9230      7587.19      124.393  15.2998   0.0178     0.00    0.533   7.07   1      106.7     5948.525     65.91602
       164    912.6603    585.8572     3952.433     89.03316  16.0078   0.0245     0.98    0.076   6.74   0      70.61     3851.696     58.56229
       165    185.8861    584.2087     2546.629     191.7308  16.4851   0.0818     5.12    0.464 -13.24   0      16.43     374.6529     42.89099
       166      9.0901    580.2765     2591.455     220.3865  16.4661   0.0924     6.92    0.446  -2.28  16      15.47     328.5719     42.42438
       167    185.8640    561.9963     2490.508     77.99667  16.5093   0.0340     0.94    0.086  -0.24   0      59.92     2461.519     52.89275
       168    687.4044    549.8153     5061.011     273.2868  15.7394   0.0586     8.49    0.274   6.74   0      27.54     576.4995     43.94753
       169    174.0152    549.7149     5796.202     329.3948  15.5921   0.0617    10.27    0.296   5.54   0      25.21     421.2718     43.02785
       170     91.0492    544.9522     61677.87     317.6353  13.0247   0.0056     7.16    0.207  -7.28   0        244     7942.814      72.7913
       171    151.0464    543.8502     6461.382     96.45267  15.4742   0.0162     4.95    0.292 -71.70   0      109.2     5964.823     66.25748
       172    916.4616    535.5934     95353.39     361.6873  12.5517   0.0041     7.09    0.175   0.94   0      324.4     12129.98     84.80801
       173     50.0446    540.3557     2979.838      236.263  16.3145   0.0861     8.44    0.341  -4.95   0      19.87     442.8173     43.25067
       174    959.4842    532.5648     5919.576     266.1425  15.5693   0.0488     9.05    0.263 -15.43   0       35.2     732.4601     44.64129
       175    489.1694    533.1927     2249.177     198.6326  16.6199   0.0959     3.80    0.465   7.13   0      14.95     351.3623     42.98735
       176    251.1638    521.2451     32213.33      303.669  13.7299   0.0102     7.19    0.229  -5.02   0        150     4109.984     59.55624
       177    950.4377    509.3416     10750.62     236.7518  14.9214   0.0239    12.11    0.441   4.68   0      67.41     1032.769     46.24695
       178      8.0208    508.9778     3039.259     217.6214  16.2931   0.0778     9.36    0.307  -1.78  16      20.57     377.2401     43.12395
       179     68.5442    507.8372     2878.202     209.7258  16.3522   0.0791     6.37    0.290  12.38   0      20.12     461.6023     43.34927
       180    276.4975    501.5484     5953.358     306.9034  15.5631   0.0560     9.91    0.299 -15.57   0      30.57     733.6406     44.43556
       181    711.5304    495.1259     3125.205     243.2843  16.2628   0.0845     9.83    0.550 -25.34   2      21.35     450.7778     43.18342
       182    387.3212    494.6692      2546.38     211.0484  16.4852   0.0900     5.00    0.196  59.88   2       17.7      355.094     42.56623
       183    214.9050    493.7247     10902.46     109.6774  14.9062   0.0109     5.38    0.386  70.65   0      141.8     9701.153       77.786
       184    856.8400    482.5507     72454.79     332.7795  12.8498   0.0050     7.16    0.195  -1.68   0      271.8     9305.216     76.86621
       185    727.1134    509.1339     1461.542     78.02137  17.0880   0.0580     4.71    0.231  44.63   0      43.08     1207.898     46.89906
       186    301.5856    475.9567     1235.536     91.33689  17.2704   0.0803     2.27    0.404   7.58   0      29.47     898.4373     45.78846
       187    551.0203    474.3224     1099.475     75.41204  17.3970   0.0745     1.71    0.154 -87.81   0      29.66     1060.274     46.48348
       188    664.1596    473.9176     999.5134      90.7477  17.5005   0.0986     2.95    0.211 -27.65   0      26.68     684.5461     44.29034
       189    318.3513    471.4849      5766.18     294.6105  15.5978   0.0555     7.10    0.227  -4.03   0      29.37     620.4435     43.96018
       190      4.0507    468.2930      3067.48     206.5339  16.2830   0.0731     8.10    0.262   2.23  24      19.61     463.2276     43.03027
       191    689.5425    466.1365     1198.667     77.25183  17.3033   0.0700     4.62    0.288  44.17   0      27.73     1124.444     46.79618
       192    795.1312    461.9269      15872.6     259.4983  14.4984   0.0178     6.99    0.252  -4.50   0      87.58     2179.094      51.4821
       193    248.0023    461.8450     23385.11      124.824  14.0777   0.0058     0.00    0.110 -88.92   0      207.9     23359.46      110.933
       194    493.2868    457.2455     8889.153      274.741  15.1278   0.0336     7.31    0.236   1.14   0      50.83     1149.016     46.61285
       195    521.4163    458.0018     10760.85      119.677  14.9204   0.0121     3.21    0.489  -0.05   0      128.7     8798.404      75.2902
       196    866.1070    454.9947     4309.633     114.1959  15.9139   0.0288     3.36    0.560   0.03   0      57.79     2223.962     51.77095
       197    325.9484    445.9816     61579.88      339.456  13.0264   0.0060     7.18    0.209  -3.74   0      240.3     7757.677     72.14561
       198    207.5769    448.0029     18665.63     262.8316  14.3224   0.0153     7.35    0.235  -2.22   0      98.87     2465.601     52.82109
       199    177.6693    449.6638     5138.988     253.2013  15.7228   0.0535     6.66    0.250 -10.81   0         31     706.7108     44.51001
       200     15.6412    441.5428      20107.4     300.4146  14.2416   0.0162     7.66    0.205 -11.58  16      99.49     2398.959     52.53357
       201    977.9121    442.1270     7317.941     242.8394  15.3390   0.0360    13.07    0.235 -17.84   0      41.14     859.5648     45.07502
       202    898.1021    443.6723     4833.892     297.4787  15.7893   0.0668     9.78    0.274 -11.42   0      23.75     478.7993     43.11243
       203     99.9525    439.5204     10053.83     319.2931  14.9942   0.0345    13.12    0.365 -18.57   0      50.34     1071.602     46.23385
       204    483.0563    440.8776      58362.7     185.8631  13.0847   0.0035     5.42    0.141 -54.01   0      350.7     56954.52     165.9769
       205    264.1275    434.5172     2599.513     207.1596  16.4628   0.0865     5.25    0.251   5.20   0      18.69     462.3893      43.1353
       206    439.3969    430.9994     2965.789     227.6083  16.3196   0.0833     6.53    0.582 -44.00   0      16.14     313.9489     42.56811
       207   1017.2775    430.0267     3421.805     235.1888  16.1644   0.0746     7.90    0.251  13.31  16      18.57      379.601      42.9172
       208    702.0318    429.0300     1672.641     81.57728  16.9415   0.0530     4.24    0.015  44.44   2      46.59     1456.922     48.48133
       209    417.0031    430.2862     2637.724     85.61139  16.4469   0.0352     0.83    0.164  89.66   0      57.63      2463.96     52.90324
       210    405.1176    421.3259     3059.247     216.0111  16.2860   0.0767     8.36    0.151   7.96   0      20.58     478.0336      43.1084
       211     98.5629    416.4072     12269.06      291.204  14.7780   0.0258     7.44    0.268  -9.49   0      66.22     1598.139     49.13887
       212    913.4579    417.9417      3868.39     268.3683  16.0312   0.0753     8.90    0.432  -1.78   0      22.75     516.8643     43.85363
       213    655.0799    418.2716     2191.094     197.3751  16.6483   0.0978     4.82    0.388   3.04   0       14.1     384.5768     42.72335
       214    218.9492    405.8818     2735.018     214.5737  16.4076   0.0852     7.48    0.157   9.47   0      19.11     417.2997     42.89708
       215     21.3773    400.1967       2121.6     118.0356  16.6833   0.0604     4.14    0.535 -18.77   0      39.85     1373.935     47.89421
       216    807.1762    397.4619     4975.578     229.0923  15.7579   0.0500     0.00    0.696  10.56   2      36.63     343.4303     42.83545
       217    817.7056    390.1988     9438.462     300.1917  15.0627   0.0345     7.19    0.269 -18.24   2      51.44     1208.637     47.10329
       218    718.8728    386.7644      42042.4     319.9084  13.4408   0.0083     7.17    0.225  -4.24   0      183.5     5295.123     63.84524
       219    537.7092    381.9792      2145.85     204.9428  16.6710   0.1037     5.43    0.295  -7.37   0       15.2     325.9774     42.29914
       220    266.0126    375.0350     10602.43      371.215  14.9365   0.0380     8.71    0.301  -2.11   0      45.58     958.8383      46.1895
       221    672.4639    375.1934     4300.623     253.8448  15.9162   0.0641     7.38    0.207   4.77   0      24.92     585.9574     44.10346
       222    911.6361    374.7164     2786.408     217.3571  16.3874   0.0847     6.21    0.181  11.69   0      19.44     444.9392     43.15268
       223    748.5936    372.8573       3234.3     256.5906  16.2255   0.0862     8.81    0.465   6.69   0      19.15      358.162     42.91354
       224    812.1187    367.5196      2721.49     212.3501  16.4130   0.0847     5.63    0.216 -12.25   0      18.84     467.9616     43.05526
       225    894.0880    358.9587     19550.28     492.4905  14.2721   0.0274    13.63    0.395  30.77   2      56.78     1304.069     47.36282
       226    891.0773    347.1388     14591.49     388.4988  14.5898   0.0289    10.70    0.254 -22.51   3      59.18     870.8804      45.2364
       227    313.4357    357.4152     37491.09     292.2641  13.5652   0.0085     7.70    0.252  -4.45   0      168.8     4719.381     61.99038
       228    537.4294    359.2330     4784.725     263.3873  15.8004   0.0598     6.56    0.257 -11.21   0      27.59     597.7216     44.27069
       229   1014.8588    356.6397     3939.323     249.3008  16.0114   0.0687     9.25    0.560   5.89  16      23.37     582.4244     43.97816
       230    237.5912    352.6570     3328.438     234.0935  16.1944   0.0764     7.16    0.368 -18.35   0      18.35       344.23     42.83969
       231     17.8980    345.2740     21631.89     262.2562  14.1623   0.0132     7.30    0.233 -13.45  16      111.4     2873.688     54.28874
       232    511.5559    345.7935     4846.263     234.5594  15.7865   0.0526     9.22    0.168 -12.48   0      29.59     644.9656      44.4065
       233     67.5879    337.7447     32157.83     316.5537  13.7318   0.0107     7.19    0.236  -9.50   0      147.9     4096.256     59.50383
       234    867.0419    339.5088     11213.27     347.6581  14.8757   0.0337     8.03    0.255  -1.94   0      53.98     1116.647     46.45475
       235    243.1556    336.5018     7002.198     285.4165  15.3869   0.0443     7.42    0.288  -8.50   0      40.88     800.3373     44.66995
       236    533.2806    335.3600     5245.612     216.1284  15.7005   0.0447     6.38    0.251  -3.46   0      33.71     862.1991     45.40097
       237     38.4362    331.6686     3666.472     269.0749  16.0894   0.0797     7.54    0.477 -16.04   0       17.5     338.9868     42.70158
       238    490.3618    329.2433     5450.056     249.7319  15.6590   0.0498     7.90    0.335  -4.69   0      34.68     792.4454     45.15499
       239    988.4978    314.1292     2857.407     238.6283  16.3601   0.0907     6.79    0.368  32.41   0      16.64     330.5544     42.21216
       240    194.6134    312.1433     4619.413     260.0909  15.8385   0.0611     6.68    0.278 -20.47   0      24.26     576.3469     44.05391
       241    578.2861    306.6275     53848.27     310.0876  13.1721   0.0063     7.13    0.224  -4.42   0      221.2     6729.419     68.62437
       242    311.7909    310.0257     4023.462     280.5244  15.9885   0.0757     9.11    0.310 -16.06   0      21.13     362.1446     42.93463
       243    264.0531    305.1483      30295.9     311.8298  13.7965   0.0112    17.66    0.202  34.40   0        135     3281.363      56.3891
       244     88.3668    307.8435     8815.366     281.8818  15.1369   0.0347     8.71    0.311 -12.66   0      51.04     1229.434     47.30333
       245    395.8197    305.9152     6471.544     266.6135  15.4725   0.0447     9.56    0.335  -8.08   0      38.56     838.8729     45.07531
       246    328.1674    305.1637     1695.165     88.56638  16.9270   0.0567     5.11    0.349  37.53   0      42.89     1294.621     47.61549
       247    709.9058    300.9026     11378.36     101.7801  14.8598   0.0097     4.54    0.144  45.56   0      146.9     11054.24     81.64374
       248    145.9539    295.1047     10889.59     301.6793  14.9075   0.0301    14.23    0.286 -21.93   0      56.84     1268.573     47.09214
       249    158.1211    290.0164     1213.316     75.75435  17.2901   0.0678     2.49    0.164  -0.01   0      37.88     1010.633     46.24013
       250    149.0462    285.1237     5925.288     311.0796  15.5682   0.0570     9.80    0.294 -31.72   1      25.95     486.2734     43.36983
       251    853.4315    279.4677     2592.941     216.0663  16.4655   0.0905     5.95    0.227  -2.00   0       17.5     431.9819      43.1937
       252     54.6165    278.0554     4782.435     208.9774  15.8009   0.0475     0.00    0.627   7.55   3       31.9      1423.49     48.22667
       253     52.2149    273.3487         4563     283.4676  15.8519   0.0675     9.18    0.261 -15.54   2      23.93     417.0017     43.22404
       254    460.1362    275.8878     2980.088     239.2384  16.3144   0.0872     8.12    0.445 -44.13   0      18.94     369.3139     42.64208
       255     80.6812    260.9060     7195.421     282.2484  15.3574   0.0426     9.62    0.253  -4.89   0      38.23     828.7303     45.12875
       256    210.4315    257.3131     3511.903     213.7467  16.1361   0.0661     4.49    0.164 -48.19   0      26.08     553.1351      43.7188
       257    268.0158    256.9824     1369.638     74.65919  17.1585   0.0592   -19.21    0.015 -44.14   2      45.01     1320.368     47.63935
       258    270.6681    253.1678     1073.156      89.6261  17.4233   0.0907     2.63    0.456  63.18   2      23.24     980.9671     45.99167
       259    830.2385    247.2079     3955.936     231.6685  16.0069   0.0636     9.19    0.348   1.67   2      25.72     571.2589     44.13463
       260    831.0042    243.0145     4712.042     84.22154  15.8170   0.0194     0.00    0.006 -42.06   3      91.52     4397.271     60.56484
       261    968.9661    245.4226     3023.836     211.0039  16.2986   0.0758     5.71    0.426  11.94   0      21.57     544.8008     43.99817
       262    550.6283    241.1944     9943.925     296.6259  15.0061   0.0324     9.19    0.272  -3.31   0      52.72     1236.807     47.43825
       263    530.0699    242.2957     4536.596      283.862  15.8582   0.0680     8.21    0.504  -6.37   0      20.41     406.7209     42.73078
       264    704.5228    233.0116     10378.13     295.3662  14.9597   0.0309     7.38    0.275  -1.76   2       55.1     1064.821      46.4042
       265     17.0022    223.8825     1577.418     75.28904  17.0051   0.0518     4.36    0.111  89.69   0      47.58     1411.438     48.16985
       266    512.8913    216.5453      8339.87     286.8909  15.1971   0.0374     8.63    0.280  -5.59   0      45.77     1014.095     45.95029
       267     99.5102    209.1490     2714.356     236.0075  16.4158   0.0944     6.66    0.437  14.01   0      15.97      350.656     42.54253
       268    643.8060    207.4497     3370.335     234.1342  16.1808   0.0754     7.99    0.441   3.31   0      20.54     453.7811     43.41699
       269    578.4398    203.8735      10394.1     312.8237  14.9580   0.0327     8.31    0.259   1.45   3      53.44     1153.704     46.83749
       270    588.3369    202.4120     15135.45     343.4142  14.5500   0.0246     9.23    0.307  -2.57   3      72.51     1651.837     49.19527
       271    486.3023    202.7227     1226.718     78.84401  17.2781   0.0698     1.79    0.274 -44.53   0      31.94     1185.704     46.79139
       272    781.3221    194.1913     2555.603     199.5744  16.4813   0.0848     3.52    0.345  71.01   0      17.96     527.5569     43.69369
       273    460.0396    190.0328      3210.38     80.06682  16.2336   0.0271     0.00    0.094  45.06   0      75.42     3077.702     55.47726
       274    686.5505    184.3672     4340.121     247.2937  15.9062   0.0619     9.41    0.359 -11.22   0      26.25     567.7717     43.90237
       275    800.0024    179.7900     21615.66       343.24  14.1631   0.0172     6.78    0.217   3.09   0      101.8     2693.361     53.79214
       276    919.0041    181.1838     2331.768     112.3087  16.5808   0.0523     0.00    0.158  89.26   0       44.9      1467.76     48.33739
       277    651.9415    175.0073     99788.38     354.9591  12.5023   0.0039     7.18    0.205  -3.67   0      336.3     13219.19     87.67834
       278    381.5929    175.0624     65229.58     326.0048  12.9639   0.0054     7.14    0.194  -4.15   0      253.6      8568.29     74.65553
       279    166.9919    177.6472      19129.6     268.1137  14.2957   0.0152     7.69    0.278  -5.98   0      99.49     2532.241     53.28434
       280    511.0398    175.9975     4512.971     83.68262  15.8638   0.0201     0.00    0.049  -0.14   0      92.15     4336.306     60.49174
       281    256.0108    174.1235     2093.312     109.6963  16.6979   0.0569     3.69    0.565  89.23   0      34.97     1202.067     47.07158
       282    614.5719    160.4554     18732.09     277.2932  14.3185   0.0161     8.47    0.273  -3.13   0         97       2400.2     52.53894
       283    801.0575    149.8202     7074.232     97.88609  15.3758   0.0150     0.00    0.312 -72.70   0      114.9      6475.59     67.91753
       284    683.7045    133.6053     3116.313     252.3154  16.2659   0.0879     7.79    0.524 -11.65   0      17.25     320.0277     42.60055
       285    101.7033    132.9205     2207.167     202.1151  16.6404   0.0994     6.36    0.170  19.46   0      16.09     351.2613     42.54576
       286    434.3394    129.1480     3995.993     234.2379  15.9959   0.0637     6.19    0.344  -4.81   0      25.52     646.6965     44.30906
       287    355.4688    126.0785     4581.609     239.2815  15.8475   0.0567     8.18    0.590 -17.01   0      25.97     1041.529     46.08578
       288    205.9622    121.9978      5698.07     250.8991  15.6107   0.0478     7.02    0.278  -4.76   0       34.8     804.6945     45.32078
       289     49.6722    122.3301     1986.783     172.9287  16.7546   0.0945     5.09    0.615 -43.66   0      14.88     326.2841     42.52316
       290      6.6793    121.8455     2594.389     193.0129  16.4649   0.0808     8.10    0.313  -1.42  16       18.6     414.6374     42.99279
       291    934.4985    108.2366     12752.42     289.1449  14.7360   0.0246     7.48    0.291  -6.98   0       68.9     1681.092     48.94637
       292    965.5464    110.1757     2136.464      191.244  16.6758   0.0972     2.33    0.285  16.94   0      16.71     576.3214     43.94661
       293    314.6022    107.2625     11389.91      341.272  14.8587   0.0325     7.77    0.293   3.13   0      54.11     1208.264     47.20151
       294    328.9943     96.0355     3527.234     262.7491  16.1314   0.0809     8.26    0.261 -54.78   0      19.75     389.8513     43.19036
       295    795.3834     88.9916     26843.77     335.6263  13.9279   0.0136    11.06    0.235  -1.31   0      122.7     3234.833     56.03319
       296    277.9923     85.0910     27132.82     300.6278  13.9163   0.0120    16.69    0.248 -17.67   2        127     3426.595     56.80566
       297    418.5291     80.0338     2764.547     195.0351  16.3959   0.0766     7.26    0.490 -59.16   0      23.15     909.7207     45.63824
       298    540.2587     75.0172      3166.83     233.4321  16.2484   0.0801     5.12    0.205 -13.15   0      20.39     505.8924     43.58086
       299     81.2035     69.4403     43524.41     328.2235  13.4032   0.0082     7.28    0.316 -17.80   0      183.1     5318.946     64.07734
       300    207.7819     73.0839     2313.461     203.3971  16.5893   0.0955     6.86    0.514 -10.03   0      15.75     376.9756     42.90329
       301    839.8482     67.7444     4383.589     270.1168  15.8954   0.0669     7.71    0.359 -11.06   0      23.81     576.2719     44.05352
       302    560.1154     65.5003     3207.647      237.477  16.2345   0.0804     8.00    0.413   2.51   0      19.91     456.0757     42.99248
       303    659.4224     60.9026     8514.655     324.0694  15.1746   0.0413     8.64    0.299   2.19   0      42.05      962.247     45.58981
       304    392.5257     58.9726     35282.52     311.6836  13.6311   0.0096     7.15    0.248  -4.50   0      163.1     4784.283     62.00011
       305    580.0652     62.9486     1898.292     77.78222  16.8041   0.0445     4.42    0.134 -27.70   0      51.71     1645.195     49.16458
       306    747.9875     61.0043     5537.895     283.8331  15.6416   0.0557    11.01    0.435  -3.31   0      32.46     779.4379     44.98478
       307    434.9494     59.8825     5007.381     86.39037  15.7510   0.0187     4.58    0.184  63.17   0      96.81     4702.251     61.54563
       308    270.0317     59.3510     2451.759     217.0069  16.5263   0.0961     6.07    0.404  28.76   0      15.81     396.8918     43.00867
       309    786.0116     56.0504     4310.877      259.367  15.9136   0.0653     9.04    0.423  -0.21   0      24.65     535.6464     43.84344
       310    237.5433     50.0122     5976.102     285.0122  15.5590   0.0518     9.66    0.322  14.33   0      34.53       731.19     44.84563
       311    452.3764     49.4681     3790.767     147.5282  16.0532   0.0423     6.22    0.453  52.38   0      53.84     2162.473     51.50031
       312    208.2870     50.5183     3307.087     232.5569  16.2014   0.0764     6.11    0.057 -24.51   0      17.11     365.0613     42.72992
       313    872.7997     41.1970     3200.757     241.8972  16.2369   0.0821     7.53    0.314   0.57   0       18.3     337.0885     42.69147
       314    586.2267     40.0525     3738.864     250.0627  16.0682   0.0726     8.66    0.348  17.61   0      22.46     473.1955     43.51851
       315    789.6339     30.2435     8348.521     220.9734  15.1960   0.0287     9.40    0.340  -1.57   0      50.03     1202.475     47.17363
       316    684.9534     27.5576     4932.891     216.3449  15.7672   0.0476     9.50    0.347   5.74   0       31.3     703.6462     44.70582
       317    197.0841     27.6614     4257.003     278.6058  15.9272   0.0711     7.68    0.226  -7.87   0      23.55     520.2156     43.43891
       318    361.1485     24.2577      7979.45     236.5813  15.2451   0.0322    10.82    0.359  34.30   0      59.61     1223.365     47.27416
       319    802.8247   1017.5958     2921.251     198.8079  16.3361   0.0739     8.40    0.468   0.31  16      19.03     376.3463     43.00974
       320    585.2276   1018.8094     2616.788     207.7468  16.4556   0.0862     5.47    0.416  -1.65  16      15.79     317.0246     42.69512
       321    154.4167   1008.5899     10183.93     248.8457  14.9802   0.0265     7.24    0.206 -11.02  16      60.82     1466.557     48.33173
       322      8.0857     17.0341      2636.81     78.42181  16.4473   0.0323     0.00    0.057   6.61   0      59.82      2539.76      53.0504
       323    912.0241   1003.0118     10242.75      359.373  14.9740   0.0381     7.46    0.215 -31.30   2      42.24     918.3679      45.7844
       324    865.8110   1000.9538     30598.65     299.7173  13.7857   0.0106     7.16    0.206 -10.80   0      144.2     3801.592     58.44826
       325    915.7896   1004.7870     2832.335     156.1861  16.3696   0.0599     0.85    0.118 -65.69   3      30.41     1183.941     46.98399
