#   1 NUMBER                 Running object number                                     
#   2 X_IMAGE                Object position along x                                    [pixel]
#   3 Y_IMAGE                Object position along y                                    [pixel]
#   4 FLUX_AUTO              Flux within a Kron-like elliptical aperture                [count]
#   5 FLUXERR_AUTO           RMS error for AUTO flux                                    [count]
#   6 MAG_AUTO               Kron-like elliptical aperture magnitude                    [mag]
#   7 MAGERR_AUTO            RMS error for AUTO magnitude                               [mag]
#   8 FWHM_IMAGE             FWHM assuming a gaussian core                              [pixel]
#   9 ELLIPTICITY            1 - B_IMAGE/A_IMAGE                                       
#  10 THETA_IMAGE            Position angle (CCW/x)                                     [deg]
#  11 FLAGS                  Extraction flags                                          
#  12 SNR_WIN                Gaussian-weighted SNR                                     
#  13 FLUX_APER              Flux vector within fixed circular aperture(s)              [count]
#  14 FLUXERR_APER           RMS error vector for aperture flux(es)                     [count]
         1    842.5786      3.7520     2505.072      205.796  16.5029   0.0892     6.58    0.516  34.13  16      16.61     516.8378      50.5811
         2    678.7669      2.5513      1352.85     142.8646  17.1719   0.1147     2.81    0.274 -89.22  24      12.88      463.901     50.08418
         3    209.8782   1006.4417     6369.001     106.4536  15.4898   0.0182     0.83    0.093  88.86   0      92.41     6064.695     71.09318
         4    429.4835   1021.8934     17130.86     229.2809  14.4156   0.0145     6.56    0.328   1.17  24      99.94     3198.121     61.14141
         5    881.8395   1002.3918     10787.93     283.7524  14.9177   0.0286     5.79    0.048 -26.63   0      58.93     1858.614     56.28807
         6    936.1472    999.1483      8303.52     136.7552  15.2018   0.0179     4.73    0.395  89.56   0      96.46     5888.677     70.71204
         7     20.6459    996.6641     3997.069     279.4239  15.9956   0.0759     7.69    0.188 -32.63   0      20.56     614.3525     50.76231
         8    514.9797    995.5665     2396.337     97.60438  16.5511   0.0442     4.70    0.184 -85.00   0      51.94     2359.036     58.27359
         9     96.3699    989.7943     11108.15     289.6655  14.8859   0.0283     5.42    0.152 -10.71   0      62.31     2066.792     57.12244
        10    413.4654    984.8195     3871.612     284.5018  16.0303   0.0798     6.30    0.098  38.06   0      21.58     646.3577     51.03274
        11    884.4831    984.9227     1967.171     96.59988  16.7654   0.0533     1.50    0.209  -3.58   0      38.63     1801.775     55.47619
        12    705.7989    977.3513     4970.671     257.2716  15.7590   0.0562     9.16    0.117  26.60   0         30      862.334     51.86069
        13    255.9072    978.7087     2186.256     213.9549  16.6507   0.1063     5.52    0.247 -13.97   0      14.48     440.7574     49.84902
        14    470.1026    975.1777     9451.807     315.2443  15.0612   0.0362     6.62    0.160 -24.61   0      50.51     1524.339     54.32771
        15    874.0624    972.2610     8736.245     330.8144  15.1467   0.0411     6.58    0.166  -9.11   0      45.85     1435.528     54.31458
        16    971.0014    972.3744     4631.495     102.6771  15.8357   0.0241     0.83    0.176  87.85   0      77.91      4590.97     66.31248
        17    379.7984    970.5964     3047.487     114.3142  16.2901   0.0407     2.44    0.454 -26.66   0      46.04     2625.095     59.08287
        18    282.7546    956.0953      6532.63     109.7988  15.4623   0.0183     0.00    0.304 -22.22   0      105.5     5774.421     69.88101
        19     23.1921    955.5283     6424.562     319.7211  15.4804   0.0540     5.28    0.191 -11.44   0         31     940.9411     52.20404
        20    141.2527    953.6171        15586     138.1723  14.5182   0.0096    -0.55    0.494 -56.15   0      165.5     13583.56     92.11344
        21    484.1881    952.3158     2418.309     220.1779  16.5412   0.0989     4.81    0.216  -5.88   0      16.94     530.6166     50.25704
        22    878.2253    950.6591     2044.226     216.8184  16.7237   0.1152     6.02    0.373 -35.54   0      15.08      472.149     50.12159
        23    101.4593    949.2421      5216.97     244.5616  15.7065   0.0509     9.70    0.214  55.44   0      32.51     1013.845     52.52047
        24     81.2098    950.4798     23335.92     288.6147  14.0799   0.0134     5.33    0.133  -0.10   0      119.3     4312.063     65.25021
        25    825.9993    945.8284     2169.935     88.32402  16.6589   0.0442     1.01    0.099 -87.24   0      51.28     2123.106     57.34606
        26    194.6002    941.3646     1677.423     121.3119  16.9384   0.0785     4.53    0.578  56.34   0      26.91     1191.068     53.52491
        27    493.2626    931.3881     2517.782     227.5273  16.4975   0.0981     7.11    0.120  11.00   0      16.93     468.5898     50.10545
        28    120.9990    925.9995     4972.115     95.26201  15.7586   0.0208     4.18    0.002  52.67   2       98.3     5014.052     67.65113
        29    100.6976    923.5191     2158.583     222.1121  16.6646   0.1117     4.89    0.232 -34.07   0      14.73     444.3384     49.73502
        30    692.2093    917.8820      3271.36     259.5446  16.2132   0.0862     8.56    0.404 -48.08   0      19.11     543.2797      50.4431
        31    992.4325    912.7724     6907.917     278.8875  15.4016   0.0438     5.90    0.202   0.77   0      38.84     1258.668     53.81119
        32    352.0559    897.9144      2548.34     91.09143  16.4844   0.0388     0.00    0.145 -61.30   0      61.16     2253.454      57.4099
        33    855.9180    892.5479     3914.565     261.9719  16.0183   0.0727     4.38    0.105  43.64   3      23.94     790.2494     51.29136
        34    851.0060    887.6899     5014.481     305.1938  15.7494   0.0661     8.82    0.386  18.03   3      23.52     734.5351     51.29757
        35    161.9917    880.7244     4123.571     101.5466  15.9618   0.0267     0.77    0.166  89.46   3      73.95      3952.13     63.98425
        36    161.1787    876.0096     3298.542     224.0011  16.2042   0.0737     8.92    0.345   5.83   2       20.7     586.2896     50.76452
        37    867.0998    874.0978     1585.863     90.46918  16.9993   0.0620     4.58    0.192  44.59   0      43.74     1290.311     53.09579
        38    523.7090    874.4383     2701.947     216.7595  16.4208   0.0871     4.53    0.016 -38.86   0      17.67     584.7075     50.37237
        39    511.1109    869.3949     9360.326     324.8125  15.0718   0.0377     5.91    0.193  -7.98   0      48.78     1568.223     54.86702
        40    380.0088    862.2545     54205.53     348.3448  13.1649   0.0070    12.13    0.186   0.39   2      214.6     9168.019     80.48492
        41    785.0139    866.8743     1923.622     204.3604  16.7897   0.1154     5.70    0.172   1.08   0       14.8     447.6257     50.13988
        42    537.7776    853.7441     3301.003     251.9577  16.2034   0.0829     6.68    0.106  19.24   0      16.91      464.347      50.0862
        43    375.5263    846.5672     7398.195     331.8554  15.3272   0.0487     6.59    0.188 -22.06   0      36.18     1052.983     52.68956
        44     80.5291    836.7332     10191.48     260.6008  14.9794   0.0278     5.65    0.138 -12.01   0      58.15     1881.477     56.03389
        45    134.6561    830.8330     27344.41      303.743  13.9078   0.0121     5.35    0.099 -15.63   0      132.3     4886.085     67.12323
        46    382.3235    809.7907      6814.23     297.9415  15.4165   0.0475    10.95    0.046 -53.09   0      37.77     1129.684     53.01937
        47    501.9571    810.2686     1230.586     89.57223  17.2747   0.0790     2.08    0.172  87.15   0      26.38     1086.404     52.83352
        48    115.1215    809.6428      4957.36     113.8522  15.7619   0.0249     5.50    0.423 -70.35   0      88.39     4293.313     65.08523
        49      6.1028    806.5843     2408.531     220.9035  16.5456   0.0996     5.32    0.301 -73.91  16      14.74     416.8808     49.60938
        50    257.8563    801.5289     8195.688     342.0245  15.2160   0.0453     5.75    0.177  15.13   0      37.33     1130.312     52.89951
        51    884.6106    793.5931     2003.336      121.921  16.7456   0.0661     4.49    0.566 -55.98   0      34.07     1472.673     54.46979
        52    872.8328    790.5892     27139.31     299.8249  13.9160   0.0120     5.40    0.111  -6.02   0      132.5     4912.758     67.50255
        53    217.7738    792.7571       2285.5      218.561  16.6025   0.1039     5.63    0.141  68.45   0      15.18     447.4853     50.26852
        54    569.9155    787.1238     2070.846     93.43252  16.7096   0.0490     4.73    0.227 -51.92   0      46.71     1652.425     54.86093
        55     43.6804    786.2548     2295.558     99.02181  16.5978   0.0468     1.91    0.274 -41.15   0      44.98     2150.283     57.00001
        56    179.2319    776.1774     1792.762     116.0644  16.8662   0.0703     6.08    0.601 -38.54   0      22.69     933.4758     52.41974
        57    881.6583    768.2116     10849.03     301.5421  14.9115   0.0302     5.68    0.086 -21.71   0      60.79     1980.183     56.66237
        58    194.9629    766.9144     9548.177     107.1419  15.0502   0.0122     4.53    0.153  64.17   0      134.4     8932.028     79.57143
        59    703.0210    759.3834     8679.395     266.6826  15.1538   0.0334    10.97    0.117 -21.22   0      52.89     1673.863     55.53709
        60    530.0018    756.3214      3262.64     99.60114  16.2161   0.0332     1.03    0.167 -88.44   0      62.73     3254.494      61.4563
        61    190.2676    743.2900     3219.947     114.6565  16.2304   0.0387     3.11    0.293 -66.25   0      50.85     2209.059     57.23389
        62    271.7043    743.2050     2875.166     97.05539  16.3533   0.0367     1.38    0.160 -41.69   0      50.36     2598.209     58.97936
        63    674.7628    740.1587     5635.598     244.9503  15.6227   0.0472     6.07    0.116   6.59   0      34.61     1027.456     52.57933
        64    591.2108    738.9826     1207.062     85.81062  17.2957   0.0772     0.99    0.128  -1.85   0      35.32     1232.141     53.45676
        65    471.9102    735.4515     4768.844     277.1388  15.8040   0.0631     5.49    0.087 -26.14   0      28.44     884.2852     51.70636
        66    156.2144    727.6432     10341.62     283.9667  14.9635   0.0298     5.85    0.090   3.45   2       56.4     1797.663     56.04143
        67    929.8798    727.8806     2769.328      237.542  16.3941   0.0932     6.85    0.357  43.27   0      16.56     455.0218     49.65327
        68    693.3610    726.7731     3372.438     249.4335  16.1801   0.0803     5.10    0.275   0.03   0      20.49     651.8538     51.18417
        69    121.1698    723.4915     2324.836     219.3429  16.5840   0.1025     3.27    0.234  88.00   0      14.58     459.0522     49.54088
        70    200.6754    712.0247     6570.554     287.7796  15.4560   0.0476     6.34    0.119 -19.54   0      37.16     1094.279     52.86739
        71    161.2095    711.0330     6880.995     253.2516  15.4059   0.0400     6.47    0.116 -12.70   0      41.41     1247.829     53.76539
        72    350.8701    708.8775     739.9397     91.91949  17.8270   0.1349     3.68    0.229  45.81   2      20.04     564.8237     50.28258
        73    919.2473    706.9938     3765.871     233.6826  16.0603   0.0674     5.28    0.224   6.87   0      24.72      787.631     51.78355
        74    713.9559    705.9242     2321.208     90.52296  16.5857   0.0424     4.39    0.150  58.85   0       59.2     2081.227     56.95238
        75      8.1395    696.3563     17967.21     306.8602  14.3638   0.0185    11.14    0.054 -74.18  16      88.43     2899.335     60.12853
        76   1012.6685    679.7699     7664.336     305.0405  15.2888   0.0432     6.17    0.162  -5.57  16       43.3      1333.13      53.8844
        77    530.5910    670.5255     2205.807     119.6149  16.6411   0.0589     3.31    0.513  42.98   0       38.1     1548.389      54.7848
        78    525.9969    661.8676     9224.042     314.0484  15.0877   0.0370     6.25    0.185   2.92   0      46.65     1394.169     54.14124
        79    958.5071    663.0787     2195.758     199.8494  16.6460   0.0988     6.42    0.289 -57.75   0      16.16     483.3046     50.04263
        80    793.1346    664.0474     2838.085      91.8115  16.3674   0.0351     0.00    0.175  21.42   0      64.35     2443.674     58.38083
        81    472.2232    660.5696     3891.127     111.7035  16.0248   0.0312     2.38    0.384 -63.27   0      68.81     3112.219     61.14055
        82    163.4446    651.8047     6568.835     232.9358  15.4563   0.0385     5.54    0.152  11.29   0      40.72     1290.779     53.82619
        83    203.7966    628.8536     2446.264     102.5809  16.5287   0.0455     5.03    0.351  37.70   0      58.55     2113.249     57.19361
        84    642.0407    618.7850     39602.73     342.4947  13.5057   0.0094     6.47    0.063 -87.92   0      166.9     5957.446     71.02417
        85    567.3677    622.0953     1033.793      92.6432  17.4639   0.0973     1.99    0.246   3.59   0      30.46     907.2882     51.55621
        86    233.9913    614.6918     2779.354     237.5516  16.3901   0.0928     4.68    0.049  -0.63   0      17.85     574.6752     50.58435
        87    331.3085    611.6971     1930.979     210.6244  16.7856   0.1185     5.12    0.218  46.95   0      13.94     436.1684     49.69767
        88    407.9941    607.9982     3295.531     91.17438  16.2052   0.0300     4.20    0.006  40.18   2      75.49     3240.365     61.40402
        89     83.5746    592.7846     110657.4      383.834  12.3900   0.0038    12.72    0.109 -24.95   0      353.7     18076.79     102.6657
        90    473.6312    598.9821     1422.631     91.84221  17.1173   0.0701     0.97    0.205  15.99   0      32.97     1342.958     54.16602
        91    624.2503    593.0029     12831.26     290.4562  14.7293   0.0246     5.73    0.095 -19.32   0      70.11     2263.648     57.67575
        92    185.8599    562.0188     2503.261      89.1776  16.5037   0.0387     0.92    0.096   5.92   0      58.32      2518.43     58.67113
        93    107.0060    546.4493     21589.78     292.8308  14.1644   0.0147     5.39    0.088  -7.44   0      110.1     3905.874     63.92135
        94    151.0473    543.8537      6469.34     108.1781  15.4728   0.0182     0.00    0.292 -71.18   0      107.4     5985.193     70.93014
        95    932.5224    537.1793     34010.09     331.9899  13.6710   0.0106     5.76    0.051   3.04   0      154.6     6016.191     71.02939
        96    267.1161    522.7929     12300.13      284.961  14.7752   0.0252     5.64    0.140   9.08   2      63.81     2096.081     57.12535
        97    967.5681    510.9912     3218.561     249.9433  16.2308   0.0843     5.88    0.065  13.39   0      19.75     599.3973     50.95071
        98    727.2549    509.1998     1489.664     100.4392  17.0673   0.0732     3.26    0.398  39.46   0      40.72     1276.238     53.64391
        99    214.9088    493.7336     11003.18     121.3955  14.8962   0.0120     0.00    0.381  70.66   0      140.6     9715.316     81.77807
       100    872.9074    484.0027     26472.57     319.7623  13.9430   0.0131     5.45    0.088   3.96   0      128.5     4730.005     66.69006
       101    301.8508    476.0031     1043.329     87.25568  17.4539   0.0908     2.69    0.210   2.80   0      29.66     802.6331     51.59839
       102    811.0811    463.4801     5902.487      252.372  15.5724   0.0464     6.61    0.238  -2.83   0      34.59     1024.273     52.19385
       103    248.0026    461.8495     23552.49     132.3649  14.0699   0.0061     4.44    0.108 -89.75   0        208     23501.75     113.9306
       104    509.2839    458.8747     3303.723     258.3197  16.2025   0.0849     6.29    0.128  -9.02   0       19.6      544.657     50.06187
       105    521.3893    457.9998     10836.99     133.8151  14.9127   0.0134     3.21    0.493  -0.13   0      122.9     8653.776     78.93729
       106    866.1517    454.9894     4039.811     130.7228  15.9841   0.0351     3.21    0.565   0.08   0      50.37      2259.72     57.88495
       107    341.9893    447.4458     21791.23     312.8074  14.1543   0.0156     5.58    0.113  -2.55   0      107.9     3783.875     63.58825
       108    223.6456    449.6461     7171.158     287.1255  15.3610   0.0435     5.46    0.121 -20.41   0      39.62      1243.48     53.62611
       109     31.5584    443.2159     7863.726     314.0973  15.2609   0.0434     5.62    0.037 -10.85   0      41.64     1249.908     53.77418
       110    993.5008    444.5144     2562.186      230.406  16.4785   0.0977     4.40    0.236 -43.10   0      16.46     492.4997     49.82452
       111    115.9317    441.1332     3467.278     265.2792  16.1500   0.0831     7.38    0.125 -11.79   0      18.66     557.1796     50.37702
       112    417.0039    430.2632     2577.736     92.92753  16.4719   0.0392     0.88    0.155  89.23   0      56.08     2537.851     58.85669
       113    114.4458    418.0454     4052.725     253.9161  15.9806   0.0680     5.77    0.138  -6.40   0      24.54      734.379     51.29688
       114     21.9985    399.9885     1173.754     85.72236  17.3261   0.0793     4.15    0.011 -49.34   2      42.98     1254.281      53.5508
       115    833.8204    391.7415     3479.235     254.6797  16.1463   0.0795     5.64    0.174 -23.43   0      19.32     566.4283     50.54729
       116    734.9705    388.1253     14794.06     288.6346  14.5748   0.0212     5.71    0.130  -2.08   0      78.53     2618.532     59.05762
       117    283.1851    377.2038     1911.265     195.4172  16.7967   0.1110     5.87    0.281 -45.45   0      15.14     485.2712     50.18106
       118      8.0874    370.9956     2718.719      210.704  16.4141   0.0842     6.26    0.298 -28.09  16      18.74     590.2743     50.65439
       119    909.8660    360.5532     4180.796     301.8969  15.9469   0.0784     8.46    0.331  38.16   0      21.37     642.6321     50.88876
       120    329.4805    358.7701     12934.13     284.3271  14.7207   0.0239     6.01    0.171 -10.38   0      71.99     2326.779     57.92398
       121    904.5677    349.8254     4123.642     153.6777  15.9618   0.0405     6.13    0.500 -16.56   0      60.62     2793.764      59.9451
       122     33.8826    346.7233     7437.996      264.398  15.3214   0.0386     5.74    0.181 -14.01   0      43.33     1324.252     53.48413
       123    883.1224    341.0342     3278.447     262.6579  16.2108   0.0870     7.35    0.141 -45.24   0      19.61     583.1423     50.62238
       124     83.5670    339.1885     11197.44     303.4132  14.8772   0.0294     5.37    0.161  -1.32   0      61.68     2035.246     57.11055
       125    594.3564    308.0836     19279.23     309.9316  14.2873   0.0175     5.71    0.116  -6.93   0       97.6     3280.339     61.34055
       126    104.5077    309.4055     2754.594     240.2448  16.3999   0.0947     7.23    0.327 -13.32   0      17.45     486.8349     50.18814
       127    412.1228    307.9507     2007.529     238.8587  16.7433   0.1292     6.16    0.205 -84.49   0      14.59     428.1916     49.79169
       128    279.9455    306.3281     11759.69     335.3133  14.8240   0.0310     5.65    0.152   7.90   2      56.65     1699.523     55.29097
       129    709.9147    300.9123      11515.1      111.236  14.8468   0.0105     0.00    0.124  45.22   0      146.8     11254.35     86.02438
       130    161.7566    296.7301     3507.225     242.9675  16.1376   0.0752     5.20    0.306  11.87   0      22.18     707.1182     51.17595
       131    158.1830    289.9814     1347.985     88.04563  17.1758   0.0709     2.45    0.178   0.98   0      36.29     1108.001     53.04883
       132     96.8980    262.3654     2113.128     210.0498  16.6877   0.1080     6.62    0.076  68.70   0      15.23     437.3008     49.44099
       133    270.5561    253.1076     1168.325      96.3999  17.3311   0.0896     1.96    0.532  63.17   0      18.85     947.0747     51.85661
       134    566.4862    243.1409     3364.153     257.1138  16.1828   0.0830     8.01    0.276 -23.40   0      19.78     510.3529     50.03577
       135     68.8582    235.7781     1329.372     98.44114  17.1909   0.0804     5.21    0.302  21.19   0      24.17     1188.517     53.27097
       136    719.9673    234.5859     2538.308     237.3209  16.4886   0.1015     6.33    0.262  10.36   0      14.97     450.3743      50.4105
       137     17.0332    223.8806     1636.275     86.93998  16.9654   0.0577     4.37    0.129  87.73   0      46.66     1498.755     54.57851
       138    529.7045    217.9395     2511.403     218.7958  16.5002   0.0946     6.05    0.271   7.50   0      16.73     530.4523     50.12698
       139    593.9268    205.4427     3916.224     275.2623  16.0178   0.0763     5.73    0.065 -19.62   0      20.96     628.3995     50.82516
       140    604.8044    203.7211     5897.557     317.3074  15.5733   0.0584     5.84    0.194  11.40   0      28.41      810.611     51.75907
       141    486.3324    202.6781     1175.885     91.22957  17.3241   0.0843     1.53    0.194 -45.92   0      28.99      1149.98     52.86131
       142    816.3228    181.0190     6735.886     280.4881  15.4290   0.0452     7.94    0.176 -28.46   0      38.24      1138.97     53.18134
       143    183.0109    179.2925     7314.892     266.1276  15.3395   0.0395     5.80    0.173 -15.80   0      40.76     1256.426     53.55991
       144    668.0005    176.4518     35663.59     317.1505  13.6194   0.0097     5.59    0.098 -10.72   0      161.7     6104.489     71.22028
       145    397.6879    176.5909     23876.98     321.9693  14.0551   0.0146     5.79    0.167 -13.32   0      116.3     4056.583     64.15218
       146    511.0373    176.0039     4587.488     94.33992  15.8461   0.0223     0.00    0.047  -2.02   0      91.64     4443.784     65.90466
       147    256.0005    172.9957      1360.42     86.21584  17.1658   0.0688     4.19    0.017  36.29   2      44.82     1363.687     54.01314
       148      7.0608    164.3392     2290.704     214.0659  16.6001   0.1015     6.67    0.303 -39.00  16       16.2      449.078     50.14647
       149    630.5723    161.7711     7467.926     311.2147  15.3170   0.0453     7.20    0.117 -39.68   0      40.76     1219.018     53.64346
       150    801.0645    149.8300     7122.506     111.0131  15.3684   0.0169     5.04    0.315 -71.06   0      113.8     6572.643     72.69888
       151    950.7682    109.8820     4559.855     273.4298  15.8526   0.0651     6.99    0.288  -0.60   0      26.29     850.0536     51.80684
       152    330.6415    109.1036     3581.433     245.6929  16.1149   0.0745     4.95    0.161 -21.11   0      22.15      687.588     50.57844
       153    811.2392     90.7115     9380.192     302.0489  15.0695   0.0350    11.36    0.265 -39.26   0      51.41     1654.578       54.988
       154    293.8461     86.5576     9217.327     276.1012  15.0885   0.0325     6.58    0.084   6.53   0      52.54     1593.561     55.08981
       155     97.4894     70.8917     15753.88      323.288  14.5065   0.0223     5.49    0.170 -11.45   0      79.04     2686.906     59.21065
       156    764.1851     62.6045     2368.873     236.4734  16.5636   0.1084     6.54    0.163 -34.95   0      15.06     386.0649     49.72972
       157    408.4999     60.3443     12618.36     308.7095  14.7475   0.0266     5.59    0.113 -12.29   0      68.49     2212.398     57.13366
       158    580.0623     62.9753       1848.9     87.49404  16.8327   0.0514     0.00    0.125 -28.75   0      50.68     1674.146     55.42127
       159    434.9790     59.9496     5047.738     95.44226  15.7423   0.0205     4.34    0.092  60.98   0      94.44     4732.258     66.89207
       160    902.0018     45.6768     1859.374     92.91669  16.8266   0.0543     0.97    0.186  75.17   0      40.05      1734.25     55.55048
       161    809.9754     34.0007     3309.116     91.20824  16.2007   0.0299     0.00    0.010  48.06   3      74.45     3188.677     61.21242
       162    805.5565     32.1074     3164.095     237.9194  16.2494   0.0817     4.47    0.021   0.49   2      19.75      643.611     50.50911
       163    575.4034     20.6576     5156.539     266.7225  15.7191   0.0562     5.81    0.186 -20.76   0       30.3     907.9285     52.18464
       164    170.6426   1010.4990     4667.756     265.6957  15.8272   0.0618     9.34    0.265  14.95   2      26.39     771.6915     50.95496
