#   1 NUMBER                 Running object number                                     
#   2 X_IMAGE                Object position along x                                    [pixel]
#   3 Y_IMAGE                Object position along y                                    [pixel]
#   4 FLUX_AUTO              Flux within a Kron-like elliptical aperture                [count]
#   5 FLUXERR_AUTO           RMS error for AUTO flux                                    [count]
#   6 MAG_AUTO               Kron-like elliptical aperture magnitude                    [mag]
#   7 MAGERR_AUTO            RMS error for AUTO magnitude                               [mag]
#   8 FWHM_IMAGE             FWHM assuming a gaussian core                              [pixel]
#   9 ELLIPTICITY            1 - B_IMAGE/A_IMAGE                                       
#  10 THETA_IMAGE            Position angle (CCW/x)                                     [deg]
#  11 FLAGS                  Extraction flags                                          
#  12 SNR_WIN                Gaussian-weighted SNR                                     
#  13 FLUX_APER              Flux vector within fixed circular aperture(s)              [count]
#  14 FLUXERR_APER           RMS error vector for aperture flux(es)                     [count]
         1    579.8248     20.0218     7534.595     282.0913  15.3074   0.0407     5.48    0.126   4.89   0      44.75     1389.593     53.03386
         2    161.7574     10.4254     2289.027     179.1925  16.6009   0.0850     3.68    0.564  26.35  16      23.56     1096.653     51.76326
         3      4.8521      7.6316     2090.521     191.2819  16.6994   0.0994     5.92    0.444 -36.27  16      14.34     378.4842     48.25584
         4    845.9165      2.5248     2496.218      156.809  16.5068   0.0682     7.11    0.272  -0.05  24       21.3     679.3848     49.28334
         5    447.2773    998.9478     1426.927     85.73136  17.1140   0.0652     1.57    0.117  -1.25   0      33.93     1478.312     53.06943
         6    433.9037   1021.4755     24721.01     225.4666  14.0173   0.0099     6.99    0.290   1.81  24      139.1     5393.384     67.70346
         7    130.6979    996.5244     2172.361     212.4967  16.6577   0.1062     5.93    0.199  11.93   0      15.03     417.6005     48.18753
         8     25.1345    995.1682     4072.622     243.7645  15.9753   0.0650     7.48    0.120  -1.41   0      26.85     759.9916     50.02039
         9    100.4765    989.0449     14047.83     236.0742  14.6310   0.0183     5.10    0.099 -12.67   0      82.87     2831.432     58.57832
        10    418.4692    983.8467     4612.568     252.8458  15.8401   0.0595     9.56    0.118  25.42   0      28.69     779.4894      50.1089
        11    710.1935    976.5459     6926.922     278.3374  15.3986   0.0436     5.50    0.137   8.34   0      42.27     1304.754     52.55323
        12    474.5349    974.1591     13374.09     330.2043  14.6843   0.0268     6.23    0.124   3.87   2       69.7     2262.468     56.43565
        13    752.9971    974.6104     2602.851     238.5905  16.4614   0.0995     7.42    0.288 -48.37   0      16.07     444.8716     48.56751
        14    878.4543    971.5283      11591.8     302.4427  14.8396   0.0283     5.04    0.095  -7.62   0      65.03     2150.459     55.87384
        15    971.0114    972.3518     4502.593      99.8314  15.8663   0.0241     0.90    0.165 -89.66   0      77.24     4551.851     65.19187
        16    379.7533    970.5991     3024.713     112.4508  16.2983   0.0404     2.85    0.460 -26.38   0      44.81     2388.906     56.94256
        17    628.1447    966.9803     2991.334     250.1697  16.3103   0.0908     7.42    0.188  59.55   0      18.23     449.7026     48.71532
        18    259.8211    977.6121     3326.432     254.6947  16.1951   0.0832     7.48    0.384   7.27   0      19.29     529.1211     49.08444
        19    263.0618    960.1144     8771.152     110.5041  15.1424   0.0137     4.91    0.274  62.66   0      131.9     8589.022     77.69376
        20    282.7982    956.0740     6621.612     103.0771  15.4476   0.0169     0.00    0.261 -21.09   0      106.8     5903.037     69.56857
        21     28.6818    954.4952     9386.464     266.9817  15.0687   0.0309     0.00    0.453 -15.58   0      58.22     1225.143     51.97391
        22    882.1834    949.8125      3864.53     266.2733  16.0323   0.0748     6.55    0.239 -83.02   2       23.1     596.7928      49.2733
        23    141.3066    953.5452     13024.24     133.4152  14.7131   0.0111     0.00    0.518 -56.28   0      145.2     10985.04        84.34
        24     85.4709    949.7571     30446.19     268.9292  13.7912   0.0096     4.93    0.080  -5.55   0      154.3     6206.809     70.55399
        25    488.2390    951.1266     3484.339     234.2846  16.1447   0.0730     6.72    0.153 -14.69   0      25.12     754.3323     49.99467
        26    822.4191    949.7065     3285.977     260.5706  16.2083   0.0861     7.40    0.268  11.65   0      17.56     402.3869     47.98895
        27    105.7750    948.3992     6659.037     193.5122  15.4415   0.0316     5.47    0.149  -4.94   0      46.81     1563.011     53.65847
        28     17.5159    946.7233     4064.445     260.6651  15.9775   0.0696     6.82    0.305 -29.71   0      21.99     621.6979     49.01659
        29    825.9880    945.8433     2539.072     99.93801  16.4883   0.0427     1.02    0.115 -84.37   0      51.15     2106.628     56.02245
        30    195.0121    942.0073     1188.182     90.30589  17.3128   0.0825     4.19    0.007 -14.54   2       40.7     1200.408     51.98296
        31    497.8785    930.3540     3802.818     249.6888  16.0497   0.0713     4.42    0.153 -67.65   0      23.48     746.0503     49.83491
        32    121.0017    925.9979     5404.783     131.8418  15.6681   0.0265     0.00    0.001  20.05   2      99.75     5202.123     67.23979
        33    104.7551    922.3286     3525.519     268.8315  16.1319   0.0828     6.04    0.224 -13.20   0      20.95     637.2695     49.45964
        34    696.6199    916.4399     3985.559     223.4701  15.9988   0.0609     4.84    0.083  22.14   0      26.37     814.8504     50.63129
        35    996.4520    911.8264     8936.646     266.5984  15.1221   0.0324     6.09    0.112  17.86   0      53.38     1725.829     54.34372
        36    500.4875    903.6858     2528.778     237.2395  16.4927   0.1019     6.70    0.364  19.35   0      15.93     428.9838     48.36731
        37    416.9517    900.0499     5067.656     93.27454  15.7380   0.0200     4.37    0.085 -44.28   0      93.53     4757.633     65.90536
        38    919.3118    897.3535     2037.778     212.3527  16.7271   0.1132     5.54    0.401 -45.15   0      14.75     450.1911       48.341
        39    352.0504    897.9116     1883.378     86.93298  16.8127   0.0501    -3.32    0.155 -60.74   0      54.84     1780.487      54.2359
        40     89.5485    895.9405     3629.627     253.7676  16.1003   0.0759     5.79    0.196  77.16   0      19.39     587.1614     49.22885
        41    859.9166    891.4525     6466.956     314.4669  15.4733   0.0528     5.74    0.129   8.74   3      33.99     1021.793     50.95755
        42    855.4825    887.0143     5700.839     290.7395  15.6102   0.0554     5.64    0.129 -17.16   3      30.62     867.1538     50.50494
        43    652.2552    891.3043     2291.575      209.012  16.5997   0.0991     5.60    0.107  79.37   0      15.18     469.2959     48.30479
        44    257.3860    881.9072      2711.69     203.5686  16.4169   0.0815     4.71    0.187   1.41   0      19.51     564.3788      48.8749
        45    162.0113    880.7397     3875.949     93.63579  16.0291   0.0262     0.79    0.161 -87.25   3      72.31     3694.914      62.0345
        46    164.8560    875.2651     4795.597     279.3312  15.7979   0.0633     5.46    0.164  -3.04   2      27.63     827.7217     50.44809
        47    867.0873    874.0713     1633.571     88.02499  16.9672   0.0585     0.00    0.217  43.94   0       45.8     1391.644     52.58123
        48    527.8157    873.2933     4112.886     263.6121  15.9646   0.0696     5.63    0.080   9.20   0      23.59     742.1856     49.69484
        49    582.9468    872.2164     2269.016     199.2886  16.6104   0.0954     4.11    0.278  -5.29   0      17.44     585.3491      49.3441
        50    515.3145    868.6166     12028.85     293.0577  14.7994   0.0265     5.08    0.123 -16.79   0      69.07     2316.725      56.5461
        51    789.2517    865.8893     2954.973     211.1795  16.3236   0.0776     5.91    0.096  27.75   0      21.05     644.4238     49.24571
        52    384.4415    861.4862      70345.8     320.8548  12.8819   0.0050     9.24    0.113 -15.60   0      271.8     13030.77      89.7513
        53    541.4022    852.7586      4695.04      283.579  15.8209   0.0656     8.36    0.035 -52.56   0      24.16     700.6122     49.99417
        54    379.8478    845.6245      8109.82     286.8341  15.2275   0.0384     5.32    0.093 -19.98   0      48.82     1561.134     53.76395
        55     84.5985    835.9892      13422.2     231.5579  14.6804   0.0187     5.71    0.096  -3.95   0      79.04      2676.25      58.0781
        56    138.9329    830.0900     36247.19     296.2314  13.6018   0.0089     5.11    0.115 -13.80   0      171.8     6983.847     72.84707
        57    386.4001    808.8265     9408.584     273.7599  15.0662   0.0316    12.07    0.230 -47.09   0      53.93     1677.449     54.25342
        58     10.4866    805.2719     3472.236     259.5621  16.1485   0.0812     5.75    0.124 -68.79   0       20.8     619.0925     49.12867
        59    262.2484    800.6013     9617.598      284.836  15.0423   0.0322     5.68    0.163  -8.97   0      53.79      1682.28     54.04869
        60    783.4490    800.9696     1468.247     162.0309  17.0830   0.1198     3.70    0.379  28.12   0      13.18     460.1227     48.88868
        61    253.4093    800.0917     3856.187     261.0675  16.0346   0.0735     5.27    0.195   7.48   1      21.26     649.4367     49.51552
        62    930.9094    798.9357     4493.576     298.0845  15.8685   0.0720     5.95    0.197  33.62   2       21.7     570.8328      48.9049
        63     39.3971    799.3594     1012.659     89.86307  17.4863   0.0964     4.56    0.225 -41.76   0      24.17     1020.313     51.42699
        64    884.5458    793.5745     2533.502     145.7923  16.4907   0.0625     4.53    0.579 -53.85   3      38.22     1555.883     53.51456
        65    877.0832    789.9686     35734.42     283.2128  13.6173   0.0086     5.00    0.117   0.89   2      173.7     7361.708     74.09882
        66    221.9697    791.7159     3445.071     230.9728  16.1570   0.0728     7.19    0.283 -33.61   0      23.39     728.8668     49.75648
        67    570.7037    787.1629     2632.523     123.3221  16.4491   0.0509     0.00    0.465  12.60   0      39.16      1621.44     53.33733
        68    353.2001    787.5692     1912.454     190.2715  16.7960   0.1080     3.73    0.141  -9.59   0      15.89     532.6866     49.22486
        69     43.6785    786.3232     2072.866     95.74178  16.7086   0.0502     1.64    0.330 -46.01   0      45.15     2086.007     55.39153
        70    689.3707    770.9396     1525.965     94.43462  17.0411   0.0672     4.98    0.436 -58.31   0      25.99     1352.246     52.52677
        71    885.8586    767.5510     15171.81     275.7556  14.5474   0.0197     5.27    0.065  -7.10   0      86.21     2908.721     58.98079
        72    194.9669    766.9311     9468.567     104.9055  15.0593   0.0120    -6.76    0.136  63.24   0        135     8954.092       78.909
        73   1012.9530    765.0541     1997.854     87.23175  16.7486   0.0474     4.50    0.160 -43.92   0      53.46     1785.169     54.59133
        74    706.9464    758.7266     11128.56      221.869  14.8839   0.0217    11.69    0.177  -2.85   0      68.63     2198.774     56.07002
        75    529.9993    756.3316     3296.361     97.04649  16.2049   0.0320     0.99    0.173  89.76   0       62.9     3210.852     60.33602
        76    437.0246    755.9985     1656.347     84.55498  16.9521   0.0554     1.18    0.140   4.67   0      36.92     1361.444     52.79783
        77    679.0725    739.5161     8458.449     275.7456  15.1818   0.0354     5.37    0.094  -6.53   0      49.18     1614.834     53.53724
        78    475.7056    734.5379     7256.548     304.2155  15.3482   0.0455     5.72    0.103  18.87   0      41.01     1228.212     51.87001
        79    451.7912    733.1662     2345.645     219.7263  16.5743   0.1017     6.59    0.168  20.79   0      16.52     477.3923      48.9689
        80    502.0773    730.9948     2314.775     206.8399  16.5887   0.0970     5.71    0.448 -16.77   0      15.77     466.7432     48.66975
        81    160.4031    726.9097     13140.91     262.7279  14.7034   0.0217     5.03    0.080 -26.55   0      78.23     2654.553     57.99313
        82    934.2516    727.2476      3821.33     253.3388  16.0445   0.0720     6.06    0.070 -33.61   0      24.83      739.783     50.05035
        83    697.2672    725.6976     4582.212     228.1177  15.8473   0.0541     5.48    0.201 -12.08   0      30.35     892.7584     50.37876
        84    125.6172    722.8929     3100.936     200.9942  16.2713   0.0704     6.34    0.187 -12.23   0      22.66     653.1634     49.16227
        85    205.0090    711.2488     8709.367     257.0949  15.1500   0.0321     5.54    0.191 -12.64   0      53.07      1752.79     54.45636
        86    165.2107    710.1101     9247.364     246.6971  15.0850   0.0290     5.19    0.105 -14.12   0      57.55     1870.802     54.61304
        87    351.0258    708.9686     944.2205     116.3061  17.5623   0.1338     0.00    0.272  42.97   2      11.86     411.0892      48.6602
        88    923.3920    706.1206     5102.732     238.4184  15.7305   0.0507     4.76    0.118   0.40   0      35.56     1191.674     51.94476
        89    713.9509    705.8993     2384.614     88.23366  16.5565   0.0402     4.42    0.146  61.47   0      59.62     2221.312     55.72572
        90    446.4815    704.2207     2105.767     195.2401  16.6915   0.1007     3.70    0.266  -0.12   0      13.61     428.1073     48.48899
        91     12.2973    695.7371      23269.1     289.8036  14.0831   0.0135     9.11    0.027  86.14  16      117.4     4219.059     63.63941
        92    252.5292    689.1837     2723.113     248.7041  16.4123   0.0992     7.01    0.376 -12.14   0       15.9     425.1558     48.60067
        93   1016.7484    678.9044     11095.21     274.6025  14.8872   0.0269     5.50    0.075  19.43  16      63.41     1969.384     54.91093
        94    530.5223    670.5054     2611.394      141.677  16.4578   0.0589     3.21    0.542  44.85   0      40.48     1562.437     53.42848
        95    793.1654    664.0453      2936.64     94.60395  16.3304   0.0350     0.00    0.254  19.91   0      65.39     2455.088     57.31249
        96    530.3836    660.8624     12310.41     302.4792  14.7743   0.0267     5.33    0.089 -14.46   0      65.79     2129.303     55.89681
        97    962.6700    661.9553     3982.068     261.7595  15.9997   0.0714     5.61    0.118 -12.43   0      23.43     711.3147     49.79873
        98    472.2423    660.5900      3707.62     106.9232  16.0773   0.0313     2.48    0.402 -60.10   0       66.1     3042.777     59.80151
        99    167.6394    650.9746     9374.765     236.7356  15.0701   0.0274     5.07    0.064 -22.67   0      57.86     1977.993     55.49815
       100    702.4847    651.0372     2044.509     210.9207  16.7235   0.1120     4.84    0.246  -1.04   0      14.92     512.0388     48.63091
       101    147.0879    639.1977     3580.092     220.3092  16.1153   0.0668     5.09    0.243 -38.03   0      24.36     750.6843     49.97808
       102    203.6922    628.6951     2715.266     107.6602  16.4155   0.0431     3.02    0.436  45.50   0      54.66     2089.689      55.6261
       103    646.3929    618.4348     69949.23     419.3712  12.8880   0.0065     7.52    0.033  72.37   2      222.4     9022.058     79.25838
       104    567.2640    622.0345     1434.456      89.2328  17.1083   0.0676     2.33    0.248  13.26   0       33.2     1050.994     51.32556
       105    238.2728    613.4808      3556.31     211.1054  16.1225   0.0645     4.85    0.131 -21.38   0       25.4     796.6849     49.94346
       106    335.4171    610.8973     3327.283     241.8122  16.1948   0.0789     5.96    0.196 -20.07   0      21.15     588.3878      48.8619
       107    408.0034    608.0013     2794.963     87.56197  16.3841   0.0340     0.00    0.015 -43.36   2      72.17     2877.455      58.8602
       108     87.8260    592.1245     143928.1     382.6829  12.1046   0.0029     6.71    0.059  -0.91   0      427.7     27187.75     120.4768
       109    593.7858    597.9910     1665.068     84.57841  16.9464   0.0552     1.02    0.103  -1.70   0      38.88     1574.733     53.59455
       110    628.3523    592.3980     17336.69     282.9685  14.4026   0.0177     5.22    0.124 -13.85   0      95.16     3301.303     60.47463
       111    207.2149    594.8619     2271.123     89.65598  16.6094   0.0429     1.30    0.052  44.16   0      45.66     2232.529     56.31496
       112    145.0310    589.0001     5916.005     95.31921  15.5699   0.0175     0.00    0.043   0.09   0      106.5     5797.365     69.39829
       113    704.0974    580.6641     1098.288     99.70913  17.3982   0.0986     5.32    0.595  56.93   0      15.18        522.3     48.67884
       114    622.1978    563.0294     2913.905     109.4788  16.3388   0.0408     5.42    0.406   6.02   0      46.31     2346.472     56.98715
       115    185.8624    561.9905     2527.031     86.86375  16.4935   0.0373     0.92    0.085  -4.10   0      58.71      2509.28     57.52699
       116    111.2766    545.8229     31635.36     296.8057  13.7496   0.0102     5.07    0.100 -15.29   2      149.2     5810.727     69.26636
       117    936.6952    536.4941     45416.79     312.5836  13.3570   0.0075     4.99    0.060  -7.69   0      202.5     8920.176     78.73392
       118    979.5095    533.5383     2321.682     175.8021  16.5855   0.0822     5.11    0.305   0.31   0       17.8     527.9549     48.70523
       119    271.3910    521.9448     15369.02     257.0581  14.5334   0.0182     5.27    0.110  -2.92   0      87.45     3026.682     59.53601
       120    727.1125    509.1042     1486.835      87.6453  17.0693   0.0640     0.00    0.261  44.33   0      41.05     1231.724      51.8854
       121    971.7944    510.1273     3978.943     246.7824  16.0006   0.0674     5.46    0.250  -1.09   0       24.7      748.684     49.84692
       122    214.9071    493.7294     10759.29     118.4427  14.9205   0.0120     5.36    0.380  71.29   0      140.3     9665.705     80.85732
       123    877.0808    483.3886     34094.14     283.5097  13.6683   0.0090     5.01    0.093  -9.03   0      166.5     6914.908     72.79923
       124    301.8074    476.0340     1042.886     84.70715  17.4544   0.0882     2.73    0.215   1.87   0      29.52     837.3511     50.61196
       125    815.3531    462.7387     7780.923       249.65  15.2724   0.0348     5.41    0.168   8.66   0      48.91     1546.109     53.47303
       126    248.0019    461.8526     23973.76      131.506  14.0507   0.0060     0.00    0.104 -89.76   0      210.5     24001.78     114.3087
       127    513.4359    458.0993     7316.817     311.1895  15.3392   0.0462     5.74    0.547   1.00   2      36.97     831.3696     49.85727
       128    522.0032    457.9999     8898.799      102.184  15.1267   0.0125     4.19    0.001  40.61   2      134.3     8800.899     78.46654
       129    866.1074    454.9972     4054.561     127.1193  15.9801   0.0340     3.42    0.564  -0.00   0       52.9     2084.287     55.71348
       130    346.2814    446.8640     27985.49     289.8236  13.8827   0.0112     5.05    0.138 -22.33   0      141.8     5510.823     68.18595
       131    227.8513    448.9211     9009.123     244.6168  15.1133   0.0295     5.17    0.176 -10.35   0      55.38     1857.244     54.55659
       132    197.7488    450.4998     2098.023     195.2311  16.6955   0.1011     5.50    0.188  29.11   0       16.5     516.9254     48.27664
       133    997.5196    443.7167     3060.523     239.0261  16.2855   0.0848     8.03    0.172  24.63   0      21.49     644.5755     49.12255
       134     35.8441    442.3348     9527.325     301.3931  15.0526   0.0344     5.53    0.137  -3.03   0      54.95     1789.785     54.49887
       135    120.4489    439.7729     4104.743     261.2838  15.9668   0.0691     5.77    0.101   2.24   0      25.16     752.5158     50.22956
       136    503.7366    439.4144     2966.246     243.3574  16.3195   0.0891     5.35    0.348 -17.33   0      16.96     483.4128     48.74753
       137    629.4000    435.3846      9334.26     122.0817  15.0748   0.0142     2.82    0.428  44.74   0        116     7519.162     74.66183
       138    582.3463    434.7923     1797.138     90.15181  16.8635   0.0545     1.41    0.077   4.22   0      41.23     1897.674     55.05771
       139    417.0188    430.2096     2661.626     90.64047  16.4371   0.0370     0.98    0.141  78.41   0      57.45     2589.286     57.73679
       140    118.7553    417.1465     5985.072     274.8101  15.5573   0.0499     5.26    0.084 -11.65   0      36.46     1155.606     51.90422
       141     21.1727    400.3147     1945.411     112.9769  16.7775   0.0631     3.85    0.547 -20.34   0      34.64     1382.534     52.65766
       142    837.9095    390.8267     4925.379     269.4477  15.7689   0.0594     5.07    0.217  -5.95   0      28.92     907.6406     50.32494
       143    739.1996    387.5981     19970.33     277.4957  14.2490   0.0151     5.17    0.103  -7.79   0        109     3934.177     62.80804
       144    286.6228    375.9352     3714.068      257.418  16.0754   0.0753     6.59    0.203  -8.25   0      21.71     598.4987     49.40463
       145     11.9969    370.4595     3919.534     242.9958  16.0169   0.0673     5.23    0.205 -25.21   0      26.72      818.743     50.40762
       146    914.1951    359.9426     5976.249     317.4879  15.5589   0.0577     5.79    0.176  -0.88   0      29.29     879.9247     50.68272
       147    333.6766    358.3348     17945.88     258.7384  14.3651   0.0157     4.98    0.106 -11.83   0      100.6     3578.974      61.3109
       148    911.2096    348.3250     5135.584     310.5747  15.7235   0.0657     8.82    0.376   3.16   0      24.04     625.1522     49.40393
       149     38.0813    346.2718     10675.21       261.17  14.9291   0.0266     5.01    0.162  -8.78   0      62.96     2114.487      55.6179
       150    531.1364    346.1201     3745.876     93.31954  16.0661   0.0271     4.80    0.162  43.68   0      71.36       3189.5     59.95146
       151    887.0341    340.6843     6094.419     285.7662  15.5377   0.0509     8.39    0.152  20.90   2      32.98     942.8257     50.72437
       152     87.8472    338.5993     14838.99     276.0334  14.5715   0.0202     5.19    0.131 -11.50   0      84.64     2994.312     59.30969
       153    262.7802    337.0488     3309.033     253.4804  16.2007   0.0832     7.63    0.213  -6.29   0      20.58     605.6767     49.56071
       154    553.3462    336.1619     2332.327     204.6385  16.5805   0.0953     6.57    0.215 -77.66   0      17.18     509.7583      48.9947
       155    510.5994    330.3072     4035.582     140.7335  15.9852   0.0379     0.00    0.110 -56.58   0      52.08     2312.802     56.63799
       156    810.4453    325.8084     1299.445     87.15803  17.2156   0.0728     1.35    0.158  -3.64   0      29.23     1218.854     52.29705
       157    724.6829    320.9737     3278.694     101.6061  16.2107   0.0337     5.05    0.314   7.26   0      67.15     2785.743     58.40078
       158    598.5334    307.5014     26810.36     292.5676  13.9292   0.0119     5.01    0.094  -8.78   2      132.5     4933.388     66.04911
       159    108.5597    308.9659     3572.107     206.0108  16.1177   0.0626     5.68    0.191  -4.97   0      26.38     844.1541     50.40134
       160    283.9297    305.4029     13007.85     298.9546  14.7145   0.0250     5.02    0.093 -18.56   0      72.49     2463.364      57.3453
       161    415.8489    306.9589     2619.709     170.9217  16.4544   0.0709     4.69    0.241 -42.68   0      20.04     662.0038     49.69591
       162      5.2789    302.7104     1086.359     86.60061  17.4101   0.0866     2.81    0.458 -36.32  16       23.6     752.7787     49.74326
       163    709.9130    300.9115     11363.29      108.933  14.8612   0.0104    -3.32    0.131  45.50   0        146     11084.48     84.75141
       164    166.3730    296.1306     4527.082     241.6801  15.8605   0.0580     5.49    0.175   0.32   0      31.02     943.7507     50.84846
       165    158.1643    290.0362     1045.707     84.71472  17.4515   0.0880     2.42    0.197   2.31   0      34.84     940.1893     50.83254
       166    169.5996    285.6055     3178.869     232.0272  16.2443   0.0793     6.02    0.145 -43.48   0      17.03     508.8363     48.86591
       167    726.2218    278.1173     1525.107     84.20148  17.0417   0.0600     0.96    0.114  -5.81   0      34.62      1422.67      52.8306
       168    873.9005    265.4393     3695.656     108.3131  16.0808   0.0318     2.44    0.254 -39.18   0      59.08     3141.112     59.35862
       169    101.1022    261.4550     2880.597      226.416  16.3513   0.0854     6.83    0.235 -42.70   0      19.26     579.6009     48.82101
       170    270.7051    253.2075     1247.837     95.37336  17.2596   0.0830     2.92    0.516  60.62   0      21.32      1005.37     51.12313
       171    850.7167    246.7103     1766.663     181.9091  16.8821   0.1118     5.64    0.536 -53.08   0      14.16     436.5766     48.40298
       172    570.8218    242.1140     4547.427     246.6888  15.8556   0.0589     5.72    0.216 -33.89   0      28.55     864.1122     50.24936
       173    724.6650    233.9131      3989.63     236.7124  15.9977   0.0644     4.94    0.115   0.09   0      26.54     820.3571     50.05107
       174     17.0426    223.8293     1700.372     89.90753  16.9236   0.0574     0.00    0.188 -74.56   0      46.11     1493.326     53.47655
       175    533.1859    217.3164     3685.578     231.2093  16.0837   0.0681     5.34    0.209 -11.22   0      24.67     758.0677     50.01165
       176    664.4124    207.9868     1841.916     194.1499  16.8368   0.1145     5.66    0.150 -67.68   0      13.57     386.6585     48.29433
       177    608.8127    203.3217      6979.49     267.2144  15.3904   0.0416     5.54    0.097 -16.91   0      41.25     1223.081     52.08199
       178    598.1976    204.6559     5036.109     270.6688  15.7448   0.0584     5.42    0.170 -17.32   0      29.17     917.6075     50.85142
       179    486.1718    202.7936     1214.975     86.93748  17.2886   0.0777     2.14    0.226 -57.46   0      29.95     1157.496     52.02971
       180    922.5409    201.8609     2297.156     94.67754  16.5970   0.0448     1.31    0.064  23.87   0      45.65     2160.508     56.13218
       181    706.5970    185.4407     2592.705     228.1385  16.4656   0.0956     5.04    0.150  11.05   0      15.94      466.162     48.91675
       182    820.1787    180.5080     11823.92     308.1035  14.8181   0.0283     4.98    0.116   5.72   2      58.43     1913.319     54.67839
       183    672.1686    175.8996     47442.22     298.6411  13.3096   0.0068     4.97    0.145 -20.74   0      210.5      9487.17     80.12617
       184    187.1957    178.5138     9024.056     252.5945  15.1115   0.0304     5.34    0.156 -15.17   0      56.08     1881.499      54.9909
       185    401.8671    175.9728     30148.43     275.3958  13.8018   0.0099     4.96    0.113  -8.03   0      152.8     6255.263      70.7099
       186    511.0359    175.9987      4791.98      92.6004  15.7987   0.0210     0.00    0.058  -0.89   0      91.95     4489.364     64.97366
       187    255.9975    174.2349     2217.891     120.0444  16.6351   0.0588     3.05    0.563  89.41   0      31.03     1343.906     52.83771
       188    634.7191    161.2046     9493.055     232.3043  15.0565   0.0266     6.44    0.179  24.10   2      55.51     1789.709     54.61023
       189     11.2180    163.4887     3570.722     256.1048  16.1181   0.0779     6.86    0.328 -25.28   0         22       637.89     49.33918
       190    801.0609    149.8372     7153.021     107.1245  15.3638   0.0163     5.00    0.305 -71.34   0      114.2     6530.537      71.5892
       191    455.1206    132.0176     2946.355     234.4128  16.3268   0.0864     3.68    0.530  56.51   0      19.54     731.5895     50.01313
       192    307.9911    132.9053     7135.137     140.3275  15.3665   0.0214     4.38    0.600  -1.79   0      74.51     4103.451     63.41761
       193    226.4398    122.7664     2266.912     197.7518  16.6114   0.0947     3.62    0.061  -7.49   0      17.73     609.5231     49.45532
       194    954.6733    109.2325     6851.776     272.1891  15.4105   0.0431     5.42    0.202   5.37   0      39.48     1258.295     52.23544
       195    334.8477    108.2521     4608.275     226.8046  15.8412   0.0534     5.09    0.200 -10.15   0      29.72      942.683     50.96337
       196    815.6200     89.5754     12385.48     277.3208  14.7677   0.0243     5.42    0.124 -11.19   0      71.64     2457.055     57.42647
       197    298.3575     85.9052     11745.09     264.4135  14.8254   0.0244     5.25    0.139  -9.08   0      70.85     2351.569     56.36264
       198    101.7985     69.9548     20534.19      312.032  14.2188   0.0165    10.01    0.104 -47.53   0      107.7       4097.9     63.58961
       199    314.5014     71.1679     1924.156     136.1675  16.7894   0.0769     3.71    0.289 -57.09   0      33.67     1578.741     53.15507
       200    862.9047     71.0429     1553.617     145.3086  17.0216   0.1016    -4.75    0.052  40.36   2      18.09     763.4739      49.5468
       201    679.4883     61.8654     3074.976     220.4794  16.2804   0.0779     4.75    0.076   2.53   0      22.97     774.3007      49.8415
       202    580.0824     63.0047     2222.337     96.09594  16.6330   0.0470     0.00    0.118 -29.13   0      51.38     1745.221     54.42476
       203    412.7361     59.7802     16596.85     274.1639  14.4499   0.0179     5.26    0.147  -6.91   0      94.37     3386.544     60.79413
       204    768.0191     61.8101     2432.852     212.7751  16.5347   0.0950     7.09    0.514 -15.52   0      17.49       572.08     49.15918
       205    434.9563     59.9117     5087.514     94.94087  15.7337   0.0203     4.51    0.148  60.36   0      94.81     4711.239     65.37348
       206    257.7640     50.8674      2400.66     214.1678  16.5492   0.0969     5.89    0.244   6.62   0      17.35     508.3203     48.86351
       207    809.9888     32.7246     7273.432     204.9162  15.3457   0.0306     0.00    0.300  86.21   0      62.71     2847.145     58.84666
       208    705.1030     28.2918     2395.545     194.0135  16.5515   0.0880     6.82    0.121 -26.73   0      17.48     510.7323      48.6248
       209    382.4580     26.5527     2631.814      227.509  16.4494   0.0939     5.94    0.255 -44.99   0      16.18     473.3475     48.70058
       210    174.4124   1009.2204     4681.357     228.2165  15.8241   0.0529     5.22    0.238  -2.42   0      33.08     1091.433     51.62246
       211    932.4064   1003.8244     2928.027     216.8441  16.3336   0.0804     7.36    0.190  14.89   0      20.01     588.2646     49.35752
       212    886.0930   1001.7717     13855.06      256.311  14.6460   0.0201     6.12    0.090  -7.05   0      82.12     2789.683     58.10241
