#   1 NUMBER                 Running object number                                     
#   2 X_IMAGE                Object position along x                                    [pixel]
#   3 Y_IMAGE                Object position along y                                    [pixel]
#   4 FLUX_AUTO              Flux within a Kron-like elliptical aperture                [count]
#   5 FLUXERR_AUTO           RMS error for AUTO flux                                    [count]
#   6 MAG_AUTO               Kron-like elliptical aperture magnitude                    [mag]
#   7 MAGERR_AUTO            RMS error for AUTO magnitude                               [mag]
#   8 FWHM_IMAGE             FWHM assuming a gaussian core                              [pixel]
#   9 ELLIPTICITY            1 - B_IMAGE/A_IMAGE                                       
#  10 THETA_IMAGE            Position angle (CCW/x)                                     [deg]
#  11 FLAGS                  Extraction flags                                          
#  12 SNR_WIN                Gaussian-weighted SNR                                     
#  13 FLUX_APER              Flux vector within fixed circular aperture(s)              [count]
#  14 FLUXERR_APER           RMS error vector for aperture flux(es)                     [count]
         1    620.9485     25.6803     18424.86     511.6933  14.3365   0.0302     6.87    0.072  -8.72   0      61.44     2516.164     78.54765
         2    203.5670     16.4081     14949.08     412.9161  14.5635   0.0300    11.92    0.311  -4.14   0       57.8     2300.163     78.65387
         3     46.6387     12.6023     10159.42     378.4079  14.9828   0.0405     7.45    0.427   0.07  16      42.25     1826.428     77.27287
         4    497.0071     12.6941     3370.863     144.6316  16.1806   0.0466     4.88    0.274 -89.85   0       61.7     2965.712     80.19672
         5    629.5628      9.2289     4202.197     362.1473  15.9413   0.0936     6.74    0.291  -8.65   0      18.63     851.6972     74.35078
         6    887.4937      7.4953      8260.83     396.7462  15.2074   0.0522     8.04    0.424   2.86  16      34.54     1454.772     75.60425
         7    605.9907      8.4095     4746.151     354.4769  15.8091   0.0811     5.38    0.362  -3.63  16      19.14     915.4368     74.15909
         8    772.9197      6.0674     8348.272     356.7789  15.1960   0.0464     8.22    0.316 -16.90  16      31.24     1228.359     74.72863
         9    143.4554      4.8239     6203.926     334.5989  15.5183   0.0586     7.14    0.506  -6.40  16      27.55     1194.201     75.00854
        10    723.9714      2.5198     48437.29     332.1616  13.2871   0.0074     7.61    0.570   0.15  24      187.2     10910.45     100.2136
        11    142.0394    994.2925     17843.99     390.4222  14.3713   0.0238     7.72    0.404  -7.41   0      67.57     2955.868     79.62963
        12    475.7477   1022.7261     25793.88     357.8282  13.9712   0.0151    11.64    0.639   0.81  24      96.24     3826.354     82.42569
        13    459.1950    989.1454     9915.224     431.4646  15.0092   0.0473     6.93    0.291  -4.71   0      37.03     1667.454     76.61668
        14    751.5512    981.7989     32891.48     435.2303  13.7073   0.0144     7.28    0.396  -2.69   0      116.3     5613.786     87.37954
        15    300.8748    983.1985     8886.072     386.1033  15.1282   0.0472    10.90    0.534 -14.97   0      35.95     1614.933     76.27269
        16    401.7723    982.8578     6453.665     402.9022  15.4755   0.0678     9.44    0.461  -7.59   0      24.31     1013.407     74.45872
        17    794.0273    979.7984     20213.01     450.6091  14.2359   0.0242     7.54    0.433  -9.70   0      71.98     3354.386     81.64327
        18    516.0146    979.4494     20019.46     416.5603  14.2464   0.0226     8.14    0.416  -1.76   0      74.93     3456.132     81.92601
        19    920.0458    976.8339     45069.96     412.1056  13.3653   0.0099     7.34    0.400  -3.24   0      153.5     7975.379     93.47382
        20    733.0157    975.0512     6286.744     359.4804  15.5039   0.0621     6.42    0.450   3.45   0      29.16     1554.434     76.28069
        21    280.6968    972.4541     29527.38     469.2616  13.8244   0.0173     7.18    0.386  -3.77   0      102.9     4714.578     84.50025
        22    669.3521    972.8716      6514.25     418.6667  15.4653   0.0698     7.52    0.440  -9.91   0      23.62     1098.673     74.71854
        23    971.0083    972.3699     4352.901     143.6895  15.9031   0.0358     0.85    0.174 -86.38   0      67.62     4398.493     84.49981
        24    379.6283    970.6330      2686.26     157.8453  16.4271   0.0638     3.34    0.436 -28.53   0      33.99     2125.413     78.14729
        25    514.3087    968.7877     8555.187     440.6354  15.1694   0.0559     8.16    0.494   0.25   0      30.38     1292.474     74.92336
        26    407.2044    963.6976     6051.338     418.4153  15.5454   0.0751     7.94    0.514  -2.18   0      22.31     1005.379     74.43422
        27     68.4895    959.8489     13992.06     472.4373  14.6353   0.0367    12.83    0.487  -5.00   3      47.34       2105.9     77.35147
        28     58.9852    952.0778     77653.39     480.2019  12.7746   0.0067     7.16    0.339  -2.75   2      231.8      12661.4     104.2466
        29    529.5342    956.3233     8982.606     393.5272  15.1165   0.0476    10.28    0.379  -9.03   0      35.79     1326.771     75.02733
        30    127.0067    954.9436     53723.98     720.0043  13.1746   0.0146     7.31    0.379  -3.99   0        117     5781.984      87.9793
        31    282.8285    956.0681     6452.777     144.5101  15.4756   0.0243    -2.30    0.248 -24.86   0      97.93      5653.03     87.48155
        32    146.4270    953.6979      43804.8     495.3426  13.3962   0.0123    13.98    0.389   4.26   2      129.7     5014.576      85.1348
        33    922.6292    953.7577     8522.328     249.0623  15.1736   0.0317     8.45    0.394  31.59   0      72.57     5175.465     86.56435
        34    861.6461    954.0964      8450.89     478.8468  15.1827   0.0615     9.17    0.366  17.03   0      27.98     963.1179     73.72301
        35    803.9075    949.1073     2624.767     295.5562  16.4523   0.1223     5.14    0.390   7.78   0      12.33     611.3118     73.02473
        36    761.1291    946.7147     5094.035     379.1597  15.7323   0.0808     6.15    0.426   6.76   0      17.23     783.6083     73.36353
        37    449.9598    938.5950     12407.48     381.6417  14.7658   0.0334     7.77    0.481  -4.60   0      47.93     2159.106     78.24522
        38    539.7064    934.8387     46607.57      575.017  13.3289   0.0134     8.54    0.282 -36.24   0      137.5     5436.046     86.25261
        39    867.8283    930.9140     3337.282     270.7716  16.1915   0.0881     6.71    0.554   4.14   0      17.17     829.0941     73.69941
        40    377.4770    928.3060     7458.968     481.3683  15.3183   0.0701     8.40    0.345   8.95   0      20.18     672.5379     73.21503
        41    144.8650    927.7025     7621.107     382.5529  15.2950   0.0545    10.16    0.549   1.24   0      30.36     1353.098     75.10704
        42    738.1482    921.6219     17928.45     418.8604  14.3661   0.0254     7.09    0.398  -1.80   0       67.3     3000.076     80.47269
        43    626.4045    922.0261     4615.465     371.2149  15.8395   0.0873     5.01    0.201   9.39   0      18.04     850.8167     74.15469
        44    607.3787    921.4038      4630.76     365.3758  15.8359   0.0857     4.90    0.331  -3.60   0      19.53     969.4775     74.32452
        45    999.1630    919.5486      3815.38     345.6686  16.0462   0.0984     6.57    0.352 -10.60   0      15.87     686.8561     73.45522
        46    334.9560    916.3234      6577.37     328.3568  15.4549   0.0542     7.69    0.470   3.46   0      28.57     1336.488     75.43843
        47    830.7481    915.9362     2568.489     130.2442  16.4758   0.0551     1.46    0.105  -3.81   0      38.18     2312.392     78.32336
        48    465.7979    912.8262     4298.429     369.0805  15.9167   0.0932     6.32    0.315  -2.62   0      15.75     713.9431      73.9285
        49    541.6265    909.0734     4876.673     361.5788  15.7797   0.0805     8.28    0.296  -0.32   0      21.08     900.4619     74.11318
        50    733.7050    908.7983     4139.668     343.7996  15.9576   0.0902     7.11    0.518  -2.19   0      17.73     780.1105     73.74319
        51    454.6435    907.4894     5920.196     418.3441  15.5692   0.0767     7.66    0.470   0.80   0      19.78     854.3342     73.58231
        52    960.5821    902.7886     11383.04     370.5222  14.8594   0.0353     7.47    0.478   0.75   0      45.21     2088.928     77.67223
        53    130.7049    901.1354     10335.83     409.4933  14.9641   0.0430     7.44    0.455  -2.66   0      39.52     1769.947     76.35799
        54    424.0025    896.1810     45137.53     506.6953  13.3637   0.0122     7.26    0.398  -5.17   2      132.9     6567.062     89.82478
        55    901.4726    897.0115     14466.23     557.6817  14.5991   0.0419    12.96    0.540  -6.19   3      42.91     1907.513     77.32551
        56    896.4720    892.3541     12707.11     587.7001  14.7399   0.0502    13.64    0.651 -15.62   3      32.69     1420.268     75.69041
        57    877.1197    898.9478         3052     311.2582  16.2885   0.1108     5.99    0.431   7.89   0      15.09     736.0607     73.21609
        58    691.6956    896.7159     4547.525      360.377  15.8556   0.0861     7.86    0.567  12.90   0      18.52     786.3093      73.3719
        59    298.1996    887.4955     3747.702     329.6755  16.0656   0.0955     5.93    0.426  -8.11   0      17.21     889.3036     74.07896
        60    204.0991    879.9022     27829.62     455.2238  13.8887   0.0178    10.11    0.476   4.55   0      88.95     3260.289     80.13621
        61    358.4742    881.2672     4963.286     250.1366  15.7606   0.0547     8.34    0.484  -3.65   0         24     1149.119     74.67978
        62    568.6901    878.6237     19912.45     538.9882  14.2522   0.0294    12.72    0.487  -2.21   1      59.91     2564.842     78.50566
        63    162.0052    880.8204     3928.406     129.8603  16.0145   0.0359     0.99    0.100  88.83   0      66.16     3779.332     82.47024
        64    623.8939    877.7504     5975.702     385.3192  15.5590   0.0700     7.98    0.525  -0.69   0      23.12     1099.565     74.14246
        65    830.4970    871.1951      64864.6     453.9963  12.9700   0.0076     7.12    0.342  -4.57   0      200.9     10627.75     99.57037
        66    556.5450    873.8812     21090.94     480.3455  14.1898   0.0247    12.94    0.388   4.37   0      71.64     3262.449     80.67809
        67     51.3220    875.2945     5978.735     403.5248  15.5585   0.0733     2.59    0.523 -29.24   0      20.73     828.5469     73.69772
        68    762.4911    874.9962     3409.353     334.8465  16.1683   0.1067     5.18    0.260  -1.03   0      14.52     675.4789     73.42001
        69    425.8227    866.7129     152007.3     510.6869  12.0453   0.0036     7.27    0.322  -4.80   0      382.5     24290.66     126.7566
        70    233.1896    871.7045     8816.322     404.2328  15.1368   0.0498     7.00    0.475  -4.89   0      35.15     1745.067     76.65947
        71    599.8564    865.2172     6643.376      440.464  15.4440   0.0720     8.26    0.455  -2.69   0      22.53     1001.563     74.61527
        72    719.2346    864.2082     3961.226     353.9733  16.0054   0.0970     5.15    0.374  17.21   0      15.24     646.3723     73.72047
        73    587.7969    856.9922     15226.19     603.1323  14.5435   0.0430    11.24    0.621 -11.60   2      34.01      1143.37     74.85437
        74     63.8045    855.7693     7505.145     412.2962  15.3116   0.0597     7.79    0.473  -6.98   0      29.27     1331.002     75.80174
        75    268.1308    853.9196     7458.787     432.6652  15.3183   0.0630     7.32    0.458 -13.04   0       28.2     1334.584     75.05099
        76    421.2712    850.8818      32664.8     427.6218  13.7148   0.0142     7.40    0.397  -4.02   0      114.9     5374.927     86.42437
        77    126.0211    841.0852     18815.43     404.5258  14.3137   0.0233     7.40    0.403  -5.35   0      69.27     3020.317     79.99309
        78    180.4948    835.2973     130848.9     499.7475  12.2081   0.0041     7.13    0.335  -4.98   0      342.8     20681.64     119.9919
        79    448.3035    834.0265     3793.844     310.6459  16.0523   0.0889     7.16    0.527  -5.93   0       18.3     798.9603     73.01881
        80     59.8703    824.8662     6503.324     381.8883  15.4672   0.0638     5.66    0.429  -6.02   0      27.03     1357.874      75.3124
        81      5.2187    825.1055     6400.723     324.9367  15.4844   0.0551     6.45    0.447  -0.12  18      27.12     1364.407      74.9499
        82    244.4059    818.1442      3536.22     327.3436  16.1287   0.1005     7.36    0.451  -3.67   0      16.38     736.9913     73.80501
        83   1004.2308    846.8954     4789.283      378.977  15.7993   0.0859     6.59    0.506  -1.82   0      18.05     799.8958     73.02172
        84    426.8767    814.1478     21092.55     364.8069  14.1897   0.0188     9.12    0.458  -7.96   2      81.39       2339.6      78.2189
        85    118.4129    809.8027     22613.42     548.0439  14.1141   0.0263    12.57    0.379   3.27   2      63.74     2721.469     79.50153
        86     51.6632    810.7629     17288.34     400.0937  14.4056   0.0251     7.15    0.405  -3.04   0      66.68      3129.57     80.65974
        87    267.9997    810.1821     5984.832     400.8504  15.5574   0.0727     8.22    0.382 -12.08   0      22.62     1008.707     74.44438
        88    301.5755    805.7748      23253.6     534.3828  14.0838   0.0250    15.38    0.660   1.34   0      64.11     2915.796     80.41309
        89    823.6138    806.2590      3608.62     326.2955  16.1066   0.0982     4.55    0.234 -34.55   0      15.63     751.3774     73.84929
        90    971.9929    803.7382     9459.372     533.8904  15.0603   0.0613    10.12    0.304  10.20   0      28.47     908.7916     74.33216
        91    695.3589    802.3904     4789.873     413.4102  15.7992   0.0937     7.26    0.542   9.37   0      16.76      622.787     73.84245
        92    918.5753    795.3279     114803.6     480.5895  12.3501   0.0045     7.33    0.346  -3.23   0      315.3     19074.98     117.2771
        93    453.8762    804.4323     5712.628     383.2953  15.6079   0.0729     8.49    0.517  -2.13   0      21.71     899.2021     74.10931
        94    262.5630    797.3276     5655.501     361.0751  15.6188   0.0693     6.41    0.431  -9.51   0      23.79     1126.724     74.80381
        95    614.2675    793.0624     15444.62      342.918  14.5281   0.0241     7.41    0.429  -5.55   0      61.45     2762.977      79.6201
        96    745.3981    792.3242     11679.52     573.0709  14.8314   0.0533     9.20    0.474  -7.91   2       26.6     848.5123      73.9537
        97    724.3442    791.7144     5070.839     358.7108  15.7373   0.0768     4.58    0.269 -11.00   0      21.34     1076.862     74.26645
        98    393.5672    792.5015     3410.654     294.9452  16.1679   0.0939     5.15    0.282  15.48   0      14.71     688.9716     72.67566
        99     43.7017    786.2907     1986.896      134.667  16.7546   0.0736     1.86    0.278 -45.72   0      36.77      2117.75     77.20049
       100    152.5241    781.0688     3594.309     191.8748  16.1110   0.0580     6.18    0.504 -38.65   0      43.43     2395.137     78.19669
       101    603.4374    780.3536     4066.135     330.9814  15.9770   0.0884     5.32    0.329  -9.99   2      17.99     816.3233     73.85471
       102    927.1072    772.8577     12705.32     488.2706  14.7400   0.0417     6.80    0.429  -3.06   0      42.78     2030.463      77.1295
       103    194.9812    766.9644     9188.573     138.7613  15.0919   0.0164     0.00    0.073  61.71   0      127.5     8715.395     95.55714
       104   1004.2239    766.2861     3258.318     312.5595  16.2175   0.1042     4.08    0.378 -11.72   0       14.3      717.846     73.15952
       105    968.6779    764.8857     5165.819     403.0667  15.7172   0.0847     7.76    0.535  -9.15   0      18.71     792.0459     73.38966
       106    748.6481    764.1823     16799.88      421.667  14.4367   0.0273     7.89    0.437  -4.13   0      61.62     2700.324     79.80177
       107    597.2003    763.5277     2694.214     280.6581  16.4239   0.1131     5.05    0.266 -89.51   0      14.35     706.2586     73.51523
       108    175.3592    763.3640     7252.146     392.5266  15.3488   0.0588     6.16    0.469   0.11   0      30.23     1504.284     75.94227
       109    258.3648    760.7807     3758.669     321.9704  16.0624   0.0930     5.92    0.108  62.73   0      16.04     747.1888     74.22435
       110    530.0329    756.3151     3215.286     136.7244  16.2320   0.0462     1.09    0.168  79.27   0      53.58     3229.972     80.76454
       111    163.4997    756.2371     3680.736     318.5522  16.0852   0.0940     3.18    0.271  -1.86   0      16.06     767.1479     72.72253
       112    476.9181    751.9077     3493.031     353.6725  16.1420   0.1100     6.01    0.337 -22.63   0      14.55     621.2308      73.0556
       113    720.4003    744.9026     22695.15     404.0429  14.1102   0.0193     6.79    0.428  -4.21   0      84.07     4085.262     83.30906
       114    690.2072    743.6759     8179.388     333.7939  15.2182   0.0443     6.99    0.441  -3.60   0      36.02     1664.695     76.42082
       115    517.2133    740.0858     11385.04      505.015  14.8592   0.0482     7.56    0.464  -5.85   0      38.46     1757.191     76.50795
       116     38.2511    741.3611     4542.902     350.2706  15.8567   0.0837     3.84    0.282 -10.09   0      18.51     995.3452     74.59633
       117    492.9572    738.6036     19666.79     371.7257  14.2657   0.0205     7.12    0.405  -2.65   0      76.19     3620.578     82.38094
       118    542.7654    736.4148     13355.13     452.7222  14.6859   0.0368     9.07    0.436  -2.42   0      50.14     2348.422     78.97523
       119    201.9425    731.9600        45520     453.0096  13.3545   0.0108     7.30    0.349  -3.48   0        150     7433.614     91.99119
       120    975.5793    732.3795     27979.34     509.6184  13.8829   0.0198     7.86    0.421  -4.13   0       92.2     4100.811     83.69532
       121    738.7155    730.9882     17888.44     360.8208  14.3686   0.0219     7.35    0.415  -5.75   0      70.01     3147.128      80.7092
       122    606.8333    729.7463       4964.3     392.1162  15.7604   0.0858     7.39    0.304 -11.64   0      18.23     707.1935     73.71319
       123    461.7730    728.9208     3527.708     339.1873  16.1313   0.1044     6.28    0.381 -50.60   0      16.66     810.4774     73.83672
       124    166.8345    728.3561     6477.216     337.9862  15.4715   0.0567     6.22    0.474  -1.34   0      26.67     1298.015     75.51284
       125     19.7135    727.8959     6118.755     355.3559  15.5333   0.0631     8.37    0.526  -7.73   0      26.84     1258.784      74.8211
       126    246.1776    716.5068     20002.76     526.2198  14.2473   0.0286     7.37    0.397  -1.96   0      64.24     2863.009     79.36416
       127    206.6298    715.2903     17711.94     471.1855  14.3793   0.0289     7.11    0.410  -3.70   0      61.42      2583.06     78.74097
       128    964.8480    711.4657     24245.47      445.443  14.0384   0.0200     7.40    0.400  -4.85   0      86.51     3905.779     82.81797
       129    718.6686    713.3771     3849.138     336.2144  16.0366   0.0949     7.12    0.419  21.73   0      18.01     850.6244      74.1541
       130    487.9712    709.2338     11836.87     434.1327  14.8169   0.0398     7.64    0.420   4.15   0      43.01     1931.571      77.5815
       131    821.5145    708.2177     3591.552     313.9474  16.1118   0.0949     4.07    0.256  -0.67   0      14.51     662.1433     73.18276
       132     53.9042    701.0599     42614.78      456.295  13.4261   0.0116     7.23    0.312  -6.80   0      139.1     6684.262     89.80158
       133    416.0098    700.1056     51365.38     494.4622  13.2233   0.0105     7.13    0.392  -2.59   2        153     7325.503      91.7237
       134    194.1692    697.1894     15530.88      355.314  14.5220   0.0248     7.48    0.414  -5.82   0      61.72     2785.661     80.04444
       135    293.5377    695.5408     16114.33     422.9981  14.4820   0.0285     6.96    0.378  -3.18   0      61.91     2767.162     79.63205
       136    249.4613    684.4502     4788.192     383.6836  15.7996   0.0870     7.19    0.415 -21.07   0      18.24     742.5032      73.6272
       137    762.3594    682.0792     13132.16     411.0424  14.7042   0.0340     7.91    0.454  -5.67   0      48.62     2006.668     77.43116
       138    730.7339    680.7000     4081.127     335.3022  15.9730   0.0892     5.17    0.136 -12.12   0      17.56     803.7944     73.23021
       139    683.0348    671.0480      5595.72     402.4179  15.6304   0.0781     8.71    0.460  -3.26   0      21.49     986.3175       74.376
       140    571.7059    666.2212     22783.71     424.8799  14.1059   0.0203     7.41    0.378  -4.85   2      79.37     3452.388     81.03437
       141    530.5035    670.4822     3470.865     255.8905  16.1489   0.0801     3.32    0.505  45.47   0      23.05     1625.901     75.92805
       142   1003.8190    667.3669      5595.38     349.9284  15.6304   0.0679     6.28    0.447  -4.61   0       26.7      1341.22     75.83237
       143    793.1138    664.0604     2648.574     130.3839  16.4425   0.0535     0.00    0.141  28.45   0      57.68      2507.69     78.52312
       144    640.8083    661.9694     2473.303     143.2142  16.5168   0.0629     1.16    0.101  -4.02   0      37.43     2155.038     78.23341
       145    149.9908    661.8320     3944.816     343.6708  16.0099   0.0946     5.76    0.403   1.08   0      15.49     709.4169     73.91458
       146    472.1805    660.6233      3624.34     147.4839  16.1019   0.0442     2.53    0.378 -63.49   0      41.35     2910.327     80.39763
       147    427.6549    660.5187      3128.35     301.9476  16.2617   0.1048     6.36    0.396  -4.05   0      15.21     729.3685     73.19531
       148    208.9361    656.2172        34777       435.39  13.6468   0.0136     7.05    0.366  -4.07   0      121.4     5816.849     87.90611
       149    743.4328    655.9735     8219.617     410.9464  15.2129   0.0543     6.84    0.431  -6.93   0      31.38     1568.351     76.51006
       150    543.9373    647.5045      4541.19      357.372  15.8571   0.0855     5.86    0.385  -1.81   0      19.56     913.0389      73.7634
       151    188.3916    644.4752      6961.63     351.8365  15.3932   0.0549     7.71    0.425  -4.34   0      30.02     1258.603     75.20342
       152    932.1193    629.9017     5043.671     341.2552  15.7431   0.0735     9.34    0.540   1.20   0      22.35     893.5554     73.50826
       153    844.9955    630.0363      5456.46     402.3393  15.6577   0.0801     8.87    0.404  11.03   0      21.25      855.037     74.36098
       154    334.6373    628.4919     4566.234     283.4394  15.8511   0.0674     6.40    0.287 -22.45   0      24.99      1617.38     75.52321
       155    203.9255    628.8863     2676.169      133.156  16.4312   0.0540     0.00    0.224  44.49   0      52.07     2226.852     77.52101
       156    687.6147    623.0474      78764.5     574.6158  12.7592   0.0079     7.53    0.137  12.02   0        213     9823.195     98.01016
       157    892.8706    623.0531     6367.034     346.3071  15.4902   0.0591     9.18    0.458  -3.55   0      26.43     1186.932     74.79477
       158     20.4662    619.9113     24466.17     423.2419  14.0286   0.0188     7.34    0.410  -5.80   0      87.44     3969.518     82.64592
       159    522.6736    619.3820     8169.453     403.8689  15.2195   0.0537     8.91    0.426  -0.72   0      31.68     1402.862     75.82775
       160    279.2628    618.9466     8582.713     427.4155  15.1659   0.0541     7.95    0.492  -4.08   0      32.95     1462.661      75.8176
       161   1006.4861    616.0754      23847.9     382.8087  14.0564   0.0174     7.36    0.405  -4.59  16      89.34     4140.137     82.94084
       162    376.4572    616.1523     10202.46      404.124  14.9782   0.0430     7.26    0.359  -3.32   0      39.53     1837.536     77.11956
       163    470.1919    616.0598     4030.127     343.7272  15.9867   0.0926     5.49    0.576 -73.30   0      15.85     593.0909     73.36054
       164    791.7927    605.8845      7068.37     412.9257  15.3767   0.0634     9.94    0.387   6.09   0      26.13     1135.852     75.02319
       165    129.3657    597.3342       435812     654.6567  10.9018   0.0016     7.21    0.290  -3.71   0      746.9     69344.18     191.3205
       166    669.7914    597.5651     35902.82     488.7744  13.6122   0.0148     7.50    0.322  -9.27   0      114.1     5133.141     86.45316
       167    574.6584    596.9781     5936.253     374.9065  15.5662   0.0686     6.35    0.366   7.02   0      23.39     1209.502     75.05489
       168    201.9656    594.4208      8059.27     464.9648  15.2343   0.0627     9.05    0.515   1.44   0      27.82     1248.434     75.55377
       169    579.9736    593.0318      3215.93     128.6074  16.2317   0.0434     0.00    0.021  44.28   2      64.38     2951.573     80.51414
       170     70.1501    586.0875     6841.459     364.7853  15.4121   0.0579     7.77    0.504  -4.00   0      29.07     1236.891     74.75457
       171    185.8984    584.7488     3950.785     343.6747  16.0083   0.0945     5.01    0.306   7.33   0      16.86     760.0895     73.09444
       172    836.8346    577.4845     6269.656     356.4609  15.5069   0.0617     7.35    0.438  10.24   0      25.66     1162.792     74.72137
       173    634.1945    569.6779     6806.345     442.9861  15.4177   0.0707     7.55    0.222  -0.32   2      23.06     874.8484      74.2283
       174    749.2012    555.9225     13031.68     411.8594  14.7125   0.0343     7.45    0.406  -3.86   0      49.88     2139.375      77.8197
       175    235.6051    555.6492     11117.93     479.3627  14.8849   0.0468     8.52    0.448  -5.68   0      38.95     1750.702     76.86323
       176     30.5199    556.0793     11225.15     433.8123  14.8745   0.0420     8.24    0.440  -3.04   0      42.75      1915.13     76.60167
       177    152.6991    550.9642     78069.47     492.2103  12.7688   0.0068     7.05    0.346  -4.67   2      220.6      11488.4     100.9484
       178     28.4712    547.6772     5833.708     396.2605  15.5851   0.0738     5.76    0.377 -11.33   0      20.93     943.7451     73.85796
       179    978.1996    541.7277     79030.84     488.9969  12.7555   0.0067     7.21    0.294   0.45   2      234.6     12666.72     104.1204
       180    971.8026    528.7527     58047.39     524.9117  13.0905   0.0098     7.47    0.235   1.63   2      172.7     8620.383     94.87791
       181   1020.4125    538.7354     4881.086       257.14  15.7787   0.0572     6.01    0.407  -0.59  24      23.28     1103.717     74.73388
       182    551.4128    539.2094     4050.686     328.7943  15.9812   0.0882     4.55    0.270  -2.26   0      15.98     743.5421      73.6304
       183    312.7386    527.1835      69712.5     455.6295  12.8917   0.0071     7.17    0.353  -4.02   0      215.6     11536.22     101.6228
       184    688.8514    522.6942      4021.39     337.3965  15.9891   0.0911     5.72    0.399  22.48   0      15.45     622.4348     72.66517
       185    615.3838    517.5132     11472.41     419.6421  14.8509   0.0397     7.52    0.490  -5.93   0      43.68     1945.697     77.06588
       186   1013.2364    515.6261     17139.75     401.8003  14.4150   0.0255     7.44    0.434  -4.36  16      65.44      3033.87     80.74611
       187    129.6162    513.7979     7972.081     413.4228  15.2461   0.0563     7.90    0.431  -5.76   0      31.77     1394.114     75.61184
       188     68.2024    514.3799     3912.273     345.7323  16.0189   0.0960     5.33    0.075 -27.89   0      16.35     813.2727     73.84532
       189    374.7010    513.1299     6698.502     443.7405  15.4351   0.0719     8.77    0.502  -4.34   0      22.66     965.9468     73.34118
       190    338.4951    507.7466      32759.4     463.9111  13.7117   0.0154     7.29    0.384  -6.61   0      114.5     5319.746     86.11253
       191    727.0860    509.1339     1578.389     131.2689  17.0045   0.0903     3.48    0.277  44.05   0       37.7     1450.291     75.59077
       192    228.3529    506.1635     11436.45     382.9426  14.8543   0.0364     7.90    0.438  -9.27   0      46.01     2052.677     77.56609
       193    772.4109    501.3073     5455.895     333.0142  15.6578   0.0663     6.29    0.465  -2.38   0      24.92      1189.85     74.99535
       194    447.1404    499.9398     6074.028     412.3781  15.5413   0.0737     8.02    0.423  -2.38   0      23.11     1058.542     74.98038
       195    596.1987    500.0223     3058.422     298.3062  16.2863   0.1059     4.47    0.199   4.65   0      14.39     710.8959     73.52956
       196    214.9178    493.7497     10835.17     162.6812  14.9129   0.0163     5.31    0.365  71.56   0      134.7     9741.837     97.23235
       197    918.5634    488.5802      61018.5     459.1584  13.0363   0.0082     7.44    0.382  -2.97   0      193.4     10082.11     98.75425
       198     43.9130    486.4628     39374.55     514.6752  13.5120   0.0142     9.17    0.431  12.82   0      118.8      4390.13     83.79461
       199    353.6779    483.6336     23375.53     511.7874  14.0781   0.0238     7.17    0.395   1.01   2      77.38     3561.423     81.86752
       200    119.5119    487.3084     2899.029     290.8713  16.3444   0.1090     5.20    0.416 -37.12   0      13.81     627.4783     73.07503
       201    541.1533    483.3920     7673.362      408.013  15.2875   0.0577     7.75    0.409  -4.61   0      31.53     1406.125     76.02664
       202     19.5772    482.3529     6653.196     410.9536  15.4424   0.0671     7.57    0.540  -5.11   0      26.48     1159.694     75.28636
       203    379.2009    477.7473     5675.836     404.2433  15.6149   0.0773     7.62    0.205  -1.20   0      23.06     1030.357     74.51044
       204      4.2095    474.8676     5043.216     262.8054  15.7432   0.0566     6.72    0.375  -7.59  24      24.05     1122.645     74.79142
       205     64.1742    474.3981     3748.873     329.6764  16.0652   0.0955     6.45    0.490   1.05   0      16.38      786.071     73.95599
       206    362.2537    472.9675     4870.953     385.5992  15.7810   0.0860     6.56    0.509  -5.14   0      17.71     737.3727     73.61136
       207     37.7176    471.6860     4180.252     340.6796  15.9470   0.0885     4.22    0.243  20.68   0      16.94     883.7053     73.86763
       208    856.5914    467.9764     18180.12     493.0017  14.3510   0.0294     7.75    0.438  -1.13   0      61.98     2918.388     80.24165
       209    554.6926    463.3353     9130.443     396.3393  15.0988   0.0471     7.06    0.460  -0.24   0      36.82     1635.828     76.14658
       210    248.0023    461.8506     23590.48     160.6269  14.0682   0.0074     0.00    0.108  89.78   0      204.2      23731.9     125.9789
       211    875.2783    459.2471       4366.5     363.2401  15.8997   0.0903     7.72    0.552  -3.22   0         18     853.3677     73.77423
       212    238.1709    455.6767     5897.941     419.1893  15.5732   0.0772     6.86    0.401  10.69   2      25.09     776.7335     73.73278
       213    521.4915    458.0068     11077.93     179.7764  14.8889   0.0176     5.77    0.467   0.09   0      122.1     9239.754     96.35015
       214    387.6490    451.9308     97748.83     477.7448  12.5247   0.0053     7.08    0.343  -4.66   0      279.2     16327.26     111.8255
       215    269.1292    453.8864     41833.41     422.3883  13.4462   0.0110     6.66    0.376  -1.86   0      143.3     7641.188     92.19159
       216    444.6977    453.6306     17832.51     414.5002  14.3720   0.0252     7.28    0.373  -2.91   0      65.27     2776.333     78.93385
       217    958.0359    449.8805     4281.746     344.9359  15.9209   0.0875     5.81    0.391   0.21   0      15.04     722.4715     73.56534
       218    160.7039    445.4937     13010.02     536.7391  14.7143   0.0448     7.56    0.399 -30.04   2      35.66     1600.016     76.03961
       219     77.1922    447.6352     16066.66     390.3071  14.4852   0.0264     7.58    0.422  -7.37   0      59.48     2701.197     79.80426
       220    544.6500    444.7969     6353.127     413.4012  15.4925   0.0707     8.57    0.458  -1.78   0      23.51     1113.179     74.76264
       221    873.1931    440.8867     12634.74     409.0156  14.7461   0.0352     7.38    0.432  -2.45   0      51.55     2408.459     78.60163
       222     46.2729    439.8935      5902.06     425.1441  15.5725   0.0782     8.74    0.440   2.90   0      22.65     907.7949     73.74725
       223    496.8593    439.1583      4269.01      363.179  15.9242   0.0924     5.81    0.290 -30.69   2      16.65     641.7113     73.31541
       224    766.1502    436.7540     4162.041     351.0475  15.9517   0.0916     5.87    0.377  11.72   0      16.47     777.7792      73.9305
       225    133.5073    428.4914     45508.96     501.1635  13.3548   0.0120     7.12    0.284   5.02   0      145.8     6879.143     90.45233
       226    990.0933    432.1544     9040.355     472.3348  15.1095   0.0567     8.00    0.526  -2.51   0      30.96     1384.163     75.00978
       227    465.6064    427.3003     5262.076      358.832  15.6971   0.0741     7.51    0.358   6.16   0      21.91     1051.879     74.57607
       228   1002.2202    425.1024     5117.554     404.8171  15.7273   0.0859     7.28    0.396   4.88   0      17.31     683.5723     72.85614
       229    716.3289    424.4348     5322.238     324.1815  15.6848   0.0661     7.35    0.505  -1.29   0      24.31     1135.375     74.83009
       230    416.9901    430.2190     2433.529     127.2172  16.5344   0.0568     1.06    0.113 -88.78   0       46.4     2391.357     78.55217
       231    159.9557    422.4131      10039.5     346.6438  14.9957   0.0375     7.26    0.445  -7.66   0      42.96     1950.183     77.63601
       232    725.4692    414.3718     5462.388      356.953  15.6565   0.0710     7.11    0.467   2.30   0       22.5     997.1723     74.40916
       233    280.3417    411.6442      9172.66     472.3985  15.0938   0.0559     8.85    0.415   0.89   0      30.97     1359.901     75.50893
       234    872.3847    404.3167     10469.73     413.0589  14.9502   0.0428     8.33    0.451  -4.43   2      40.78     1781.649     76.76785
       235    879.0189    396.1950      9990.86     475.0645  15.0010   0.0516     7.91    0.440  -1.64   2      34.53     1646.392     76.36637
       236    506.7189    401.9119     8482.035     345.6211  15.1788   0.0443     7.52    0.349  -0.72   0      34.72     1499.616     75.73893
       237     86.4571    403.2814     4803.297     367.4424  15.7962   0.0831     6.56    0.415 -11.44   0      19.25     932.0909     73.82208
       238     21.9811    400.0073     1433.592     125.4181  17.1089   0.0950     4.19    0.023  53.80   2      36.64     1325.949     75.40668
       239    923.5068    397.8595     2966.193     297.0297  16.3195   0.1088     6.07    0.524  -9.80   0      14.81     660.0479     72.97975
       240    780.3855    392.7020     25488.93     433.8371  13.9841   0.0185    10.65    0.452  -3.40   0      91.91     4375.471     83.92612
       241     69.9207    388.3955     8197.223     405.6584  15.2158   0.0537     8.09    0.467   3.51   0      31.75     1399.186     75.81673
       242    734.5649    381.3701     19935.17     447.2698  14.2509   0.0244     7.12    0.404  -2.53   0      72.61     3353.126     81.63976
       243    671.5505    383.3829     3921.893      320.969  16.0163   0.0889     7.39    0.447  -7.08   0      19.03     969.0384      74.7086
       244    930.8994    380.3149     28704.45     441.2508  13.8551   0.0167     7.65    0.438 -14.60   0      101.1     4418.736     83.70077
       245    328.1573    381.1431     14451.67      436.323  14.6002   0.0328     7.66    0.478   0.04   0      52.58     2413.219     78.61539
       246    971.9110    380.4840     3870.875     333.0105  16.0305   0.0934     5.69    0.353   8.05   0      17.28     849.2557     73.76156
       247    809.7999    378.7818     4085.407     337.4396  15.9719   0.0897     3.92    0.252   9.37   0      15.95     811.2917     73.83923
       248     52.9357    375.3491     14208.68     396.5339  14.6186   0.0303     7.37    0.414  -6.26   0      55.84     2534.608     78.96555
       249    873.7145    373.6061     10677.45     352.1958  14.9288   0.0358     7.45    0.473  -2.48   0      43.93      1965.45     77.49561
       250    510.7351    371.5146     3133.772     303.1383  16.2598   0.1051     6.20    0.354  10.41   1      15.75     769.9913     73.32133
       251    955.7848    365.3878     12200.51     524.8951  14.7841   0.0467     9.99    0.543   5.44   0      35.24     1473.199     75.84918
       252    598.8431    365.3368     8778.254     427.5195  15.1415   0.0529     7.23    0.424  -4.98   0      32.39     1516.616     75.97916
       253    374.9314    363.2262     33459.02     421.2806  13.6887   0.0137     7.24    0.357  -3.45   0      118.1     5651.489     87.47755
       254    298.2312    358.7886     5490.553     392.4211  15.6510   0.0776     7.29    0.494  -8.94   0      20.66     1037.549     74.91673
       255    226.2098    357.3335     22006.89     447.5198  14.1436   0.0221     7.22    0.402  -4.88   0      79.43     3669.683     82.16751
       256     79.5627    351.2838     38677.65      441.506  13.5314   0.0124     7.03    0.395  -5.72   0      132.7     6287.629     88.79209
       257    951.7865    353.6674     7911.223     361.5004  15.2544   0.0496     7.48    0.516  -1.66   0      34.42     2520.063     78.92367
       258    572.6871    351.6920     4389.037     313.3806  15.8941   0.0775     7.47    0.502  -7.90   0       20.3     1001.927     74.23048
       259    129.2814    343.6208     84143.45     466.6346  12.6874   0.0060     7.33    0.358  -5.77   0      247.7     13501.91     105.9278
       260    928.0676    345.9541     8865.528     270.1075  15.1307   0.0331     0.00    0.349  -2.98   0      47.07     3158.764     80.74197
       261    304.4371    342.3176     26799.75     384.5573  13.9297   0.0156     7.28    0.384  -4.10   0      98.83     4516.843     84.30808
       262    957.4177    343.3088     8434.654      253.271  15.1848   0.0326     7.30    0.460  44.84   0      72.39      5115.82     85.57263
       263    514.2273    339.7942     58998.09     478.0964  13.0729   0.0088     7.11    0.389   0.57   0      185.7     10424.96      99.2512
       264    594.5672    341.1314      12859.5     409.1405  14.7269   0.0346     7.32    0.440  -3.15   0      51.55     2477.821     78.80193
       265    100.1159    338.0660       5270.6     377.3676  15.6953   0.0778     6.06    0.421  -7.21   0      16.38     627.8917     73.07632
       266    551.3711    335.1636     6288.877     351.4016  15.5036   0.0607     6.92    0.472  -5.68   0       25.9     1286.069      75.6669
       267     28.1306    326.0723     3050.481     308.9417  16.2891   0.1100     6.23    0.560  -7.84   0       13.7     664.5532     73.19025
       268    204.9713    321.8863     10283.88     140.5438  14.9696   0.0148     4.50    0.061 -87.53   0      120.8     9992.493     97.96318
       269    940.7227    319.0617     4774.912     323.7975  15.8026   0.0736     4.86    0.299  10.42   0      22.75     1172.602     74.75121
       270    639.9975    312.5589     238031.8     562.5097  11.5584   0.0026     7.11    0.327  -3.03   0        517     39707.46     152.2818
       271    329.2551    317.5227     9132.183     390.8678  15.0986   0.0465     8.74    0.453  -4.82   3      33.76     1537.059      75.8512
       272    325.4360    310.2625     51867.24     457.7541  13.2128   0.0096    13.90    0.276  -9.70   2      165.6     7976.391     93.32253
       273    255.4983    318.0110     6745.228     347.5896  15.4275   0.0560     6.38    0.397 -11.94   0      28.96     1392.464     75.60688
       274    865.2032    317.4167     4705.089     359.4791  15.8186   0.0830     7.48    0.510  -1.98   0      19.93     976.4069      74.3457
       275    149.8496    313.8835     42632.48     441.9153  13.4256   0.0113     7.05    0.393  -5.63   0      143.7     7163.696     91.00686
       276    456.2266    311.9026     6814.968     363.7833  15.4163   0.0580     7.02    0.403  -3.69   0      28.05     1415.962     74.91463
       277    390.0292    312.9713     2155.526     253.3063  16.6661   0.1276     4.43    0.326   0.99   0      13.69     799.6232     74.19143
       278    846.5966    310.7746     5496.424     384.1028  15.6498   0.0759     7.46    0.461   7.71   0      20.52     988.5234     74.57554
       279    854.1644    303.0154      7689.86     415.0013  15.2852   0.0586     7.54    0.466  -3.21   0      30.25     1434.253     76.29913
       280    207.4483    301.1414     10217.78     432.4549  14.9766   0.0460     7.99    0.448  -5.89   0      37.91     1672.246     76.44328
       281    210.4814    290.6465     13946.43     482.9371  14.6388   0.0376     6.86    0.421  -6.58   0      49.58     2275.728     77.84885
       282    679.2216    289.5272      4680.26     384.5543  15.8243   0.0892     6.16    0.384 -78.66   0      17.33      691.066     73.66344
       283    158.1642    290.0257     1466.849     128.3075  17.0840   0.0950     2.36    0.165   0.27   0      30.66     1214.578     75.45187
       284    118.1770    284.6913      8290.57     472.7339  15.2035   0.0619     8.04    0.422  -0.03   3      24.69     1044.086      73.9722
       285    113.4940    279.2231     9247.677     448.2592  15.0849   0.0526     8.89    0.487   0.00   2      32.18         1279     74.69047
       286    676.9990    281.2229      3718.97     352.8016  16.0739   0.1030     6.59    0.292  -0.13   0       15.6     746.0668      73.6382
       287    521.6281    282.0193     3473.485      301.017  16.1481   0.0941     6.18    0.472 -11.27   0      16.72     794.5482     74.17588
       288    855.5463    280.6418     3640.917     315.1244  16.0970   0.0940     5.09    0.163 -11.10   0      15.44       789.28     73.96584
       289    202.3430    277.2318     4353.525     346.0222  15.9029   0.0863     5.85    0.187 -12.86   0      19.37     921.0481     73.98244
       290    151.2164    275.6897     5743.183     356.1251  15.6021   0.0673     8.10    0.507  -3.86   0      25.77     1248.567     74.79005
       291    951.8246    273.7818     3398.967     321.7164  16.1716   0.1028     4.87    0.237  11.83   0      15.51     788.2173     74.15648
       292    186.1592    268.6993     24341.76     435.7146  14.0341   0.0194     7.73    0.381  -6.32   0      88.27     3995.143     82.36842
       293     73.1000    269.6194     4625.926     362.4131  15.8370   0.0851     5.84    0.233 -17.52   0      20.31     1010.704     73.86957
       294    142.1577    266.8892     7388.274     382.4146  15.3286   0.0562     9.00    0.486  -4.53   0      27.84     1189.302     74.60975
       295    272.0098    262.7628     172612.7     545.3909  11.9073   0.0034     7.95    0.232  -0.85   0      414.4     28562.34     134.7312
       296     21.7726    263.8887      15549.1     543.7877  14.5207   0.0380     8.30    0.461  -8.52   0      45.01     1845.222     76.58172
       297      8.0947    254.8850     33606.29     422.2112  13.6839   0.0136     7.15    0.395  -5.95  16      117.7     5674.042     87.37193
       298    890.3854    252.7828       4174.8     359.1437  15.9484   0.0934     6.85    0.391  -6.90   0      18.24     887.1212     74.07226
       299    611.5564    247.4933     55461.28     502.0943  13.1400   0.0098     7.04    0.402   0.80   0      170.5     8506.688      94.1487
       300    304.1477    251.0968     4926.168     351.5419  15.7687   0.0775     6.88    0.192  -4.95   0      18.29     806.2323     73.23778
       301    590.7543    247.9264     10323.21     440.7326  14.9655   0.0464     7.79    0.512  -1.63   0      34.87     1563.385     76.11893
       302    542.3387    248.1264     5518.107     398.7893  15.6455   0.0785     6.11    0.231   6.64   0      20.69     918.4833     74.16843
       303    765.9141    239.0169     8452.725     418.0034  15.1825   0.0537     8.83    0.479  -4.28   0       29.6     1288.843      75.1038
       304    148.1796    235.2121      5215.45     382.0619  15.7068   0.0796     4.83    0.365  -6.90   0      19.04     985.0797     74.56505
       305    574.6323    222.4382     17947.56     460.5115  14.3650   0.0279     9.06    0.466  -0.84   2      61.08     2704.763     79.63429
       306    271.4093    223.1517     4876.522     366.5095  15.7797   0.0816     4.11    0.325  -5.04   0      17.59      877.515     74.23647
       307    705.7462    213.4551      14826.1     409.3554  14.5724   0.0300     7.72    0.432  -3.85   0       56.1     2621.935     79.57821
       308    159.5712    215.1709     2892.771     278.2503  16.3467   0.1045     5.23    0.308 -12.96   0      14.87     818.9829     74.25071
       309    639.0654    209.8919     7617.318     432.7484  15.2955   0.0617     8.10    0.516  -4.94   3      31.56     1467.434     75.45222
       310    649.7982    208.1944     12191.94     456.0906  14.7848   0.0406     7.04    0.454  -1.89   3      44.53     2160.927     77.88262
       311     50.6581    205.7131     3331.137     296.0988  16.1935   0.0965     5.12    0.161   9.83   0       17.6     884.4443     73.67525
       312    487.1834    200.8073     7600.691      339.799  15.2979   0.0486     9.80    0.329 -16.60   0      33.34     1569.395     76.13688
       313    927.7147    199.8967     5242.472     377.3507  15.7012   0.0782     8.29    0.432   9.27   0      21.71      1029.93     74.12268
       314    842.0140    200.3296     6372.527     319.3447  15.4892   0.0544     8.03    0.470  -1.40   0      29.57     1425.815     75.89651
       315    523.4910    198.6496     5086.662     292.5756  15.7339   0.0625     9.05    0.532  -2.24   0      22.77     924.3492     73.79825
       316    861.7268    185.7294     41644.66     525.3328  13.4511   0.0137     7.23    0.296   2.42   0      129.5      6138.94     88.57297
       317    747.7552    190.3832     13866.52     431.8816  14.6451   0.0338     7.35    0.353  -7.18   2      49.03     2285.298     78.61091
       318    848.3799    191.2338      5367.82     376.4738  15.6755   0.0762     4.84    0.313  16.10   0      21.28     1067.336     75.00703
       319    228.1359    183.7995     17746.63     470.4398  14.3772   0.0288    12.99    0.386 -13.12   2      56.69     2707.517     79.82226
       320    144.7368    184.3075     15243.84     346.9489  14.5423   0.0247     7.93    0.468  -2.80   0       61.2     2615.709     78.83515
       321    443.2248    181.0147      71960.9     441.5634  12.8573   0.0067     7.11    0.371  -4.65   0      222.8     12655.19     104.3708
       322     16.3783    183.8531      4875.41     404.6811  15.7800   0.0901     7.07    0.673  -5.17   0      15.55      612.759     73.42145
       323    713.5276    180.9597     150857.5     509.4707  12.0536   0.0037     7.03    0.321  -3.20   0      382.7     25564.98     129.2436
       324    977.1996    171.8790     3255.888     334.7423  16.2183   0.1117     5.63    0.416  -3.38   0      14.65     717.6103     73.55032
       325    486.7623    168.8048     6204.923     471.7302  15.5182   0.0826     9.20    0.498 -34.41   0      20.89     704.0948     73.89822
       326     51.9279    168.7180     5803.946     326.7241  15.5907   0.0611     7.76    0.488  -7.92   0      24.08     1122.787     74.40685
       327    674.9847    166.3263     13952.51     365.2788  14.6384   0.0284     4.92    0.311  17.36   2      61.76      3384.34     81.55071
       328    678.9823    165.2595     7306.981      210.351  15.3407   0.0313     5.87    0.217  22.35   3      57.48     3866.844     82.71106
       329    187.5611    167.4909     2998.626     295.8435  16.3077   0.1071     4.07    0.038  -5.96   0      14.89     821.3499     73.48035
       330     18.9770    159.8295     19489.63     385.8362  14.2755   0.0215     7.81    0.344  -0.39   0      72.27     3001.702     80.65552
       331    397.2040    158.7269     5904.936     351.1532  15.5720   0.0646     7.72    0.463  -4.53   0      27.13     1210.684     75.05847
       332    741.3102    157.7087     3394.952     298.5625  16.1729   0.0955     3.95    0.196 -44.65   0      16.71     904.1785      73.9306
       333    496.0846    149.4266     10908.46     518.1366  14.9056   0.0516     7.16    0.526   2.30   0      27.16     1249.109     74.98346
       334    118.1559    144.0291     2748.137     279.4199  16.4024   0.1104     5.67    0.458  -0.73   0      14.23     753.7755     74.05085
       335    746.0928    139.6739     6676.142     391.2765  15.4387   0.0636     8.77    0.505  -2.14   0      27.31     1251.959     74.80036
       336    162.9627    138.8055     10475.57     351.0443  14.9496   0.0364     6.99    0.391  -4.11   0      45.71     2058.677     77.95296
       337    496.1005    134.9519     5403.315     394.1963  15.6683   0.0792     8.68    0.487 -25.97   0       21.7     811.7831     72.86189
       338    411.3011    133.9047     6793.392     340.3151  15.4198   0.0544     4.27    0.209   0.34   3      31.33     1628.166     75.74548
       339    418.8346    131.5112      17801.3      438.883  14.3739   0.0268     7.69    0.442 -12.08   3      60.78     2922.465     79.71458
       340    991.3722    129.8764     5700.777     379.5232  15.6102   0.0723     7.51    0.480  -7.78   0      25.03     1163.828     74.91646
       341    895.4182    129.6138     4190.438      339.631  15.9444   0.0880     2.79    0.199  77.94   0      17.07     858.7632      73.9852
       342    267.6477    127.9588     15055.49     424.9708  14.5558   0.0307    11.51    0.459  -3.48   0       56.5     2503.768     79.05858
       343     67.2543    127.7145     5442.374     382.1968  15.6605   0.0763     5.52    0.372  14.04   0      19.14     937.4185     73.83849
       344    108.5423    128.8421     3672.057     333.9515  16.0877   0.0988     5.67    0.414 -16.37   0      14.85     693.2214     73.47491
       345    995.9900    114.2931     10637.71     350.1255  14.9329   0.0357     7.20    0.440  -2.58   0      45.52     2162.325      77.8867
       346    375.7558    113.3004      9671.77     473.3975  15.0362   0.0532     7.33    0.431  -2.92   0       32.2     1516.186     75.02691
       347    786.2123    107.2861     3720.611     317.4518  16.0735   0.0927     7.09    0.479  10.87   0      17.23     836.8867     73.72344
       348    390.0819    102.2695     7716.111     417.6028  15.2815   0.0588     8.01    0.513  -1.99   0      28.79     1407.869     75.27259
       349    741.4291     98.9733     3752.865     342.4972  16.0641   0.0991     6.24    0.156 -22.04   0      16.21     816.4786     74.24304
       350    856.9593     94.7984     42302.42      468.563  13.4341   0.0120     6.98    0.397  -4.89   0      142.7     7286.033     91.93876
       351    579.9640     95.6896     4857.259      410.834  15.7840   0.0919     6.80    0.139  81.68   0      18.15     729.5961     73.19601
       352    339.5998     90.9527     32895.48     420.9765  13.7072   0.0139     6.93    0.379  -2.65   0      118.5     5766.457     87.77573
       353    968.1447     86.1382     6817.755     370.6286  15.4159   0.0590     0.00    0.593  42.28   0      35.21     1331.963     75.61494
       354    477.2420     87.6965     5001.136     385.6759  15.7523   0.0837     6.13    0.424  11.50   0      17.82     859.3367     73.20648
       355    576.8504     84.3338     4637.391     146.6083  15.8343   0.0343     1.03    0.067  67.73   0      63.98     4462.516     84.33195
       356    133.1070     80.5992     8489.097     475.1017  15.1778   0.0608     9.44    0.515  -3.71   3      28.62     1312.956     75.36751
       357    143.2428     75.2771     40524.87      487.985  13.4807   0.0131    14.32    0.381  -2.41   3      129.7      6052.72     88.51384
       358    145.3962     66.8231     27390.92     478.0893  13.9060   0.0190     4.38    0.359  -4.74   3      94.17     5167.244     86.21027
       359    600.3207     80.9123     3510.859     330.5999  16.1365   0.1023     5.42    0.440  -4.05   0      13.89     759.8385     73.28986
       360    464.9473     79.2455      3861.24     327.5692  16.0332   0.0921     5.27    0.358  10.00   0      17.74     870.3967     74.21468
       361      2.3459     77.8300     5972.285     233.2614  15.5596   0.0424     8.04    0.392 -78.60  24      36.14     1910.011     76.96057
       362    897.0013     76.9815     2528.375     127.3865  16.4929   0.0547     0.00    0.014 -47.66   3      53.72     2324.583     78.35873
       363    900.6117     73.9250     4167.303     342.7721  15.9504   0.0893     6.81    0.418   2.96   2      18.17      896.053      74.2932
       364    620.5413     71.5015     4127.761     343.7917  15.9607   0.0905     5.94    0.412 -26.68   0      17.68     842.6319     73.54615
       365    720.9030     66.8126     17189.15     468.6408  14.4119   0.0296     8.16    0.460  -1.69   0      61.68       2615.9     79.19917
       366    808.9616     67.0530     5161.693     337.1004  15.7180   0.0709     5.28    0.377  -2.82   0      25.35     1310.669     75.55092
       367    454.0598     65.0087     35763.23     438.3683  13.6164   0.0133     5.11    0.390  -2.64   0      129.9     7238.966     91.66582
       368    331.6986     65.1284     7733.006      434.465  15.2791   0.0610     8.21    0.502  -0.89   0      28.54     1312.431     74.40714
       369    846.1624     62.5239     4921.227     386.5586  15.7698   0.0853     7.14    0.414   5.98   0      17.77     839.9722     73.92745
       370    299.1981     55.6936     37667.76     439.3546  13.5601   0.0127     7.05    0.350  -3.73   0      131.5     6509.447     89.67889
       371    269.4229     57.0827     7347.992     426.7585  15.3346   0.0631     6.25    0.347   0.28   0      26.69     1193.427      75.0062
       372   1002.4565     53.8763     2464.805     283.0207  16.5205   0.1247     5.28    0.450  -9.24   0      13.11     587.1077     72.94936
       373      6.4303     50.2315     27856.24     448.8839  13.8877   0.0175     7.98    0.343   4.72  24      92.85     4074.664     83.62429
       374    271.5166     47.5000     27598.48     526.0892  13.8978   0.0207     5.69    0.412   2.29   0      90.02     4224.237     83.17097
       375    934.2190     47.3262     11540.13     454.9774  14.8445   0.0428     7.89    0.423  -0.46   0      44.63     1987.847     77.56126
       376    722.6077     46.5588      9299.34     356.3783  15.0789   0.0416     8.26    0.509  -2.23   0       37.4     1742.244     77.02488
       377    648.2274     45.8398     9481.015     477.8352  15.0579   0.0547     8.23    0.410  -0.16   0      35.06     1469.526     76.21594
       378     37.6563     45.8321     7764.834     390.0719  15.2747   0.0546     7.83    0.509  -0.76   0      31.67     1453.394     75.60011
       379    770.2532     37.5775     6612.893     428.0475  15.4490   0.0703     8.13    0.581   0.15   2      24.07     1002.013     74.61664
       380    624.5844     40.1049     7298.546     423.3536  15.3419   0.0630     6.21    0.457   2.48   0      26.21     1372.656      75.1662
       381    850.9832     36.1183     13373.82     367.8581  14.6844   0.0299     7.30    0.427   4.56   0      55.12     2604.364     79.16605
       382    258.7113     33.4157     46401.11     484.0851  13.3337   0.0113     7.28    0.353  -4.53   0      153.8       7433.4     91.67792
       383    810.8015     34.7389     7169.156     284.2588  15.3613   0.0431     0.16    0.465  28.83   0      52.55     3540.513     81.98479
       384    502.3189     34.9030     3143.018     312.4757  16.2566   0.1080     4.94    0.278 -14.32   0      14.92     808.4307     73.44039
       385    746.4736     33.3184     6860.123     317.4377  15.4092   0.0503     8.56    0.510  -6.95   0       29.7     1321.838      74.8207
       386    425.7386     31.2017     7930.548     480.0977  15.2517   0.0657    11.30    0.700 -10.20   0      23.58     698.3631     73.68596
       387    732.8986   1015.1511     2314.642     180.6772  16.5888   0.0848     4.39    0.021 -22.36   2      19.99     1166.148     74.15288
       388    993.8966     27.1413     10913.86     498.3612  14.9051   0.0496     9.00    0.503   6.59   0      33.41     1298.003     74.94013
       389     87.6489     22.2228     10380.17     366.9834  14.9595   0.0384     7.31    0.454  -2.88   0      42.77      1866.59     77.39091
       390    231.1878     19.0257      5445.51      287.909  15.6599   0.0574     8.27    0.514  -2.07   0      24.96     1206.301     75.23631
       391    358.7080     19.1443     2742.571     296.8586  16.4046   0.1175     5.40    0.404  -2.08   0      13.11     615.8954     72.84212
       392    216.2186   1014.4864     23970.82      434.696  14.0508   0.0197    13.26    0.410  -4.09  16      84.63     3544.928     81.64603
       393    776.4936   1016.2282     2949.787     315.7645  16.3255   0.1163     5.07    0.274   1.42  16      13.55     619.9664     72.45954
       394    973.6580   1009.3290     24012.88     446.9337  14.0489   0.0202     7.44    0.405  -3.85  16      86.71     3843.058     82.47173
       395    927.6242   1007.1472     55574.93      445.309  13.1378   0.0087     7.46    0.346  -5.54  16      178.7     8743.153     95.32231
       396    996.6863   1002.4630     8396.316     449.4278  15.1898   0.0581     8.57    0.521  -7.04   0       28.1      1206.49     74.66209
       397    171.8222   1002.3209     4346.256     346.0175  15.9047   0.0865     7.27    0.419 -10.73   0      18.92     835.1234     73.91254
       398     66.2660   1000.7228      8207.26     415.2846  15.2145   0.0550     7.22    0.473 -10.00   0      31.43       1429.5     75.33788
       399      3.4426    997.1390     3113.119     266.5734  16.2670   0.0930     4.40    0.330 -40.51  16      15.22     715.7745     73.54464
