#   1 NUMBER                 Running object number                                     
#   2 X_IMAGE                Object position along x                                    [pixel]
#   3 Y_IMAGE                Object position along y                                    [pixel]
#   4 FLUX_AUTO              Flux within a Kron-like elliptical aperture                [count]
#   5 FLUXERR_AUTO           RMS error for AUTO flux                                    [count]
#   6 MAG_AUTO               Kron-like elliptical aperture magnitude                    [mag]
#   7 MAGERR_AUTO            RMS error for AUTO magnitude                               [mag]
#   8 FWHM_IMAGE             FWHM assuming a gaussian core                              [pixel]
#   9 ELLIPTICITY            1 - B_IMAGE/A_IMAGE                                       
#  10 THETA_IMAGE            Position angle (CCW/x)                                     [deg]
#  11 FLAGS                  Extraction flags                                          
#  12 SNR_WIN                Gaussian-weighted SNR                                     
#  13 FLUX_APER              Flux vector within fixed circular aperture(s)              [count]
#  14 FLUXERR_APER           RMS error vector for aperture flux(es)                     [count]
         1    200.6923      8.4346     17017.15     499.0026  14.4228   0.0318    10.91    0.102 -71.86  18      56.02     2665.166     87.79437
         2     79.8096     12.1429     4588.642     392.6441  15.8458   0.0929     3.83    0.241 -18.91   0      18.28     1100.383     84.76051
         3    870.0014   1014.6349      4330.46     379.1113  15.9087   0.0951     5.56    0.184 -62.51   0      18.58     1091.915     84.95908
         4    132.0316   1022.4224     2659.892     147.8593  16.4378   0.0604     4.64    0.172  78.18  24      37.13     2280.116     88.08029
         5     32.3560   1008.8970     9098.818     368.1931  15.1025   0.0439     5.56    0.236 -23.39   0      36.76     1971.415     85.97971
         6    702.1331   1006.6044     3226.346     314.8022  16.2282   0.1060     3.98    0.125  80.46   0      16.11     923.5873     84.06207
         7    240.8945    997.7695     71644.73     517.8818  12.8620   0.0079     4.62    0.163 -19.48   0      214.5     14702.39     114.8012
         8    860.5096    996.2965     81926.77     528.6272  12.7164   0.0070     4.68    0.181  -9.57   0      235.8     16841.05     119.2751
         9    970.9960    972.3567     4453.593     162.5818  15.8782   0.0396     0.89    0.173  89.00   0      65.68     4611.951     93.90454
        10    379.7090    970.6573     2614.352     171.3242  16.4566   0.0712     3.15    0.469 -26.82   0      29.59     2151.401     86.88743
        11    282.7992    956.0854     6755.765     162.9126  15.4258   0.0262     0.00    0.264 -24.13   0      95.59     5919.969     97.01864
        12    209.5138    955.1611     6199.098     398.3171  15.5192   0.0698     5.52    0.154 -42.13   0      24.73     1300.513     84.63248
        13    141.3077    953.5424     12883.58     206.0798  14.7249   0.0174     0.00    0.520 -56.31   0      131.8     11061.84     107.7015
        14    895.5663    939.6084     9766.031     232.7979  15.0257   0.0259     0.00    0.570 -54.71   0      92.17     6934.861     99.36765
        15    336.5343    941.1642     4763.724     383.0648  15.8051   0.0873     4.97    0.013  14.90   0       19.9     1047.122     84.39539
        16    681.7249    929.1309     17018.93     460.8596  14.4227   0.0294     4.74    0.147  -6.96   0      60.95     3628.422     90.87547
        17    120.9989    926.0045     5202.298     211.2111  15.7095   0.0441     4.19    0.012 -43.57   2      89.06     5142.099     94.78363
        18    770.3574    915.2873     54969.73     506.8203  13.1497   0.0100     4.88    0.150 -21.87   0      171.3     10920.93     107.4038
        19    836.4308    904.4002     3289.638     166.6774  16.2071   0.0550     1.94    0.104  48.03   0      42.32     3103.847     90.18071
        20     79.2702    900.1095     5264.157     380.9049  15.6967   0.0786     5.25    0.070 -32.41   0      20.77     1134.396     84.40794
        21    352.0605    897.8633     2217.797     147.1782  16.6352   0.0721     4.50    0.171 -62.11   0      43.76     1915.783     86.70311
        22    171.3959    896.8306     4950.061     371.9869  15.7635   0.0816     7.43    0.263 -38.97   0       21.4     1241.695     85.35882
        23    162.0343    880.7849     3954.377     152.9365  16.0073   0.0420     0.90    0.145 -77.76   0       62.6     3864.192     92.28069
        24    348.6099    873.5699     24996.98     468.7997  14.0053   0.0204     4.77    0.130 -16.91   0      88.58     5224.746     95.37613
        25     37.1341    846.7825     7914.955     442.7744  15.2539   0.0608     5.17    0.208 -29.39   0      29.18     1634.546     85.96275
        26    249.9252    793.4052     14936.72     436.7972  14.5644   0.0318     4.85    0.104 -19.15   0      56.25     3274.652     89.98636
        27     43.7626    786.3492     2305.146     156.5806  16.5933   0.0738     1.86    0.364 -41.27   0      34.08     2232.712     87.52992
        28    682.8450    782.5130     5060.611     408.1521  15.7395   0.0876     6.79    0.339 -13.88   0      19.49     1027.892     83.89719
        29    194.9771    766.9620     9500.728      155.026  15.0556   0.0177     4.32    0.081  61.29   0      125.3     8949.074      104.053
        30    529.9924    756.2599     2998.906     145.1815  16.3076   0.0526     1.18    0.116 -86.98   0      49.24     3075.446      89.9005
        31    340.0188    756.2051     5801.982      426.551  15.5911   0.0798     5.04    0.233 -43.42   0      20.75     1175.056     84.73922
        32     48.0670    756.1842     2928.757     154.4738  16.3333   0.0573     4.66    0.186  76.37   0      44.05     2179.536     87.39175
        33    800.6837    749.5333     39669.17     483.6865  13.5039   0.0132     4.73    0.155 -13.65   0      132.7     8249.015     101.5927
        34     63.5719    731.1292     5630.714     386.0186  15.6236   0.0745     6.29    0.309 -44.37   0      23.45     1237.773     84.90726
        35    191.2542    716.6017     9646.455     470.3666  15.0391   0.0530     5.17    0.167  -9.91   0      35.76     1961.222     86.82214
        36    949.7048    711.5794       4790.9     192.1271  15.7990   0.0436     5.91    0.467 -64.96   0      39.73     2908.535     88.63422
        37    713.9417    705.8876     2335.348     147.3596  16.5791   0.0685     4.44    0.165  59.82   0      47.67     2149.105     86.88142
        38     54.2992    701.5015     3623.855     344.9575  16.1021   0.1034     5.15    0.424  52.61   0      15.07     777.2328     82.53574
        39    291.4398    695.6179     6559.489     449.4492  15.4578   0.0744     7.03    0.311 -42.46   0      22.61     1092.443     85.18121
        40    530.1564    670.1658     2268.657     162.4145  16.6106   0.0777     4.07    0.311  44.78   0      38.53     1662.609     86.25487
        41    472.2467    660.5950     4147.727     173.3464  15.9555   0.0454     2.42    0.375 -60.33   0      55.32      3064.97     89.87402
        42    755.4739    652.2390      36500.8     512.3999  13.5942   0.0152     4.69    0.162  -9.58   0      119.5     7505.341     100.2903
        43    725.2274    655.5251     9053.563     179.6633  15.1080   0.0216     1.27    0.097  38.29   0      93.89     8369.458     102.2297
        44    203.8850    628.9039     2390.503     150.5945  16.5538   0.0684     4.66    0.225  45.32   0      48.46     2134.557     86.84336
        45    160.0350    615.0197     2364.701     189.2353  16.5656   0.0869     4.34    0.025 -44.21   2      32.37     1467.322     86.17562
        46    163.1425    612.1678     3677.105     316.6136  16.0862   0.0935     2.37    0.183 -89.60   2      14.49     843.0369     83.61977
        47    102.2556    601.6249      4924.68     348.5176  15.7691   0.0769     5.78    0.166 -73.37   0      21.49     1188.605     84.77555
        48    266.3513    596.3300     6870.501     411.4467  15.4075   0.0650     4.94    0.113 -43.61   0      26.56     1449.971     85.47337
        49    579.9919    593.0223     2864.305     144.9707  16.3575   0.0550     4.18    0.015  41.20   2      60.49     2956.625     89.59962
        50    611.0673    586.3296      3494.13     356.9115  16.1417   0.1109     4.95    0.287  71.77   0      14.57     829.5653     83.58315
        51    964.6929    584.2703      3789.13     353.1339  16.0537   0.1012     6.44    0.268  46.89   0      16.32     963.1354     83.94555
        52    503.2757    557.1573     25588.15     484.8324  13.9799   0.0206     5.03    0.177 -21.43   0      89.62     5202.405     94.92812
        53    761.1155    556.5805     12405.52     454.4661  14.7660   0.0398     3.46    0.242  -9.38   0      45.04     2813.519     88.81407
        54    301.1932    555.0164     5539.235     152.2208  15.6414   0.0298     0.80    0.131  -3.32   0      75.91     5312.619     95.19163
        55    329.6556    533.8865     3532.275     354.2959  16.1299   0.1089     5.07    0.290  14.82   0      14.51     754.8804     83.15434
        56    646.9447    526.9055     5192.788     378.3894  15.7115   0.0791     7.94    0.346 -60.54   0      21.82     1032.283     83.68503
        57    735.8988    509.7823     8742.065     462.8846  15.1460   0.0575     5.03    0.271 -11.62   0      28.82     1627.174     85.50521
        58    500.8839    509.5665     8030.106     454.3437  15.2382   0.0614     5.77    0.178 -27.97   0      27.85     1626.266      85.7221
        59    214.9377    493.8199     10684.56     176.4729  14.9281   0.0179     5.03    0.318  70.76   0      133.1     9909.802     105.5986
        60    344.7695    468.6752     16806.08     453.5674  14.4363   0.0293     5.31    0.177 -15.00   0      61.01     3459.049     90.65823
        61    827.8895    467.4377     21333.03      468.024  14.1774   0.0238     4.65    0.146  -8.31   0      76.59     4663.792     93.22779
        62     38.0260    463.6798     3231.068     304.1892  16.2266   0.1022     1.85    0.190 -89.44   0      15.65      1007.96     84.28987
        63    248.0006    461.8493     23781.34     174.7119  14.0594   0.0080     0.00    0.105 -89.29   0      202.3     23800.54     132.1554
        64    521.4726    458.0034     10495.42     201.1084  14.9475   0.0208     3.13    0.478  -0.35   0      115.6     8650.117     102.8518
        65    342.2866    456.7739     6237.213     225.1961  15.5125   0.0392     6.90    0.526   1.64   0      43.94     3237.411     89.68314
        66    865.6817    454.9854     4044.765     196.0899  15.9828   0.0526     3.88    0.527   0.40   0      45.15     2648.506     88.60296
        67    863.1560    444.5993     38735.38     547.8888  13.5297   0.0154     4.76    0.204  -5.96   0      123.5     8093.664     101.9836
        68    416.9774    430.2051     2557.975     144.4897  16.4803   0.0613     1.08    0.126  86.40   0      43.85     2496.807     88.21299
        69    784.2289    425.1839     13228.02      422.788  14.6963   0.0347     5.19    0.191 -14.98   0      50.83     3003.048     89.92632
        70    665.4006    426.3094     4605.963     358.9289  15.8417   0.0846     3.82    0.148 -20.00   0      18.49     1095.338     84.52514
        71    926.5782    410.6443     3695.544     326.8394  16.0808   0.0960     4.50    0.141 -14.46   0       15.3     858.9074     84.33347
        72    669.1841    399.0244     6711.459     410.2162  15.4330   0.0664     4.83    0.244 -21.19   0      25.99     1396.347     85.76961
        73     50.0184    395.4273     3380.205     161.0743  16.1776   0.0518     0.90    0.183  87.85   0      51.56     3383.368     90.88243
        74    504.0111    382.9984      5589.57     410.7386  15.6316   0.0798     4.28    0.035 -61.10   0      20.31     1202.008     84.81148
        75    158.8437    382.5540     4574.415     385.3961  15.8492   0.0915     6.18    0.126   9.43   0      16.58     910.7781     84.25058
        76    887.8141    366.6653     11871.32      515.209  14.8138   0.0471    10.32    0.212  -9.29   0       36.1     1994.367     86.90885
        77    888.4571    357.1344     15048.82     518.4228  14.5562   0.0374     5.54    0.146   4.43   0      48.01     2700.054     88.73509
        78    217.5062    350.2542     3516.115     344.8865  16.1348   0.1065     3.86    0.019  -5.62   0      16.09      876.689     83.26139
        79    148.8030    347.1825     6647.134     398.5727  15.4434   0.0651     5.41    0.135 -25.21   0      25.84     1393.953     85.32429
        80    908.8195    320.0049     11500.43     538.2195  14.8482   0.0508     5.15    0.114  -5.23   2      31.23     1290.949     85.04948
        81    709.9218    300.9300     11738.24     161.2107  14.8260   0.0149     4.43    0.110  38.37   0      138.6     11185.42      107.962
        82    601.8682    296.6013     10157.18     205.3495  14.9831   0.0220     2.85    0.463 -88.12   0      83.65      6920.75     99.14619
        83    209.0889    280.0304     3761.804     368.7229  16.0615   0.1064     5.29    0.400 -21.78   0      14.67     716.3006     83.04882
        84    174.4546    266.3613     3080.065     340.4881  16.2786   0.1201     5.69    0.220 -52.35   0      14.06     747.6434     83.80936
        85    815.9669    255.4129     13868.88     499.4498  14.6449   0.0391     5.10    0.141  -9.15   0      47.15     2709.239     89.39097
        86   1019.3859    255.8950     4226.481     356.0617  15.9351   0.0915     5.62    0.229 -33.04  16      17.18      924.135      83.8399
        87    598.2753    244.2741     18703.56     457.6049  14.3202   0.0266     4.90    0.087 -28.70   0      69.19     3881.902     91.30179
        88    827.6916    216.0143      52572.9     519.4797  13.1981   0.0107     4.59    0.153  -7.20   0        165     11034.52     107.6439
        89    686.0167    203.0198     7460.274      420.793  15.3181   0.0613     5.68    0.262 -44.50   3      28.15     1505.331     85.83945
        90    693.9037    198.7615     24199.91     531.3282  14.0405   0.0238     4.87    0.230 -23.43   2      79.28     4677.368     92.85736
        91    256.1168    172.8681     2320.275     196.4846  16.5862   0.0920     0.00    0.203 -42.92   2      33.28     1327.142     84.70397
        92     69.7499    165.7705     31014.85     537.7383  13.7711   0.0188     4.82    0.170 -16.27   0      100.4     6029.794     97.08237
        93   1011.6166    153.7086     8318.785     452.4178  15.1999   0.0591     8.69    0.199  25.40   0      30.36     1786.477     85.92759
        94    726.2256    113.5157     3676.468     198.0471  16.0864   0.0585     5.97    0.485 -21.46   0      30.83     2342.146     87.59954
        95    512.8443    107.7428     3843.072      152.771  16.0383   0.0432     1.02    0.074  79.06   0      52.31     3718.858     91.30722
        96    876.3216     80.8296     8177.423     454.4174  15.2185   0.0603     5.09    0.200  -4.23   0       28.6       1523.8     85.66945
        97    897.3348     76.7854     12963.67     421.5338  14.7182   0.0353     0.00    0.096 -38.84   2      43.16     3372.967     90.44217
        98    381.5647     70.3369     6107.227     414.4368  15.5354   0.0737     4.33    0.177 -14.10   0      22.69     1302.213     85.07957
        99   1022.5618     67.3671     8966.494     331.9016  15.1184   0.0402     5.03    0.270 -77.83  24      42.24     2499.653     88.43288
       100    121.4490     68.9013     3363.906     355.5107  16.1829   0.1148     6.24    0.559   9.50   0      14.71     698.5773     82.54664
       101    434.9783     59.9441     5013.752     148.3021  15.7496   0.0321     4.37    0.111  60.34   0      82.02     4548.777     93.35012
       102   1006.9871     48.9832     7950.071     454.3037  15.2491   0.0621     4.42    0.184 -11.28   0      27.42     1615.087     85.91129
       103    237.6845   1021.5242     3624.156      310.588  16.1020   0.0931     5.97    0.023 -32.21  16      16.38     874.3499       83.255
