#   1 NUMBER                 Running object number                                     
#   2 X_IMAGE                Object position along x                                    [pixel]
#   3 Y_IMAGE                Object position along y                                    [pixel]
#   4 FLUX_AUTO              Flux within a Kron-like elliptical aperture                [count]
#   5 FLUXERR_AUTO           RMS error for AUTO flux                                    [count]
#   6 MAG_AUTO               Kron-like elliptical aperture magnitude                    [mag]
#   7 MAGERR_AUTO            RMS error for AUTO magnitude                               [mag]
#   8 FWHM_IMAGE             FWHM assuming a gaussian core                              [pixel]
#   9 ELLIPTICITY            1 - B_IMAGE/A_IMAGE                                       
#  10 THETA_IMAGE            Position angle (CCW/x)                                     [deg]
#  11 FLAGS                  Extraction flags                                          
#  12 SNR_WIN                Gaussian-weighted SNR                                     
#  13 FLUX_APER              Flux vector within fixed circular aperture(s)              [count]
#  14 FLUXERR_APER           RMS error vector for aperture flux(es)                     [count]
         1    193.2143     20.3614     6845.561     501.6894  15.4115   0.0796     7.91    0.329 -83.02   0      20.63     892.3349     81.36414
         2    882.5769     15.8473      5106.04     396.0059  15.7298   0.0842     5.40    0.161   7.81   0      19.02      976.839     81.38802
         3    724.3934     13.3593     5761.343     411.3421  15.5987   0.0775     6.22    0.044  30.83   2      18.97     714.6985     80.65268
         4     83.1946     10.7993     37644.98     583.7672  13.5607   0.0168     6.51    0.389 -23.14  16        106     5099.186     91.80824
         5    203.1582      8.0613     95721.15      530.785  12.5475   0.0060     7.67    0.139   1.14  26      258.7     16503.17     116.6721
         6    187.8387      8.3390     8835.562     504.3045  15.1344   0.0620     6.70    0.330  -8.70  19      27.15     1210.633     81.61636
         7    441.0655     10.6140     5828.177     420.7147  15.5862   0.0784     8.67    0.490  -4.90  16      22.26     987.8587     80.99363
         8    400.2162   1013.2166     5871.742     409.2997  15.5781   0.0757     5.19    0.217  12.22   0      22.55     1123.767      81.3741
         9    240.8490   1020.6984     25664.13     399.0742  13.9767   0.0169     5.55    0.228  -7.36  24       93.3     4799.899     90.49386
        10    317.6369   1009.7365     17715.48     583.4008  14.3791   0.0358     6.67    0.170   4.11   0      49.68     2381.843     84.81507
        11    919.8732   1009.6174     7604.383     423.7151  15.2973   0.0605     5.64    0.163  20.98   0      29.69     1415.575     82.39484
        12    178.1762   1010.9811      5832.07     144.1409  15.5854   0.0268     0.96    0.126 -10.62   0      82.01     5586.649     93.37761
        13    704.5433   1005.8215     32662.64        553.7  13.7149   0.0184     5.63    0.232  -2.61   0      100.2     5222.732     92.11357
        14    243.4847    996.9268       531168     746.5551  10.6869   0.0015     5.60    0.170  -1.60   0      818.2     86088.98     212.4588
        15    862.9160    995.7131     629904.9     797.4252  10.5018   0.0014     5.54    0.197  -1.99   0      900.4     104338.7     231.3074
        16    140.2413   1000.7469     4417.142       389.01  15.8871   0.0956     6.42    0.204  16.12   0      17.24     788.4229     80.64639
        17    891.3812    997.8013     14041.33     517.6002  14.6315   0.0400     6.26    0.224 -10.77   2      48.43     2312.437     84.62889
        18    898.8267    991.6017     7674.595     443.6541  15.2874   0.0628     6.43    0.280 -23.15   3      26.61     1252.274     82.15356
        19    415.6331    993.0878      15166.5     464.5112  14.5478   0.0333     6.39    0.235   5.52   0       53.2     2527.939     84.79949
        20    191.6559    990.6702     11413.54     508.8687  14.8564   0.0484     7.74    0.241  -8.28   3      35.06     1628.807     82.56381
        21    200.2442    989.7949      13738.6     568.3419  14.6551   0.0449     6.52    0.254  -8.96   3      36.69     1720.618     83.43914
        22    800.0447    990.3295      4260.61     358.9099  15.9263   0.0915     6.16    0.215  -2.20   0       18.1      950.856     80.88973
        23    393.0874    988.8841     8266.998     501.4731  15.2066   0.0659     6.11    0.197 -10.55   0       24.5     1105.105     81.10941
        24    831.0986    975.8563     28275.75     412.2399  13.8715   0.0158     5.50    0.204   7.81   0      98.34     5233.403     91.76443
        25    250.7005    975.4291      18776.4     520.5049  14.3160   0.0301     5.91    0.205  -0.86   0      60.67     2808.866     85.14457
        26    374.7529    973.9639     6841.727      447.105  15.4121   0.0710     7.21    0.307 -24.54   2      25.81     1327.779     81.94191
        27    379.6383    970.7157     3299.369     187.5145  16.2039   0.0617     3.66    0.490 -28.98   3       34.6     2365.219     84.36226
        28    297.9881    974.0132     2779.895     326.4431  16.3899   0.1275     5.33    0.351  -0.85   0      13.87     684.9993     80.13928
        29    970.9882    972.3320     4749.595     156.8446  15.8084   0.0359     1.00    0.174 -88.69   0      67.52     4615.056     90.60184
        30    487.7342    970.4575     7255.039      472.647  15.3484   0.0708     9.35    0.189  -2.37   0      24.37     1017.931     81.07797
        31    687.7252    963.6954     16324.12     401.3187  14.4679   0.0267    12.09    0.212  27.32   0      58.91     2804.817     85.33629
        32    212.0226    954.3541     50856.48     551.8116  13.2341   0.0118     8.39    0.222  -5.78   2      146.4     8032.047     99.15101
        33    505.5759    956.1501     8127.445     441.9373  15.2251   0.0591     7.32    0.148  -8.94   0      30.89     1446.309      82.6886
        34    830.2936    952.1651     22217.09     618.8454  14.1333   0.0302    10.26    0.383 -89.75   2      55.56     2373.677     83.97491
        35    282.7760    956.0757     6573.874     162.1498  15.4554   0.0268     4.91    0.276 -19.18   0      96.76     5804.996     93.53917
        36    750.9481    954.0143     5305.521      390.635  15.6882   0.0800     6.80    0.253   3.55   0      19.86     865.5828     80.86355
        37    141.2924    953.5480     12654.74     198.5299  14.7444   0.0170     0.00    0.518 -56.78   0      130.4     10873.46     104.8064
        38     44.0613    948.8961     9812.088     513.2233  15.0206   0.0568     7.33    0.269   5.27   0      30.92     1430.148     81.80439
        39    163.5306    947.6371     12846.65     530.2612  14.7280   0.0448     9.80    0.335  17.59   0      36.04     1570.508      82.6124
        40    539.4933    946.4804      5668.75     424.7127  15.6163   0.0814     6.92    0.358  -9.56   0      18.08        891.4     80.50837
        41    895.9775    941.5474     47683.32     504.6965  13.3041   0.0115     5.70    0.024  78.37   0        149     6697.077     95.86236
        42    637.6030    943.5129     15184.47     608.5052  14.5465   0.0435     5.86    0.243  -3.31   0      38.27     1963.714     83.68715
        43     27.4276    943.0399     2840.151     294.5175  16.3666   0.1126     4.97    0.387 -27.62   0      14.29     780.8862     80.83897
        44    339.1483    940.2769     37528.04     478.9442  13.5641   0.0139     5.51    0.198  -2.74   0      121.8     6483.147     94.99106
        45    834.8452    933.6924      7528.95     450.3383  15.3082   0.0650     9.73    0.357  30.84   0      26.76     1067.064      80.5754
        46    684.1714    928.5826       126551     570.1689  12.2443   0.0049     5.41    0.205   0.81   0      316.5     20960.19      125.329
        47    322.5766    930.2175      9389.18     396.2844  15.0684   0.0458     5.71    0.179  -2.11   0      36.78     1795.832     83.64376
        48    798.0015    929.5010     8499.622     418.0462  15.1765   0.0534     6.63    0.294  -5.25   2      32.45     1387.592     82.10764
        49    150.1485    930.9836     3869.161     343.9199  16.0310   0.0965     4.07    0.193   1.30   0      15.28     807.6245     80.70049
        50    465.3122    930.0871     3551.602     357.2547  16.1239   0.1092     6.23    0.487  -5.67   0      15.03     690.6927     79.93977
        51    121.0013    925.9937     4966.571     142.7698  15.7599   0.0312     4.18    0.008  60.01   2      89.18     4969.169     91.48582
        52    204.2762    927.2919     5800.818     420.6999  15.5913   0.0788     5.49    0.196  -6.91   0      19.17     880.7689     80.26357
        53    772.8419    914.7104     420925.7     706.1183  10.9395   0.0018     5.51    0.157   1.13   0      712.5     69329.31     193.7917
        54    158.4362    914.6148     26132.91     606.2071  13.9570   0.0252     5.79    0.227   4.90   2      72.28     3508.145     88.36927
        55    987.2877    914.1380      10487.6     469.6263  14.9483   0.0486     6.13    0.188   2.22   0         38     1824.177     82.89187
        56      5.9409    910.4106     7828.916     361.1624  15.2657   0.0501    10.70    0.107  47.50  16      30.27     1386.463      82.3145
        57    724.1518    909.3455     21671.78     496.3342  14.1603   0.0249     5.98    0.191   6.38   0      70.66     3480.833     87.90713
        58     81.9402    899.4075     41114.88     551.7098  13.4650   0.0146     5.76    0.209   0.99   0      125.5     6550.139     95.51336
        59    173.8775    896.2901     39000.51     507.6188  13.5223   0.0141     6.95    0.243  -0.21   0      123.1     6373.311     94.54549
        60    601.0278    896.7539      13242.7     381.8979  14.6951   0.0313     5.81    0.205 -15.82   0      50.71     2473.839     85.46616
        61    352.0670    897.8648     2349.842     141.6224  16.5724   0.0655     4.54    0.200 -60.12   0      43.74     1878.323     83.24782
        62    703.0892    893.4627     8559.221     477.8113  15.1689   0.0606     6.09    0.252  11.47   0      30.06     1484.419     81.95503
        63    719.4371    891.9932       3295.2     338.4782  16.2053   0.1116     5.92    0.440   1.17   0      15.58     873.6201     81.09927
        64    201.8408    890.3496     15696.05     452.5381  14.5105   0.0313     5.59    0.110   6.74   0      55.19     2759.211     86.02124
        65    832.1637    884.2151     3730.571     372.7371  16.0706   0.1085     6.48    0.257  75.63   0      16.21     850.0688     81.24599
        66    350.9808    872.9941     193622.3     646.9836  11.7826   0.0036    11.00    0.073  -9.62   0        424     31040.45     142.1979
        67    162.0143    880.8259     3842.662     140.9693  16.0384   0.0398     1.00    0.116  87.59   0      64.26     3810.815     88.95044
        68    579.1139    874.4275     3766.847     348.8365  16.0601   0.1006     5.36    0.123  13.11   0      16.07     802.1081     80.04053
        69    471.0661    871.7681     5949.589     397.5767  15.5638   0.0726     5.14    0.097 -20.31   0      25.29     1290.589      81.8387
        70    121.0119    872.5035     4293.993     393.3514  15.9178   0.0995     5.63    0.355  35.72   0      15.14      694.801     80.16708
        71    681.4877    868.4937     1918.545     140.9286  16.7926   0.0798     4.75    0.331 -16.92   0      21.85     1555.219     82.36099
        72    539.1075    861.6478     19692.67     581.2079  14.2642   0.0321    13.34    0.519 -13.10   0      51.91     1652.876     82.21115
        73    237.6017    861.0552     6138.729     356.4837  15.5298   0.0631     7.91    0.243  -0.21   0      25.18     1158.602     81.47134
        74     77.0159    861.3925     9039.333     505.2512  15.1097   0.0607    10.39    0.320 -18.63   0      31.16     1338.145     81.97066
        75    715.2969    859.1422     8150.215     402.0658  15.2221   0.0536     6.53    0.160   1.00   0      31.71     1418.612     81.77233
        76    296.7809    855.2558     12261.72     485.8276  14.7786   0.0430     5.88    0.150   7.93   0      41.56     2035.372     84.08707
        77    821.4913    853.1249     12500.62     534.9752  14.7577   0.0465    10.40    0.503   8.06   0      36.06     1527.779     82.07519
        78     39.5625    846.1240     57913.52     549.2375  13.0931   0.0103     6.55    0.165  -8.43   0      166.8     8935.642     100.8593
        79    284.4486    845.9360     23161.37     728.6931  14.0881   0.0342    13.35    0.537  -6.62   0      51.96     2297.026     84.58749
        80    722.2697    844.8215     4045.086     367.0971  15.9827   0.0986     6.54    0.322  17.53   0      15.89     723.3628     80.46284
        81    406.7943    837.6881      4659.44     400.0877  15.8292   0.0933     7.77    0.249  46.91   0      18.43     803.2576     80.47396
        82    591.3163    834.7946     16670.36     454.9284  14.4451   0.0296     6.08    0.259  -0.93   0       59.3     2901.394     86.39607
        83    670.4065    832.9513      7784.88      414.546  15.2719   0.0578     5.30    0.217  -5.42   0      29.59     1585.604     82.86251
        84    433.1143    831.7648     6184.248     375.3816  15.5218   0.0659     5.93    0.276   4.56   0      25.19     1193.244     81.14355
        85    349.5602    832.2408     3983.305     355.1069  15.9994   0.0968     5.11    0.291   2.51   0      14.96     691.8704     80.15877
        86    614.0303    824.5506     9272.675     453.1263  15.0820   0.0531     5.95    0.220   5.43   0      33.69     1583.295     82.85618
        87   1021.2024    824.1098     6234.767     381.1167  15.5129   0.0664     7.43    0.141 -26.37  24      23.09     1074.816     81.23727
        88    637.7324    820.0245     4776.017     403.3765  15.8023   0.0917     5.48    0.110  32.03   0      17.17     814.2095     80.50488
        89    386.2497    817.9018       9532.7     437.7575  15.0520   0.0499    10.24    0.378   3.15   0      32.39     1459.611     81.67513
        90    829.6815    815.0966     11367.03     503.7335  14.8609   0.0481     5.85    0.199   6.10   0       37.1     1761.814     82.72071
        91    645.4296    813.2847     9161.922     514.6153  15.0950   0.0610     6.03    0.173  16.35   0      24.68     1197.466      81.3678
        92    730.1069    813.2646     5475.312     437.6227  15.6540   0.0868     8.04    0.482   8.80   0      18.89     729.4795     80.04997
        93    871.0058    809.5292     5320.127     397.2167  15.6852   0.0811     5.86    0.240 -42.72   0      19.58     971.3336     80.94724
        94    941.2956    805.7115     9137.195     450.1917  15.0980   0.0535     7.38    0.019  41.36   0      33.79     1684.769     82.71771
        95    638.0364    803.6061     20277.36     510.2813  14.2325   0.0273     6.86    0.216   3.63   0      67.59     3503.966     88.16293
        96    587.6700    803.3999     4663.207     388.0432  15.8283   0.0904     6.05    0.389  30.14   0      17.67     798.2123     80.45971
        97    902.5215    800.6038     4137.653     340.3139  15.9581   0.0893     6.18    0.362  11.61   0      17.79     866.5471      80.6525
        98    252.3714    792.5018     114794.8     577.5456  12.3502   0.0055     5.78    0.142  -1.92   0      292.8     17925.42     118.8308
        99    675.0519    796.6688     4481.777     394.5552  15.8714   0.0956     6.21    0.249 -10.62   0      16.41     854.5458     80.61868
       100    916.4041    790.3998     15336.33      517.335  14.5357   0.0366     5.55    0.194   8.05   0      52.21     2605.096     85.41121
       101    458.1230    790.6420     4644.394     384.6812  15.8327   0.0900     5.04    0.165  -8.58   0      18.63     1024.693     81.09692
       102     39.7035    782.0416     11673.31     543.4305  14.8320   0.0506     6.12    0.177  -2.12   2      33.86     1461.557     81.46892
       103    685.3849    781.7340     40452.07     510.8092  13.4826   0.0137     5.54    0.187  -3.90   0      126.9     6757.219     95.82486
       104    140.5159    780.4791     17812.13     449.7778  14.3732   0.0274     5.64    0.153   4.80   0      64.71      3212.51     86.41526
       105    304.5597    780.8865     6617.246     435.2509  15.4483   0.0714     6.54    0.123 -19.34   0      24.54     1141.191     80.99762
       106    889.6462    780.4918     4360.806      387.866  15.9011   0.0966     6.32    0.314 -30.61   0      15.99     703.0963     79.75889
       107    720.3698    775.2558     10575.85     446.1063  14.9392   0.0458     5.77    0.100 -21.35   0      40.35     2005.648     83.80095
       108    451.1726    777.4364     5078.684     408.8591  15.7356   0.0874     6.49    0.357  -5.14   0      19.86     967.5685     81.36212
       109    551.8828    774.5494     11392.01     495.1036  14.8585   0.0472     6.03    0.120  -1.69   0       37.9     1782.073     82.77635
       110    161.9921    769.8642     4418.756     368.5013  15.8868   0.0906     6.79    0.106 -87.81   0      18.58     850.8945     80.60838
       111    483.8974    768.6820     6625.463     453.7031  15.4470   0.0744     6.51    0.345   3.68   0      22.31     970.1811     80.51635
       112    194.9879    766.9606     9345.351     149.5779  15.0735   0.0174     4.30    0.067  60.89   0      125.2     8806.167     101.0808
       113    388.0385    759.9839      5353.32     194.4776  15.6784   0.0395     4.40    0.100 -27.66   2      77.17     4260.763     90.28415
       114     50.8240    757.1507     20109.52     445.1579  14.2415   0.0240    12.44    0.269  13.26   0      68.34     3089.735     87.08855
       115    342.0591    755.3442     41610.49      540.856  13.4520   0.0141     5.50    0.180  -3.25   0      127.4     6929.944     96.59175
       116    172.6598    756.2714     18712.74     499.3178  14.3197   0.0290    12.46    0.123  24.42   0      58.33     2320.256     84.64988
       117    803.3522    748.5800       311584     673.8554  11.2661   0.0023     5.37    0.166  -4.72   0      587.5     52159.51     172.8839
       118    529.9868    756.2654     3181.143     142.9502  16.2435   0.0488     1.23    0.137  87.50   0      51.39     3230.855     87.06039
       119    418.8484    747.0128     4965.484     407.7391  15.7601   0.0892     5.67    0.449   8.96   0      16.26     577.7233     80.26576
       120    159.4782    742.8075     9377.504     522.2021  15.0698   0.0605     6.69    0.246  10.64   0      26.57     1254.974     81.73973
       121    627.7492    742.0015     3284.086     389.4572  16.2090   0.1288     6.24    0.728 -34.25   0      14.19     556.0839     79.77284
       122    881.8071    739.1170      5731.89     427.7838  15.6043   0.0811     8.01    0.099  -8.26   0      20.46      845.175     80.80617
       123    724.4807    738.5737     16783.57     473.5756  14.4378   0.0306     5.56    0.172  -6.19   0      58.62     2902.725     86.19954
       124    692.7097    738.9797     8307.518     471.3251  15.2013   0.0616     7.46    0.195 -35.55   0       27.4     1224.453     81.01812
       125    818.0218    736.2043     16654.41      611.176  14.4462   0.0399     6.30    0.112  -9.67   0      42.61     1991.746     83.76324
       126    365.5804    736.4055     11260.86     542.4631  14.8711   0.0523     6.11    0.162 -12.29   0      33.28      1541.62     82.53289
       127      4.2419    734.2318     4942.604     322.6386  15.7651   0.0709     7.51    0.236 -51.83  16      20.23     909.2205     81.19897
       128    241.8760    732.0400     23803.02     411.8676  14.0584   0.0188     5.92    0.188  -1.73   0      82.55     4136.857     89.39424
       129    940.0239    733.9940     4945.153     142.7357  15.7646   0.0313     0.00    0.013 -45.69   3      85.91     4916.475     91.54359
       130    943.6316    730.9087     6241.175     440.9661  15.5118   0.0767     8.63    0.263  -8.49   2      23.11     1119.834     80.50997
       131    127.5406    732.8491     4041.698     376.3824  15.9836   0.1011     6.25    0.127  69.73   0      17.17     792.5728     80.44378
       132     66.2019    730.3115     41212.57     476.1792  13.4624   0.0125     5.51    0.177  -2.63   0      132.5     7264.602     97.02079
       133    685.1193    725.8976     13646.54     468.3966  14.6624   0.0373     5.56    0.142  -3.49   0      48.78      2439.81     84.56297
       134    194.2017    716.2076     75334.64     560.2644  12.8075   0.0081     5.70    0.212   0.97   3      206.6     11651.71     106.8044
       135    203.2058    716.7139     27060.17     564.5443  13.9192   0.0227    12.87    0.204  29.27   3      79.98     3729.029     88.35131
       136    548.8961    715.3236     7235.125     492.3159  15.3514   0.0739     9.54    0.158  84.95   0      24.61     1074.512      80.8103
       137    273.0259    717.1284     4800.271     311.6503  15.7968   0.0705     5.50    0.316 -20.41   0      21.25     1114.419     81.34799
       138    961.8466    717.0782     3322.128     320.1499  16.1965   0.1047     5.97    0.411   7.26   0      14.94     750.6844     80.11015
       139   1013.6787    710.7453      3444.21     346.1415  16.1573   0.1091     5.53    0.386  -8.72   0      14.27     682.2121     79.69936
       140     30.0918    709.2717     3794.608     327.1488  16.0521   0.0936     6.82    0.223  -1.72   0      17.63     848.6311     80.17252
       141    598.2386    705.2169     28228.51     489.7281  13.8733   0.0188     5.52    0.150   1.47   0      92.25     4851.159     91.75832
       142    351.9438    705.5930     6793.735     356.9011  15.4197   0.0571     9.92    0.235 -20.27   0      24.99     1076.521     81.45425
       143    484.8691    706.2917     6809.107      453.795  15.4173   0.0724     6.08    0.359   0.54   0      22.03     1114.437     81.13555
       144    713.9224    705.8826     2503.951     141.8695  16.5034   0.0615     4.49    0.167  63.04   0      47.96     2034.528     83.25954
       145     56.9623    700.8682     26014.79     462.3815  13.9619   0.0193     5.43    0.141  -5.63   0      86.57     4575.246     90.50193
       146    293.8512    695.0625     44350.16     582.6802  13.3828   0.0143     5.49    0.205   0.24   0      135.5     7439.898     97.43056
       147    532.8176    696.5187     3974.317     356.3144  16.0018   0.0974     5.47    0.176 -29.68   0      15.27     801.6548     80.46944
       148    275.4891    689.3036     21835.96     591.6059  14.1521   0.0294    11.90    0.284  -2.27   2      61.74     3005.263     86.06927
       149    692.5795    687.5096     14590.18     463.2986  14.5898   0.0345     8.54    0.102  11.73   0      49.52     2366.558       84.161
       150    494.4837    685.3525        18921     586.8193  14.3076   0.0337     6.29    0.184  -9.53   3      52.43     2403.176     84.46445
       151    500.8105    684.9905     15651.58      581.855  14.5136   0.0404     7.29    0.165 -15.44   3      42.78     1747.629     83.09824
       152    931.5200    681.3369     5567.362     487.1357  15.6359   0.0950     8.12    0.693 -46.06   0      17.19     611.3627     79.71391
       153    959.8859    689.7101     10507.06     518.5488  14.9463   0.0536     9.63    0.376  -5.55   0      31.22     1178.386     81.31449
       154    423.0777    680.6611     3099.964     318.6406  16.2716   0.1116     6.20    0.426  -3.30   0      14.51     716.5419      79.7972
       155    530.1935    670.3829     2097.813     155.7498  16.6956   0.0806     3.75    0.537  48.18   0     -2.109     1433.903     82.23573
       156    156.8014    669.9715     10755.93     612.5117  14.9209   0.0618    10.32    0.637 -11.48   0      24.29     926.7989     81.24816
       157    740.0909    668.5298     7922.223     430.9534  15.2529   0.0591     6.33    0.216 -20.93   0      28.76     1398.443     81.92724
       158    990.3954    666.6936     8487.836      500.712  15.1780   0.0641     6.01    0.107   4.84   0      26.46     1189.334     81.55701
       159    896.5324    666.9678     6494.026     429.1952  15.4687   0.0718     5.63    0.170 -16.51   0      23.48      1152.02     81.45297
       160    819.8784    664.2119     12722.46     429.4767  14.7386   0.0367     5.72    0.162  -2.32   0      48.22     2517.574     85.17801
       161    793.0817    664.0383     2768.871     142.2933  16.3942   0.0558     0.00    0.153  29.50   0      54.19     2403.107      84.6684
       162    472.1572    660.6608     3782.865     160.8945  16.0554   0.0462     2.62    0.348 -63.91   0      60.67     3118.059     86.76543
       163    449.1520    658.3284     15494.05     520.7299  14.5246   0.0365     5.79    0.185 -17.42   0      49.43     2386.308     84.82704
       164    839.1382    659.2021     6024.659     440.8545  15.5502   0.0795     5.35    0.178 -30.42   0      20.58     1032.557     81.33149
       165    758.0222    651.4153     267760.8     645.6771  11.4306   0.0026     5.37    0.189   0.13   0      534.2     44797.34     162.8125
       166     45.4990    658.1443     5153.309     387.2172  15.7198   0.0816     5.60    0.249 -12.46   0      20.11     976.0049     80.31815
       167      5.6874    650.6254     13762.15     361.3113  14.6533   0.0285     5.66    0.167  -0.77  16      53.83     2623.995     85.05654
       168    843.5255    651.0985     2369.281     147.6211  16.5635   0.0677     0.41    0.155  -0.24   0      37.69     2263.995     83.88358
       169    272.1514    649.4766     4095.272     372.9594  15.9693   0.0989     6.46    0.296 -18.91   0      17.25     817.8616     80.30051
       170    439.2527    636.2870     4734.832     384.7346  15.8117   0.0882     5.10    0.023 -43.87   0      18.94     943.1031     80.43988
       171     32.4341    632.7476     9032.377     437.4977  15.1105   0.0526     6.06    0.178   6.09   0      33.54     1592.694     82.67341
       172    267.9751    632.6073     4655.814     349.4152  15.8300   0.0815     7.29    0.193  -6.45   0      20.61     1012.759     81.27615
       173    787.5298    628.0810     4840.728     382.5475  15.7877   0.0858     5.30    0.113 -62.46   0      19.68     988.7646     80.56879
       174    203.9002    628.8904     2610.812     145.0471  16.4581   0.0603    -2.30    0.244  44.56   0      50.51     2258.406     83.86843
       175    213.4889    623.2305     5278.476     392.8227  15.6937   0.0808     7.00    0.024  22.20   0      21.29     948.6519     80.45556
       176    879.8099    622.7051     10228.65     520.9182  14.9755   0.0553     5.99    0.239 -14.28   0      29.95     1299.538     81.86355
       177    934.3893    622.2332     4035.156     363.5469  15.9853   0.0978     5.64    0.239  30.83   0      15.14     680.0613     80.55502
       178    889.0416    622.3719     5378.098      417.381  15.6734   0.0843     6.26    0.294 -11.17   0      19.43     891.6387     81.14975
       179    245.7740    619.7049     14050.64     468.5927  14.6308   0.0362     5.84    0.178  -9.75   0      49.13     2341.956     83.88902
       180    165.5128    612.6012     22134.71     452.9106  14.1373   0.0222     6.10    0.265  -8.11   2      72.56     3399.907     87.50059
       181    298.3971    614.1251     4100.831     302.7032  15.9678   0.0802     5.63    0.401   4.77   0      18.44     1028.931      81.1088
       182    798.3185    613.4650     3707.355     366.8879  16.0773   0.1075     6.00    0.212   9.17   0      15.22     655.1995      79.8388
       183    354.7498    611.1852     4046.197     356.3603  15.9824   0.0956     6.29    0.314   2.13   0      15.96     802.0794     80.68487
       184     18.1084    611.5885      4509.77     395.6636  15.8646   0.0953     6.60    0.209  16.57   0       17.3     801.8599     80.03982
       185    997.7414    609.9413       6910.3     457.6335  15.4013   0.0719     7.40    0.261  -8.09   0      24.01     1066.883     81.63908
       186     33.0680    608.2595     6377.436     463.9268  15.4884   0.0790     7.28    0.211 -20.77   0      18.74     716.0076     80.22717
       187    104.9230    600.9800     39097.91     549.3092  13.5196   0.0153     5.59    0.176   0.99   0      120.8     6539.174     95.48727
       188    122.3583    601.2023     15528.81     484.6897  14.5222   0.0339     5.71    0.187  -8.34   0      52.38     2547.847     85.66273
       189    139.5208    601.6656     5315.526     200.9819  15.6861   0.0411     4.17    0.534  18.67   0      44.39     3215.066     86.62151
       190    268.9457    595.2605     46369.06     515.9506  13.3344   0.0121     5.47    0.209  -5.96   0      142.7     7816.188     98.47984
       191    670.9575    595.0779     7105.932     402.5486  15.3709   0.0615     5.69    0.066 -15.65   0      28.06      1323.55     81.93018
       192    748.2750    590.7531     10495.03     434.3001  14.9475   0.0449    10.44    0.128  -7.19   0      36.21     1580.462     82.43063
       193     53.7693    591.4058     2832.674      300.316  16.3695   0.1151     6.08    0.347  -1.55   0      14.19     668.5436     80.52251
       194    612.8763    585.7377     31680.14     511.1306  13.7480   0.0175     8.83    0.210   2.97   0       99.1     5093.241     91.79353
       195    860.0432    602.0016     4821.596     366.4016  15.7920   0.0825     5.24    0.053  -8.89   0      19.76     954.7408     81.32629
       196    876.5162    588.2112     5567.335      357.329  15.6359   0.0697     4.38    0.102  -4.56   2      22.46     1140.552     81.42097
       197    237.5891    584.7737     17722.84     488.3757  14.3787   0.0299     6.00    0.175 -18.24   0      59.21      2834.67     86.22038
       198    967.0619    583.5060     25114.63     413.6354  14.0002   0.0179     5.73    0.117  -1.67   0      90.35     4742.505      90.3496
       199    697.2023    581.7045     24698.21     528.0112  14.0183   0.0232     5.51    0.146  -6.05   0      80.27     4171.292     89.48174
       200    184.9005    572.3668     8998.202     517.0531  15.1146   0.0624     8.91    0.282 -13.90   0      27.92     1251.695     80.88135
       201     66.7099    572.5466     10664.58     428.3864  14.9301   0.0436     9.74    0.413 -11.40   0      39.31     1455.001     81.87341
       202    316.1851    568.6245     4506.376     375.5154  15.8654   0.0905     6.37    0.166 -70.34   0      16.91     828.5319     80.97282
       203    922.6416    563.7844     5166.295      291.905  15.7171   0.0614     4.72    0.120  16.40   0      23.44     1284.205     82.24184
       204     27.5106    563.8523     5170.981     404.6668  15.7161   0.0850     5.45    0.307 -19.40   0       20.1     1002.946     80.60878
       205    505.8456    556.3180     188819.4     610.2337  11.8099   0.0035     5.49    0.175  -5.84   0      418.2     29719.04     139.8233
       206    763.4308    555.9017     83104.68     510.3545  12.7009   0.0067     5.21    0.188  -2.19   0      233.8     14187.65      111.453
       207    380.6978    559.6812     3753.987     350.0631  16.0638   0.1013     5.66    0.425 -22.99   0       14.7      781.062     79.76462
       208    311.7383    557.7013     9561.244     474.6647  15.0487   0.0539     6.40    0.138   4.39   0      34.42      1669.05     82.46545
       209    860.8674    558.1262     3537.569     240.2317  16.1282   0.0737     0.00    0.013 -17.96   2      22.11     1602.904     82.49248
       210     87.0285    546.3635     3558.186     348.7005  16.1219   0.1064     5.29    0.267  44.94   0      14.83     712.0721     80.64528
       211    332.4628    532.9531     27161.89     461.0768  13.9151   0.0184    10.53    0.132  15.34   0      87.58     4273.057     89.73985
       212    499.8061    534.6576     3753.575     356.1736  16.0639   0.1030     5.30    0.202  23.43   0      16.22     832.0002      80.7691
       213    732.8144    529.1872     11473.27      473.761  14.8508   0.0448     5.83    0.168 -11.30   0      39.41      1905.66     83.52934
       214    649.2587    526.1193     38433.96     555.2872  13.5382   0.0157    14.58    0.196  12.08   0      118.6     6243.854     94.23379
       215    191.0558    524.0244     19533.83     478.5148  14.2730   0.0266     5.99    0.137   8.80   0      64.47     3040.261     86.56142
       216    549.3806    524.4592     4009.083     358.7506  15.9924   0.0972     5.82    0.193  64.94   0      17.22     831.6477      80.5541
       217    750.1396    522.6797     7668.361     399.6394  15.2882   0.0566     6.09    0.185  -2.07   0      30.19     1480.927     81.94534
       218     21.9688    519.7177     9788.854     466.5211  15.0232   0.0518     5.43    0.084  29.53   2      32.36     1424.581     81.99971
       219    902.4631    517.0394     3061.637     322.6512  16.2851   0.1144     3.30    0.376 -26.98   0      13.86     778.4758     80.40394
       220     62.0848    527.6203     10574.97     490.3474  14.9393   0.0504     6.19    0.229  -3.67   0      34.74      1654.62     82.42567
       221    295.8052    512.9716     18885.54     425.6874  14.3097   0.0245     5.96    0.080 -45.70   0      64.72       3245.5     87.49411
       222    738.0396    508.9635     57710.13     546.0009  13.0969   0.0103     5.22    0.241   0.02   2      171.4     10186.96     103.6406
       223    727.1237    509.1331     4433.209     233.8073  15.8832   0.0573     3.44    0.238  44.70   3      29.21     2040.309     83.48236
       224    543.3498    512.9058     6562.649     424.1746  15.4573   0.0702     5.82    0.177 -21.78   0      24.48     1214.586     80.99043
       225    503.4079    508.7297     51744.46     534.7064  13.2153   0.0112     6.68    0.153  -0.17   0      155.4     8663.997     100.2453
       226    137.7642    504.0539     15606.02     473.9216  14.5168   0.0330     6.10    0.139  -5.51   0      52.84     2471.343     85.05457
       227    573.3002    504.7191     3791.886      371.615  16.0529   0.1064     6.12    0.278  29.07   0       15.9     746.1651     79.66512
       228    396.6265    490.1928     24725.86     647.6868  14.0171   0.0284     8.13    0.168   1.94   0      60.93     2660.359     85.75967
       229    214.9102    493.7540     11072.47     173.3887  14.8894   0.0170     5.23    0.353  69.89   0      133.2     9830.952     102.5208
       230    638.4473    485.0167     19952.65     435.2734  14.2500   0.0237     7.68    0.141   1.21   0      67.79     3547.986     88.27634
       231    922.2637    478.2681     10163.99     520.0607  14.9823   0.0556     5.69    0.116  12.23   0      31.14     1457.385     82.09058
       232    347.4919    468.2332     125016.7      584.515  12.2576   0.0051     5.50    0.084  28.91   0      309.8     19598.79     121.9893
       233    200.4285    466.1819      12790.9     534.2914  14.7327   0.0454     6.00    0.120   7.49   3      39.53     1879.359     83.87041
       234     26.4667    473.3429     15373.66      542.595  14.5331   0.0383     7.43    0.171 -15.50   0      46.68     2103.092     84.06481
       235    914.1148    473.6314     7302.427     471.7559  15.3413   0.0702     6.15    0.154 -10.42   0      23.31     1017.547     80.86369
       236    398.8320    471.2487     15157.28     488.9488  14.5484   0.0350     7.88    0.215 -25.82   0      53.48     2623.842     85.46108
       237    830.3398    466.6486     161513.3     582.4589  11.9795   0.0039     5.35    0.168  -5.86   0      379.3     27091.82     135.7402
       238    614.1509    467.0041     9903.249     429.9943  15.0106   0.0472     5.42    0.132  -1.97   0      35.71     1766.383     83.14952
       239     40.1371    463.9425     20285.22     525.2874  14.2321   0.0281     7.39    0.157  12.05   0      64.97     3099.129     86.91468
       240    215.0701    460.9736     7304.477     455.9401  15.3410   0.0678     6.70    0.203 -12.33   0      24.65     1069.084     81.22124
       241    707.4297    461.8186     3741.656      356.166  16.0673   0.1034     5.33    0.333  41.87   0       15.5     828.4943     80.97271
       242    247.9991    461.8504     23886.47     170.2444  14.0546   0.0077     4.44    0.108  89.29   0      203.4     23824.67      130.155
       243    241.8895    457.0406     8700.031     356.9058  15.1512   0.0446    10.42    0.407 -36.73   0      32.61     1185.564     81.12203
       244    521.4802    457.9978     10046.27     193.3011  14.9950   0.0209     3.19    0.472   0.13   0      114.7     8512.679     100.0743
       245    151.3938    457.6913     5438.482     165.8395  15.6613   0.0331     1.87    0.233 -42.59   0      61.38     4882.607     91.27052
       246    989.1469    454.9778     5444.279     419.4797  15.6601   0.0837     7.01    0.217  17.20   0      22.05     1101.502     81.52392
       247    718.0328    454.7100     6411.518     357.8656  15.4826   0.0606     8.50    0.042  77.56   0      30.25     1914.321     82.93076
       248    865.3272    444.2191     289448.4     696.1224  11.3461   0.0026    12.93    0.143 -34.21   0      557.4     49028.79     168.6158
       249    606.8140    453.5057     3977.717     357.5257  16.0009   0.0976     4.91    0.251  89.33   0      14.84     741.6393     79.86864
       250    929.4976    449.6268     6757.268     418.1313  15.4256   0.0672     5.30    0.197  15.92   0      25.87     1270.992     80.93555
       251    767.9985    447.4035     5951.761     412.4949  15.5634   0.0753     8.33    0.281 -47.31   0      24.29     1139.564     81.41821
       252    205.9041    473.2244     26679.42     652.3534  13.9346   0.0266    11.84    0.201  15.19   3       71.4     3383.602     86.66512
       253    483.7162    444.9851      7331.32     381.7701  15.3370   0.0566     5.03    0.234   3.63   2      30.31     1730.702     83.05193
       254    483.0027    441.0030      56722.7     209.5441  13.1156   0.0040     4.19    0.001  62.05   3      345.2     56491.08     178.2939
       255    290.9130    453.6205     10318.26     452.6982  14.9660   0.0476     5.72    0.228  -2.82   0      37.36     1809.832     82.85253
       256    451.8782    440.9980     16558.17     455.8201  14.4525   0.0299    12.18    0.050   9.06   0      58.47      2880.22     86.14019
       257    331.5179    438.9589     6540.188     431.2259  15.4610   0.0716     5.40    0.256  31.40   0      22.02     1106.437     80.90004
       258    963.5422    427.3097     20481.23     673.0208  14.2216   0.0357     7.69    0.192  87.37   2      46.96     2016.286     83.41693
       259    372.9138    432.9695     2966.612     307.5162  16.3193   0.1126     5.78    0.196  66.28   0      14.88     796.3239     80.23952
       260     90.4368    432.0580     8039.738     463.8109  15.2369   0.0627     4.68    0.137   1.86   0      25.34     1341.417     81.97973
       261    786.6036    424.3698     104598.7     534.5727  12.4512   0.0056     5.39    0.188  -3.90   0      279.2     18625.67     121.0215
       262    745.9660    426.6907      18147.9     452.8157  14.3529   0.0271     5.90    0.220  -3.62   0      64.02     3191.723     86.36058
       263    667.6470    425.4855     44078.05     551.3658  13.3894   0.0136    14.00    0.217   1.10   3      133.2      6926.83     95.86684
       264    657.2828    420.7328     17810.03      560.038  14.3733   0.0341     7.76    0.333   6.56   3      51.39       2354.4     84.33311
       265    229.7261    427.2448     8787.245     418.2026  15.1404   0.0517     5.83    0.179 -15.03   0      33.31      1618.64     82.74471
       266    244.0690    425.1750     7393.331      231.132  15.3279   0.0340     6.65    0.571  43.01   0      48.78     3175.264     86.91515
       267   1006.3088    425.3369     4653.597     423.1505  15.8305   0.0987     6.33    0.333  19.76   0      15.58     753.5015     79.90239
       268    952.9219    422.9543     6704.417     452.7905  15.4341   0.0733     5.17    0.123   9.57   0      19.57      1022.94     80.87885
       269    926.5538    419.8260     21548.67     532.3591  14.1664   0.0268     5.78    0.215  -9.49   3      70.56     3666.898     88.58195
       270    928.7527    410.3307     35121.44     586.4747  13.6361   0.0181    14.59    0.088 -40.19   3      103.8     5403.066     92.55744
       271    417.1221    417.7296     19778.99      498.073  14.2595   0.0273     6.36    0.088  22.97   0      65.71     2966.463     85.96676
       272    389.3418    412.8375     9294.632     437.6339  15.0794   0.0511     5.41    0.145 -10.10   0       33.6     1605.778     82.70937
       273    351.9093    413.3617     4695.088     366.3231  15.8209   0.0847     5.35    0.291 -76.97   0      15.34     705.2569     79.76505
       274    575.4769    407.4553     8372.993     500.6599  15.1928   0.0649     8.07    0.312  17.39   0      26.27     1155.484     81.25045
       275    751.8593    403.0316     4711.125     340.6967  15.8172   0.0785     4.76    0.092 -37.28   0      21.31     1127.424     81.17193
       276    671.3294    398.4517     48494.93     525.1691  13.2858   0.0118     5.38    0.177   0.34   0      147.7     7997.101     98.54675
       277    852.6756    398.9488     7960.826     316.6841  15.2476   0.0432     6.15    0.185 -12.25   0      34.49      1713.95     82.79785
       278    485.0478    399.8197     5618.154     379.6137  15.6260   0.0734     6.03    0.225  -4.68   0      22.67     1124.114     81.79824
       279    614.6674    395.5744     5619.982      400.633  15.6257   0.0774     6.19    0.278 -10.20   0      21.87     1074.587     81.23663
       280      4.0216    404.0219     24473.66     405.9077  14.0283   0.0180     5.86    0.015 -85.68  24      91.21     4660.865     91.09647
       281    807.4034    386.9646     23015.02     450.4872  14.0950   0.0213     5.60    0.187  -3.55   0      78.79     4100.079     89.68648
       282    783.7564    387.5286     3878.618     364.6345  16.0283   0.1021     6.45    0.279  20.01   0      16.15     805.0305     80.47897
       283    506.0483    382.3807     37956.11     527.9965  13.5518   0.0151     5.81    0.223   1.86   0      117.5     6266.144     95.01704
       284    161.3787    381.8809     28549.14     502.0589  13.8610   0.0191     5.46    0.175  -7.94   0      94.65     4987.434     91.53117
       285    836.6616    382.2473     4410.027     366.1462  15.8889   0.0902     4.54    0.144 -16.65   0      18.33      953.394     80.89686
       286    140.4209    378.2718     18384.79      463.297  14.3389   0.0274     5.57    0.158  -6.61   0      64.02     3261.218     87.13962
       287    474.0212    370.2962     9302.698     413.2941  15.0785   0.0482     5.85    0.162  -9.63   0      36.34     1617.462     82.11319
       288    890.7181    365.8917     75457.91     516.2173  12.8057   0.0074     7.12    0.238  -3.25   3      212.7     12535.81     108.5104
       289    891.2050    356.3595     115421.7     554.1542  12.3443   0.0052     5.30    0.241  -1.28   3      281.7     18080.73     119.9938
       290    280.6261    367.2377     4620.044     380.1526  15.8384   0.0894     7.23    0.136   5.67   0      19.74     1008.121     81.68692
       291    832.7851    360.7102     9032.985     441.4261  15.1104   0.0531     7.68    0.061   2.67   0      32.39     1557.137     82.15644
       292    731.0745    359.6519     5240.486     371.3395  15.7016   0.0770     0.00    0.346 -17.17   0      21.81     1470.502     82.12689
       293    933.0765    352.3556     3199.667     318.7117  16.2372   0.1082     4.30    0.178 -56.70   0      14.72     775.2618     80.39486
       294    220.3645    349.3869     26206.31     467.1181  13.9540   0.0194     5.79    0.168  -0.48   0       89.4     4516.349     90.92525
       295    151.5528    346.1991      43535.1     488.8998  13.4029   0.0122     5.78    0.201  -7.52   0      135.6      7301.01     97.10603
       296    787.4675    346.7417     14334.17     490.3295  14.6091   0.0371     8.47    0.256  -4.63   3      49.15     2278.384     84.53739
       297    788.4962    341.7906        16070     557.7861  14.4850   0.0377     7.08    0.272  -0.02   3      47.17     2106.893     84.07508
       298    734.0931    346.9576     7119.456     452.9988  15.3689   0.0691     6.49    0.215  -9.89   0      24.74     1178.856     80.89011
       299   1011.9532    346.2414     9884.563     440.8866  15.0126   0.0484     5.40    0.115   0.34   0      36.23     1868.255     83.42751
       300    433.6469    343.9222     6511.958      427.189  15.4657   0.0712     5.38    0.213  -7.58   0      24.52     1265.946     81.55885
       301     96.5165    340.7582     21760.53     542.0886  14.1558   0.0271     6.03    0.188  -8.70   0      71.11     3480.182     87.31433
       302    546.8879    340.0625     6949.407      358.207  15.3951   0.0560     5.55    0.093 -10.40   0      28.45     1371.484     81.64124
       303    244.0873    337.0033     3423.698     306.4488  16.1638   0.0972     3.43    0.396   0.39   0      17.45     1060.718     81.19781
       304    175.9549    334.1685     10985.93     423.4918  14.8979   0.0419     6.17    0.235 -15.23   0      40.88     1959.418     84.08707
       305    871.3362    326.9028     7773.714     278.8592  15.2734   0.0390     6.58    0.223  26.28   0      50.95     3808.292     88.16424
       306    250.8352    321.1898     11985.28     453.5343  14.8034   0.0411     6.96    0.212 -84.90   2      36.63     1508.678     82.85985
       307    911.3018    319.7355      47670.7     519.0241  13.3044   0.0118    14.04    0.073  -7.21   2      140.5     7562.937     97.36318
       308    566.2529    318.1064     6405.092     434.1472  15.4837   0.0736     9.06    0.319  33.95   0      22.87     955.7468      80.2608
       309    152.8265    317.0199     10454.65       465.92  14.9517   0.0484     6.42    0.155   1.97   0      37.27     1722.804      83.4451
       310    327.1618    314.1016      9549.34     423.7398  15.0501   0.0482     5.88    0.098  11.13   0      35.28      1700.84     82.13374
       311    499.3383    311.7031     15759.11     460.1352  14.5062   0.0317     0.00    0.283  28.55   0      58.63     1783.101     82.77917
       312    935.1967    304.9563     3437.233     334.7278  16.1595   0.1058     5.09    0.183   1.34   0       13.7     673.7185     80.53712
       313    856.2488    303.7907     4699.198     395.7724  15.8199   0.0915     4.57    0.164  17.43   0      17.28     874.9173     80.88978
       314    479.7548    304.1612     5381.863     365.5703  15.6727   0.0738     7.05    0.366   6.22   0      20.49     953.3137     80.89664
       315    568.6208    303.1803     6753.325     449.9467  15.4262   0.0724     6.30    0.275   9.91   0      22.58     1067.844     81.64175
       316    709.9360    300.9175     11624.51     155.7969  14.8366   0.0146     4.42    0.107  50.81   0      139.4     11197.13     105.5059
       317    329.1000    285.9987     3721.305     357.3627  16.0733   0.1043     5.83    0.161 -65.49   0      15.31     748.6037     80.31946
       318    930.1086    283.6992     14340.68     469.6531  14.6086   0.0356     5.99    0.155  -2.14   0      50.41     2438.284     84.35447
       319    265.0695    283.8646     11105.27     494.0993  14.8862   0.0483     5.66    0.161  -3.85   0      38.34     1862.044     83.20336
       320    509.4406    280.9315     18457.92     575.4994  14.3345   0.0339     6.12    0.102  13.49   0      54.35     2562.379     85.29747
       321    212.1590    277.8270     32272.79     582.4133  13.7279   0.0196     8.68    0.217 -70.55   0      85.63     3016.925     86.89834
       322    124.2389    280.5819      3581.22     337.3935  16.1149   0.1023     6.51    0.349  -9.58   0      16.12     794.2947     81.08982
       323    804.5292    274.4774     9321.432     465.3669  15.0763   0.0542     5.19    0.185   3.64   0      33.07     1627.741     82.35152
       324    352.4625    272.2690     16350.85     466.0173  14.4661   0.0310    10.27    0.113 -21.67   0      56.75     2732.079     85.74844
       325     82.9193    272.5289     10019.17     466.6332  14.9979   0.0506     6.45    0.192 -25.91   0      35.38      1601.94     82.28029
       326    176.7228    265.9222     24224.74     507.8047  14.0394   0.0228     5.58    0.210  -5.89   0      80.26     4062.264     88.62195
       327    641.9745    262.4429     25873.19     471.5544  13.9679   0.0198     5.47    0.163  -7.34   0      87.74     4715.431      91.2325
       328    754.3480    260.9248      39816.3     640.2797  13.4998   0.0175     5.92    0.226  -2.74   2      98.75       4091.5     89.08529
       329    668.9420    262.3089     9276.271     380.6655  15.0816   0.0446     5.65    0.230   9.17   0      36.27     1807.858     82.84711
       330    818.4106    254.5215     97722.98     567.7557  12.5250   0.0063     5.34    0.178   2.02   0        261     16635.33     116.9293
       331    335.9798    256.6412     21758.38     498.1097  14.1559   0.0249     5.46    0.117  -8.48   0      71.64     3593.084     88.39237
       332   1020.8497    255.3038     30172.36     389.6345  13.8010   0.0140     6.86    0.135   7.17  24      110.3     5900.079     93.21599
       333    502.4812    258.3093      4013.43     364.7185  15.9912   0.0987     4.20    0.047  17.91   0      16.16     826.1594     80.32399
       334    483.3239    255.0134      3200.37      321.409  16.2370   0.1091     5.83    0.380   0.01   0      14.87     639.7046     80.22619
       335    375.1794    250.9872     5280.287     365.5071  15.6934   0.0752     4.72    0.268  10.77   0      21.52     1101.193     81.52306
       336    600.7587    243.4916     143777.6      567.188  12.1058   0.0043     5.35    0.179  -3.40   0      351.1     24557.52     131.0339
       337    510.8208    247.6288     6059.987     404.0992  15.5438   0.0724     6.36    0.265  59.07   0      22.86     1091.215     81.70678
       338    404.1281    239.6087     8427.524     473.2104  15.1858   0.0610     5.95    0.208  -1.96   0       28.2     1282.743      81.8169
       339    518.2693    232.2699     8359.173     443.0316  15.1946   0.0576     5.67    0.285   0.45   0      29.78     1463.766     82.10825
       340    757.3113    228.9379     10796.73     500.0357  14.9168   0.0503     5.95    0.212   0.89   0      36.08     1722.571     82.61282
       341    348.9982    227.8339     4856.921     411.8912  15.7841   0.0921     6.12    0.402  22.77   2      16.31     692.9951      80.5915
       342    830.1848    215.2796     403078.6     698.4995  10.9865   0.0019     5.27    0.156   0.11   0      694.1     69656.29     194.2636
       343    933.4966    218.2206     23643.57     494.6257  14.0657   0.0227     5.44    0.144  12.00   0      78.16     4038.692     88.56148
       344    959.3878    218.5954     11657.55     472.9377  14.8335   0.0441     5.78    0.179  -0.85   0      43.16     2195.404       84.314
       345    911.7556    214.3490     4889.894     413.9995  15.7768   0.0919     6.71    0.409  27.72   0      16.71     767.3972     80.58711
       346    625.4683    212.6530     5618.825     362.1601  15.6259   0.0700     4.80    0.216  17.66   0      23.43     1216.786     81.63348
       347    971.2841    207.8850     9962.005     431.0277  15.0041   0.0470     6.06    0.166  14.26   0      37.49     1765.172     82.93833
       348    688.6074    202.2607     61591.71     562.3884  13.0262   0.0099     5.79    0.178  13.22   3      179.7      9759.82     102.8676
       349    696.4803    197.9306     171850.3     606.0209  11.9121   0.0038     5.24    0.133   8.00   3      392.6     28705.98     138.1668
       350    801.0826    205.6793     11412.72     478.2651  14.8565   0.0455     5.53    0.239   8.82   0      38.33      1919.24     82.94424
       351    879.7150    203.1406     12530.45     495.6259  14.7551   0.0430     6.01    0.255  -8.30   0      41.56     1965.852     83.27941
       352    439.0935    196.1982     11149.14     465.3321  14.8819   0.0453     5.40    0.146   2.78   0      40.01     2110.969     84.08611
       353    176.0029    195.4910     15323.36      648.385  14.5366   0.0460     7.04    0.314  78.25   2      36.52     1244.288     81.71001
       354    586.7563    195.6198     8970.503     548.6285  15.1180   0.0664    11.18    0.406   3.61   0      24.05     753.3451     80.76151
       355    241.1653    192.6656     13569.99     447.6291  14.6686   0.0358     5.39    0.066  -3.27   0      48.52     2465.301     85.03841
       356     15.7708    185.9309     11261.51     454.1228  14.8710   0.0438     6.49    0.259  -3.11   0      39.25     1917.005      83.5602
       357    961.3645    184.4903     8702.046       485.05  15.1509   0.0605     6.55    0.226  -2.78   0      28.89     1339.417     81.55193
       358    736.3482    181.8697     8146.893     447.7679  15.2225   0.0597     6.17    0.247   4.16   0      30.16     1446.006     82.05907
       359    505.7573    180.1034     20356.25     561.0703  14.2283   0.0299     6.34    0.187   5.12   2       55.1      2588.52     84.55437
       360    942.4850    179.7578     16136.46     602.4476  14.4805   0.0405     9.45    0.427  22.19   0      45.39     1837.845     82.92934
       361     48.9769    176.7540        14773     620.9894  14.5763   0.0457    12.95    0.495  21.35   0      38.26     1270.477      82.2039
       362    256.0038    173.9135      2318.98     190.8987  16.5868   0.0894     4.35    0.567  89.13   0         24      1476.99     82.56407
       363    183.8327    172.0455     14639.35     478.8957  14.5862   0.0355     5.70    0.093  -4.80   0      51.02     2509.375      85.3586
       364    154.3159    174.0860     5784.814        445.6  15.5943   0.0837     6.07    0.183  18.93   0      19.51      931.449     80.62135
       365    977.9708    172.0024     4525.784     372.0635  15.8608   0.0893     5.76    0.234  24.96   0      17.29     942.6364     81.29245
       366     72.3044    165.0053     200306.2     617.2998  11.7458   0.0033     9.32    0.144   5.34   0      439.6     33472.22     146.0328
       367    672.9680    165.5833       4476.4     391.2569  15.8727   0.0949     6.18    0.030  -7.67   0      16.42     712.0114      80.6451
       368    375.7066    165.9777     3852.664     346.4096  16.0356   0.0976     5.39    0.311  -8.46   0       14.8     599.6436     79.24602
       369    252.7469    162.5219     6049.684      426.943  15.5457   0.0766     5.97    0.174  45.73   0      23.32     1169.478     81.28959
       370    598.8024    158.0519     7958.903     511.5591  15.2479   0.0698     9.27    0.506   1.90   0      22.86     1017.676     81.07726
       371   1012.0038    152.6607     71250.18     606.7478  12.8680   0.0092    11.35    0.534   9.53  16      174.7     8283.541     99.55256
       372     95.9692    154.3856     7532.181     434.7368  15.3077   0.0627     5.13    0.122 -17.82   0      27.97     1482.377     82.78767
       373    446.4992    149.2087      5552.67     374.9991  15.6387   0.0733     0.00    0.556  67.51   0      23.84     1651.939     82.83612
       374    489.1071    145.7454     15548.17      500.469  14.5208   0.0350     5.81    0.164   4.04   0      52.85     2598.729     84.98901
       375    677.1704    135.0650     10553.87     503.3665  14.9415   0.0518     7.81    0.238  -3.70   0      33.64     1765.377     83.14677
       376    262.2322    123.9960     24917.16     602.8946  14.0088   0.0263     7.46    0.241 -50.46   0      70.93     3240.396     87.48085
       377    972.8181    125.8729     4646.166     389.1438  15.8323   0.0910     5.51    0.250  17.99   0      18.49     912.8472     80.99628
       378    800.3767    122.5918     5428.078     386.2628  15.6634   0.0773     6.16    0.282  -1.28   0      21.73     1089.193     81.48959
       379    280.1732    119.8925     18233.55     539.0089  14.3478   0.0321     6.06    0.235  -4.19   0      59.77     2861.605      85.4874
       380    958.5078    115.4835     5855.186      403.984  15.5811   0.0749     5.76    0.340 -11.08   0      20.85     986.8755     80.77744
       381   1012.5198    112.2790     11658.69     435.8998  14.8334   0.0406     5.39    0.133   9.75  16      43.46      2137.96      83.5414
       382    478.2726    102.2010     16725.49     527.8489  14.4416   0.0343     5.67    0.136 -11.66   0      55.22     2790.155     85.90224
       383    467.3778    101.0680     6040.604     440.8628  15.5473   0.0793     8.30    0.376  10.88   1      20.13     863.5874     80.85794
       384    700.6982     99.8868     4193.393     361.2645  15.9436   0.0936     4.72    0.184 -37.72   0      16.06     807.5173     79.83996
       385    619.7473     93.4293     5968.774     469.2773  15.5603   0.0854     8.45    0.458 -54.09   0      19.82     733.4041     80.49119
       386    405.6656     93.0062     5802.655     423.7672  15.5909   0.0793     7.98    0.332 -18.67   0      21.58     1001.825     81.03281
       387    190.4815     90.1096     7180.099     429.5584  15.3597   0.0650     5.54    0.068  76.48   3      25.49     1224.263     81.44261
       388    184.2292     86.9903     9699.462     517.3612  15.0331   0.0579     6.64    0.265   3.25   3       31.9     1578.056      82.8418
       389    878.6763     80.2067     62614.07     633.5076  13.0083   0.0110     5.25    0.210   6.69   0        177     10435.14     104.1834
       390    907.1976     78.0027     42830.89     725.3442  13.4206   0.0184     6.23    0.213   6.89   3      92.69     4668.853     90.73669
       391    899.8610     76.1571     60314.21     700.6531  13.0490   0.0126    17.25    0.349 -34.35   3      143.3     7326.251     97.16509
       392    282.2722     79.2801     5729.727      350.113  15.6047   0.0664     3.36    0.271 -14.93   2      24.02     1336.319      81.5433
       393    383.9773     69.6661     42523.73     510.8861  13.4284   0.0130     6.23    0.123   4.70   0      132.4     7467.634     97.67213
       394    124.9166     68.3425     27615.36     618.7358  13.8971   0.0243     7.80    0.264  -3.03   0      78.92     4179.917     89.11707
       395    860.9670     65.8568     5451.031     379.5136  15.6588   0.0756     5.08    0.139 -32.69   0      21.34     1117.652     81.14456
       396     55.9969     62.7913     14437.25     414.0286  14.6013   0.0311     5.15    0.061  40.66   2      53.17     2501.457     85.13499
       397    201.4326     61.3749     26382.22     536.8358  13.9467   0.0221     5.62    0.134  -9.61   2      74.23     3522.852     88.21161
       398    478.1573     60.4021     23301.92     539.5444  14.0815   0.0251     5.33    0.148  -4.30   0      75.41     3968.211     89.35168
       399    838.5408     71.0270     5539.442      444.505  15.6413   0.0871     7.31    0.307 -23.66   0      18.33     814.9891     80.72122
       400    434.9715     59.9357     4906.553     142.6742  15.7731   0.0316     0.00    0.111  61.20   0      84.03     4607.913     90.58392
       401   1022.2216     66.3699     30456.28     417.5948  13.7908   0.0149     9.63    0.302 -88.23  25      113.6     5094.009     92.17076
       402   1010.9519     48.6381     73108.24     703.5652  12.8401   0.0105     9.28    0.443   9.61  24      166.2     6955.104     96.11362
       403    601.1533     53.6122     12873.78     474.4323  14.7257   0.0400    11.21    0.341  -9.55   0      40.15     1797.819     83.64916
       404    468.8849     50.1464     12537.93     537.4056  14.7544   0.0465     6.16    0.195  -1.14   0      38.41     1812.111     82.85879
       405     79.0052     49.0826     11092.62     419.4536  14.8874   0.0411     6.08    0.217  -9.83   0      39.48     1880.308     83.66691
       406    346.0859     35.5398     7206.278     401.5319  15.3557   0.0605     5.27    0.163  -6.46   0       29.9     1559.145     82.16199
       407     15.9590     30.7584     10491.97     493.8171  14.9479   0.0511     5.76    0.244  -5.85   0      35.87     1817.723     83.28973
       408    879.2528     28.2400     7457.787     473.6565  15.3185   0.0690    10.22    0.451 -28.68   0       24.8     970.6295     81.15825
       409   1022.7819     25.3779     5518.585      325.705  15.6454   0.0641     7.34    0.348 -86.58  24      23.72     1269.267     82.20055
       410    285.2956     21.2299     7052.358     438.4409  15.3792   0.0675     6.07    0.250  -4.90   0      25.43     1153.904     80.60609
       411    451.3754   1021.5123       5949.7      388.796  15.5638   0.0710     6.36    0.358 -11.60  16       18.9      808.272     80.05802
       412      9.6247   1019.1255     22288.49     576.2617  14.1298   0.0281    13.36    0.437   9.36  16      53.07     1643.248     82.81227
       413    872.0701   1014.3505     36788.11      528.311  13.5857   0.0156     5.45    0.206   0.03  16      115.4     6259.483     94.63699
       414    622.9700     16.1336     4999.835     379.2433  15.7526   0.0824     5.13    0.393   0.04   0       16.9     832.9266     80.55771
       415    299.7914   1015.1125     4465.411      354.199  15.8753   0.0861     4.38    0.368 -10.24  16      15.99     818.8726     80.51805
       416    260.4039   1011.8543     16414.23     489.5327  14.4619   0.0324     5.51    0.141  14.83  16      57.81     3001.931     86.66014
       417     35.0919   1007.9977     78690.98     575.2896  12.7602   0.0079     5.61    0.158  -5.59  18      213.1     12415.57     108.4176
