#   1 NUMBER                 Running object number                                     
#   2 X_IMAGE                Object position along x                                    [pixel]
#   3 Y_IMAGE                Object position along y                                    [pixel]
#   4 FLUX_AUTO              Flux within a Kron-like elliptical aperture                [count]
#   5 FLUXERR_AUTO           RMS error for AUTO flux                                    [count]
#   6 MAG_AUTO               Kron-like elliptical aperture magnitude                    [mag]
#   7 MAGERR_AUTO            RMS error for AUTO magnitude                               [mag]
#   8 FWHM_IMAGE             FWHM assuming a gaussian core                              [pixel]
#   9 ELLIPTICITY            1 - B_IMAGE/A_IMAGE                                       
#  10 THETA_IMAGE            Position angle (CCW/x)                                     [deg]
#  11 FLAGS                  Extraction flags                                          
#  12 SNR_WIN                Gaussian-weighted SNR                                     
#  13 FLUX_APER              Flux vector within fixed circular aperture(s)              [count]
#  14 FLUXERR_APER           RMS error vector for aperture flux(es)                     [count]
         1    628.3273     37.9357     14949.99     342.0446  14.5634   0.0248    14.54    0.135  77.22   3      65.63      1508.19      52.4294
         2    638.4587     36.0615     23285.11     421.8226  14.0823   0.0197     8.81    0.159   7.71   3       91.6     2185.311     55.49839
         3    850.5403     15.8166     34364.17     457.2249  13.6597   0.0144     7.59    0.244  60.23  18      121.7     2944.772     58.42566
         4    737.9498     19.0105     7755.666     323.4792  15.2760   0.0453    10.99    0.213  -6.07   0      39.12     715.2451     49.11069
         5    702.5976      9.6093     150720.2     436.3846  12.0546   0.0031     7.15    0.074  19.30  24      411.6      15989.3     96.65862
         6    432.2743      6.8952     97435.82     380.1621  12.5282   0.0042    11.09    0.187   6.88  24      309.8     10279.14     81.92796
         7    217.2154      7.1539     29620.24      317.032  13.8210   0.0116    17.29    0.106   7.19  24      125.8     3094.823      59.2048
         8      2.3846     10.5597     5031.656     225.0461  15.7457   0.0486     5.46    0.491 -63.19  26      22.76     434.9114     48.04042
         9    350.2922    995.1170     3019.167     243.1247  16.3003   0.0875     6.39    0.319  61.38   0      17.25     376.0282     47.26757
        10    189.0833   1022.0366     6346.342     273.2946  15.4937   0.0468     5.04    0.139   7.99  24      27.14     525.1029       47.979
        11    103.1672    993.0467     6357.539     276.5023  15.4918   0.0472     6.57    0.175  12.73   0      34.85     892.4989     49.92424
        12    813.0400    990.9493     8140.817     323.7497  15.2233   0.0432    10.18    0.097  73.71   0      40.31     951.3632     50.19149
        13    665.9427    993.2031     5685.118     317.8992  15.6132   0.0607     7.12    0.246  18.20   0      21.61     485.7795     48.03704
        14    519.8761    987.3362     3498.766     253.0157  16.1402   0.0785     6.82    0.407  30.18   0      18.69     450.1161      47.7454
        15    592.1833    985.4987     3059.247     237.0591  16.2860   0.0842     6.48    0.289  21.85   0      18.15     448.7332     47.49261
        16    963.2075    982.4893     3405.517     176.4916  16.1695   0.0563     9.65    0.374  77.05   0      20.33      399.092      47.5019
        17    152.6050    981.2690     8317.024     413.6794  15.2001   0.0540    11.86    0.152 -79.99   0       30.7     619.5534     48.54523
        18    104.4707    975.4307     12916.74     393.7642  14.7221   0.0331    10.84    0.412  43.38   0      54.58     1149.351     50.96525
        19    451.2653    977.0866      5999.01     331.2129  15.5548   0.0600     8.14    0.255 -20.71   0      22.63      397.244     47.24557
        20    753.6279    970.5870     8189.646     345.6735  15.2168   0.0458     8.28    0.020  23.10   0      36.53     843.7112     49.70164
        21    631.9197    969.7793     19611.49     324.1071  14.2687   0.0179     7.84    0.122  20.07   0      88.53     2283.243     55.89799
        22    971.0081    972.3434     5768.886     101.2046  15.5973   0.0191     0.97    0.170  89.84   0       88.9     5758.591     68.58782
        23    479.4326    969.3393     9594.773     407.6062  15.0449   0.0461    11.70    0.097 -20.46   2      33.23     692.4194     48.88518
        24    975.9548    969.8469     2625.385     217.9459  16.4520   0.0902     6.99    0.317 -49.73   0      17.27     424.1767     47.74469
        25    289.7085    963.4766     16588.98     482.3151  14.4505   0.0316    12.24    0.059 -87.07   0       49.8     1005.994      50.0884
        26    133.0582    967.9633     2302.694     122.9416  16.5944   0.0580     0.00    0.129 -28.55   0      43.38     1386.186     52.01067
        27     86.8103    958.0918     90951.19      389.282  12.6030   0.0046     6.89    0.098  11.09   0      297.9     10497.99     82.74562
        28    954.7830    959.0449     24565.26     303.8913  14.0242   0.0134     7.17    0.071   8.53   0      111.3      2956.18     58.67018
        29    997.9207    962.3177     2717.491     228.5423  16.4146   0.0913     8.04    0.271  14.65   0      16.97     406.0749     47.16391
        30    661.2196    952.5081     15326.76     427.5702  14.5364   0.0303     8.62    0.083  53.50   2      53.43     885.2479     49.41903
        31    530.6276    952.2367     21563.36     369.7381  14.1657   0.0186    16.63    0.189  22.63   0      90.09     2144.023     55.43489
        32    282.7014    956.1294     5100.664     102.5904  15.7309   0.0218     5.11    0.311 -21.62   0       88.5     4285.062     62.96161
        33    754.4350    953.2244     5510.401     307.9379  15.6470   0.0607     6.70    0.207  16.64   2      27.57     741.0823     49.34903
        34    397.5244    949.6995     15161.08     388.3232  14.5482   0.0278    13.31    0.199  17.04   0      63.93     1388.937     51.68356
        35    550.0862    952.1854     3682.901     265.0573  16.0845   0.0782     6.59    0.239  -1.73   0      18.04     471.2329     47.72314
        36      7.3691    950.6655     7525.411     334.8944  15.3087   0.0483     9.03    0.159  -0.94  16      25.54     439.1064     47.69296
        37    838.2283    949.6149     3073.051     172.7016  16.2811   0.0610     1.94    0.443  25.85   0      29.43     1454.848     52.53347
        38     97.7902    946.0029     6207.719     306.5459  15.5177   0.0536     6.16    0.255 -32.80   0      23.78     521.8196      48.0855
        39    964.8240    944.6961      3635.01     247.2813  16.0987   0.0739     5.42    0.268 -17.07   0      21.95     477.7272     47.50793
        40    826.0209    945.7330     2364.397      93.2463  16.5657   0.0428     0.84    0.162  89.24   0      50.05     2073.266     55.03764
        41    264.9985    927.0539     27126.35     326.6538  13.9165   0.0131     8.33    0.202  12.61   2      113.5     2872.048     58.14208
        42    346.8820    929.5991     5237.837     281.3689  15.7021   0.0583    11.24    0.302  45.59   0      26.52     590.7328     48.53105
        43    606.3939    930.6743     1964.541     92.26657  16.7668   0.0510     1.21    0.102 -41.49   0      41.29     1931.809     54.23464
        44     57.6213    930.0208      2771.24      226.017  16.3933   0.0886     7.76    0.262 -22.58   0      18.66     471.0107     48.08916
        45    923.0804    926.5916     2259.714     216.8896  16.6149   0.1042     5.31    0.269 -41.20   0       14.3      356.987     47.30001
        46     10.1118    922.9553     4848.873     286.7326  15.7859   0.0642     6.92    0.350  41.73  16      20.36     409.9894     47.30684
        47    558.6752    913.5728     3283.148     255.1299  16.2093   0.0844     6.70    0.372  57.01   0      18.42     464.3709      47.8132
        48    585.6370    909.2648     17038.85     288.7217  14.4214   0.0184    13.00    0.205  33.64   0      91.55     1667.081     53.22395
        49    668.9965    912.1138     3645.788     276.3932  16.0955   0.0823     6.99    0.079 -88.93   0      18.02     437.0193     47.80579
        50    784.4421    905.2587     33974.77     635.2042  13.6721   0.0203    17.19    0.115  29.60   0      73.76     1683.826     53.29541
        51    616.7114    901.9011     119078.9     478.9469  12.3104   0.0044    11.70    0.328 -11.18   0      320.4     7140.071     72.70036
        52    203.0824    904.7256     5384.149     330.3474  15.6722   0.0666    11.30    0.176  47.96   2      26.01     584.0914     48.01407
        53    978.9626    905.9827     4862.123     262.7411  15.7829   0.0587     7.63    0.129  38.12   0      24.86     592.1805     48.77876
        54    887.2366    906.9835     3077.597     237.0767  16.2795   0.0837     5.29    0.391  21.46   0      17.96      546.898     48.56732
        55    389.5372    898.9383     33207.25     393.5665  13.6969   0.0129    18.20    0.244  71.55   0      128.5      3155.26     59.13976
        56    854.4758    899.2285     22873.67     325.4874  14.1017   0.0155     7.90    0.105  39.56   0      97.13     2337.233     56.01253
        57    426.6649    901.1276     12035.21     456.0598  14.7989   0.0412    11.22    0.078 -25.24   0      34.07     536.8416     48.03457
        58    354.0815    903.1207     3014.106     314.1233  16.3021   0.1132     5.18    0.206 -55.48   0      31.99     503.7253     47.63214
        59     78.6685    899.5199     15217.87     409.6578  14.5441   0.0292     7.65    0.123   3.68   0      60.03     1389.089     51.79751
        60    466.3594    899.5276     6018.217     300.1236  15.5513   0.0542     6.75    0.363  18.41   0      23.89     387.9035     47.44833
        61    490.9711    896.5388     9926.258     426.7552  15.0080   0.0467    12.21    0.257  21.16   0      33.76     755.2077     49.05688
        62    300.0103    904.1764     2969.986     151.7831  16.3181   0.0555     6.26    0.122  80.75   0      22.35      605.462     48.59998
        63    971.1234    896.1918     5876.617     98.51482  15.5772   0.0182     0.90    0.031 -79.46   0       87.3     5666.931     68.19753
        64    909.2568    893.7921     944.4737     92.92802  17.5620   0.1069     3.34    0.584 -78.62   0      13.46     578.0743     48.47173
        65    711.9719    883.6471     76215.81     513.6478  12.7949   0.0073    16.17    0.371 -56.21   0        225     5210.077     66.83329
        66     31.9560    883.2383     5822.405     269.0728  15.5872   0.0502     7.34    0.063  85.09   2      31.79      662.051     48.74379
        67    293.2386    876.9730     6613.476     206.3305  15.4489   0.0339     7.67    0.192  21.39   2       33.9     748.4982     49.38317
        68    867.3028    874.2806     2723.392     141.4043  16.4122   0.0564     5.45    0.408  45.18   0      47.25      1711.71     53.19425
        69    780.2048    873.1621     6505.941     357.0957  15.4667   0.0596     9.35    0.330  -9.96   0      23.62     478.8843     48.12635
        70    538.6388    871.1766     4670.967     280.9106  15.8265   0.0653     5.19    0.115 -54.82   0      20.34      497.745     48.33676
        71    995.3640    862.9401     5248.028     312.4697  15.7000   0.0647    10.43    0.052  60.52   0       26.8     572.8148     48.32592
        72    578.5309    859.5307      11238.9     433.9184  14.8732   0.0419     8.92    0.050 -88.96   0      34.66     646.7646     48.55188
        73    455.1001    853.2393        92558     395.4415  12.5840   0.0046     6.91    0.112  14.00   0      299.2     10254.43     81.71606
        74    165.6003    855.4532     28972.55     391.4879  13.8450   0.0147    12.21    0.182  12.47   0      118.1     3082.587     58.95931
        75    546.1851    856.5922     9782.624     419.4043  15.0239   0.0466    11.62    0.115  46.73   0      31.74     630.0536     48.59437
        76    498.6001    855.4395     3216.315     172.0404  16.2316   0.0581     8.62    0.178   0.32   0         22     555.2661     48.48572
        77    843.5933    853.2654     4517.139     266.3224  15.8628   0.0640    10.62    0.189 -43.95   0      25.46     551.1622     48.22399
        78    625.3191    851.5826     4775.253     289.2188  15.8025   0.0658     7.14    0.244   9.60   0      21.04     390.0042     47.45839
        79     11.5816    848.7705     2601.273     249.2861  16.4620   0.1041     6.40    0.173  16.24   0      15.46     368.4379     47.60192
        80    907.5312    837.7717     49152.41     395.6941  13.2711   0.0087     7.99    0.051  36.07   2      177.3     4993.704     65.91578
        81    953.4768    840.3050     11447.33     362.2552  14.8532   0.0344     7.39    0.091  20.49   2      47.47     1062.895     50.34592
        82    196.0291    837.7556     17895.01     351.1631  14.3682   0.0213     7.95    0.134  34.10   0      79.99     2012.054     54.89118
        83    976.4054    833.3525     6097.351     345.1453  15.5371   0.0615    10.68    0.334 -39.27   0      25.49     557.0421     48.25169
        84    181.9704    829.6735     3638.188     272.6503  16.0978   0.0814     6.33    0.096  17.36   0      19.87      480.212     47.88844
        85    152.2083    824.2966     6518.911      267.478  15.4646   0.0446    11.48    0.285  17.75   0       34.8     857.6415     49.64737
        86     46.3211    822.3647     13970.78     363.4319  14.6369   0.0283     6.71    0.081  26.65   0      63.26     1609.665     52.97821
        87    685.2508    814.2687     45968.17     857.4012  13.3439   0.0203    18.80    0.292   1.42   2      59.26     274.3249     46.90115
        88    122.3128    816.4929     52248.54     357.0722  13.2048   0.0074     0.00    0.092   8.24   0      201.7     6425.022     70.59579
        89    670.9920    820.0160     6815.568     96.19106  15.4162   0.0153     4.28    0.033 -63.01   0      110.6     6369.359     70.49956
        90    439.7001    814.8617     16352.93     310.6932  14.4660   0.0206     8.10    0.156  14.26   2      72.81     1563.496     52.44554
        91    891.2766    817.2487     2708.034     101.5701  16.4184   0.0407     3.11    0.266 -29.54   0      47.48     2361.023     56.00441
        92    731.8441    810.4614     27057.62     426.6072  13.9193   0.0171     7.95    0.093   1.39   0        103     2534.433     56.80704
        93    900.4094    807.3617     33184.33     377.5906  13.6977   0.0124     7.53    0.094  22.34   0      135.1     3705.994     61.60144
        94    496.1766    804.6371     42377.22     386.5114  13.4322   0.0099     7.97    0.305  82.43   0      155.8     4753.988     65.35364
        95    774.2020    808.8798     7528.824     328.7137  15.3082   0.0474    12.41    0.150  -8.75   0      36.04      773.074     49.25872
        96    281.5312    806.9612     11011.94     335.9461  14.8953   0.0331     7.14    0.082  -6.37   2      51.03     1038.033      50.4664
        97    382.7000    807.7722     3043.908     237.6618  16.2914   0.0848     5.64    0.134  17.91   0      16.91     412.5985     46.94628
        98    714.7109    804.4840     9035.775     405.1299  15.1101   0.0487     9.03    0.256  58.30   0      30.03     561.0992     48.14921
        99    650.5253    800.3334     12126.18     439.0805  14.7907   0.0393    11.46    0.241  19.76   2      42.97     880.6254     49.63452
       100    319.0010    802.9892     57809.86     180.0887  13.0950   0.0034     0.00    0.020  89.45   0      352.4     57335.14     167.7392
       101    884.6339    793.5490     2429.828     114.5463  16.5361   0.0512     4.23    0.561 -56.34   0      46.47     1790.881     53.74999
       102    904.6505    786.0272     10244.18     385.8148  14.9738   0.0409     8.08    0.067  28.72   0      43.21     993.7994     50.49949
       103    107.5739    777.2635       108831     449.3012  12.4081   0.0045     7.10    0.073  17.35   2      325.3     11475.38      85.4566
       104    387.8231    788.6027     3002.613      248.475  16.3063   0.0899     4.79    0.154  30.50   0      16.87     468.7745     47.83413
       105    843.9329    783.7866     23365.55     600.9554  14.0786   0.0279    13.20    0.248  -4.25   0      49.75     851.3347      49.6185
       106     49.3035    781.2579     24741.78     379.1036  14.0164   0.0166     7.55    0.161 -27.73   2      98.47     2310.923     55.69558
       107    510.1691    782.9421     12864.14     360.3072  14.7265   0.0304     7.22    0.131  -2.60   0      56.34     1353.929     51.75639
       108     39.5865    773.7317     18310.93     494.2212  14.3432   0.0293     9.52    0.273  29.16   3       58.6     1356.164     51.87931
       109    127.7828    776.2895     23669.14     386.5058  14.0645   0.0177    10.54    0.066  10.35   1      98.79     2407.181       56.087
       110    785.6721    778.0678     4245.446     270.4604  15.9302   0.0692     6.60    0.245 -50.22   0      19.27     357.0062     47.17602
       111    743.3299    775.0057     2654.834     238.5213  16.4399   0.0976     7.30    0.172  61.02   0      17.42     413.4396     47.57049
       112    589.7905    775.5161     2868.967     260.4492  16.3557   0.0986     7.22    0.277  24.27   0      17.34     359.8085     47.31357
       113    544.9993    773.9197     3712.601     88.55665  16.0758   0.0259     0.00    0.057  89.81   0      78.83     3648.474     61.10174
       114    273.8467    771.9269     2173.003     205.6997  16.6573   0.1028     6.06    0.251  -1.92   0      14.59     418.8378     47.59628
       115    194.9049    766.8153     9579.086     108.0796  15.0467   0.0123     0.00    0.262  62.99   0      134.1     8798.637     77.78791
       116    520.1429    761.7324     17862.64      495.496  14.3701   0.0301     8.97    0.150 -60.30   2      52.91     1050.436     50.52223
       117    906.1153    763.0314     7115.644     307.2183  15.3695   0.0469     6.57    0.439 -34.68   0      25.68     433.0347     47.54088
       118    849.2352    760.4478     9704.114      397.106  15.0326   0.0444     9.93    0.149 -74.33   0      29.69      438.506      47.6901
       119   1018.7282    748.6266     27126.79     358.7257  13.9165   0.0144     7.31    0.104  53.01  27      113.7     2956.307     58.47051
       120   1013.2662    735.5839     11806.82     442.5725  14.8197   0.0407    11.98    0.166  40.12  19      38.49     690.9294     48.87825
       121    982.4783    748.6593     23694.65     671.3324  14.0634   0.0308    18.33    0.512 -44.55   2      46.27     510.4197     47.78689
       122    719.0024    750.4954     12662.04     308.9316  14.7437   0.0265     7.38    0.134  20.38   2      61.85     1485.547     52.44305
       123    127.0792    750.0881     10179.21     334.0689  14.9807   0.0356     7.69    0.179  13.77   0      48.73     1195.696     50.94189
       124    608.7036    749.2445     6902.711     366.2588  15.4025   0.0576     9.88    0.359  -6.94   0      24.47     451.0349     47.25619
       125    846.9376    745.8630      6099.55     333.9254  15.5368   0.0595    12.00    0.515 -24.17   0      26.09     561.2615     48.14998
       126    317.3790    740.3369     4768.166     334.3355  15.8041   0.0761     8.55    0.391 -55.18   0       18.6     402.3527     47.51749
       127    447.7668    738.7189     5649.145       315.56  15.6200   0.0607     7.25    0.012 -17.58   0      27.66     651.3781       48.694
       128    352.0736    738.4429     4593.525     295.0964  15.8446   0.0698     7.60    0.138  58.40   0      22.17     539.2836     48.16797
       129    358.8131    753.2845     4353.251     302.7574  15.9030   0.0755     8.49    0.483   5.47   0      20.39     385.7565     47.43805
       130    591.2127    739.0086      1605.84     110.2731  16.9857   0.0746     1.02    0.121   0.88   0      34.99      1238.42     51.36091
       131    523.2943    735.5970     7128.428     317.5479  15.3675   0.0484     7.94    0.039  39.29   0      35.12     839.6147     49.56478
       132    941.1539    733.8004     7662.215     271.1633  15.2891   0.0384    10.22    0.148 -65.20   0      44.88     1903.487     54.22403
       133    436.0196    733.1926     4114.536     282.5424  15.9642   0.0746     8.37    0.254   8.42   0      20.85     457.4196     47.78015
       134    364.0655    731.3870     11231.17      115.375  14.8739   0.0112     0.75    0.020 -26.54   0      126.4     10737.51     83.40092
       135    880.8808    725.0482     28710.59     372.9286  13.8549   0.0141    13.16    0.376  40.56   0      101.9     1697.883     53.13514
       136    858.7145    728.4529     3041.927     205.2344  16.2921   0.0733     6.94    0.225  -3.10   0       19.7     520.1089     47.83295
       137    674.7360    725.1618     6236.009     279.0406  15.5127   0.0486     7.34    0.114  46.81   0      32.58     792.8702     49.34998
       138    112.2634    723.4155     8493.969     322.1833  15.1772   0.0412     7.54    0.050   5.57   0      42.36     1018.296     50.37744
       139    405.5482    721.5545     8948.509      386.949  15.1206   0.0470     8.41    0.120   5.51   0      35.88     774.1007      49.3823
       140    280.6560    711.1622     8564.288     330.7606  15.1683   0.0419     8.09    0.212   4.53   0      39.18     923.5385     49.94812
       141    550.8677    705.4974      21286.2     468.8451  14.1798   0.0239     7.96    0.129  16.75   3         65      1483.77     52.21129
       142    538.3874    700.7902     38759.09     382.8499  13.5291   0.0107    10.36    0.144  21.81   3      150.9     4102.777     62.76881
       143    605.5426    705.1307     7214.759     264.2143  15.3544   0.0398     7.38    0.158   2.87   0      38.87      924.957      49.8371
       144    340.3976    705.9379     4078.886     275.6881  15.9736   0.0734     6.64    0.086  70.30   0      22.53     613.5756     48.63791
       145    187.4019    703.5632     14787.68     282.8291  14.5752   0.0208     8.37    0.208  10.45   0       68.5     1578.095     53.06399
       146    713.9205    705.8502     1360.804     87.47873  17.1655   0.0698     2.94    0.243  60.37   0      37.67     1105.468     50.53774
       147    480.7163    704.2471     3553.854     266.6007  16.1233   0.0815     6.84    0.268 -62.00   0      17.95     394.2481     47.23115
       148    812.2153    701.0143     7009.405       288.44  15.3858   0.0447     7.76    0.191  27.47   0      34.41     721.7493     49.02135
       149    407.3322    692.1488     246033.8     511.7537  11.5225   0.0023     6.90    0.071  13.98   3      538.9     24937.92     115.8035
       150    402.8824    676.4343     31834.31     412.4282  13.7428   0.0141     8.87    0.076   7.34   3      122.2     3128.685     59.03754
       151    215.1473    695.0767     5818.502     267.9781  15.5880   0.0500     6.26    0.023 -11.11   0         32     817.7121      49.3456
       152    843.7300    696.1874     1526.078     87.90707  17.0411   0.0626     2.51    0.078  37.90   0      32.42     1395.728     52.05235
       153    674.5319    693.0162     3609.057     269.3816  16.1065   0.0811     5.17    0.157 -88.46   0      19.05     454.4265     47.88847
       154    581.4553    692.1595     6165.521     345.1902  15.5251   0.0608     9.18    0.343  31.51   0      24.98     578.4078      48.4733
       155    701.0095    691.9407     2810.907       218.81  16.3779   0.0845     3.11    0.334  88.83   0      16.32      472.592      47.9746
       156    565.8276    684.6923     21584.89     514.0107  14.1646   0.0259    17.47    0.313  -9.22   0      68.52      1268.04     51.14916
       157    934.9291    679.9547     4273.165     291.3498  15.9231   0.0740     9.48    0.114  47.18   0      22.61     502.1227     47.99231
       158    249.8673    677.6161     7413.497     371.7361  15.3249   0.0545     8.82    0.181 -20.48   0      26.04     500.4758     47.98452
       159    989.9627    677.9882     2403.464     137.7335  16.5479   0.0622     0.00    0.011  21.16   2      26.57     1140.884     51.27161
       160    439.2342    671.4069     3732.391     270.0289  16.0700   0.0786     6.46    0.249  62.98   0      19.52     471.0583     48.08938
       161    107.9553    663.3785     43582.29     345.6273  13.4017   0.0086     6.97    0.087   8.05   0      171.2     5006.574     66.13763
       162    293.5313    666.7749     4146.714     268.2007  15.9557   0.0702     5.65    0.204 -62.10   0      19.03     452.3756     47.75615
       163    162.3998    658.1036     118213.4     417.3611  12.3183   0.0038     6.88    0.087  10.51   0      351.6      13124.8     89.67076
       164    763.8017    664.1366      3477.92     103.2784  16.1467   0.0322     2.50    0.302   5.96   0      56.08     3025.014     58.83667
       165    793.0767    664.0408     2812.622     87.89926  16.3772   0.0339     4.42    0.135  28.76   0       65.4     2457.778     56.49953
       166    211.9868    662.3275     2733.249     97.20441  16.4083   0.0386     2.47    0.324 -87.81   0      46.28     2155.381     55.37569
       167    430.9255    658.9316       6045.5     348.9118  15.5464   0.0627    10.70    0.112  86.58   0      26.68     594.8972     48.30848
       168     42.3273    645.8170     5036.512     313.7202  15.7447   0.0676     9.47    0.094   7.63   0      24.18     589.3506     48.52458
       169    410.1903    639.1760     32696.24     401.3853  13.7138   0.0133     7.31    0.094  16.07   2      121.5     3156.907     59.34396
       170    954.4648    633.5602     14457.42     414.9255  14.5998   0.0312    17.63    0.449  80.40   0      54.57     969.8298     50.15831
       171    807.6368    635.4404     5368.173     297.1755  15.6754   0.0601    11.14    0.085  85.12   0      27.98     631.1843     48.59966
       172    283.7961    629.9019      40996.1     491.0033  13.4681   0.0130    12.59    0.439   4.67   0      132.3     2754.491     57.68073
       173     34.1270    631.9943      10086.8     360.9949  14.9906   0.0389     8.45    0.176  28.44   0       46.8      1088.25     50.57629
       174    900.9994    625.9116     126398.4     445.4509  12.2456   0.0038     9.28    0.093  14.89   2      354.5      12757.5     88.73494
       175    100.6069    632.3099     4140.406     280.4811  15.9574   0.0736     8.23    0.207  -7.31   0      20.46      417.853     47.59157
       176    340.2139    645.4054     2184.217     218.8288  16.6518   0.1088     6.09    0.647  79.07   0      16.26     342.4346     47.23004
       177    673.6662    629.4958     4390.949     234.6142  15.8936   0.0580     6.96    0.436   6.27   0       25.8     1519.391     52.36612
       178    732.1736    619.6312     10901.48      450.968  14.9063   0.0449    16.34    0.539 -41.52   0       37.2     518.6826     48.31393
       179    245.5720    620.6185     11812.24      372.847  14.8192   0.0343     7.58    0.119  27.89   0      53.03     1259.856     51.68301
       180    596.3629    620.1863     7389.473     345.9951  15.3285   0.0508    11.36    0.138  15.90   0      33.61     780.0065     49.64618
       181    567.2457    622.0687     1276.043     87.25824  17.2353   0.0743     2.23    0.269  14.49   0      37.98      1094.18     50.71863
       182    707.5225    619.9871      3438.74     271.4063  16.1590   0.0857     8.11    0.176  43.30   0      19.88      471.294      47.8461
       183    376.5479    617.5841     7318.454     359.2478  15.3390   0.0533    12.07    0.190  17.51   0      33.01     733.9569      49.1972
       184    297.0627    613.8444      1851.77      154.904  16.8310   0.0908     0.00    0.198  22.54   3      17.42     746.2362     49.13474
       185    297.7403    610.5594     3010.968     262.2549  16.3032   0.0946     7.64    0.437 -14.48   2      16.97     421.5406     47.60918
       186    909.4681    603.6859     51970.86     422.3396  13.2106   0.0088     7.01    0.029  -1.18   2      184.5     5127.679     66.19926
       187    587.7680    608.1138     3392.376     263.1427  16.1737   0.0842     8.04    0.414 -14.99   0       19.8     452.0661     47.63177
       188    226.0019    639.5631     7463.389     227.4886  15.3177   0.0331    10.91    0.404  58.20   0      53.03     847.2799     49.83572
       189    372.1025    604.6013     4266.994     97.77367  15.9247   0.0249     0.85    0.103 -88.01   0      71.38     4029.687      62.5036
       190    731.0698    592.9708     34575.24     358.9511  13.6531   0.0113     7.31    0.101   2.19   0      141.6     3909.135     62.06371
       191    580.2446    592.9808     1858.205     168.5064  16.8273   0.0985     0.00    0.192 -56.05   3      15.91     671.3876     49.02701
       192    582.9890    590.0010      3441.28     87.85757  16.1582   0.0277     0.00    0.001  59.33   2      70.88     3034.769      58.7747
       193     27.3543    586.5352     4594.731     322.6162  15.8443   0.0763     9.11    0.353 -58.17   2       23.3     415.9048     47.58227
       194    158.5662    585.8581     6821.205     328.6702  15.4153   0.0523     6.06    0.157  36.29   0      30.26     736.0828     49.08776
       195    439.6915    583.7076     7522.669     341.8221  15.3091   0.0493     8.16    0.361  23.57   0       25.3     364.5177     47.21219
       196    460.4498    578.2134      4654.84     289.1242  15.8302   0.0675     7.37    0.149  18.89   0       20.9     435.4669      47.7984
       197    703.5659    573.3500     28341.36     395.2212  13.8689   0.0151     7.58    0.143   5.04   0      114.2     2914.811     58.30899
       198    673.2915    571.7700     7594.358     370.6625  15.2988   0.0530     8.07    0.153  40.93   0      32.28     696.3952     48.42184
       199    500.3935    566.1985     19390.34     306.2805  14.2810   0.0172     7.24    0.102  11.74   0       90.7     2265.121     55.71917
       200    476.1870    564.5507     6327.657     223.7465  15.4969   0.0384     7.86    0.089 -25.50   0      35.95     824.1779     49.61224
       201    958.4344    563.5989     11023.91     336.3901  14.8942   0.0331     7.35    0.064  32.97   0       53.1     1287.057     51.80248
       202    525.8652    563.0508     7923.029      330.763  15.2528   0.0453     7.45    0.042 -52.58   0      38.23     853.0266     49.62624
       203     21.9068    562.1815     7164.416     323.5168  15.3620   0.0490     8.91    0.132  23.87   0         35     806.7083      49.0565
       204    721.8628    559.7462      15210.5     338.7746  14.5446   0.0242    15.03    0.102   8.44   0      72.41     1690.375     53.32332
       205    190.1410    538.2649     35998.08     408.6651  13.6093   0.0123     9.52    0.232 -27.42   2      132.2     3460.438     60.39827
       206    184.9728    554.9857     49065.37      408.043  13.2731   0.0090     7.01    0.140  23.09   2      176.9     5032.972     66.22829
       207    589.8250    557.7624     6010.676     318.5921  15.5527   0.0576     8.30    0.242 -37.72   0      30.01     634.1123     48.97374
       208    445.4851    554.3389     6032.476     288.1782  15.5488   0.0519     7.40    0.152  23.88   0      32.21      775.782      49.0327
       209    150.3498    550.6824     23627.48     472.4665  14.0665   0.0217    16.84    0.211  88.38   2      82.53     1312.313     51.45954
       210      3.9487    548.6049     9894.526     268.6998  15.0115   0.0295     9.52    0.222  81.55  24      53.33     1291.832     51.71019
       211    211.9810    548.2134     3318.453     90.82558  16.1977   0.0297     1.01    0.144 -79.27   0      66.93     3298.839      59.7871
       212    948.0886    542.5375     18551.61     359.0118  14.3290   0.0210     7.61    0.074   6.40   0      78.96     1801.174     53.57512
       213    229.4490    539.8783      29955.7     404.9291  13.8088   0.0147     8.99    0.076  -0.33   0      119.3     3077.602     58.84056
       214    503.7948    543.5572     3013.604     254.8896  16.3023   0.0919     7.01    0.090 -21.46   0      17.62     392.5047     47.71669
       215    703.6686    541.1578     3044.311     246.7378  16.2913   0.0880     6.75    0.311  49.66   0      17.81     389.3187     47.45511
       216    632.0106    538.2051     5814.879     292.0486  15.5886   0.0545    11.33    0.097  34.67   0      29.92      648.439     48.68028
       217    471.3901    535.2722     5473.901     304.0797  15.6543   0.0603     7.95    0.206  -7.74   0      28.27     650.9539     48.69202
       218     37.2624    522.4128     73048.92     390.1225  12.8410   0.0058     9.41    0.095  17.36   0      248.1     7798.695      74.9659
       219    277.3235    519.3197     6326.363     291.4425  15.4971   0.0500     9.20    0.224  11.47   0      33.67     774.4792     48.90696
       220    870.0878    518.3123     2991.383     230.0918  16.3103   0.0835     5.30    0.303  73.95   0      16.95     419.9899     47.47848
       221    746.1367    510.9714     5051.863     315.1295  15.7414   0.0677     7.90    0.204  58.07   0      23.47      545.386     48.19676
       222    727.1384    509.1550     1415.981     89.27873  17.1224   0.0685     3.83    0.292  44.87   0      33.97     994.1758     50.26851
       223    912.5118    508.5039     2889.893     219.5605  16.3478   0.0825     5.00    0.582  44.03   0      16.24     382.0748     47.17253
       224    356.3162    503.6610     7264.103     361.6528  15.3470   0.0541     8.69    0.344  12.47   2      25.14     385.5794     47.18942
       225    987.8491    498.8869     13530.68     404.7576  14.6717   0.0325     8.01    0.165  33.45   0      53.64     1251.667     51.19099
       226     46.2044    502.0574     1738.171     83.33553  16.8998   0.0521     1.02    0.087  -1.64   0      41.16     1778.445     53.80643
       227    667.4013    499.2178     2837.827     241.1388  16.3675   0.0923     7.60    0.384 -15.98   0      17.85      418.891     47.59653
       228    555.4666    493.3356     36702.15     374.6513  13.5883   0.0111     7.07    0.055  11.80   0      147.7     3984.317     62.24431
       229    577.1691    496.4277     4352.469     286.8502  15.9032   0.0716     9.31    0.244  15.84   0      23.42     523.9929     48.33891
       230    720.9752    493.7520     3551.027     238.1462  16.1241   0.0728     5.26    0.191   8.67   2      17.99     396.2971     47.73475
       231    214.9233    493.7673     13215.14      120.442  14.6973   0.0099     0.00    0.357  71.69   0      158.4     12111.45      87.0645
       232   1004.4186    488.3375     5253.742     105.7381  15.6988   0.0219     0.98    0.035  39.53   0      83.15     5147.354     66.44344
       233    517.0444    488.0326     3073.102     86.89993  16.2811   0.0307     4.33    0.069  26.34   0         70     2844.686     58.23668
       234    727.4076    484.9836     7759.125     366.3901  15.2755   0.0513     7.14    0.106  25.54   0      31.07     696.6893     48.90503
       235    192.8743    479.2497     33218.69     382.2398  13.6965   0.0125     7.05    0.114  17.54   2      133.4     3582.263     60.75856
       236    957.1032    477.2544     2555.927     177.0573  16.4811   0.0752     5.46    0.625 -31.57   0       25.7     876.1362     49.37711
       237    528.2012    474.0519     3964.801     293.1158  16.0044   0.0803     7.84    0.226  -3.76   0      19.12     374.9859     47.38642
       238    172.4030    467.1955        10995     308.1786  14.8970   0.0304     7.26    0.094  11.98   0      53.06     1275.361     51.52411
       239    333.3992    465.9776     6357.898     322.4956  15.4917   0.0551     7.54    0.117 -28.86   0      23.68     413.3387     47.57001
       240    248.0023    461.8568     12278.98     108.3332  14.7771   0.0096     4.42    0.103 -89.08   0      149.6      12379.8     87.82899
       241    671.8869    451.4611     175550.3     481.8698  11.8890   0.0030     7.45    0.069  62.10   0        442     16683.35     98.15762
       242    829.5297    459.3906     3860.007      292.534  16.0335   0.0823     7.59    0.422  -4.87   0      19.11     399.2012     47.50242
       243    521.5145    458.0045     9915.658      125.077  15.0092   0.0137     0.00    0.461  -0.06   0      126.2     8178.081     76.18436
       244    320.3199    452.5143     16524.29     506.5878  14.4547   0.0333     8.77    0.182  20.31   0      42.31     858.0196     49.41242
       245    865.8301    454.9865     3630.269     120.6058  16.1002   0.0361     3.26    0.538  -0.17   0      58.24     2649.439     57.46966
       246    877.8251    453.3441     3525.852      267.126  16.1318   0.0823     7.28    0.135 -53.94   0      17.88     437.7515      47.6865
       247    990.8057    447.5288     3213.732     253.3386  16.2325   0.0856     4.19    0.278  19.71   0      17.34      441.065     47.70229
       248    507.3696    445.7607     5950.492     326.7248  15.5636   0.0596    10.34    0.143  -3.17   0      28.76     603.3074     48.71039
       249    263.6991    442.6824     14583.93     308.9224  14.5903   0.0230     7.89    0.104  57.57   2      65.14     1405.751     51.75744
       250    455.0958    443.9957     4224.922     262.1893  15.9355   0.0674     2.68    0.345 -83.34   0      19.81     589.1899     48.40287
       251    425.0002    444.9937     57625.76     179.8562  13.0985   0.0034     0.00    0.009  78.13   0      352.6     57316.71     167.7143
       252      4.7991    440.8905     13296.19      355.257  14.6907   0.0290     8.09    0.103  70.66  24      51.97     1130.646     50.88177
       253    361.2404    440.8901     10298.55     281.8106  14.9681   0.0297     8.28    0.130 -13.44   0      50.59     1194.624     50.93711
       254    583.6810    441.7374     4909.935     298.7931  15.7723   0.0661     7.22    0.136 -11.44   0      25.35     581.4164     48.12336
       255    776.4315    434.6776     3423.009     261.4933  16.1640   0.0830     6.62    0.393  21.88   0         17     402.6903     47.51911
       256    654.4471    425.5037     59155.32     400.3016  13.0700   0.0073     7.19    0.051 -12.45   0      208.2     6003.944     69.05737
       257    113.8356    419.5997     474371.8     606.6519  10.8097   0.0014     6.99    0.082  17.48   0      812.8     51002.22     159.0009
       258    416.9850    430.2354     2248.572     88.10776  16.6202   0.0426     0.91    0.146 -76.95   0       53.4     2259.568     56.01135
       259    556.0120    427.9824      1775.56     83.43744  16.8767   0.0510     4.23    0.005  36.34   2      48.97     1639.615     53.10654
       260    559.8889    423.8615     4435.682     284.3509  15.8826   0.0696     8.76    0.091  20.07   2      22.11      450.059     47.49895
       261    358.7478    424.1222     4753.487     274.6476  15.8075   0.0627     5.93    0.096 -38.93   0      26.64     684.1111     48.72639
       262    186.6185    417.1132     7520.191     417.8259  15.3094   0.0603    11.42    0.337  55.89   0      26.41     522.6786     47.96751
       263    199.3324    417.5734      5829.87     346.6642  15.5859   0.0646     7.04    0.161  -6.34   0      23.26     546.6138     48.20255
       264    231.5688    413.3516     4608.358     300.0324  15.8411   0.0707     7.45    0.073 -52.59   0      23.53     577.9783     48.59206
       265     55.0061    407.8793     3136.391     246.2282  16.2589   0.0853     7.42    0.154  54.02   0      18.56     463.8954     47.93339
       266    821.7386    407.3241     2279.669     211.4368  16.6053   0.1007     5.17    0.220  42.25   0      14.26     386.3614     47.44095
       267    620.7921    396.8192     3586.574     282.1174  16.1133   0.0854     9.11    0.481 -29.31   0      20.03     401.9909     47.51577
       268    733.8596    384.7430     6855.113      309.876  15.4100   0.0491     8.13    0.082 -13.64   0      33.84     723.5146     49.26806
       269    963.2510    372.8227     143974.1     445.5359  12.1043   0.0034     7.07    0.076  40.45   0      396.3     15328.34       95.215
       270    137.6684    373.4679      97998.8     405.8433  12.5219   0.0045     7.04    0.078  16.87   0      307.8     10430.69     82.48953
       271    220.0521    379.1016     5737.833     327.9202  15.6031   0.0621     7.70    0.086  53.49   0       27.2     596.1782     48.07125
       272     15.1559    375.5103     8541.581     332.5125  15.1712   0.0423    14.37    0.452  88.92  16      35.64     712.0074     48.73621
       273    316.1323    377.5511     5706.274     118.4229  15.6091   0.0225     3.70    0.358 -79.67   0      72.49     4090.584     62.72464
       274    260.7578    378.5039     7170.148     332.0155  15.3612   0.0503     7.32    0.433 -52.14   0       25.6     310.1423     46.57365
       275   1005.9448    370.5614       8426.6     294.0741  15.1859   0.0379     9.21    0.071  36.27   0      41.33     915.4291     50.02851
       276     96.3866    368.3699     5237.042     318.0398  15.7023   0.0660    10.17    0.164  10.46   2      26.44     580.0649     48.60182
       277     95.0005    364.0168     3724.205     88.58642  16.0724   0.0258     4.24    0.007  47.98   3       78.4     3440.448       60.323
       278    536.5395    365.2488     3826.228     299.9284  16.0431   0.0851     7.84    0.360  75.76   0      19.12     362.5912     47.32693
       279    298.1177    351.3673     50496.51     364.4982  13.2418   0.0078     9.98    0.067  -1.54   0      190.4     5584.118     67.83463
       280    998.5542    347.1368     11881.15     300.6567  14.8129   0.0275     7.64    0.112  22.24   0      57.75     1364.691     51.91665
       281    674.3690    350.5499     3224.481     238.4497  16.2288   0.0803     5.57    0.281 -55.27   0      17.39     348.4634     47.25904
       282    360.2782    338.2884     3440.449     250.6354  16.1585   0.0791     6.33    0.168   6.44   0      18.64     438.5035     47.44363
       283    115.3671    336.1034     5509.035     320.0707  15.6473   0.0631     8.45    0.262  62.57   0      26.34     556.9426     47.76282
       284     54.3027    336.1411     4123.245     293.7379  15.9619   0.0774     8.83    0.239   5.50   0      21.93      504.012     47.75641
       285    323.7173    332.2950     7932.569       348.04  15.2515   0.0476     7.03    0.128  29.96   0      36.49     840.8193     49.45192
       286    758.6791    330.0611     4067.785     267.5867  15.9766   0.0714     6.71    0.157  64.79   0      22.51     525.0997     47.85666
       287    214.5124    329.7909     8899.671     401.4194  15.1266   0.0490     9.20    0.120 -83.43   0      27.96     367.3892     47.34997
       288    904.3113    319.1595     112344.8     416.2707  12.3736   0.0040     5.36    0.079  17.79   0      338.7     13296.19      89.9739
       289    433.3612    325.0800     4096.313     286.6471  15.9690   0.0760     7.30    0.149  34.02   0       21.6     565.8983     48.29338
       290    502.6165    322.4684     2644.901     227.8278  16.4440   0.0935     5.34    0.489  41.11   0      15.69     428.5937     47.76571
       291    106.7965    319.9499     5930.351     335.1246  15.5673   0.0614     8.48    0.163   0.22   0      23.43     448.3759     47.73711
       292     35.1834    310.3626     4102.094      285.114  15.9675   0.0755     7.02    0.400   3.09   0      19.85     451.3043      48.1179
       293    365.4259    302.8767     8585.319     367.3014  15.1656   0.0465     8.57    0.134  88.35   0      38.03     822.2609     49.48515
       294      5.5654    303.1398     11322.55     261.6342  14.8651   0.0251     3.30    0.011  60.02  24       60.7     2039.189     54.78986
       295    328.0919    305.0602     1917.557     87.24973  16.7931   0.0494     0.00    0.180  45.44   0      49.32     1649.787     52.92902
       296    842.7463    297.9017     30885.48     457.4187  13.7756   0.0161     7.55    0.062  15.90   0      113.1     2767.336     57.42591
       297    681.3875    298.7343     2102.271     128.4093  16.6933   0.0663     2.20    0.064  30.60   0      33.46     1499.409     52.50309
       298     50.4367    296.0153     4319.073     267.2523  15.9115   0.0672     7.90    0.051  52.71   0      25.19     609.8222     48.86089
       299    209.5182    292.7376     6102.051     319.5757  15.5363   0.0569     7.36    0.549 -86.18   0      22.59     332.7109      46.9341
       300     24.3382    292.6567     8651.643     363.7344  15.1573   0.0457     8.57    0.212   7.00   0      35.82     792.1016     49.46508
       301    541.5161    289.1335     18454.76      369.809  14.3347   0.0218    14.35    0.139 -24.15   2      80.43     1759.433     53.39775
       302    343.6729    293.5403     2127.362     110.0187  16.6804   0.0562     4.43    0.544  53.44   0      39.66     1417.756     52.14843
       303    158.1256    290.0238     1212.613     81.88969  17.2907   0.0733     0.00    0.135   5.11   0      40.06     1102.816     50.75731
       304    373.7626    276.9059     92743.75     401.0669  12.5818   0.0047     6.98    0.064   7.38   0      296.2     9852.712     80.66373
       305   1022.8047    280.2553     3517.263      178.287  16.1345   0.0550     6.40    0.426 -89.47  24      26.54     796.7573     49.48647
       306    945.3899    280.6826     6375.154     338.0372  15.4888   0.0576    10.72    0.254  15.44   0      28.44     650.9841     48.69216
       307    255.3453    277.6231     28227.79     316.0322  13.8733   0.0122     7.88    0.105  10.09   0      123.1     3186.327     59.35786
       308    225.3723    278.8576     7176.371     273.9839  15.3602   0.0415     7.73    0.103   8.33   0      38.57      898.854     49.83568
       309    630.7668    277.5379     4480.141     282.3177  15.8718   0.0684     6.96    0.185  -0.58   0      19.88     382.2999     47.42149
       310     63.3453    269.1852     29683.98     334.1786  13.8187   0.0122     7.17    0.036  44.35   0      123.5     3239.099     59.65791
       311    531.1914    271.4088     8957.593     365.5327  15.1195   0.0443     8.18    0.167  22.44   0      38.83     852.5566     49.62409
       312    148.0342    267.6399     15595.35     436.1942  14.5175   0.0304     7.85    0.045   9.66   0      58.42     1355.336     51.87569
       313    311.5855    265.1796     4805.459     305.5045  15.7957   0.0690    10.49    0.262 -38.22   0      25.51     587.7132     48.51691
       314    487.1564    263.3020     3700.932     278.0244  16.0792   0.0816     6.92    0.164   7.12   0      18.63     368.5918     46.85801
       315    961.5078    255.2963     4701.055     283.5311  15.8195   0.0655     9.61    0.199  49.98   0      24.89     536.8327     47.91235
       316    270.5332    253.0950     1078.889     91.67133  17.4176   0.0923     1.66    0.485  69.11   2      18.26     905.1541     49.62874
       317    452.9322    252.4308     5071.807     278.0908  15.7371   0.0595     6.38    0.069  64.37   0      28.05     723.6448     49.03014
       318    703.5035    253.0187       2859.1     244.1783  16.3594   0.0927     6.55    0.319  51.85   0      16.82     397.8345     47.12418
       319    146.6687    244.7465     31896.14     562.2101  13.7407   0.0191     9.56    0.106  23.78   0      91.22     2046.451     54.71294
       320    266.8024    235.4763     6266.283     338.8301  15.5075   0.0587    10.69    0.152  66.32   0      29.32     605.1088     48.47756
       321    866.0883    226.4718     16433.68     425.7556  14.4607   0.0281     8.37    0.192 -41.40   2      62.05      1478.07     52.18648
       322    767.5190    234.5256     6280.474     119.5198  15.5050   0.0207     2.55    0.302 -25.12   0      81.27     4975.637     65.58588
       323    767.3533    221.9465     66182.33     415.7091  12.9481   0.0068     7.08    0.070  23.11   0      227.8     6980.117     72.52261
       324     17.0332    223.8314      1612.31     88.12973  16.9814   0.0594     0.00    0.191 -76.03   0      44.75     1396.732     52.28145
       325    585.6724    215.0406     3708.876     280.1312  16.0769   0.0820     8.10    0.296 -38.52   0      19.23     399.4978     47.50384
       326    721.1836    210.4706      5826.66     302.8953  15.5865   0.0565    11.51    0.043  54.73   0      30.25     648.2243     48.79954
       327    659.3779    213.5666     3736.651     211.6167  16.0688   0.0615     6.49    0.158 -61.11   0      26.51     1298.114     51.85097
       328    959.9141    211.3363     4641.646     298.0977  15.8333   0.0697     8.92    0.028  -6.79   0      23.32     549.1288     47.97064
       329     56.3885    210.4680     3444.343     269.2426  16.1572   0.0849     7.46    0.241  10.74   0      19.48     422.8047     47.61522
       330    797.3664    208.4495     4103.813     291.7204  15.9670   0.0772     8.57    0.040  25.63   0      21.52     474.0149     47.85902
       331    314.7902    205.1632     11754.99     342.4919  14.8244   0.0316     7.93    0.174   4.38   0      53.67     1307.327     52.00418
       332    860.5378    203.0782     4202.824     266.6043  15.9411   0.0689     7.58    0.174 -65.97   0      23.38     541.0173     48.05433
       333    486.2371    202.7347     1158.166     86.95068  17.3406   0.0815     1.75    0.263 -44.76   0      31.91     1208.824     51.22978
       334    942.5189    196.3612     22812.05     534.3909  14.1046   0.0254    18.36    0.217  49.05   3      72.27     1619.727     52.91069
       335    939.1483    184.8071     18981.35     536.0498  14.3042   0.0307    10.47    0.190 -42.21   3      52.34      1037.03     50.57791
       336     40.0008    196.7237     11872.67     265.4449  14.8136   0.0243     7.38    0.090  69.16   2       56.2     1338.136     51.80027
       337    586.3494    192.5215     7421.888     340.4663  15.3237   0.0498     7.66    0.192  43.04   0      33.83     852.9124     49.50746
       338    362.0813    188.1478     58670.14     378.1825  13.0790   0.0070     7.17    0.105  12.96   0      212.2     6291.781     70.08194
       339    633.7025    187.8531     3400.024     247.6576  16.1713   0.0791     5.98    0.203 -85.50   0      17.51     395.6688     47.11374
       340    285.3221    182.0620      5272.11     280.8753  15.6950   0.0579     6.99    0.161  -0.40   0      22.58     402.1371     47.39294
       341    560.6057    178.5585     7038.693      343.639  15.3813   0.0530    12.12    0.203  45.27   0      34.09     743.6843     49.36101
       342    915.5336    176.1951     15561.31     387.8024  14.5199   0.0271     7.47    0.053  44.60   2      63.62     1428.797     52.19653
       343    256.0531    175.1156     2461.149     171.0398  16.5222   0.0755     3.95    0.540 -88.44   0      22.82     989.0587      50.0115
       344    300.5551    174.7760      2159.24     97.36974  16.6642   0.0490     1.64    0.108   5.94   0       40.7     1857.364     54.24691
       345     66.5696    172.9246     32456.71     347.2115  13.7217   0.0116     6.97    0.089  -2.58   0      134.7     3732.698     61.41421
       346    116.3255    165.9765     48944.53     369.5263  13.2757   0.0082     7.14    0.089   6.93   0        184     5294.124      66.9436
       347    581.9736    168.5487     9054.169     327.9843  15.1079   0.0393     9.05    0.154  10.04   0      42.54     1026.328     50.64567
       348    291.6054    166.1035     11944.75     387.1939  14.8071   0.0352     8.31    0.150  21.23   0      49.09     1128.278     50.87119
       349    539.1873    162.0229     10365.61     360.7644  14.9610   0.0378    13.31    0.094  58.47   2      45.53     1093.528     50.83115
       350     42.0638    162.2759     1164.575     85.26577  17.3346   0.0795     1.45    0.135  80.78   0      27.63     1076.799     50.64068
       351     87.1829    159.7473      12787.4     486.8825  14.7330   0.0413    13.40    0.476  -4.76   0      35.35     555.9788     48.36802
       352    374.5400    158.2888     10099.99     114.4128  14.9892   0.0123     0.97    0.045 -22.90   0      123.5     9671.397     80.29737
       353    929.5123    149.7429     2948.781     277.4088  16.3259   0.1022     8.10    0.360  27.77   0      16.17     280.5339     46.68076
       354    627.6122    140.3300     85842.48      411.276  12.6657   0.0052     7.18    0.095  16.40   0      276.6     8849.397     78.08635
       355    313.2921    135.3290      46020.3     400.5316  13.3426   0.0095     7.97    0.214  46.76   0      164.6     4241.444     63.17619
       356    243.2778    141.0585     4288.935      227.538  15.9191   0.0576     7.28    0.063  46.38   0      24.41     567.6213     48.05817
       357    835.2344    140.6236     4255.711     283.1739  15.9276   0.0723     7.77    0.299  38.78   0      19.58     409.1079      47.7957
       358    360.1250    140.6449     4839.096     306.4872  15.7881   0.0688     9.54    0.211   2.13   0      24.28     541.9416     48.18051
       359    444.5959    137.4176     9357.508     321.8826  15.0721   0.0374     7.38    0.014   9.09   0      46.06     1116.816     50.81996
       360    137.2621    136.0813     10704.52     257.7072  14.9261   0.0261     9.37    0.183  41.00   0      56.35     1453.714      52.0803
       361    844.2004    130.9007     5240.049     282.4104  15.7017   0.0585     0.16    0.542 -47.49   0      27.78     1481.472     52.42538
       362    195.4177    123.7506     17657.72     393.8955  14.3827   0.0242     7.80    0.069  43.36   2      72.21     1735.479     53.73384
       363    198.3639    113.9474     9892.278     394.2512  15.0118   0.0433     7.84    0.114  66.26   3      36.06     752.4868     49.16365
       364    668.0980    117.3214     7791.633     377.8305  15.2709   0.0527     9.22    0.390  85.59   2      25.31     402.9611      47.1489
       365    349.9788    119.1737     1977.136     83.98471  16.7599   0.0461     1.01    0.082  85.78   0      45.12     1968.047     54.70866
       366    902.6056    116.5643     3348.784     297.1104  16.1878   0.0964     7.50    0.359  15.50   0      17.51     324.1059     47.38979
       367    510.0227    108.0297     4594.311     293.6035  15.8444   0.0694     9.75    0.174 -58.73   0      24.68     489.1022     48.17458
       368    808.9387    109.8174     2078.355      89.3235  16.7057   0.0467     0.00    0.189  69.81   0      50.03     1715.619     53.43081
       369    102.0494    101.7857     7564.079     371.0391  15.3031   0.0533     8.60    0.292  39.33   2       30.7     601.5367     48.70213
       370    130.4512     89.1350     10296.64      383.942  14.9683   0.0405     8.25    0.072  32.74   0      44.13     989.4209     50.24701
       371     62.2290     90.7989     6614.523     328.5273  15.4488   0.0539     7.65    0.281 -50.47   0       23.9     395.2642     47.72983
       372    728.4508     91.0415     2174.853     92.78316  16.6564   0.0463     1.61    0.213   3.29   0      44.27     2000.001     54.73426
       373    260.1707     86.9500     6250.429     311.3207  15.5102   0.0541     7.82    0.190  21.62   0      31.02     703.3519     49.05561
       374      9.8931     84.6882     5043.571      217.104  15.7432   0.0467     9.12    0.203 -18.24  16      28.66     674.1802     48.68005
       375   1019.3516     83.4624     4778.931      280.998  15.8017   0.0639     8.52    0.142 -60.69  16      21.74     462.4483     47.80406
       376    879.6018     83.1657     5735.197     308.1037  15.6036   0.0583     9.06    0.184 -61.64   0       29.5     658.2618     48.96612
       377    600.3209     74.5856     15121.19     397.9911  14.5510   0.0286     8.14    0.112  -0.32   0      62.02     1348.419     51.84537
       378    579.0858     75.4264       6213.4     357.3198  15.5167   0.0625     7.99    0.200 -21.28   0      24.95     560.8607     48.02619
       379    754.1677     68.0958     11927.07     364.9731  14.8087   0.0332     7.57    0.060  39.16   0      54.41     1259.848     50.99794
       380   1011.1235     64.0878     4739.663     97.37276  15.8106   0.0223     4.91    0.234  39.11   0      84.92     4100.469     62.57338
       381    521.9637     64.8264     1966.823     89.03927  16.7656   0.0492     1.71    0.171 -27.54   0      37.68     1723.177     53.68178
       382    563.0526     49.4366      12947.4     376.2744  14.7195   0.0316     7.94    0.098   3.18   0      55.88       1387.8     52.01772
       383    261.4630     46.8989     2572.086     234.1009  16.4743   0.0988     5.76    0.412 -50.99   0      15.97     332.6861     46.80893
       384    694.1391     42.2036     4977.457     302.7419  15.7575   0.0661     9.73    0.087 -41.49   0      25.18     472.6078     47.97468
       385    405.9572   1018.6735     14346.52     291.1601  14.6081   0.0220     9.32    0.234  17.62  16      67.72     1612.284     52.98944
       386     71.5972   1009.6671     10418.58     422.8791  14.9555   0.0441     8.74    0.152  13.85  16       33.8     720.3881     49.13448
       387    149.1276     37.9887     5417.179     314.4622  15.6656   0.0630     7.60    0.135  -0.94   0      21.28     462.9168     47.92875
       388    832.0207     30.5889     3539.076     274.1758  16.1278   0.0841     6.72    0.367  24.58   0      18.53     402.0306     47.63916
       389    430.2375   1006.9880      16114.6     284.4091  14.4820   0.0192     7.60    0.095   3.74   0      78.32     1972.593     54.83455
       390    167.5339   1007.6034     9807.011     401.9328  15.0212   0.0445     3.37    0.135 -24.18  16      32.04      479.549     48.00755
       391    130.9193   1005.0567     9204.167     240.4534  15.0900   0.0284     7.30    0.094  10.93   0      51.82     1333.167     51.55156
       392    308.2619   1002.3109     9164.312     405.5635  15.0948   0.0481    12.32    0.158   0.67   0      34.48     783.5747     49.06881
       393    678.6087    993.4095     6214.058     331.3604  15.5166   0.0579     7.91    0.127  21.56   0      28.68     671.0082     48.78553
