#   1 NUMBER                 Running object number                                     
#   2 X_IMAGE                Object position along x                                    [pixel]
#   3 Y_IMAGE                Object position along y                                    [pixel]
#   4 FLUX_AUTO              Flux within a Kron-like elliptical aperture                [count]
#   5 FLUXERR_AUTO           RMS error for AUTO flux                                    [count]
#   6 MAG_AUTO               Kron-like elliptical aperture magnitude                    [mag]
#   7 MAGERR_AUTO            RMS error for AUTO magnitude                               [mag]
#   8 FWHM_IMAGE             FWHM assuming a gaussian core                              [pixel]
#   9 ELLIPTICITY            1 - B_IMAGE/A_IMAGE                                       
#  10 THETA_IMAGE            Position angle (CCW/x)                                     [deg]
#  11 FLAGS                  Extraction flags                                          
#  12 SNR_WIN                Gaussian-weighted SNR                                     
#  13 FLUX_APER              Flux vector within fixed circular aperture(s)              [count]
#  14 FLUXERR_APER           RMS error vector for aperture flux(es)                     [count]
         1    859.4976     18.8345     33353.79      473.586  13.6921   0.0154    20.80    0.134  12.02  18        111      2303.68     55.86037
         2    746.2757     21.7289     7758.781     385.7903  15.2755   0.0540    10.12    0.170  41.49   2      30.61      613.736      48.7462
         3    711.4020     12.4632     151532.8     479.3385  12.0487   0.0034     8.31    0.093   9.77  16      394.4     12408.93     88.16799
         4    441.0224      9.6864     97757.53     429.0108  12.5246   0.0048     8.86    0.124  13.26  16      292.2     8060.383     75.90146
         5    226.3187      9.9390     28589.12     357.8304  13.8595   0.0136     9.20    0.164   2.56  16      109.3     2338.374     56.21493
         6      2.6454     10.3187     4044.113      200.468  15.9829   0.0538     5.54    0.255 -65.15  24      22.87     422.4475     47.84603
         7    674.9786      2.2371     2873.288     154.1955  16.3541   0.0583     9.01    0.706   6.45  24      22.51     616.7443     49.37084
         8    112.2082    996.1117     7929.046     381.9889  15.2519   0.0523    11.99    0.198 -30.24   0      32.54     652.9744     49.05112
         9    414.7816   1020.9385     11704.04      260.072  14.8292   0.0241     9.71    0.320   8.22  24      56.16     1234.264     51.79014
        10    675.3044    996.2504     7185.259     371.6011  15.3589   0.0562     8.63    0.240  53.57   0      23.93     368.2963     47.46203
        11    821.9368    993.7768      8035.73     340.1531  15.2374   0.0460    13.21    0.073 -16.24   0      35.33     791.3466     49.92871
        12    161.3587    984.1814     4914.125      300.029  15.7714   0.0663     7.37    0.203  -8.57   2      21.54     404.6679     48.26073
        13    113.7869    978.6718     16674.98     506.8029  14.4448   0.0330    10.58    0.215  31.55   0      51.95     950.1196     50.64628
        14    460.6916    980.9795      4830.66     298.9653  15.7900   0.0672     6.79    0.417 -66.54   0      19.94     345.9674     47.35499
        15    641.3085    971.2504     27504.53     352.0715  13.9015   0.0139     7.09    0.216 -63.85   0      117.3     1452.405       52.511
        16    762.5945    973.3673     7968.966     407.4397  15.2465   0.0555    12.21    0.291  25.14   0      30.36     554.9671     48.96341
        17    488.5066    971.8751         8482     418.2449  15.1788   0.0536    10.56    0.237 -12.22   0      26.78     463.9011     48.04254
        18    971.0024    972.3359     5557.203     101.5661  15.6379   0.0198     0.98    0.161  89.08   0      88.41     5783.014     69.00591
        19    299.4966    965.9420     21108.13     582.3726  14.1889   0.0300    11.73    0.221 -26.12   0      48.75     783.7905     49.53271
        20     95.8246    960.9542     94348.55     469.3087  12.5632   0.0054     8.22    0.093  -7.59   0      282.2     8113.711     76.37544
        21    963.5974    961.9300     24519.69     336.6154  14.0262   0.0149     8.98    0.132  18.62   0      100.1     2229.487     56.09436
        22   1007.5571    964.8048     5501.867     329.0299  15.6487   0.0649     7.49    0.662 -37.33  16      18.94     327.6553     47.89668
        23    263.0437    960.0742     14891.23     118.1491  14.5677   0.0086     0.00    0.211  60.04   0      172.5     14407.11     93.11217
        24    539.3572    955.2643     22788.17     486.0647  14.1057   0.0232    11.51    0.235  21.28   2      77.68     1597.763     53.36146
        25    670.8080    955.2985     12843.68     462.9922  14.7283   0.0391    10.75    0.058  55.42   2       43.9     685.8871     49.32501
        26    763.1596    955.7941     4587.568     301.2769  15.8460   0.0713     8.50    0.302   6.83   0      21.91     461.0807     48.52566
        27    282.7085    956.1166     5202.051     103.6989  15.7096   0.0216     5.07    0.301 -22.24   0      89.77     4432.764     64.21914
        28    405.8671    952.0958     16262.27     455.2221  14.4720   0.0304    11.34    0.195  13.82   0       57.6     1025.639     50.63024
        29    825.9866    945.8204     2293.156     90.73486  16.5989   0.0430     0.99    0.111 -87.86   0      50.89     2106.429     55.59354
        30    194.7258    941.5239     2004.778     118.7173  16.7448   0.0643     4.32    0.522  59.78   0      38.25     1352.624     52.07735
        31    356.2241    932.7299     10305.33     443.8799  14.9673   0.0468    12.19    0.146  67.64   0      33.23     574.3508     48.93099
        32    273.7990    929.9809     26501.69     348.4269  13.9418   0.0143     9.66    0.231   9.55   2      103.4     2270.155     56.15228
        33    595.1815    912.5441     14049.14      370.557  14.6309   0.0286     9.54    0.141  10.54   0      58.82     1392.558     52.59424
        34    792.7919    907.9628     32833.99     663.3711  13.7092   0.0219    18.72    0.148  44.60   0       69.4     1365.044     52.58928
        35    398.5021    902.2414      37884.7     626.8353  13.5538   0.0180    21.33    0.222  79.82   2      101.5      1760.36     53.60426
        36    986.9508    908.4396      4254.31     295.5006  15.9279   0.0754     7.72    0.178  20.46   0      20.62     486.2969     48.39663
        37    863.5719    902.2452     21656.15     333.7801  14.1610   0.0167     8.91    0.091   2.31   0      87.41      1878.86     54.76481
        38    308.9325    906.5801     3055.569     186.1312  16.2873   0.0662     8.37    0.329 -11.95   0      19.91     508.0116     48.62189
        39    212.8422    907.0641      5663.77     344.7034  15.6172   0.0661     9.13    0.442  10.80   0      22.73     434.6644     48.15355
        40    435.2794    903.9302     18584.39     564.1249  14.3271   0.0330    12.66    0.303 -46.32   0      39.68     460.4345     48.02613
        41    362.8015    905.6918      2419.53     221.4413  16.5407   0.0994     5.22    0.361 -39.42   0      16.02     405.5526     48.01595
        42     87.7562    902.3672     11596.33       395.69  14.8392   0.0371     8.13    0.153  13.38   0      48.03     1088.084     51.37841
        43    500.8898    900.0991     6382.326     354.5959  15.4876   0.0603     9.43    0.111  -5.59   0      25.03     513.3689      48.1517
        44    720.7437    886.7217     78213.66     609.9228  12.7668   0.0085    12.34    0.315 -52.88   0      208.8      3871.72     62.10551
        45    352.0464    897.9195     2229.589     87.20502  16.6294   0.0425     4.39    0.146 -61.54   0      60.16     2118.419     55.31852
        46     41.1718    886.4600     6238.297     352.3845  15.5123   0.0613    10.09    0.158  38.60   0      26.04     489.2704     48.41059
        47    300.9164    879.3002     5773.044     204.6267  15.5965   0.0385    11.05    0.363  34.60   0      34.94     502.6801     48.10123
        48    162.0041    880.7747      3416.22     90.24463  16.1661   0.0287     0.87    0.139 -89.45   0      69.96     3411.918     60.69634
        49    683.1476    877.9488     1453.584     95.12941  17.0939   0.0711     2.30    0.154   2.92   0      28.69     1248.772     52.08437
        50    625.2238    904.8667     123894.1        538.8  12.2674   0.0047    13.96    0.311  -9.50   2      306.6     6914.217     72.63608
        51    867.1005    874.0872     1866.008     87.97189  16.8227   0.0512     4.59    0.216  44.74   0      50.39     1629.525     53.15948
        52   1004.5065    866.7863     4530.992       313.42  15.8595   0.0751     9.43    0.043 -58.85   0      21.98     445.4858     47.95534
        53    587.3352    862.5984      6565.38      358.494  15.4569   0.0593     9.03    0.285  34.99   0      25.52     452.8762     48.36348
        54    463.8978    856.0798     89331.09     420.9798  12.6225   0.0051     8.10    0.110   8.69   0      277.8     7898.111       75.414
        55    174.1321    858.4655     28488.16     411.5117  13.8633   0.0157     7.61    0.147  11.87   0      107.3     2404.527     56.58774
        56    555.8301    859.3018     13928.05     491.1412  14.6403   0.0383    12.26    0.309   2.86   0      33.43     570.0789     48.29472
        57    508.2015    858.3727      3423.83     274.8786  16.1637   0.0872     7.58    0.149 -35.80   0      19.07     406.0695     48.26733
        58    853.6647    855.5407     4490.071     309.5427  15.8694   0.0749     8.31    0.360 -48.46   2      21.28     446.7444     48.21053
        59     20.1293    851.6409     3925.765     264.7526  16.0152   0.0732     6.25    0.263 -83.17   0      18.48     359.1782     47.79594
        60   1016.9688    850.2622     945.4901     105.9031  17.5609   0.1216     0.92    0.543  11.91  16      14.36     667.4736     49.24009
        61    916.6072    840.9362     49739.86     421.6674  13.2582   0.0092    10.33    0.172  -3.15   2      170.5     3848.181     62.30848
        62    962.6568    843.1633     11155.63     423.2494  14.8813   0.0412     9.16    0.139   3.09   0      41.13     815.6859     49.91949
        63    204.9305    840.6091      18272.9     433.3221  14.3455   0.0258     8.93    0.137   6.78   0      71.91     1560.908     53.20426
        64    986.1137    835.9286     5773.093     333.2873  15.5965   0.0627     8.05    0.373  -1.96   0       21.7     460.0504     48.02432
        65    161.3158    827.3464     6740.625     326.6903  15.4282   0.0526     9.50    0.149  -6.39   0      31.03     629.5706     48.81997
        66     55.6190    825.3596     14118.24     405.7188  14.6255   0.0312     8.49    0.144   7.25   0      55.69     1152.965     51.66462
        67    131.0770    819.5225     52247.46     425.1362  13.2048   0.0088     8.37    0.120   5.58   2      170.1     3980.578     62.40665
        68    685.9323    819.1181     23392.55     526.8579  14.0773   0.0245    10.52    0.289 -56.60   2      50.52     313.8798     47.32752
        69    691.0529    814.7142     16785.67     417.0246  14.4377   0.0270     8.51    0.653  28.38   2      47.04     452.3488     47.98786
        70    448.7777    817.6927     14152.09     300.5355  14.6229   0.0231     9.53    0.182   7.98   0      60.34     1258.671     51.54959
        71    740.6107    813.0892     24762.51     456.5024  14.0155   0.0200     8.97    0.067  12.38   0      88.38     1896.887     54.40076
        72    909.1498    810.3002     32596.84     420.2408  13.7171   0.0140     8.60    0.124  18.66   0        121     2700.111     57.34624
        73    783.0497    812.6791     7274.421      330.252  15.3455   0.0493    11.66    0.114 -46.15   2      31.34     620.3885     48.77721
        74    505.2088    808.2121     39836.23     415.2143  13.4993   0.0113     8.33    0.253  76.02   2        136     3209.746     59.83448
        75    290.9755    809.8132     10888.81     357.4726  14.9075   0.0357     8.32    0.082  25.32   2      48.86     872.6564     50.29747
        76    392.0938    810.0338     4084.585     256.8495  15.9721   0.0683     5.83    0.405   4.75   0      18.84     379.3465     47.38864
        77    722.9465    806.3185     10098.74     429.7112  14.9893   0.0462    10.67    0.351  32.42   2      29.59     506.5564      48.2439
        78    659.5323    803.6083     19626.87      551.661  14.2679   0.0305    14.84    0.192  46.70   0       45.4     710.6047     49.43877
        79    319.0015    802.9966     57449.78     180.0144  13.1018   0.0034     4.20    0.005 -85.78   0      352.1     57158.12      167.637
        80    884.6326    793.5950     2474.194      117.081  16.5164   0.0514     4.15    0.560 -55.96   0      44.35     1795.462     54.41761
        81    913.3582    788.7679     11036.98     423.1857  14.8929   0.0416     9.73    0.129  -0.42   0      40.27     768.9284     49.94668
        82    852.7285    786.7759      16004.6      510.626  14.4894   0.0346    10.56    0.265  -0.27   0      40.83     629.5879     49.06491
        83    105.0576    790.0097     2497.768     94.47236  16.5061   0.0411     0.00    0.081   0.98   0      56.66     2065.471     55.42585
        84    518.8547    785.8405     12752.58     430.7649  14.7360   0.0367     9.81    0.130   3.75   0      49.15     1055.242     51.11584
        85    116.5311    780.1209     110123.4     488.6778  12.3953   0.0048    10.25    0.123   9.00   3      308.6     8708.982     77.81934
        86    136.5773    779.0330     24212.59     450.6121  14.0399   0.0202     8.56    0.105   1.22   3      87.78     2019.858     55.34686
        87     58.5159    784.2011     22814.37     444.2099  14.1045   0.0211    10.93    0.212   9.61   3      86.28     1909.268     54.89086
        88     49.0147    776.8633     14142.58     396.7724  14.6237   0.0305     9.70    0.213  15.45   3      53.76     1110.078     51.24228
        89     43.7827    786.2854     2483.338     91.20999  16.5124   0.0399     1.69    0.237 -51.37   0      51.99     2473.039     56.86224
        90    445.9542    782.5746     7436.083     105.6869  15.3216   0.0154     0.91    0.139  87.53   0      101.7     7203.503      73.6171
        91    793.8329    782.0949     5249.654     261.9131  15.6997   0.0542     5.61    0.392 -10.68   0      22.17     369.4664     47.34123
        92    530.1387    763.1266     18839.03     574.7493  14.3124   0.0331    14.96    0.453 -48.85   0      49.48     822.0723     49.94856
        93    194.9080    766.8073     9991.678     109.6893  15.0009   0.0119     0.00    0.268  63.06   0      135.3     9054.161     78.97289
        94   1012.9348    765.0642     2149.995     88.70254  16.6689   0.0448     0.00    0.169 -43.93   0      53.92     1830.134     54.23177
        95    858.7285    763.9763      7147.58     317.2064  15.3646   0.0482     6.90    0.230  79.20   0      26.52     396.0131     48.09552
        96    728.2583    753.2110        11789     321.9137  14.8213   0.0297     8.34    0.131  19.91   0       52.4     1179.039     51.66334
        97   1022.6823    751.1776     6784.166      279.257  15.4213   0.0447    11.06    0.605  87.10  27      31.53     845.4623     50.05487
        98   1020.6314    738.6118     11103.24     383.8728  14.8864   0.0375    13.43    0.080  68.57  26      37.01     586.7037      49.1105
        99    990.9319    753.6669     14057.64     464.2335  14.6302   0.0359    10.23    0.236 -35.79   2      38.34     433.8806     48.02524
       100    617.6602    753.1202     6253.803     325.8921  15.5096   0.0566     7.64    0.296 -69.46   0      23.37     384.0138     47.66312
       101    856.2750    749.4470     6165.308     368.9522  15.5251   0.0650     8.71    0.410 -26.03   0      22.96     345.0085     47.60281
       102    327.9976    744.9943     2886.794      111.344  16.3490   0.0419     0.00    0.016  41.70   2      54.48     2033.841     55.18752
       103    456.6650    741.5352     6556.604     356.3929  15.4583   0.0590     9.81    0.228   5.40   0      24.89     507.0703     48.37036
       104    135.9833    752.7187        11055     391.1891  14.8911   0.0384     9.26    0.195  11.19   2      44.96     893.0477     50.27047
       105    360.4612    741.5400     4064.055     295.3543  15.9776   0.0789     7.45    0.519  10.28   0      18.77     388.8355      48.0616
       106    532.1207    738.6024     8170.183     389.8938  15.2194   0.0518    11.21    0.058  -2.91   2      32.48        605.7     48.95414
       107    951.0278    737.0876     9090.776     405.1175  15.1035   0.0484     8.75    0.247   2.51   0      29.54     516.9467     48.29283
       108    591.1814    738.9855     1366.466     83.14315  17.1610   0.0661     0.95    0.115  -3.91   0       34.6     1194.151     51.61381
       109    446.0389    735.3830     4524.515     296.7198  15.8611   0.0712     7.06    0.520  10.86   0      19.28      410.336     48.41134
       110    889.8125    728.1534     27448.58     391.9052  13.9037   0.0155    13.02    0.351  38.46   0      92.68     1427.707     52.85939
       111    121.2807    726.7977     10604.38     348.3759  14.9363   0.0357     0.00    0.200  40.00   0      49.34     733.4235     49.66435
       112    684.2828    727.9803     6016.398     344.5012  15.5517   0.0622    11.01    0.083  16.00   0      26.36     560.4992     48.74384
       113    414.3500    724.3090     7034.651      371.509  15.3819   0.0574    11.46    0.242 -13.46   0      29.53     630.7361      48.8254
       114    289.0732    714.1492      8700.29     361.9203  15.1512   0.0452    11.39    0.237 -17.27   0      36.28     573.7213     48.68252
       115    703.0050    714.0482     6261.259     95.59126  15.5083   0.0166     0.00    0.035  85.64   0      100.6     6095.812     69.94293
       116    559.6577    708.6115     25093.88     540.4945  14.0011   0.0234    10.25    0.189 -16.86   3      67.15     1218.869     51.83826
       117    547.3392    703.7400     42743.54     499.2238  13.4228   0.0127    10.19    0.193  10.05   3      144.8     3344.277     60.54159
       118    196.5846    706.5187     13889.96     322.0009  14.6432   0.0252     9.24    0.208  16.12   0      58.53     1212.216     51.69329
       119    614.8126    708.1003     6039.727      291.781  15.5475   0.0525     9.38    0.274   4.03   0      31.28      695.046     49.36719
       120    350.2676    708.2857      4171.26     266.6539  15.9493   0.0694     3.08    0.177  75.66   0      23.22      761.793     49.43168
       121    821.0672    704.0135     6147.317     300.4635  15.5283   0.0531    10.11    0.218  -5.11   0      29.13     654.0048     49.17789
       122    713.9316    705.8329     1248.518     84.60954  17.2590   0.0736     2.68    0.205  61.52   0      37.46     1096.976     51.18413
       123    416.4415    695.1489     243651.3     527.4739  11.5331   0.0024     0.00    0.130  18.13   3      536.7     19201.43     104.2166
       124    411.9570    679.3424      31675.6     421.1674  13.7482   0.0144     9.34    0.218   1.29   3        111     2426.796     56.78273
       125    224.0898    697.9341     7638.634     370.6678  15.2925   0.0527     8.92    0.197   6.60   0      32.08      661.022     48.96617
       126    590.3846    695.3002     5920.443     358.0849  15.5691   0.0657     8.84    0.398  40.30   0      21.99     415.2196     47.81169
       127    574.8431    687.9877     22851.49     593.7454  14.1027   0.0282    14.84    0.394  -3.16   0      55.11     1028.112     51.11244
       128    943.7044    682.5695     4103.112     310.7082  15.9672   0.0822     9.31    0.301  19.31   0      20.34     398.1425      47.4787
       129    259.3347    680.2411     8470.782     406.2472  15.1802   0.0521    10.46    0.211  -1.76   0      26.97     460.9308     48.27736
       130    116.8116    666.2567     43827.59      379.022  13.3956   0.0094     8.51    0.143  15.26   0      157.5     3826.978     62.23109
       131    171.2705    661.0048     118301.8     455.1596  12.3175   0.0042     8.06    0.102   7.63   0      333.5      10346.6     82.60864
       132    793.0781    664.0355     2660.948     88.32207  16.4374   0.0360     0.00    0.138  28.74   0      64.58      2399.88      56.6749
       133     50.5949    649.0403      4555.87     317.7103  15.8536   0.0757     8.72    0.168  22.81   0      20.72     382.3467     48.15549
       134    418.9428    642.3734     32391.73     407.4592  13.7239   0.0137    18.82    0.173  26.26   2      119.2      2455.84     56.89886
       135    349.4997    648.7859     3401.266     176.6543  16.1709   0.0564     0.00    0.223 -16.46   0       31.4     1493.799     52.91681
       136    253.5244    645.4850     1318.945     91.59257  17.1994   0.0754     0.49    0.078 -54.59   0      30.66     1316.087     51.80211
       137    235.9759    644.2408     5875.086     350.4444  15.5775   0.0648     9.77    0.093 -23.03   0      25.45     499.6142      48.7058
       138    490.1664    642.1590     4069.587     140.8048  15.9761   0.0376     0.00    0.371  45.10   0       63.8     2614.251     57.73607
       139    963.4893    636.6436     14253.34      465.618  14.6152   0.0355    12.92    0.324  81.30   0      48.09     784.5005     49.53597
       140    816.4163    638.3669     5236.788     321.0093  15.7023   0.0666     9.41    0.183  19.09   0      24.51     516.4695     48.90706
       141    292.5233    632.7872     41015.52     547.6957  13.4676   0.0145    13.90    0.416   2.67   0      122.5     2185.667     55.91653
       142    909.9396    628.8691     129402.1     498.7659  12.2201   0.0042    22.20    0.142   8.64   2      340.3     9852.779     81.23869
       143     43.1511    635.0184      8650.13     352.6646  15.1574   0.0443     9.25    0.155   7.45   0      37.85     847.4987     50.30293
       144    254.7124    623.7040     13831.79     449.3639  14.6478   0.0353    10.07    0.166  -3.55   0      49.24     979.8862     50.42444
       145    741.8733    621.9148     10748.03     489.3614  14.9217   0.0494    15.75    0.552 -38.35   0      34.82     476.0349     47.97517
       146    605.7700    623.2833     6783.284     353.1602  15.4214   0.0565    11.07    0.153 -21.31   0      28.52     553.7049     48.58899
       147    716.3146    622.7582     3612.672     293.4794  16.1054   0.0882     7.46    0.158  36.99   0      18.14     400.2995     47.74071
       148    386.2677    620.7066     7051.752     359.6362  15.3793   0.0554     8.15    0.118   4.81   0      29.44     606.6356     48.83594
       149    567.2114    622.0422     1225.355     88.01961  17.2793   0.0780     0.00    0.241  15.64   0      37.23     1053.162     51.34055
       150    918.3470    606.3492      53227.9      471.415  13.1847   0.0096    21.08    0.070  -5.59   0      172.2     3924.435     62.68167
       151    740.2611    595.8706     35061.71     421.5718  13.6379   0.0131    18.87    0.190   2.04   0      128.6     2950.724      58.8424
       152    680.1821    594.4566     5442.789     107.0611  15.6604   0.0214     2.20    0.331 -67.03   0      83.44     4818.265     65.75175
       153    167.8903    588.5199     11378.35      488.122  14.8598   0.0466    12.67    0.148  47.13   0      30.69     461.6002     48.15624
       154    448.4231    585.8265     10868.27      423.449  14.9096   0.0423     9.42    0.472  80.17   0         30     412.1195      48.2958
       155    712.3828    576.2838     31291.36     490.3301  13.7614   0.0170     8.88    0.128   7.15   2      104.1     2277.253       56.181
       156    681.5142    573.7233     9916.826     409.6234  15.0091   0.0449     8.45    0.274  70.47   0      38.62     520.6088     48.18586
       157    509.1664    569.1976     19675.22     339.1205  14.2652   0.0187     9.17    0.113   5.75   0      82.18     1813.842     54.49433
       158    485.0771    567.6297     5881.151     224.9661  15.5763   0.0415     8.85    0.091  57.24   2      30.95     698.5397     49.38327
       159    967.4870    566.5033     10489.62     327.0056  14.9481   0.0339     9.25    0.117  -6.18   0      46.32     938.0688      50.2356
       160    534.7963    566.1497     8448.234     404.7568  15.1831   0.0520     9.55    0.188  -2.03   0      32.89     729.2449     49.52438
       161    731.2611    563.1175     15560.57     344.7099  14.5199   0.0241     0.00    0.156  12.59   2      65.99     1254.681     51.64814
       162     31.2762    565.6394     6615.433     346.1967  15.4486   0.0568     8.21    0.252 -18.37   0      28.93     658.4062     49.19822
       163    199.1145    541.2753      37268.7     516.2457  13.5716   0.0150    13.11    0.260 -32.58   3      119.2     2589.882     57.11792
       164    193.7218    557.9561     51226.77     489.4878  13.2263   0.0104     8.55    0.142  11.63   3        164     3838.106     62.07897
       165    454.1088    557.4886     6084.766     310.2289  15.5394   0.0554    11.05    0.105  12.33   0      29.03     567.7689     48.65472
       166    158.8904    553.7426     15371.23      456.421  14.5332   0.0322     9.23    0.121  27.02   0       53.4     1061.231     50.78975
       167     11.8472    551.8541      11901.5     368.8315  14.8110   0.0337     9.75    0.105   2.65  16       46.9      975.786     50.76133
       168    956.9720    545.3242     18402.58     404.4245  14.3378   0.0239     9.67    0.111  21.60   0       71.6     1536.515     53.09996
       169    238.0169    542.7071     30177.16     401.0261  13.8008   0.0144     9.45    0.211  17.91   0      109.4     2325.045     56.05422
       170    151.0490    543.8660     8281.412     108.8741  15.2047   0.0143     0.00    0.276 -71.76   0      124.2     7686.315      74.9331
       171    641.6982    541.0511     6110.638     352.3021  15.5348   0.0626     8.81    0.167  16.73   0      26.06     551.1889     48.32988
       172    598.9775    560.5549     6397.908     366.2434  15.4849   0.0622     8.85    0.221   0.52   0      26.32     559.6306     48.98505
       173    480.0848    538.1536      5576.17     329.0813  15.6342   0.0641     8.96    0.100  31.37   0      25.43     513.8946     48.27846
       174     46.0295    525.3378     69937.69     410.0113  12.8882   0.0064     7.64    0.088  16.29   0      228.8     6380.107     70.86069
       175    286.2188    522.4700     5773.762     325.0967  15.5964   0.0611     8.43    0.138 -17.46   0       27.5     595.3849     49.02859
       176    754.2100    514.3445     3985.543     301.3199  15.9988   0.0821     8.00    0.581   2.84   0       19.1     395.6329     48.09373
       177    727.1457    509.1390     1445.262     93.52122  17.1001   0.0703     3.71    0.314  45.22   0      35.23     1014.697     50.93525
       178    365.1360    508.5447     6107.509     307.8218  15.5353   0.0547     6.69    0.446   2.27   0      24.78     331.3622     47.78904
       179    996.5559    501.9609     11990.28     401.5516  14.8029   0.0364     9.09    0.126 -20.69   0      48.16     972.2145     50.62712
       180    564.1944    496.1377     36035.09     433.9951  13.6082   0.0131    18.64    0.134   7.28   0      130.8     2981.532     59.06281
       181    676.5493    502.3656     3259.582     231.5438  16.2171   0.0771     4.75    0.327  39.18   0       17.7     444.8372     48.20154
       182    586.0130    498.9900      7661.48      315.207  15.2892   0.0447     8.07    0.310  32.63   2      42.43     440.9092     48.18301
       183    214.9175    493.7538     13631.72     123.2247  14.6636   0.0098    -1.55    0.365  70.57   0      160.3     12380.47     87.89032
       184    736.6352    488.1446     6784.931     352.7368  15.4211   0.0565     9.59    0.380  17.92   2      27.75     504.3764     48.48145
       185    201.6436    482.3302     31543.44     418.5985  13.7527   0.0144    19.23    0.155 -18.40   0      118.1     2623.477     57.56456
       186    955.9081    477.8480      2224.78     133.3755  16.6318   0.0651     4.23    0.046  46.54   2      39.51     1321.088     51.93954
       187    181.3219    470.1654     10480.86     368.7684  14.9490   0.0382     8.55    0.121  17.08   0      44.96     907.5637     50.33606
       188    471.2721    465.9916     1479.655     91.99048  17.0746   0.0675     1.10    0.140   2.63   0       35.3     1433.684     52.65799
       189    838.6755    463.0630     3426.742     255.6815  16.1628   0.0810     6.59    0.247 -48.25   0      16.98     359.5807     47.79786
       190    680.6074    454.4281     175612.4     528.8279  11.8886   0.0033    24.72    0.108  29.75   0      420.9     12840.71     89.27408
       191    248.0004    461.8570      11006.5     106.2761  14.8959   0.0105     4.42    0.104  88.32   0      141.1     11090.59     84.63078
       192    328.8696    455.2680     21114.53     595.3491  14.1885   0.0306    11.62    0.220  21.10   0      41.36     649.4304     49.03469
       193    521.4807    457.9928      9524.49     125.3564  15.0529   0.0143     3.15    0.472   0.36   0      120.8     7865.918     75.55522
       194    865.8124    454.9963     3971.959     119.9532  16.0025   0.0328     3.35    0.528  -0.37   0      61.25     2809.585     58.29471
       195     13.3828    443.8958     16161.04     482.0247  14.4788   0.0324     9.64    0.189   3.67  18      46.42     877.5114     49.84081
       196    516.3658    448.8802      5291.22     327.9722  15.6911   0.0673     8.15    0.221  -6.27   0      22.84     499.4538     48.45837
       197    272.7680    445.8592     12993.83     359.6425  14.7157   0.0301     8.70    0.213  17.23   0      53.77     1149.602     51.41727
       198    593.0610    444.8735     5930.651       371.64  15.5672   0.0681    10.97    0.352  26.13   0       23.1     444.0814     48.19798
       199    370.1657    443.6344     9561.467     361.6332  15.0487   0.0411    10.18    0.096  55.32   0      42.38     881.7719     50.45754
       200    716.3247    445.5349      2179.13     95.28796  16.6543   0.0475     1.84    0.138 -48.72   0      44.93      2133.71      55.4894
       201    709.0234    445.7225     1422.909     116.3173  17.1171   0.0888     1.48    0.113 -87.22   0       25.1     977.3244     50.65005
       202    425.0005    444.9946     57577.83      180.176  13.0994   0.0034     0.00    0.008  79.92   0      352.6     57352.31        167.9
       203    786.1470    438.4012     4060.461     303.3582  15.9786   0.0811     7.54    0.203   7.82   0      18.82     402.3003     48.00055
       204    663.3309    428.5143     61788.07     462.1036  13.0227   0.0081    21.97    0.091 -14.22   0      195.5     4603.419     64.72778
       205    122.6407    422.6092     472849.8     640.2916  10.8132   0.0015    10.58    0.080   8.32   0      796.8     39346.82       141.57
       206    417.0118    430.1746     2251.498     85.52819  16.6188   0.0413     1.08    0.106 -88.35   0      52.62     2252.466     56.18738
       207    368.1782    427.1141     3912.086     282.2676  16.0190   0.0784     7.97    0.133 -56.27   0      20.04     390.5051     47.69406
       208    568.8408    425.4543     3448.767     198.2867  16.1558   0.0624     0.00    0.383 -70.71   0         23     1005.211      50.8929
       209    195.3194    420.4658     5654.861      352.008  15.6189   0.0676     8.64    0.267  20.49   0      21.76     411.7941      47.7954
       210    208.6340    419.8483     5342.296     322.0157  15.6807   0.0655     7.87    0.221 -26.37   0      21.85     395.0409     47.96617
       211    240.2901    416.1866     3257.582     259.6024  16.2178   0.0865     6.79    0.283 -86.38   0      18.03     396.9012     47.72453
       212     64.2362    410.8363      4148.36     267.7557  15.9553   0.0701     6.63    0.483 -73.02   0      19.12     403.1662     48.00465
       213    601.2455    401.3571        19965     161.7169  14.2493   0.0088     4.96    0.458 -27.09   0      157.7     12532.16     88.41733
       214     21.3863    400.2198     1923.881     107.9824  16.7896   0.0610     3.98    0.528 -18.21   0       41.8     1550.703     53.27325
       215    742.7158    387.7831     6321.557     339.0058  15.4979   0.0582    11.88    0.261  -5.94   0       29.5     575.0668     48.81171
       216    972.0329    375.8569     145037.8     482.4989  12.0963   0.0036     8.27    0.087  28.73   0      379.7     11862.18     86.60893
       217    146.5078    376.4648     97919.71     443.5169  12.5228   0.0049     8.31    0.093  15.68   0      289.2     7898.207     75.41429
       218    229.4805    381.9734     4542.302     307.6394  15.8568   0.0736     7.63    0.280 -32.59   0      20.19     424.2527     48.10438
       219     24.5895    379.9666      7209.02     365.9286  15.3553   0.0551    11.41    0.088 -75.38   0      30.22     580.1208     49.08002
       220   1014.7147    373.4498     9123.907     334.6704  15.0995   0.0398     9.46    0.104   0.55  18      39.12     794.2974      49.5809
       221    473.7376    374.3889     3986.084     116.1739  15.9986   0.0317     3.26    0.362 -73.97   0      55.14     2853.303     58.46491
       222    713.0009    374.0627     4608.049     91.57637  15.8412   0.0216     0.00    0.046 -88.37   0       89.1     4558.158     64.84646
       223    105.0958    371.1942      4471.62     312.8986  15.8738   0.0760     8.16    0.284  10.33   0       21.1     409.4585     48.03444
       224    306.9013    354.2961     49130.66     389.5646  13.2716   0.0086    11.11    0.096  32.18   0      172.9     4055.575     62.67919
       225   1007.7158    350.1600     12389.77     370.3477  14.7673   0.0325    10.12    0.157  24.85  16      51.24     1105.342     50.98676
       226     64.8698    339.2334     4710.644     346.6768  15.8173   0.0799    10.37    0.470  35.50   0      20.43     408.4011     48.02943
       227    124.1752    339.2566       4299.6     312.7736  15.9164   0.0790     8.69    0.135  20.41   0      20.54     398.8446     47.98419
       228    767.6047    333.5612      3928.44     305.7191  16.0145   0.0845     8.58    0.050  74.29   0      19.08     395.2124     48.21618
       229    222.3860    331.3761      7544.68      338.942  15.3059   0.0488     7.47    0.029  84.00   0      25.16     335.0274     47.80647
       230    912.8951    322.0900     112277.1     459.0463  12.3743   0.0044    22.33    0.168  21.42   0      317.1     9055.078     78.89962
       231    443.0164    328.3590     3471.303     271.0767  16.1488   0.0848     6.15    0.397  29.55   0      17.74     383.8131     48.28667
       232    332.7390    335.5876     7872.742     368.3795  15.2597   0.0508     8.18    0.160 -10.01   0      33.92     873.1442     50.29967
       233    374.4434    305.5636     8626.711      400.018  15.1604   0.0504    13.17    0.066 -67.49   0      34.19     628.6107     49.18237
       234     14.3901    306.2993     12119.48     406.0759  14.7913   0.0364     8.47    0.134  23.50  16      45.08     942.9618     50.49563
       235    851.5101    300.8978     29622.63     504.3269  13.8209   0.0185     9.62    0.122  25.68   0      100.3     2160.036     55.38115
       236     59.4088    299.0779     4585.937     312.0229  15.8464   0.0739     9.01    0.021  33.45   0      20.99     396.0774     47.97108
       237     33.3133    295.7689      7599.59     384.1398  15.2980   0.0549    11.06    0.041 -39.75   0      29.92     696.5786     49.25274
       238    549.7308    292.8747        19501      500.344  14.2749   0.0279     9.74    0.172   8.23   2       61.8     1182.538     51.44631
       239    343.7040    293.5379     1744.194     106.2023  16.8960   0.0661     4.46    0.516  59.82   0      38.15     1409.744     52.32603
       240    382.5848    279.8972     90919.95      432.359  12.6034   0.0052     8.19    0.090  17.92   0      276.5     7628.576     74.67757
       241    158.1038    290.0296     1309.183     82.98642  17.2075   0.0688     0.00    0.123  -1.22   0      41.66     1226.671     51.29163
       242    954.4725    283.6613     6871.333     372.2148  15.4074   0.0588     9.97    0.177   9.55   0      24.71     461.1089      48.2782
       243    264.0501    280.5088     28357.91     349.2069  13.8683   0.0134     8.67    0.119  13.86   0      111.3     2406.609     56.49013
       244    234.4091    282.2538      6601.25     293.2415  15.4509   0.0482     9.61    0.168  16.68   0      31.82     662.0006     49.33643
       245    639.2071    280.8585     4953.055     308.9141  15.7628   0.0677     7.05    0.457  32.86   0      19.59     333.6971     47.80015
       246    539.8687    274.3980     10001.55     443.3866  14.9998   0.0481    11.16    0.072  -6.16   0      34.74      604.521     49.07093
       247     72.2642    272.1720      29074.6     372.8927  13.8412   0.0139     8.55    0.085  27.53   0      111.2     2441.392     56.84113
       248    156.8582    270.5845     22379.76     571.9725  14.1254   0.0278    10.60    0.170  13.58   0      58.64     1118.732     51.39735
       249    320.0226    267.9826     4807.479     296.9365  15.7952   0.0671     7.11    0.267 -35.79   0      20.91     463.8876     48.53881
       250    969.8929    258.8273      5764.81     345.2042  15.5980   0.0650     8.72    0.473  29.38   0      21.02     402.8596     47.62725
       251    461.9246    256.0477     4949.388      324.058  15.7636   0.0711    10.62    0.396  30.84   0      23.65     476.4271     48.22617
       252    155.2886    247.9634     39130.18     679.1163  13.5187   0.0188    11.06    0.105  31.18   0       85.3      1666.06     53.42772
       253    270.5395    253.0643      1153.19     100.5558  17.3452   0.0947     1.77    0.526  63.11   0      18.51     958.3562     50.56487
       254    275.6649    239.2065     5396.051     328.9568  15.6698   0.0662     9.84    0.294  -0.21   0      23.14     474.1954     48.33976
       255    868.8019    237.7060     6088.449     321.1456  15.5387   0.0573     8.74    0.418  -8.87   3      25.18     516.6251     48.53884
       256    874.6990    229.9021     16803.84     448.5328  14.4365   0.0290    16.58    0.094 -57.29   2      60.14     1087.984     50.55499
       257    776.1497    224.9194     68057.04     475.6849  12.9178   0.0076     8.38    0.106  19.13   0      212.5     5295.507     67.11386
       258     17.0285    223.8296     1866.747     89.66043  16.8223   0.0522     0.00    0.207 -73.74   0      45.05     1474.931     53.06205
       259    730.4447    213.5698     5714.025     333.6962  15.6076   0.0634     9.17    0.168  74.81   0      26.66     514.3914      48.7747
       260    805.3843    212.1597     3525.066       257.52  16.1321   0.0793     4.42    0.249 -51.83   0       18.3     420.1406     48.45735
       261    323.5408    208.2105     10515.53     360.9895  14.9454   0.0373     9.07    0.199   4.52   0      45.98      944.892     50.62282
       262    869.2256    207.4638     4889.637     336.7125  15.7768   0.0748     9.53    0.111   1.54   0       22.3     422.3881        48.22
       263    151.1026    206.9062     6551.123     97.82152  15.4592   0.0162     4.48    0.053 -45.28   0      102.7     6457.593     70.85553
       264    951.0282    198.6301     27712.73     656.6141  13.8933   0.0257    19.97    0.218  17.50   2      64.98     1180.995     51.78778
       265    948.4456    187.9498      19271.1     546.3293  14.2877   0.0308    10.89    0.201 -10.49   3      50.15     922.5046     50.52221
       266    486.2542    202.7592     1217.343     87.99892  17.2865   0.0785     1.78    0.267 -45.59   0      31.95     1231.303     51.89275
       267     48.5714    199.7551     9636.097      287.882  15.0402   0.0324     9.51    0.227  10.07   0      45.42     1001.142     50.99237
       268    595.0927    195.5731     6853.863      354.898  15.4102   0.0562    11.82    0.184  -9.72   0       30.4     642.1494     48.75575
       269    370.8339    191.0633     57601.08     403.4864  13.0989   0.0076     9.12    0.137  17.17   0      194.4     4815.091     65.64958
       270    820.9675    229.7118     1671.754     85.73887  16.9421   0.0557     2.14    0.141 -89.64   0      38.09     1610.607     53.19131
       271    925.1743    179.2290     15416.47     429.0371  14.5300   0.0302    10.33    0.143  22.81   2      58.44     1177.617     51.77295
       272    569.6228    181.4916     7751.119     382.2751  15.2766   0.0536    12.56    0.278  -0.89   0      32.23     574.7612     48.44061
       273     75.6781    175.8412      31108.3     403.4145  13.7678   0.0141     8.44    0.150  -0.36   0      120.3     2703.588     57.87999
       274    125.2688    168.9522     47162.35     386.0937  13.3160   0.0089     8.34    0.126   6.35   0      166.7     4051.914     62.95211
       275    590.8059    171.2693     9768.679     331.0604  15.0254   0.0368     0.00    0.272  11.15   0      45.88     1710.169     53.83808
       276    300.6875    169.3263     8731.742     342.8097  15.1472   0.0426     8.22    0.087   1.70   0      40.05     854.7127     49.73674
       277    548.1353    164.9258     9874.729     381.9701  15.0137   0.0420    10.10    0.086   2.69   0      41.37     863.0978     50.01522
       278    245.5714    164.5338     2839.521     99.89584  16.3669   0.0382     5.01    0.012  54.90   0      56.64      2880.45     58.57034
       279     95.7051    163.0062     13079.19     518.3598  14.7085   0.0430    13.00    0.517   8.45   0      32.36     390.0784     47.94265
       280    636.3873    143.3387     83821.82     435.5456  12.6916   0.0056     8.31    0.097  10.30   0      258.6     6946.344      72.6541
       281    322.1249    138.3197     44473.67     421.3156  13.3797   0.0103     9.43    0.179  43.92   0      150.5     3311.566     59.92073
       282    146.5094    139.2174     17182.54     385.5174  14.4123   0.0244     9.60    0.140  -3.89   2      68.97     1054.281     50.75864
       283    369.8280    143.7335     4744.416     309.7294  15.8095   0.0709     7.71    0.186  26.19   0      20.37     375.5258     47.87362
       284    252.8048    143.9483     4520.411     321.9008  15.8621   0.0773     9.54    0.295  -3.40   0      21.54     430.9405     48.26029
       285    453.8040    140.4489     9665.291     385.7486  15.0370   0.0433     9.88    0.137  15.18   0      40.56     796.8312     49.83358
       286    204.8314    124.8079      24722.6     626.3646  14.0173   0.0275    18.08    0.445 -74.67   0      65.02     941.8612     50.72747
       287    911.1289    119.3042     3609.722     267.2981  16.1063   0.0804     6.42    0.509 -52.03   0      17.09     321.6109     47.11093
       288    519.4475    111.0636     3606.094     277.7393  16.1074   0.0836     7.35    0.154 -12.24   0      18.38     396.7067     47.97406
       289    114.0214    110.9128     3273.032     100.8773  16.2126   0.0335     4.73    0.017  43.96   2      62.58     2570.824     57.14698
       290    111.1620    104.7324     4969.365     348.1396  15.7592   0.0761     9.04    0.445  48.81   2      22.07     397.2495     47.97663
       291    139.3137     92.0043     9291.508     387.4662  15.0798   0.0453    13.88    0.197  15.52   0      39.53     757.3712     49.77382
       292    269.1345     89.9857     7724.053      386.158  15.2804   0.0543    11.24    0.142  -5.17   2      31.59     461.0222     48.27779
       293    609.0969     77.4073      14213.2     416.3405  14.6183   0.0318     9.98    0.109  10.74   0      54.77      1116.24     51.26959
       294    889.0490     85.6602     5138.109     305.6384  15.7230   0.0646    10.52    0.145  46.55   0       25.7     494.3269     48.43432
       295    588.5029     77.2757     6269.209     370.2321  15.5070   0.0641    10.13    0.111  14.01   0      23.79     394.8004     47.71452
       296    763.2014     70.9613     14551.23     423.6569  14.5928   0.0316    10.41    0.135  25.19   2      52.62     1002.307     50.99757
       297   1021.1726     68.2331     4153.602     245.5821  15.9539   0.0642     5.33    0.471  87.61  16      18.08     378.5333     48.13749
       298     19.5637     88.1579     6277.282     338.0912  15.5056   0.0585     9.13    0.178  22.31   0      28.38     582.5125     48.96889
       299    572.0403     52.1794     13847.29     426.4523  14.6466   0.0334     8.71    0.195  10.73   2      50.64     1052.104     51.21901
       300    703.6962     44.8031     4465.865     309.5249  15.8752   0.0753     8.42    0.091  86.47   0      20.85     399.5583     47.98757
       301    643.8755     39.3986     34986.27     553.3698  13.6403   0.0172    20.77    0.546  -7.52   0      93.65     1220.238     51.72855
       302      2.9764     39.0990     4184.688      208.679  15.9458   0.0542     5.59    0.283 -40.35  16      22.04     341.2799     47.20572
       303     80.6924   1013.2420      16259.3     520.0404  14.4722   0.0347    13.09    0.156  26.07  16       38.6     665.6686     48.86526
       304    439.3467   1009.9733     15880.63     304.3112  14.4978   0.0208     8.73    0.167   6.71  16      68.89     1539.312     53.11193
       305    178.4089   1010.6313     12972.44     423.5171  14.7174   0.0355     9.21    0.383  15.65  16      34.47     407.6703     48.27486
       306    139.8169   1007.8552     9163.649     257.8424  15.0948   0.0306     8.90    0.133  24.84   0       44.4      955.046     50.66839
       307    317.2944   1005.4175     7347.514     385.9363  15.3346   0.0570     9.74    0.180 -24.85   0      28.85     510.7364     48.13927
       308    687.2363    996.7761     8303.694     408.3607  15.2018   0.0534    10.59    0.240  -1.23   0      26.34      456.304     48.62667
