#   1 NUMBER                 Running object number                                     
#   2 X_IMAGE                Object position along x                                    [pixel]
#   3 Y_IMAGE                Object position along y                                    [pixel]
#   4 FLUX_AUTO              Flux within a Kron-like elliptical aperture                [count]
#   5 FLUXERR_AUTO           RMS error for AUTO flux                                    [count]
#   6 MAG_AUTO               Kron-like elliptical aperture magnitude                    [mag]
#   7 MAGERR_AUTO            RMS error for AUTO magnitude                               [mag]
#   8 FWHM_IMAGE             FWHM assuming a gaussian core                              [pixel]
#   9 ELLIPTICITY            1 - B_IMAGE/A_IMAGE                                       
#  10 THETA_IMAGE            Position angle (CCW/x)                                     [deg]
#  11 FLAGS                  Extraction flags                                          
#  12 SNR_WIN                Gaussian-weighted SNR                                     
#  13 FLUX_APER              Flux vector within fixed circular aperture(s)              [count]
#  14 FLUXERR_APER           RMS error vector for aperture flux(es)                     [count]
         1    623.5817     31.5463     21913.29      369.932  14.1482   0.0183     9.72    0.262   9.73   3      97.42     2477.994     56.26502
         2    835.6670     11.3191     32026.26     382.5125  13.7362   0.0130     7.45    0.127  26.64  16      129.1     3388.892     59.54347
         3    822.7478     16.0532     5826.639     313.0976  15.5865   0.0584     6.50    0.167 -41.21  17      21.55     440.2097     47.44412
         4    722.3071     14.5111     6733.361     298.7917  15.4294   0.0482     8.29    0.168  19.56   0      35.03     771.6088     48.65396
         5    687.5698      5.4070     139114.6     372.6282  12.1416   0.0029     7.02    0.231   6.22  24      413.1     18228.15      101.668
         6      1.9594     10.4713     4109.593     202.0462  15.9655   0.0534     6.07    0.563  89.41  24      21.67      483.899      47.4119
         7    417.4668      3.6533     69710.79     296.8395  12.8918   0.0046    14.83    0.399   7.10  24      271.6     10034.21     81.17229
         8    202.3659      3.8143     23450.21     243.0352  14.0746   0.0113    13.85    0.324   0.42  24      121.2     3188.416     59.25864
         9    293.2380    998.0170     9706.603     381.9806  15.0323   0.0427     8.53    0.158  -7.80   0      40.39     958.6428     49.98053
        10    174.8788   1019.8102     20727.59     500.3103  14.2086   0.0262    12.98    0.420  -1.10  24      49.93     854.1882     49.15488
        11    335.2852    990.3043     3789.575     281.1743  16.0535   0.0806     8.15    0.202  37.68   0      20.28     477.1157     47.13694
        12     88.0093    988.4656     6966.897     241.1672  15.3924   0.0376     7.37    0.255   2.59   0      40.68      1079.72     50.18681
        13    797.7479    986.5889      7968.53     233.6811  15.2466   0.0318     6.89    0.160   0.70   0      45.77     1140.055      50.5727
        14    663.3668    988.6664     6914.164     343.5139  15.4007   0.0540     9.40    0.350  -1.27   0       30.9     696.1836     48.41882
        15    650.7430    988.9230     4339.422     274.9279  15.9064   0.0688     7.15    0.357   2.62   0      23.88     590.7496     47.80167
        16    504.7949    982.5707     2738.887     225.3832  16.4061   0.0894     7.50    0.367  20.05   0      17.97     441.5634      47.4506
        17    576.7861    981.2329      2781.79     237.1904  16.3892   0.0926     6.46    0.359  -2.97   0       16.2     440.9435     47.56821
        18    948.2943    977.7535     3675.546     185.2671  16.0867   0.0547    10.27    0.555  85.82   0       22.5     469.9623     46.98066
        19    138.1063    976.2617     11605.07     421.2129  14.8384   0.0394     8.16    0.101  15.45   0      37.24     726.5308     48.20585
        20     89.7983    971.5227      11543.3     275.1528  14.8442   0.0259     8.58    0.338  30.72   0      58.62      1487.91     52.00247
        21    436.1583    972.5912     5574.366     312.4565  15.6345   0.0609     8.45    0.029  23.28   0      23.32     521.3606     47.95089
        22    970.9985    972.3489     5485.375      99.7024  15.6520   0.0197     0.93    0.168  89.67   0      87.47     5629.952     67.72742
        23    738.4647    966.0623     8744.649      332.887  15.1456   0.0413     7.03    0.115  24.39   0      41.35     1028.869      49.8412
        24    616.8898    965.2111     19832.22     299.1686  14.2566   0.0164     6.67    0.167   2.26   0      96.87     2713.409     56.90683
        25    961.5971    965.2512     2901.073     232.4264  16.3436   0.0870     6.09    0.245   0.92   0      19.01     536.8948     47.66526
        26    464.4213    964.2272     8172.407     386.2925  15.2191   0.0513     7.92    0.189   1.14   0      30.35     652.9858     48.45266
        27    263.0440    960.0667     13050.89     111.8935  14.7109   0.0093     4.68    0.203  56.40   0      165.4     13063.11     89.25082
        28    274.8528    958.7259     9400.324     334.6208  15.0671   0.0387     7.03    0.194  -2.11   2      45.32     1067.198     50.01567
        29    282.6006    956.1730     5466.784     105.2513  15.6557   0.0209     5.39    0.367 -24.95   3      87.11     4471.724     63.90188
        30     71.6674    953.4380     91691.86       363.58  12.5942   0.0043     6.50    0.124   7.70   0      311.3     12226.75     87.09504
        31    982.0640    957.4579     3067.237     223.8024  16.2831   0.0792     7.93    0.426  14.87   0      20.56     513.3656     47.55294
        32    434.6193    956.5160     8305.252     375.8486  15.2016   0.0491     9.30    0.181   2.40   0      26.05     439.1164     47.07521
        33    515.1945    947.6548     20254.04     351.0072  14.2337   0.0188     7.50    0.208  18.53   0      92.13     2370.943     55.83093
        34    739.3990    948.5262      6506.42     325.2481  15.4666   0.0543     7.50    0.243  25.67   0      31.38     749.3451     48.66771
        35    646.5472    947.9882     10024.43     369.9836  14.9974   0.0401     7.05    0.089  11.08   0      44.43     1020.633     50.03315
        36    592.7449    949.8527     3167.771     249.3258  16.2481   0.0855     7.68    0.216  -1.74   0      19.31     440.2501     47.44431
        37    534.2671    948.7969     4241.429     278.4705  15.9312   0.0713     0.00    0.402 -40.82   0      24.86     554.6835     47.75001
        38    382.2435    944.8035     18698.37     449.5852  14.3205   0.0261     7.82    0.220  24.75   0      66.83     1697.132     53.12506
        39    826.0117    945.7327     2455.531     105.5521  16.5246   0.0467     0.80    0.173  89.23   0      50.78     2099.073     54.60823
        40    351.2953    944.2254     7587.268     371.5797  15.2998   0.0532     9.37    0.239   0.21   0      25.06     422.0337     46.62552
        41    949.9034    940.1168     3716.694     254.3704  16.0746   0.0743     8.53    0.282  29.05   0      21.97     552.0479     47.49685
        42    939.6458    954.3788     25996.42     292.2831  13.9627   0.0122     6.76    0.114   9.08   0      122.1     3454.157     60.17408
        43    415.6503    934.1241     9617.225     373.5868  15.0424   0.0422     8.33    0.372  26.42   0      34.41     342.4343     46.60611
        44    249.9581    922.3695     27443.53     303.9551  13.9039   0.0120     7.14    0.270   6.29   0      123.4     3462.377     60.20512
        45     42.3444    925.9500      3186.53     223.9236  16.2417   0.0763     6.55    0.089  42.25   0      21.19     559.1115     47.89085
        46    331.8530    924.9776     4169.803     229.3332  15.9497   0.0597     7.08    0.340  34.97   2      25.97     621.2542     48.18485
        47    410.6965    922.9449     9489.679     127.8421  15.0569   0.0146     0.00    0.420   2.58   0      125.4     8010.625     75.06501
        48    908.4307    921.8740      2476.35     224.4812  16.5155   0.0984     6.12    0.260  -5.22   0      16.01     442.5955      47.2135
        49    268.9742    911.7920     2007.283     191.6151  16.7435   0.1037     3.71    0.212 -88.18   0      14.84     404.3366     47.15062
        50    543.1789    910.0995     4131.074     267.8937  15.9598   0.0704     5.36    0.221  22.35   0      23.54     682.3003     47.87737
        51    653.3106    907.4557     3715.218     290.1396  16.0750   0.0848     8.59    0.183  37.37   0      20.73     461.0832     47.05957
        52    571.1506    905.1290     14599.38     270.8775  14.5892   0.0201     6.86    0.165  17.66   0      76.22     2061.765     54.45274
        53    769.5600    900.4569     23331.25      472.374  14.0802   0.0220     7.65    0.138  13.18   0      78.14     1904.191     53.79104
        54    601.7182    897.3036     120571.6     462.3578  12.2969   0.0042    12.16    0.367 -11.59   0      332.6     8156.233     75.58041
        55    872.0113    902.6985     3708.851     246.9355  16.0769   0.0723     8.32    0.092  54.21   2       22.6     519.8538     47.58394
        56    188.1661    899.8051     5556.425     323.2572  15.6380   0.0632    11.02    0.065  41.18   0      27.72     618.4394     48.29035
        57    963.3843    901.1314     4546.298     232.8025  15.8559   0.0556     7.15    0.179   0.74   0         27     731.9019     48.70395
        58   1020.8175    897.1354     12608.26     268.1356  14.7484   0.0231     6.77    0.095  59.83  24      69.12     1882.686      53.7001
        59    374.3048    893.9164     28076.82     338.2977  13.8791   0.0131     9.78    0.217  75.92   0      112.8     2115.999     54.57376
        60    284.9425    899.5121     4353.631     181.4208  15.9029   0.0453     7.34    0.229  20.18   0      28.98     733.3955     48.35682
        61    839.2551    894.6592      23599.2     306.7221  14.0678   0.0141    16.46    0.186  23.26   0      106.7     2664.423     57.11348
        62    338.5836    898.1640     2450.924     138.4169  16.5267   0.0613     6.59    0.232   7.99   0       19.8     579.5269      48.2258
        63     64.1284    894.7282     22450.64     483.6401  14.1219   0.0234     7.77    0.179  31.88   0      72.34     1718.052     52.89055
        64    412.0182    896.1978     5254.651     326.5724  15.6986   0.0675     9.06    0.313  23.40   0      23.71     490.0295     47.44128
        65    352.0441    897.9059     2085.893     85.14472  16.7018   0.0443     0.00    0.161 -60.14   0      58.74     1962.265     53.71686
        66    451.8678    895.5673     9592.278      373.188  15.0452   0.0423     8.64    0.246  67.65   0      31.12     369.6821      46.8612
        67    476.9769    892.1151     21258.51     543.3553  14.1812   0.0278     9.98    0.182   6.40   0      48.78     885.1997     49.06509
        68    692.3677    885.6757     17219.63      301.958  14.4099   0.0190     7.06    0.263  22.99   3      84.34     2187.149     54.97357
        69    698.0388    877.4163     65407.68     388.8157  12.9609   0.0065     7.14    0.109  12.00   3      234.6     8041.837     75.61539
        70    458.9996    877.9400     7275.747     96.55163  15.3453   0.0144     4.26    0.042  85.88   0      116.2     7211.658     72.84203
        71    867.0751    874.0419     2170.421     87.03147  16.6586   0.0435    -4.75    0.161  44.59   0      51.02     1736.691     53.07862
        72    278.0163    872.5599      6263.34     216.0347  15.5080   0.0375     8.80    0.296   8.86   0      37.66     938.3721     49.88827
        73    764.6610    868.7761     8083.071     373.4201  15.2311   0.0502     7.60    0.148  20.71   0      28.71     585.6865     47.89734
        74    659.0400    868.7928     6511.726     112.6878  15.4658   0.0188     1.90    0.324  33.13   0      84.75     5374.696      67.0365
        75    523.5295    866.4462     5618.023     318.8399  15.6260   0.0616     7.85    0.209  -0.29   0      21.97     475.7982     47.37305
        76    980.3992    858.7150     5536.306     292.0534  15.6419   0.0573     7.25    0.163 -27.31   0      29.27     666.7561     48.51721
        77    777.2392    858.0323     1464.854     81.73679  17.0855   0.0606     0.95    0.099   5.46   0       34.9      1365.79     51.57718
        78    563.6683    855.7476     11777.14     430.3861  14.8224   0.0397    11.57    0.156   2.58   0      37.41     778.6672     48.80445
        79    675.6919    854.0822      6373.42     349.7698  15.4891   0.0596    10.31    0.378   5.39   0      25.92     546.8989     47.59273
        80    440.0058    848.6665     95523.59     379.7943  12.5497   0.0043     8.73    0.141   0.15   0      315.1        12356     87.43169
        81    575.7734    854.1959     4615.056     187.9463  15.8396   0.0442     6.10    0.298  82.63   0      41.08     2178.986     55.04398
        82    530.7346    851.7171     4495.535     266.0582  15.8680   0.0643     6.32    0.197  -6.44   0      27.35     720.0424     48.41249
        83    483.2086    850.3290     3389.914     165.2867  16.1745   0.0530     8.41    0.258   9.31   0      24.58     638.4645     48.14713
        84    828.5316    848.5771     4474.983     226.4957  15.8730   0.0550     6.16    0.234 -14.18   0      26.87     694.7182     48.53012
        85    504.3817    850.0151     1721.505     168.1663  16.9102   0.1061     5.89    0.456  -0.36   0      15.03     526.9276     47.61772
        86    610.5109    846.6596     15814.73     477.8217  14.5023   0.0328    11.56    0.213   5.85   0      38.27     569.5873      47.5807
        87     16.9873    878.8759     3744.993     166.6359  16.0664   0.0483     6.14    0.212  11.06   0       26.6     744.3593     48.76204
        88    699.7563    840.9148     16096.54     394.9361  14.4832   0.0266     7.68    0.248 -33.29   2      61.49     469.2095      47.0988
        89    628.2437    840.1443     20318.06     589.0145  14.2303   0.0315    14.06    0.121  81.99   0      41.38     526.1437     47.73414
        90    938.8293    835.9061     12323.92     334.4665  14.7731   0.0295     7.01    0.232  12.97   2      60.43      1280.98      50.6396
        91    892.6146    833.5110     47816.68     353.7465  13.3011   0.0080    16.81    0.098  19.38   0        191     5719.339     67.85809
        92    715.5291    837.3638     8331.613      322.105  15.1982   0.0420     6.97    0.332 -10.84   2      53.26     390.1089     46.96016
        93    180.8984    832.9595      16455.1      320.273  14.4592   0.0211     6.95    0.148   6.71   0      83.96      2233.29     54.74703
        94    961.6095    828.9757     6938.786     352.9885  15.3968   0.0552     7.40    0.174  18.74   0      28.29     631.7286     48.23423
        95    150.2434    850.9225     28631.45     342.0364  13.8579   0.0130     7.08    0.127  12.56   0      126.8     3587.745     60.48742
        96    166.7199    824.8306     3667.038     237.4347  16.0892   0.0703     6.52    0.192  -8.87   0      22.39     578.2442     47.86202
        97    137.1325    819.9731     7205.563     271.0183  15.3558   0.0408     6.87    0.022 -32.78   0       41.4     1056.287     50.08059
        98    683.3593    817.3890     34495.66     734.5494  13.6556   0.0231    16.09    0.216 -88.90   0      56.45      326.706     47.01924
        99     31.6250    817.6147     14393.59     276.9806  14.6046   0.0209     5.02    0.092  11.49   0      73.52     2233.158     55.37075
       100    106.9854    811.9805     57967.05     391.0899  13.0920   0.0073    14.90    0.192  -6.40   2      209.8     6470.253     70.57206
       101    424.7416    810.3342     16173.56     336.2214  14.4780   0.0226     7.64    0.148  -4.25   0      76.05     1896.709     53.75941
       102    716.9540    806.3736     33508.11     492.6028  13.6871   0.0160     7.13    0.098 -12.62   0      110.6     2958.155     58.27062
       103    885.3146    802.6987     35551.51     357.5864  13.6229   0.0109    11.79    0.106  43.73   2        144     4225.197     62.56282
       104    758.8510    804.5328     14796.59     407.0567  14.5746   0.0299     8.80    0.229 -14.77   2      55.95     992.5248     49.79038
       105    481.2279    801.1389     37989.69     336.4856  13.5508   0.0096     6.56    0.045  20.73   2        161     4979.578     65.50862
       106    481.4034    790.0135     8186.614     341.8503  15.2172   0.0453    11.84    0.468 -13.05   3      37.53     714.3815     48.50416
       107    367.5722    803.4343     4330.619      290.128  15.9086   0.0728     7.19    0.285  14.91   0      22.89     550.8209     47.97105
       108    266.5007    802.3700     9312.848     275.9119  15.0773   0.0322     8.00    0.262  16.91   0      51.72     1267.696     50.57994
       109    635.5197    795.9425     7851.204     273.6606  15.2627   0.0379     6.97    0.120  15.69   2      41.68     1079.133     49.95533
       110    319.0022    802.9953     57745.28     179.6188  13.0962   0.0034     0.00    0.008 -79.58   0      352.5     57307.71     167.5616
       111    699.4689    799.1401     6512.016     328.3198  15.4657   0.0548    10.13    0.264   5.10   2      30.16      544.869     47.70327
       112    821.9999    799.1078     3727.504     87.80307  16.0715   0.0256     4.30    0.064 -87.52   0      77.38      3792.77     61.25293
       113     43.7768    786.2737     2456.781     87.77608  16.5241   0.0388     1.72    0.227 -50.95   0      51.91     2438.352     56.10466
       114    371.0393    783.6894     2946.944     252.5501  16.3266   0.0931     5.03    0.426  31.63   2      18.99     433.9129     46.92817
       115    889.3672    780.8286     11074.07     383.1673  14.8892   0.0376     6.49    0.109   6.62   0      46.09      1254.55     51.19667
       116    828.9156    779.5991     27284.94     622.3672  13.9102   0.0248    12.77    0.331 -11.44   0      54.42     1071.845     50.37907
       117    495.1030    778.3823     12622.25     331.6601  14.7472   0.0285     8.84    0.196  -6.59   0      61.35     1546.394     51.92754
       118     34.2578    776.6431     24095.16     348.1787  14.0452   0.0157    15.51    0.221  12.68   3      109.3      2794.09       57.428
       119     24.4863    768.9100     12641.69     337.6645  14.7455   0.0290     7.63    0.227  11.41   3      62.73     1553.099     52.17692
       120     92.5358    772.5862     106875.9      408.154  12.4278   0.0041     6.55    0.104   9.90   2      337.6     13381.57     90.05812
       121    112.4645    771.5672     24233.98     358.8018  14.0389   0.0161    16.64    0.262  -5.55   3      105.6     2855.896     57.67208
       122    545.0195    773.9049     3818.573     88.03848  16.0452   0.0250     4.39    0.092 -76.90   0      77.42     3648.419     60.43124
       123    574.3466    770.5125     3956.445      232.226  16.0067   0.0637     9.55    0.229  -0.68   0      23.43     514.8155     47.31836
       124    727.9399    770.9672     3273.028     244.7851  16.2126   0.0812     6.29    0.428   1.54   0      16.55     393.8631     46.97833
       125    847.0788    769.7720      2182.08     147.0201  16.6528   0.0732     1.15    0.124  86.10   0      24.74     1121.398      50.3752
       126    194.9033    766.8121      9485.97     107.1102  15.0573   0.0123     0.00    0.267  63.58   0      133.8     8761.497     77.52699
       127    505.9399    755.9720     18957.02      575.944  14.3056   0.0330    14.60    0.449 -55.91   0      53.16      1037.94     49.99725
       128    833.5500    755.9127     4037.282     277.7888  15.9848   0.0747     7.34    0.311   3.20   2      22.54     400.3808     46.76549
       129   1003.9245    744.2991     35223.54     452.5141  13.6329   0.0140     7.45    0.143   9.80   0      129.6     3402.078     59.49758
       130    343.0023    748.4852     4990.739     317.0402  15.7546   0.0690     9.37    0.430  21.38   0       22.9     510.8688      47.7814
       131    966.0430    746.4651        20084     534.3551  14.2429   0.0289    13.11    0.203 -17.42   0      42.94     771.3257     48.77025
       132    704.1966    745.5724     12716.41     264.4633  14.7391   0.0226     6.61    0.067  17.31   0      68.94     1882.656     53.91291
       133    749.0168    747.4739     2244.107     176.3387  16.6224   0.0853     6.86    0.268  23.23   0      15.99      417.216     47.21266
       134    111.8394    745.1810     9725.099     262.4263  15.0303   0.0293     9.71    0.090  11.01   0      52.65     1257.586     51.32189
       135    593.2657    744.8824     6072.563     332.3529  15.5416   0.0594     8.15    0.219  19.11   0       26.2     520.9238     47.46852
       136    832.2910    741.3215     6620.425     316.4009  15.4478   0.0519    10.43    0.360  -9.68   2      29.02     586.8288     47.78303
       137    674.4337    743.8688     2356.791     95.34856  16.5692   0.0439     2.34    0.274  -7.34   0      42.37     1976.945     54.09756
       138    972.7426    739.1804      8521.04     369.4468  15.1738   0.0471     8.72    0.316   7.97   1      32.71     449.3139     47.24583
       139    984.7983    742.4261     10882.59     400.2405  14.9082   0.0399    10.30    0.320  43.80   0      33.97     754.2313     48.92526
       140    300.6352    736.2140     4400.482     302.7429  15.8912   0.0747     7.33    0.052  57.64   2      21.95     554.4588     48.10751
       141    305.9642    735.9720     4549.408     89.90535  15.8551   0.0215     0.00    0.082  46.07   3       88.8     4235.564     63.05637
       142    705.7441    734.8870     6364.293     129.0022  15.4906   0.0220     2.16    0.258 -85.46   1      79.39      4759.93     64.56489
       143    216.9894    735.8817     3080.535     252.1029  16.2784   0.0889     7.42    0.132  50.94   0      18.49     436.5443     47.18436
       144    699.5197    733.4085     4736.832      270.533  15.8113   0.0620     4.66    0.285 -46.13   0      26.93     977.1307     49.72006
       145    433.2250    734.0871     7164.154     343.6793  15.3621   0.0521     7.89    0.158  10.61   0       32.9     804.1709     48.68832
       146    997.8254    731.2670     9887.125     393.8998  15.0123   0.0433     8.29    0.213  15.03   1      37.54     775.2617     48.78859
       147    336.5963    733.6284     4215.311     289.5435  15.9379   0.0746     9.14    0.147  13.86   0      22.97     532.3965     47.88369
       148    507.9409    731.0230     7181.109     254.6505  15.3595   0.0385     7.58    0.257  19.40   0      41.08     1049.076     50.04785
       149    926.5852    729.2353     4394.936      205.875  15.8926   0.0509     7.26    0.279   7.78   0      28.53       725.24     48.90768
       150    420.9198    728.0950     5191.588      300.013  15.7117   0.0628     6.17    0.280  -4.39   0         25     638.1249     48.02639
       151    865.7827    720.6009     29117.59     357.1014  13.8396   0.0133    13.22    0.411  40.49   0      108.5     1878.454     53.68219
       152    843.9629    724.0840     3576.237     228.7442  16.1164   0.0695     6.54    0.216   1.95   0      23.69     615.3008     47.79856
       153    581.0546    724.0302     2794.733     85.35452  16.3841   0.0332     0.00    0.086  29.85   0      66.07     2556.757     56.37943
       154    659.7181    720.3231     5254.988     194.6949  15.6986   0.0402     6.45    0.170  11.66   0       33.2     845.0773     48.76155
       155     96.7367    718.7094      8737.74     303.1602  15.1465   0.0377     7.33    0.175  18.13   0      46.18     1138.437     50.22441
       156    390.2856    717.1094     8465.514     333.9853  15.1809   0.0428     8.48    0.177  31.63   0      40.86     1022.351     49.81147
       157    807.4550    714.2199     5170.651     111.2448  15.7161   0.0234     2.80    0.275  40.14   0      76.83     4538.081     64.04807
       158    265.2365    706.6839     10617.31     371.5059  14.9350   0.0380     7.05    0.182   9.88   2      44.85     1112.929     50.22305
       159    713.7913    705.6658      1274.01     94.26349  17.2371   0.0804     2.41    0.394  60.67   0      34.91     1039.683     50.00518
       160    535.7217    700.8772      13096.1     338.8166  14.7071   0.0281     7.09    0.193  12.87   3      61.92     1565.275     52.01011
       161    523.1194    696.3379     36372.21     313.7709  13.5981   0.0094    13.80    0.158  20.72   3      159.4     4785.151      64.6536
       162    325.2122    701.3707      4700.15     281.4009  15.8197   0.0650     7.81    0.051   2.75   0      25.61     666.9562     48.39993
       163    590.5260    700.4579     8447.749     322.6312  15.1831   0.0415     7.87    0.227   3.80   0       44.2     1011.324     49.76113
       164    172.5673    699.1172     14640.86     269.3217  14.5861   0.0200     7.29    0.239   7.64   0      74.09     1922.276     53.76094
       165    465.7279    699.9263     3639.304     258.7674  16.0975   0.0772     5.85    0.155  69.15   0       19.5     461.1187     47.18132
       166    797.0872    696.8759     7786.129     275.1724  15.2717   0.0384     7.70    0.170  22.87   2       41.3     943.2051     49.33305
       167    392.2269    687.5844     229876.3     469.5678  11.5963   0.0022     7.13    0.122  10.44   2      545.8     28939.36      123.309
       168    387.7883    671.5569     31746.49       374.78  13.7458   0.0128    17.22    0.108  40.89   3      130.4     3627.503     60.82528
       169    199.9939    690.4207     6112.801     203.5848  15.5344   0.0362     6.53    0.098   7.27   0      36.46     939.0151     49.54553
       170     19.2124    691.0220     3764.193     251.5825  16.0608   0.0726     6.05    0.110  86.13   0       17.9     367.5212     46.97283
       171    566.7744    687.8211     8548.611      381.291  15.1703   0.0484    10.71    0.269  41.91   2      31.46     555.5872     47.99363
       172    686.4766    687.7270     3289.986     252.8586  16.2070   0.0835     6.44    0.202  63.40   0      17.41     431.8636     46.91824
       173    658.4846    688.2050     4708.526     205.5253  15.8178   0.0474     8.09    0.196 -44.36   0      36.36     1721.747     53.12254
       174    551.0286    680.4760     23342.45     526.2997  14.0796   0.0245    11.65    0.418  -9.72   0      69.08     1383.548     51.54435
       175    680.9951    683.0568     2369.548     84.21476  16.5633   0.0386     4.20    0.018  66.06   2      61.82     2398.951     55.94483
       176    421.2639    683.0924     1279.204     84.67218  17.2327   0.0719     1.43    0.125  14.35   0      26.68     1050.025     49.82272
       177     71.5644    681.4976     2157.992      192.539  16.6649   0.0969     0.00    0.361  30.58   0      16.44      616.554     47.56424
       178    920.4332    675.3638     4676.307     246.6658  15.8252   0.0573    10.12    0.338  -3.49   0      28.36     656.2062     48.34943
       179    971.5181    673.8171     2870.969     227.4135  16.3549   0.0860     7.64    0.319  -5.82   0      18.81      456.868     47.28215
       180    235.1909    672.9464     10090.26     402.2901  14.9902   0.0433     8.40    0.154  25.78   0      31.71     656.0474     48.34868
       181     30.4096    672.6732     2800.173     226.7119  16.3820   0.0879     5.71    0.352  23.61   0      16.54     436.8521     47.18584
       182    458.6198    668.3625     3041.333     96.96651  16.2923   0.0346     1.14    0.193 -44.35   0      59.29     3285.868     59.63122
       183    424.9689    666.3226     4297.328     299.3348  15.9170   0.0756     8.20    0.341  24.34   0      21.02     463.3905     47.31349
       184    952.2354    666.2608     2726.807     218.9241  16.4109   0.0872     5.39    0.416 -29.78   0      16.88     406.1499     47.03773
       185    793.0817    664.0591     2715.669     86.80948  16.4153   0.0347     0.00    0.137  26.53   0      64.83     2417.975     55.71445
       186     92.8856    658.7015     44826.32     334.7143  13.3712   0.0081     6.67    0.144  13.88   0      182.9     5586.198     67.32565
       187    278.4059    661.5012     3847.093     270.3148  16.0372   0.0763     6.33    0.545 -14.13   0      18.73     385.9426     46.93999
       188    147.3056    653.4902     119253.5     394.1021  12.3088   0.0036     6.65    0.116  10.64   0      365.7     15097.25     94.22771
       189    416.0157    654.5938     4514.539     281.7597  15.8635   0.0678     5.86    0.203  21.17   0      23.67     636.9217     48.13984
       190    478.9922    648.7034     3723.975     90.99801  16.0725   0.0265     0.85    0.157  89.43   0      72.24     3828.762     61.38633
       191     27.3577    641.4045       6584.5     325.7426  15.4537   0.0537     8.10    0.269  12.01   0       31.4     774.4611     49.01915
       192    325.6184    640.5471     3269.716     261.1987  16.2137   0.0868     7.34    0.435  13.55   0      17.64      420.791     47.22987
       193    395.1484    634.6693     29490.01     353.3077  13.8258   0.0130     6.70    0.133   3.15   0      129.7     3666.162     60.78135
       194    211.8274    636.8539     7597.879     352.6012  15.2983   0.0504     7.99    0.129  -3.34   0      34.64     800.8738     48.90775
       195    939.5611    629.0272     12633.72      341.455  14.7462   0.0294    10.93    0.353  79.26   0      53.51     963.1925     49.88651
       196    792.4944    631.0101     5742.748     218.7841  15.6022   0.0414     9.05    0.266  16.76   0      40.43     1773.028     53.23397
       197    662.8281    630.8962     2361.465      121.746  16.5670   0.0560     4.92    0.301  19.62   0      47.64     1549.651     51.83138
       198     19.0668    627.4188     12183.93     388.2768  14.7855   0.0346     8.00    0.182   6.35   0         53     1322.673     51.38683
       199    885.8870    621.3990     118445.1     403.3394  12.3162   0.0037     6.64    0.095  15.38   0      361.7     14820.56     93.61919
       200    235.2473    629.0957     3503.351     265.7487  16.1388   0.0824     7.28    0.260  -6.77   0      17.87      412.859      46.7036
       201     85.0647    627.4778     5882.346      305.264  15.5761   0.0564     4.35    0.418  18.54   0      28.82     509.6018     47.41428
       202    268.5347    625.2736     42711.65     472.6029  13.4236   0.0120    12.79    0.475   3.52   0      140.6     3123.765     58.62056
       203    422.5938    625.0584     4258.689     253.7278  15.9268   0.0647     3.19    0.187   3.61   0      24.22     830.6166     49.16243
       204    567.3388    622.0424     1398.191     89.90416  17.1361   0.0698     2.03    0.326   7.49   0      37.79     1201.439     50.73503
       205    717.1981    614.3837     11528.17     442.7227  14.8456   0.0417    17.01    0.476 -32.25   0      40.67      565.319      47.8006
       206    230.6403    616.0091     12220.86     357.9771  14.7822   0.0318     6.81    0.192  11.31   0      59.25     1532.607     52.52567
       207    581.5363    615.5334     7097.862     316.7437  15.3722   0.0485     7.92    0.154  22.26   0      36.97     874.5191     49.13233
       208    692.6059    615.3591     3911.259     281.7814  16.0192   0.0782     9.25    0.299  18.51   0      21.57     477.5504     47.62265
       209    361.5339    612.8976     7238.621     298.2168  15.3509   0.0447    12.24    0.251  20.76   0       37.2     877.5577     49.02968
       210    339.6931    615.1041     2003.988     198.2239  16.7453   0.1074     5.23    0.551 -78.60   0      15.04     341.6763     46.60241
       211     83.2068    611.5845     2796.883     235.3866  16.3833   0.0914     6.01    0.404  30.52   0      16.04     352.8918     46.77969
       212    282.0582    605.9462      3762.08     269.7129  16.0614   0.0779     7.24    0.308  32.90   0      19.05     463.2834     47.55452
       213    894.5380    598.9908     48074.21     385.6696  13.2952   0.0087     6.70    0.092   9.20   0      186.8     5849.367     68.54338
       214    571.7808    602.9001     5626.695     325.5139  15.6244   0.0628     9.97    0.190  37.36   0         26     604.1283     47.74541
       215    203.6486    594.5338     3467.553     279.3803  16.1499   0.0875     5.80    0.357 -23.15   0      19.38     454.8864     47.27262
       216    716.1611    588.2395      35324.1     338.9325  13.6298   0.0104     6.81    0.125   3.67   0      152.2     4543.676     63.97845
       217    936.0659    591.1674     2665.826     225.9442  16.4354   0.0920     6.07    0.417 -81.67   0      16.01     386.0314     46.94042
       218    976.1932    582.2944     11815.79     163.8694  14.8188   0.0151     7.96    0.524 -48.93   0      97.19     4001.633     62.02305
       219    143.7118    581.4352     5261.821     296.2234  15.6972   0.0611     6.68    0.252   8.79   0      27.75     720.3452     48.29544
       220     12.6832    581.2709     5863.269     327.4333  15.5797   0.0606     9.04    0.356  22.05  18      28.02     555.8813     47.51519
       221    426.0116    578.8220     5611.179     315.2211  15.6274   0.0610     7.59    0.351  26.78   0      22.72     425.8724     47.25431
       222    898.8323    577.9747     1940.202     91.26405  16.7804   0.0511     1.78    0.254 -57.49   0      37.82     1739.631     53.30657
       223    444.8478    573.2282     13874.95     484.6432  14.6444   0.0379    12.08    0.149 -23.63   0      35.57     567.9526     48.05215
       224    172.7404    571.6174     7946.663     389.1153  15.2495   0.0532    10.35    0.107  -0.26   0      26.35     529.7967     47.63141
       225    688.3694    568.7502     26702.15     330.0775  13.9336   0.0134     6.99    0.176   9.43   0      121.5     3398.991     59.86975
       226    658.5143    567.3849     6900.156     315.6958  15.4029   0.0497     8.25    0.203   6.35   0      36.68     842.4569      48.9838
       227    485.2913    561.6746     20268.41     276.1121  14.2330   0.0148     6.71    0.195  13.60   0      100.9     2776.614      57.1587
       228    943.5492    559.0579     11318.76     289.6783  14.8655   0.0278     7.25    0.095  39.74   0      57.89     1422.844     51.82797
       229    669.7601    562.0920     3253.244     261.7321  16.2192   0.0874     6.50    0.251  74.16   0      16.68      361.191     46.45148
       230    461.0538    559.9721     6978.598     219.4124  15.3906   0.0341     7.32    0.186  13.08   0      42.84     1117.641     50.35825
       231    185.8306    561.9962     2112.832     83.51908  16.6878   0.0429     0.96    0.093  -1.14   0      50.41     2031.133     54.53523
       232    511.1024    558.4764     7782.853      289.376  15.2722   0.0404     6.77    0.249  25.88   0      43.39     1082.166     49.96912
       233      7.0087    559.7481     27340.59     199.0943  13.9080   0.0079     8.10    0.114  75.41  26      183.5     16507.95     97.68831
       234    706.7816    555.2593     15029.32     320.6026  14.5577   0.0232     7.05    0.163   7.70   0      76.25     1973.903     54.08478
       235    574.9120    552.9374     6847.056      348.848  15.4112   0.0553     8.89    0.154 -28.92   0      31.45     614.0037     47.79239
       236    169.9754    550.3694     48203.03     392.0063  13.2923   0.0088     6.82    0.137   9.07   0      185.9      5748.41     68.29175
       237    430.2188    549.9087     9184.655      373.707  15.0923   0.0442     7.67    0.128  12.26   0      38.97     868.9409     48.87265
       238    135.2510    545.9138     14116.35     376.3139  14.6257   0.0290    12.09    0.187  27.54   0      63.91     1488.375     51.78372
       239    151.0526    543.8180     8111.772        108.2  15.2272   0.0145     0.00    0.316 -74.61   0      122.1     7481.429     73.75664
       240    933.1580    537.9371     18915.74      318.886  14.3079   0.0183     8.05    0.085  11.93   0      88.66     2294.523      55.4157
       241    214.2636    535.4161     29420.12     357.2939  13.8284   0.0132     7.11    0.130  12.73   0      129.5     3638.353     60.67727
       242    174.8565    533.8852      35072.5     395.7017  13.6376   0.0123     9.65    0.158  18.27   0      141.4     4048.096     62.00858
       243    488.9870    539.0865     3134.561     241.7119  16.2596   0.0837     7.10    0.400  23.51   0      18.02     449.4154     47.12491
       244    617.2518    533.6330     6257.317     321.9753  15.5090   0.0559     7.70    0.242  -5.30   0      30.35     737.4619     48.61218
       245    469.9470    535.2725      1833.78     175.8091  16.8416   0.1041     6.63    0.109 -20.85   0      14.91     392.7577     46.85086
       246    456.1396    530.5499     4408.046      179.106  15.8894   0.0441     6.17    0.148   7.07   0      29.36     794.3293     48.87733
       247    688.3373    537.4554      3990.62     284.8779  15.9974   0.0775     9.12    0.290  56.50   0       21.4     465.2651      47.4434
       248    340.0760    525.1113     3468.169     286.9671  16.1497   0.0899     7.50    0.313  53.85   0       18.1     399.7266     46.76231
       249     22.0770    517.8542     73840.42     365.4154  12.8293   0.0054     6.75    0.089   5.63   0      261.4     9193.909     78.71167
       250    261.8761    514.6242      7897.26     314.5971  15.2563   0.0433    11.88    0.217   9.26   2      40.21     874.2765     49.24767
       251   1022.8337    511.6425     6788.423     168.2011  15.4206   0.0269     6.33    0.541  89.88  24      53.88      1876.13     53.77897
       252    162.1903    514.8998     3197.629     262.2305  16.2379   0.0891     8.01    0.177  -5.44   0      18.54     395.0137     46.98389
       253    854.9326    514.5065     3505.915     249.0595  16.1380   0.0771     7.11    0.208  11.92   0      19.17     455.2954     47.15326
       254    315.9542    511.5364      3277.33     269.3041  16.2112   0.0892     8.04    0.387 -30.25   0      18.73     417.2027      47.0911
       255    731.9200    506.7809     5182.415     328.2718  15.7137   0.0688     8.70    0.100 -12.63   2      25.47     581.5831     47.99737
       256    897.0913    503.2701     2906.976     237.3103  16.3414   0.0887     5.41    0.515 -65.44   0      16.54      315.386     46.47402
       257    727.1471    509.0803     1997.342     125.7073  16.7489   0.0683     3.62    0.270  45.62   3      34.78     1141.324     50.23748
       258    972.9936    494.1035     14356.48     382.8716  14.6074   0.0290     7.28    0.192  13.52   0      61.58     1539.925     52.22931
       259    652.1322    494.2769     4379.626     291.1519  15.8964   0.0722    10.33    0.302  12.49   0       23.9     506.4672     47.27824
       260    991.0117    493.7148     2682.854     93.09509  16.4285   0.0377     0.78    0.162 -85.68   0      51.26     2365.176     55.60178
       261    540.3975    488.5645     36343.24     330.6409  13.5989   0.0099     6.71    0.140   9.89   0      155.9     4616.814     64.41584
       262    214.9222    493.7678     12956.49     119.1462  14.7188   0.0100     0.00    0.357  70.64   0      157.1     11887.01     86.20395
       263    562.1743    491.5679     4268.101     265.8638  15.9244   0.0676     9.70    0.271  26.40   0      25.02     620.5906     48.30047
       264    712.6305    480.2107      7377.62     330.2221  15.3302   0.0486     7.53    0.226   7.98   0      35.67     863.7112     49.43121
       265    119.5962    479.8598     2656.829     235.8593  16.4391   0.0964     6.72    0.489  48.90   0      15.53     327.1424     46.77705
       266    177.7811    474.6646      31798.2      316.833  13.7440   0.0108     6.77    0.130   8.91   0      141.7     4093.629     62.35924
       267    957.1614    477.1579      2253.52     154.7218  16.6178   0.0746     5.87    0.616 -33.08   0      25.79      760.669     48.72056
       268    316.4012    477.1637     1590.485      87.1625  16.9962   0.0595     1.36    0.197  19.77   0      37.69     1696.576     53.12269
       269    340.2012    471.3629     7470.101     326.3599  15.3167   0.0474     7.33    0.247  31.89   0      26.53     389.9712     47.20285
       270    513.7375    469.2748     4474.161     295.1336  15.8732   0.0716     8.07    0.364   8.50   0      22.02     494.7582     47.46393
       271    741.0680    468.8591     1390.486     113.7919  17.1421   0.0889     3.28    0.229 -62.19   0      18.79     687.8934     48.37989
       272    874.0194    465.6878     3240.738     252.2473  16.2234   0.0845     6.43    0.509  33.45   0      17.05     533.7473      47.4092
       273    157.2978    462.4720     10628.87     265.9145  14.9338   0.0272     6.85    0.166  17.27   0      57.64     1479.972     51.52494
       274    318.1417    462.5181     4030.803     266.1995  15.9865   0.0717     5.05    0.300  -3.49   0      19.78     472.5426     47.11488
       275    248.0010    461.8582     11474.43     105.9751  14.8507   0.0100     4.43    0.103  88.57   0      144.1     11501.77     85.18223
       276    521.4756    457.9956     10100.52     124.4007  14.9891   0.0134     3.12    0.470   0.46   0      123.4     7960.431     75.14194
       277    814.5095    455.8723     3593.052     283.0467  16.1113   0.0856     8.07    0.275  27.37   0       18.6     419.5452     46.85854
       278    657.0056    446.9262     177099.2     469.0327  11.8795   0.0029    21.36    0.123  37.20   0      452.9     19145.63     103.5328
       279    864.9974    455.0048     2801.574     85.37273  16.3815   0.0331     4.20    0.002 -56.05   2      68.94     2698.231     57.04737
       280    862.6105    448.7992      5848.92      328.297  15.5823   0.0610     7.28    0.278  67.73   0      19.38       452.07     47.25908
       281    305.3942    447.7268     8580.346      347.099  15.1662   0.0439     6.28    0.202  -3.59   0      38.12      990.166      49.6644
       282    974.9148    443.0252     3496.599     240.2705  16.1409   0.0746     8.26    0.176  -8.09   0      20.24     421.0598     46.86588
       283    492.2832    441.1499     6029.092     317.3327  15.5494   0.0572     7.92    0.233  23.24   0      28.77     654.9603     47.98676
       284    248.7521    437.9693     12392.12     334.0844  14.7671   0.0293     6.81    0.148  15.63   0       61.4      1628.89     52.83232
       285    439.8675    438.2615     4171.918     292.4625  15.9492   0.0761     8.71    0.177  27.94   0      21.09     427.7891     47.14217
       286    346.1740    436.0718     12331.05     366.3506  14.7725   0.0323     7.30    0.073  12.67   0      57.55     1400.626     51.61959
       287    568.4215    437.1082     4872.898     269.0551  15.7805   0.0600     7.00    0.238  13.95   0      28.12     681.5817     47.99347
       288    599.8915    437.0283     1229.453     84.53854  17.2757   0.0747     2.68    0.203 -64.95   0      28.53       1033.6     49.63246
       289    761.7094    430.7603     3961.588     274.6154  16.0053   0.0753     6.88    0.283  14.97   0      21.89     556.2158     47.51679
       290    417.0035    430.1943     2127.509     83.55901  16.6803   0.0427     0.99    0.099 -88.04   0      52.78     2143.041     54.79091
       291    639.2037    421.0397     62063.34     375.5856  13.0179   0.0066     9.08    0.072 -10.51   2      222.1     7200.241     72.96359
       292     98.6575    414.9970     477404.5     594.9086  10.8028   0.0014    20.64    0.184  11.62   0      824.9     58691.12     169.4614
       293    343.6981    419.7180     5221.318     270.9397  15.7055   0.0564     7.77    0.148  22.94   0      29.56     671.3563     47.94502
       294    544.3737    419.1458      3748.45     238.7155  16.0654   0.0692     7.60    0.226  47.17   0      23.02     568.4526      47.8155
       295    171.6008    412.5178      6018.38     331.0204  15.5513   0.0597    11.15    0.186  -7.73   0      27.71     608.4005     48.12419
       296    184.1930    412.3649     5340.831     297.7306  15.6810   0.0605     5.62    0.246  29.86   0      25.67     719.1847     48.76219
       297    215.7676    409.0859      3271.38     230.3142  16.2132   0.0765     8.54    0.394  20.41   0      20.52     476.5115     47.25541
       298     39.0795    404.1166     3026.288     257.1169  16.2977   0.0923     7.76    0.237 -35.28   0      19.45     394.9092     46.61617
       299    806.7044    402.5246     2639.395     238.8595  16.4462   0.0983     6.55    0.199 -25.98   0      16.87     376.2538     46.52512
       300     22.0061    400.0083     1471.537     81.75536  17.0806   0.0603     0.00    0.011  44.58   2      47.01      1465.22     51.90322
       301    260.9995    397.9834     58250.15     180.2565  13.0868   0.0034   -27.17    0.045  72.56   0        354     57850.07     168.2956
       302    604.7355    392.8439     3557.428     253.6641  16.1222   0.0774     8.30    0.167  -4.36   2      20.51      465.318     47.32275
       303    600.0408    393.9870     2370.978     84.21862  16.5627   0.0386     4.24    0.017 -42.44   3      59.44     2191.343     55.30254
       304     53.8541    392.3153     3136.974     122.0171  16.2587   0.0422     0.88    0.087 -76.91   0      52.88     2502.523     56.05828
       305    719.0136    380.0089     6935.935     291.1797  15.3972   0.0456     7.47    0.245  17.94   0       37.5     915.6092     49.43805
       306    948.1685    368.2356     146291.4     428.2057  12.0870   0.0032     6.73    0.094  30.30   0      411.8     17709.03     100.5008
       307    205.4960    374.2646     6409.086     305.6559  15.4830   0.0518     9.36    0.216  13.29   0      31.24     638.4993     47.90873
       308    122.5788    368.8063     100788.8     387.0241  12.4915   0.0042     8.29    0.096   1.95   0      324.4     12083.45     86.72031
       309      2.3546    372.3585     5248.201     241.9217  15.7000   0.0501     7.02    0.373 -89.95  26      27.43     767.3477     48.63406
       310    990.7881    365.6556     9032.071     294.2749  15.1105   0.0354     7.54    0.120  -7.78   2      46.33     1070.327     50.25837
       311     80.7635    363.6952     5398.252     305.8414  15.6694   0.0615     7.98    0.277  37.02   0      27.75     694.0585     47.93315
       312    522.0502    360.4180     3960.346     301.9383  16.0057   0.0828     8.26    0.144  79.01   0      20.02     383.3218     47.17082
       313    283.0392    346.7842     50588.97     340.7128  13.2399   0.0073     6.79    0.118  14.19   0      201.1     6612.627     71.19021
       314    659.9772    346.2357     3554.973     260.8984  16.1229   0.0797     6.42    0.035  28.98   0       20.6     497.3651     47.83703
       315    983.6138    342.5445     12559.42     312.9532  14.7526   0.0271     6.86    0.111   3.03   0      62.52     1587.075     52.54322
       316    585.3102    339.9977     2730.857     234.7134  16.4093   0.0933     6.07    0.430   2.56   0      16.03     411.2665     47.06245
       317     39.5364    331.7888     7087.896     354.2993  15.3737   0.0543     7.88    0.095  30.07   0      31.42     762.0992     48.72723
       318    345.1391    333.5929     3189.321     252.2009  16.2408   0.0859     7.45    0.442  19.12   0      18.97     416.4796     47.20912
       319    100.0715    331.5887     5899.885      316.336  15.5729   0.0582     6.84    0.149   8.89   0      27.56     674.2808      48.3159
       320    309.6693    326.8460     9673.587     280.3263  15.0360   0.0315    12.08    0.224 -49.69   0      55.54     831.3498     49.04917
       321    744.2177    325.3658     4533.673     257.8911  15.8589   0.0618    10.18    0.214 -11.59   0      26.28      636.667     48.49433
       322    198.2963    325.9782     3261.891     222.0737  16.2163   0.0739     0.00    0.335 -72.23   0      27.82      1358.52     51.09865
       323    889.2624    314.5978     110092.1     389.5189  12.3956   0.0038     6.76    0.096  11.29   0      346.2     13656.39     90.81213
       324    418.4213    320.8873     4267.935     260.4212  15.9245   0.0663     9.45    0.310  10.29   0      25.35     601.0372     47.73069
       325     91.3559    315.6465     6990.743     341.0543  15.3887   0.0530     7.15    0.238   6.19   0      24.44     521.3858     47.71148
       326     19.6967    305.5659     5981.689      344.563  15.5579   0.0626    10.20    0.267  26.50   0      24.16     450.4521     46.76384
       327    328.0489    305.0489      2024.01     86.64829  16.7345   0.0465     0.00    0.185  45.64   0      50.07      1693.04     53.10756
       328     91.7468    305.2055     2685.401      241.882  16.4275   0.0978     6.86    0.469   6.46   0      17.11     429.8993     47.27368
       329    350.4306    298.5196     11564.12     425.2515  14.8422   0.0399    10.21    0.137  80.76   0      41.63     847.5311     49.12408
       330    827.5983    293.1716     29850.42       410.87  13.8126   0.0149     7.11    0.129  18.93   0      120.2      3321.55     59.67113
       331      9.9936    288.0214     9568.329     374.7054  15.0479   0.0425     8.37    0.181  40.34  16      37.48     837.9958     49.07995
       332    194.3025    288.7826     14228.07     462.7419  14.6171   0.0353    10.76    0.186   3.67   0      36.35     508.3211     47.16585
       333    525.7079    285.2592     14266.14      340.022  14.6142   0.0259     7.06    0.156   8.26   0      69.36     1735.716     52.85813
       334     35.5101    291.3525     4576.761     266.6652  15.8486   0.0633     8.42    0.294  16.17   0      27.33     664.8745     48.03369
       335    268.4814    284.2174     3037.357     258.7922  16.2938   0.0925     7.62    0.303   9.71   0      17.04      368.671     46.85629
       336    210.0444    274.3614     10806.45     371.6216  14.9158   0.0373     8.42    0.104 -13.08   2       47.3      1026.69     49.94609
       337   1010.3916    275.4927      12315.4     354.8226  14.7739   0.0313     9.59    0.121 -10.28  16      57.15     1310.568     51.22155
       338    358.7177    272.3510     93683.28     376.4154  12.5708   0.0044     6.87    0.148  13.76   0      310.5      11381.7     84.72615
       339    930.3876    275.8981     6412.155     333.8744  15.4825   0.0565     7.08    0.237   0.42   0      30.03     762.3719      48.7285
       340    240.1726    272.9318     28391.21     297.5281  13.8670   0.0114     9.79    0.120  23.65   0      130.7      3692.62      60.8802
       341    616.3784    272.7215     5459.173     319.1757  15.6572   0.0635     9.00    0.282 -26.50   0      24.24     522.0762     47.71477
       342     48.2455    264.6384     29622.86     307.4492  13.8209   0.0113     6.79    0.095  16.04   0      131.1     3716.194     60.96814
       343    515.9104    266.6297     8163.789     314.3343  15.2203   0.0418     7.63    0.119 -14.41   0      40.63     952.2253     49.37458
       344    132.6594    263.1137     17652.06     373.8745  14.3830   0.0230    14.97    0.315 -10.56   2      79.94     1557.063     52.08432
       345    470.9632    260.8929     4884.524     320.1113  15.7779   0.0712     8.62    0.419 -61.92   2      22.88     390.0652     46.46943
       346    737.3618    261.2100     3226.056     238.2177  16.2283   0.0802     4.81    0.246  31.95   0      17.48     427.6355     47.50459
       347    296.3005    260.5114     3963.918     232.8492  16.0047   0.0638     7.80    0.297  -0.39   0      24.43     611.0433     47.65826
       348    960.8926    258.8313     2689.827     226.6013  16.4257   0.0915     6.94    0.283  49.85   0      17.51     424.1495     46.63583
       349     17.4999    257.0077     2813.859     229.2384  16.3767   0.0885     5.68    0.378  14.55   2      17.01     425.1053     47.12923
       350    270.5280    253.0948     1165.848     87.69672  17.3334   0.0817     2.01    0.515  63.16   0      19.44     984.2953     49.40617
       351    110.4473    252.7310     5215.034     333.9174  15.7069   0.0695     8.40    0.257   6.89   0      21.42      401.298     47.01428
       352    946.1851    250.5935     4451.476     291.2079  15.8787   0.0710     9.31    0.295  24.66   0      24.67     545.6456     47.70697
       353    437.6997    248.1129     4888.134     253.1621  15.7771   0.0562     7.35    0.235  27.79   0      27.62     641.6185     47.80384
       354    687.6703    248.2797     3656.119     263.1723  16.0924   0.0782     7.37    0.331  33.45   0      19.08     494.6199     47.22126
       355    104.6925    246.1779     5501.441     316.0496  15.6488   0.0624     8.03    0.421  35.24   0      23.15     388.7576     46.58616
       356    131.7005    240.1060     22360.53     420.8959  14.1263   0.0204     6.95    0.142  10.70   0      90.66     2301.382     55.13298
       357    698.9202    236.2095     3976.634     123.5712  16.0012   0.0337     5.34    0.084 -59.92   0      70.94     2992.513     58.20797
       358    843.9073    229.9845     5082.136     272.4048  15.7349   0.0582    10.68    0.150 -48.77   3      26.94     578.0081     47.62091
       359    850.9776    221.7863     14811.51     352.3767  14.5735   0.0258     7.13    0.063 -24.63   2       67.9     1699.292     53.02638
       360    251.5364    230.9598     5206.158     265.0484  15.7087   0.0553    10.79    0.206  13.41   0      29.55     678.9136     48.33768
       361    326.9182    226.9897     5023.601     91.09618  15.7475   0.0197     4.47    0.120   8.61   0      93.33     4731.906     64.64365
       362    114.1481    224.8164     2378.595     85.92247  16.5592   0.0392     0.00    0.181 -52.46   0      58.76     2507.747     56.38507
       363    752.2524    217.3837      65500.8     391.8054  12.9594   0.0065     8.14    0.073   2.27   0        237     7774.564     74.65443
       364     17.0586    223.8171     1712.505     87.48008  16.9159   0.0555     4.62    0.216 -73.50   0      44.09     1367.321     51.47275
       365    570.0309    210.7616      4431.76     284.2236  15.8836   0.0696     8.12    0.252  61.13   0      22.47     500.5377     47.61207
       366     41.6505    205.5629     8175.845     312.9732  15.2187   0.0416     6.74    0.175  50.06   2      39.51     573.5106     47.83953
       367    944.9073    206.6158     4551.576     279.2368  15.8546   0.0666     9.90    0.142   0.62   0      24.87      552.201     47.49759
       368    706.4186    205.4039      7111.38     342.8098  15.3701   0.0524    12.46    0.294   3.99   0      33.41     738.1647     48.61547
       369    643.1075    203.5059      4020.83     165.2878  15.9892   0.0446     6.22    0.355  77.61   0      56.38     2355.332     55.56152
       370    781.6763    204.0807     5033.682     286.7096  15.7453   0.0619     8.30    0.382   8.46   0      27.47     620.4332     47.70302
       371    299.7266    200.9433      11972.4     285.2128  14.8045   0.0259     7.64    0.238  10.93   0      58.41     1419.465     51.59156
       372    486.2679    202.7425     1306.424     88.06029  17.2098   0.0732     1.73    0.294 -46.17   0      32.42     1252.445     50.96301
       373    845.3986    199.3755      4748.08     260.2903  15.8087   0.0595     9.93    0.296  10.27   0      27.65     620.8241     48.06378
       374    927.3259    191.3160     23742.63     525.6558  14.0612   0.0240    12.35    0.412  36.14   3      74.74     1770.914     52.90107
       375    924.8450    179.7328     16882.37      436.368  14.4314   0.0281     8.51    0.177  -7.41   3      57.15     1179.449     50.63643
       376     24.9338    192.1704     13328.89     357.0791  14.6880   0.0291     7.72    0.148   1.74   0       63.4     1588.562     52.44052
       377    571.1882    187.8575     7609.887     319.8091  15.2966   0.0456     9.05    0.210  14.24   0      37.31     785.3448      48.9527
       378    346.9062    183.6620     66037.34     379.1177  12.9505   0.0062     6.79    0.122  16.44   2        230     7204.312     72.58271
       379    397.7134    187.9357     3181.833     269.2234  16.2433   0.0919     7.11    0.349  45.36   0      17.78     372.9261     46.63188
       380    619.1690    184.8056     3370.053     252.9306  16.1809   0.0815     7.45    0.059 -20.24   0      19.41     434.6617     47.41753
       381    270.6897    178.1940     3299.454     253.4329  16.2039   0.0834     7.69    0.167 -15.95   0       19.1     414.6441     47.07875
       382    545.4565    174.0997     7738.381     318.1046  15.2784   0.0446     9.32    0.131  -6.05   0      39.15     982.4836     49.39783
       383    255.9484    175.0616     1184.139     108.2085  17.3165   0.0992     3.82    0.558 -86.54   0      21.74     860.2437     49.18287
       384     51.4924    168.5163     34989.71     321.7956  13.6401   0.0100     8.14    0.087  27.64   0      148.8     4259.762     62.87076
       385    900.8587    171.7431     13702.26     336.2547  14.6580   0.0267     7.00    0.144  11.14   0      66.74     1771.119     53.44065
       386    101.2396    161.4508     52655.32     388.7284  13.1964   0.0080     6.91    0.124  10.35   0      197.5     5934.728     68.82584
       387   1013.5056    166.2698      3805.45      279.655  16.0490   0.0798     7.82    0.337  26.03  16      19.68     469.4588     46.97822
       388    568.2352    164.9985      9841.13     243.8608  15.0174   0.0269     1.91    0.163 -24.21   2      67.52     3560.342     60.57381
       389    564.1832    162.1710     3748.379     142.5547  16.0654   0.0413     0.00    0.062 -26.67   3      43.42     1905.623     54.00964
       390    276.7882    161.9259     10154.34     288.7633  14.9834   0.0309     7.18    0.183  24.65   0       52.2     1314.383     51.35016
       391    524.0557    157.3637     9481.679     287.7361  15.0578   0.0330     7.36    0.207  16.09   0      50.17     1247.648     50.94161
       392     72.4283    154.7902     7352.541     385.0667  15.3339   0.0569    10.87    0.304  -1.25   0      27.08     515.2057     47.68203
       393   1021.5123    147.5879     3430.281     219.6532  16.1617   0.0695     6.30    0.266 -83.81  16      20.76     520.2426     47.46526
       394   1000.6620    144.4009     981.3262      85.5594  17.5205   0.0947     1.89    0.194  43.30   0      23.11     930.5636     49.62233
       395    914.3410    144.6847     2888.719     247.3403  16.3482   0.0930     6.73    0.283 -11.41   0       16.8     383.6311     46.68402
       396    612.5148    135.7914     86076.93     382.4281  12.6628   0.0048     6.76    0.106  10.84   0      290.7     10391.39     82.23594
       397    837.1422    142.0846     3212.693     248.7918  16.2328   0.0841     6.12    0.550   3.92   0      17.55     425.9021     46.88936
       398    345.3275    136.0994     6500.614     297.6538  15.4676   0.0497     6.74    0.248  -2.46   2       35.5     703.5601     47.85863
       399    228.6581    138.3676     7732.535     222.7785  15.2792   0.0313     0.00    0.303  69.01   0      57.08     1505.931     51.97107
       400    298.2782    130.8217     45017.66     370.9623  13.3665   0.0089     7.52    0.216  49.45   0      173.5      4926.03     65.41022
       401    819.6128    136.1456     5303.399     334.4061  15.6886   0.0685     9.57    0.223 -17.68   0      22.82     445.5733     47.34897
       402    429.5870    133.1442     9671.437     320.8247  15.0363   0.0360     7.29    0.176  15.82   0      48.93     1190.307     50.79803
       403    122.2191    131.7133     10611.08     237.4466  14.9356   0.0243     6.91    0.178  18.53   0      60.92     1571.082     52.14545
       404    826.8323    128.7244     3713.867     266.4667  16.0754   0.0779     7.48    0.466  31.74   0      20.07     440.4255     47.20305
       405    180.1477    119.5913     16769.01     358.8632  14.4387   0.0232     8.69    0.066 -14.93   2      76.04     1843.375     53.64037
       406    183.4856    109.5923     8785.376     356.1916  15.1406   0.0440     7.49    0.083  -4.80   3      37.28     833.5113     49.05918
       407    887.7704    111.8584     4325.364      305.043  15.9099   0.0766     9.31    0.078  41.71   0       22.8     498.0578     47.47973
       408    653.1166    112.9928     4630.157     291.3474  15.8360   0.0683     6.81    0.158 -33.18   0      22.13     477.3866     47.50143
       409    600.4741    106.5220      1389.25     94.54093  17.1430   0.0739     4.83    0.085  18.82   0      30.14     1276.714     50.73349
       410    650.4849    104.5998     3895.799     263.3792  16.0235   0.0734     5.09    0.183  20.11   0       19.4     565.9366     48.04261
       411    494.9397    103.7455     4156.473     254.2003  15.9532   0.0664     6.23    0.065  41.69   0      25.44     656.2177     48.34948
       412     90.2231    101.0716     8372.392     367.4115  15.1929   0.0477     8.71    0.379  43.74   2      33.78     607.1565     48.11831
       413    643.4356     92.7724      4474.12     296.5858  15.8732   0.0720     8.09    0.483  50.64   0      18.97     357.6612     47.04702
       414    115.4556     84.4531     10257.28     331.3347  14.9724   0.0351     7.62    0.167  13.52   0      50.17     1158.352     50.76783
       415     47.2660     86.5968     9605.527      374.728  15.0437   0.0424     8.97    0.217  39.17   0      32.39     545.6765     47.82705
       416    245.5906     82.3997     7222.036     302.9687  15.3534   0.0456     7.99    0.179  10.70   0      37.72     878.1079     49.26535
       417   1004.1445     78.9929     5140.531     290.7618  15.7225   0.0614     2.19    0.214  45.80   0       25.6     706.6732     48.58608
       418    864.2612     78.5746     6670.758     276.3306  15.4396   0.0450    10.39    0.189  18.97   0      35.68     782.6882     48.94036
       419     33.0094     76.9823     2463.024     117.1432  16.5213   0.0517     4.22    0.018 -48.02   2       47.3     1503.468     52.07043
       420    585.3867     70.1640     16065.29     385.7454  14.4853   0.0261     8.34    0.063   2.49   0      68.04     1543.022     52.57072
       421    564.3298     70.4809     5858.955     322.1389  15.5805   0.0597     7.58    0.123   7.06   0      28.07     667.3237     48.04528
       422    739.2842     63.3047     11814.42     289.5728  14.8190   0.0266    10.43    0.193   3.76   0      59.05     1360.858     51.33273
       423    996.9652     60.6052     5496.373     312.8578  15.6498   0.0618     7.80    0.345 -69.07   0      22.79     430.0338     47.39535
       424    121.8408     52.9296     2895.585     243.2598  16.3457   0.0912     6.06    0.417  -7.70   0      16.56     395.7937     46.98767
       425    548.1384     44.7096     12558.88     337.6087  14.7526   0.0292     7.02    0.102   5.62   0      61.64     1551.067     52.05814
       426    245.9905     42.2553     3206.185     244.1371  16.2350   0.0827     5.71    0.184 -21.43   0      17.21     434.9195     47.29781
       427    679.3177     37.5991      6304.49     329.0478  15.5009   0.0567     7.03    0.178   0.20   0       29.8     730.7885     48.69875
       428    940.9681     36.0829     1949.286      84.7793  16.7753   0.0472     0.00    0.134 -60.21   0      50.01     1661.741     52.64802
       429    763.0706   1018.6688     3066.887     230.1124  16.2833   0.0815     5.73    0.223  57.57  16      16.51     385.3654     46.81499
       430    613.2414     32.8904     14988.46      343.436  14.5606   0.0249     7.65    0.141  30.25   3      69.93     1746.258     52.90344
       431    134.8491     33.6460     4615.541     301.0071  15.8394   0.0708     8.55    0.141  -4.07   2      22.29     543.2608     47.81557
       432    149.2849     32.4092     10519.74      113.145  14.9450   0.0117     1.11    0.170  48.61   0      121.4      10212.9     81.67107
       433    840.6525     24.2300     4649.369     293.8098  15.8315   0.0686     7.99    0.315  41.58   1       22.4      446.128     47.35163
       434    816.3275     25.3920     3848.922     270.8456  16.0367   0.0764     7.68    0.229   9.77   0      20.94     518.2822     47.57644
       435     25.0266     22.7305       5039.1     311.6076  15.7441   0.0672     8.29    0.393 -26.22   0      20.36     421.9117     47.11383
       436    461.0544     21.7250     2626.221     247.6779  16.4517   0.1024     6.80    0.475   2.94   0      16.52     384.0661     46.80868
       437    391.2683   1014.0726      16245.4     346.3406  14.4732   0.0232    12.36    0.364  12.02  16      74.35     1897.455     53.65591
       438    921.1047   1011.5901      5743.85     276.0864  15.6020   0.0522     3.51    0.234  39.66  16      23.48     498.2297     47.48055
       439     56.1960   1004.7625     7476.554      338.005  15.3157   0.0491     7.17    0.144   1.95   0      34.35      801.672     49.14515
       440    415.4345   1002.4199     17481.48     291.0494  14.3936   0.0181     6.88    0.166   8.81   0      87.16      2333.18      55.8824
       441    153.4467   1002.5065     2537.737     264.3805  16.4889   0.1131     7.09    0.420 -20.17   0       15.4     312.3178     46.21174
       442    115.7306   1000.4411     9639.939     224.0777  15.0398   0.0252     6.62    0.234   1.33   0      57.85     1611.996     52.54198
