#   1 NUMBER                 Running object number                                     
#   2 X_IMAGE                Object position along x                                    [pixel]
#   3 Y_IMAGE                Object position along y                                    [pixel]
#   4 FLUX_AUTO              Flux within a Kron-like elliptical aperture                [count]
#   5 FLUXERR_AUTO           RMS error for AUTO flux                                    [count]
#   6 MAG_AUTO               Kron-like elliptical aperture magnitude                    [mag]
#   7 MAGERR_AUTO            RMS error for AUTO magnitude                               [mag]
#   8 FWHM_IMAGE             FWHM assuming a gaussian core                              [pixel]
#   9 ELLIPTICITY            1 - B_IMAGE/A_IMAGE                                       
#  10 THETA_IMAGE            Position angle (CCW/x)                                     [deg]
#  11 FLAGS                  Extraction flags                                          
#  12 SNR_WIN                Gaussian-weighted SNR                                     
#  13 FLUX_APER              Flux vector within fixed circular aperture(s)              [count]
#  14 FLUXERR_APER           RMS error vector for aperture flux(es)                     [count]
         1    858.6208     17.9013     34592.65     456.2568  13.6525   0.0143     7.78    0.122  18.53  18      120.8     2826.464     58.14538
         2    744.8362     21.1850     7831.468      353.455  15.2654   0.0490    10.14    0.078 -14.13   2      33.88     672.2448     49.73907
         3    710.5327     11.6348     151336.1     451.0113  12.0501   0.0032     7.40    0.084   6.29  16      407.4     15097.41     94.84055
         4    440.2448      8.8137     98325.09     401.9283  12.5183   0.0044     7.68    0.115  12.44  24      306.5     10019.81     81.91962
         5    225.4483      9.0800     29292.93      352.769  13.8331   0.0131     8.37    0.125  12.95  16        120     2965.894     58.79039
         6    144.3465      9.8592      3632.37     119.5832  16.0995   0.0358     1.78    0.157  64.72   0      56.03     2928.215     59.05396
         7     12.0634      6.9783     3831.129     91.47195  16.0417   0.0259     4.43    0.091 -15.31   0      75.04     3338.181     60.51175
         8    974.0069      3.9896     2461.392     175.0236  16.5220   0.0772     4.87    0.177 -89.62  18      18.18     542.1429      48.7719
         9    686.4009    994.9445     7420.433     389.2911  15.3239   0.0570    10.98    0.310  16.77   0      27.26      551.705     48.81643
        10    414.0529   1020.3735     13961.27     277.7058  14.6377   0.0216     8.77    0.288  10.36  24      65.78     1553.757     53.27779
        11    111.1511    995.1500      6789.27     277.8009  15.4204   0.0444     7.70    0.219  -1.21   0      33.96     829.4395      50.3327
        12    821.0494    992.7936     8451.155     317.0431  15.1827   0.0407    10.62    0.090 -15.12   0      41.18     988.8913     50.92948
        13    528.0641    990.0178     2977.528     251.1829  16.3154   0.0916     5.81    0.452  14.41   0       16.8     385.7636     48.03765
        14    600.0964    987.7885     2608.649      224.894  16.4590   0.0936     5.23    0.437  20.82   0      15.62     339.4406     47.81799
        15    161.7260    983.1292     4789.337     325.2365  15.7993   0.0737     9.77    0.232  26.27   0      22.86     437.7702     48.15816
        16    460.3196    979.5726     6984.161     366.7204  15.3897   0.0570     8.89    0.241  28.39   0       22.6     410.8528     48.15621
        17    113.1688    977.7170     14468.69     448.1406  14.5989   0.0336     9.83    0.252  44.67   0       53.2     1089.463      51.1413
        18    639.8102    971.9062     19802.66     348.3344  14.2582   0.0191     7.77    0.148  -0.09   0      85.81     2022.554      55.2414
        19    761.5590    971.9059      7830.72     342.6382  15.2655   0.0475    10.16    0.066  33.97   0      34.92     706.3339     49.04226
        20    971.0009    972.3535       5760.1     102.2184  15.5989   0.0193     0.91    0.169  88.86   0      89.26     5831.674     69.15945
        21    488.0004    971.2949     7203.023     365.6225  15.3562   0.0551    10.62    0.202  21.69   0      28.29     604.5685     49.06193
        22    298.3802    965.1357     21679.41      602.598  14.1599   0.0302    12.42    0.267 -42.24   0      48.16     982.0012     50.78025
        23    253.1811    969.2482     1922.275     90.00996  16.7905   0.0509     1.62    0.073  65.44   0      36.72     1647.127     53.89858
        24     94.8795    959.9664     93446.87     431.7802  12.5736   0.0050     7.31    0.102   7.57   0      293.5     9698.389     80.87415
        25    962.7323    960.9977     25368.64     321.0705  13.9893   0.0137     7.64    0.119  12.96   0      108.1      2704.02     58.08112
        26    263.0008    960.0254     14870.77     116.9885  14.5692   0.0085     4.86    0.239  47.84   0      172.4     14363.22     93.12923
        27    669.6296    954.7621     12056.46     414.0335  14.7970   0.0373     8.58    0.117  14.04   2      43.61     867.1105      50.3831
        28    537.9200    954.0500     21623.59     408.3349  14.1627   0.0205    17.58    0.298  20.41   0      83.39     1944.701     54.70037
        29    762.7635    955.0114      3862.36      244.706  16.0329   0.0688     5.40    0.217 -27.82   0      22.04     548.9943     49.17268
        30    282.7539    956.0906     4960.374       103.38  15.7612   0.0226     0.00    0.290 -20.55   0      90.71     4418.049     64.15902
        31    405.0184    951.1453     17713.87     464.9288  14.3792   0.0285     9.15    0.183   9.72   0      66.17     1290.936     52.25998
        32     17.5361    951.4735     4250.159     261.1299  15.9290   0.0667     2.98    0.351  85.17   2      22.34     409.6096     48.15034
        33    861.6628    951.8790     2723.174     209.0514  16.4123   0.0834     3.10    0.420  22.28   0      16.02     504.6307     48.47268
        34   1006.0101    965.0007     3725.922     287.0655  16.0719   0.0837     7.60    0.305  31.66   2      20.05      402.928     48.11879
        35    973.1628    947.0404     3507.361     267.3298  16.1375   0.0828     5.15    0.166 -32.23   0       18.6     489.9054     48.52786
        36    826.0060    945.8369     2365.847     91.12308  16.5650   0.0418     1.03    0.099 -88.65   0      52.12     2186.109     56.12529
        37    194.6620    941.4814     2296.071     144.6401  16.5975   0.0684     4.16    0.538  56.82   0      37.63     1404.766     52.40902
        38    355.4411    931.5352     9148.943     417.8752  15.0966   0.0496    11.82    0.178  26.12   0      32.31     588.5647     48.98774
        39    272.9634    929.0776     26510.48      328.362  13.9415   0.0135     8.70    0.209   7.93   2      109.8     2802.656     58.36269
        40     65.7286    932.3551      3184.11     253.7547  16.2425   0.0865     6.48    0.138  14.03   0      17.95     417.2548     48.18641
        41     19.0204    925.3320     3659.939     257.1255  16.0913   0.0763     5.55    0.155  28.58   0      16.98      360.872     48.04528
        42    567.1038    915.6442     3385.331     271.1419  16.1760   0.0870     6.99    0.236  75.82   0      19.42     448.9017     47.83438
        43    594.5281    911.6327      13725.1     292.8259  14.6562   0.0232     7.37    0.138   6.65   0      63.46      1530.86     53.18002
        44    792.3243    907.2219     29647.89     597.0817  13.8200   0.0219     8.76    0.090  32.18   0      69.21     1602.503     53.59782
        45    397.2139    901.4318     36615.74     592.4019  13.5908   0.0176    20.84    0.331  69.89   0      106.3     2087.074     55.83081
        46    895.4763    909.2924     3563.949      280.569  16.1202   0.0855     7.16    0.480  28.22   0      17.96     403.1025     47.86861
        47    211.1876    906.4583     5889.948     340.0224  15.5747   0.0627     9.83    0.317   9.14   0      24.83     509.0849     48.74134
        48    862.5938    901.3843     22164.99     321.1478  14.1358   0.0157     7.99    0.085  11.24   0      93.83     2228.426     56.08199
        49    434.5928    903.1154     20806.98     589.8903  14.2045   0.0308    13.32    0.113 -31.96   0      41.46     495.3091     48.67706
        50    308.4800    906.1965     3135.377     205.8738  16.2593   0.0713     8.23    0.150 -11.95   0      19.75     446.7619     48.44987
        51    624.4684    903.8908     123588.9     500.4299  12.2701   0.0044    11.40    0.336 -12.64   2        316     7636.917     74.69606
        52     86.9330    901.2443      13389.9     426.2244  14.6831   0.0346     8.02    0.167  -1.97   0      53.44     1229.541     51.87631
        53    500.1700    898.9387     6725.261      359.927  15.4307   0.0581     8.59    0.121  25.36   0       26.6     665.2408     49.34219
        54    352.0518    897.9062     2080.052     87.01249  16.7048   0.0454     4.36    0.152 -59.15   0      59.58      2028.64     54.93849
        55    719.9474    885.6718     77189.61     549.7474  12.7811   0.0077    12.42    0.367 -53.65   0      219.3     4531.317     64.65224
        56     40.2017    885.4128     6953.004     356.2871  15.3946   0.0556     8.57    0.191  15.24   0      29.18     697.8329     49.49208
        57    300.6389    878.8252     6089.306     196.4863  15.5386   0.0350     0.00    0.275  35.26   0      41.88     894.7873     50.62691
        58    788.6784    875.5549     5168.486     313.2423  15.7166   0.0658     7.90    0.094  61.89   0      21.74     454.8156     48.23854
        59    867.0848    874.0973     1850.555     88.13639  16.8317   0.0517     4.61    0.206  44.60   0       50.3     1632.006     53.38536
        60    639.4149    871.4614     14207.24     125.6743  14.6187   0.0096     1.93    0.155 -67.72   0      152.2     13209.08     90.20198
        61    685.2351    871.1809     3881.217     96.40222  16.0276   0.0270     0.00    0.203  41.08   0      73.12     3705.072     62.06878
        62   1003.5562    865.6979     4787.573     310.0654  15.7997   0.0703     7.25    0.153  15.93   0      23.29     551.7321     48.32049
        63    586.7048    861.5983     7418.462     383.8363  15.3242   0.0562    10.96    0.283  20.80   0      27.69     513.4371     48.63794
        64    462.9594    855.2522     91515.78     404.0667  12.5963   0.0048     7.38    0.100   9.12   0      292.2     9643.434     80.79415
        65    173.4260    857.5999     28643.62     401.8652  13.8574   0.0152     6.49    0.118   9.58   0      115.2      3249.34     60.27715
        66    554.2206    858.4850     10714.47     435.3001  14.9251   0.0441    11.80    0.360  -7.27   0       31.3     615.7445     48.86777
        67    506.0682    857.1948     3296.014     286.1993  16.2050   0.0943     7.49    0.129  80.98   0      19.04     429.9707     48.24635
        68    851.6404    855.2833     4429.263     276.4087  15.8842   0.0678     8.44    0.153  19.81   0      24.45     528.6763     48.46115
        69    986.9562    907.7014     4717.043     301.1436  15.8158   0.0693     9.08    0.080 -62.15   0      23.83     543.8434     48.28337
        70     18.8652    850.2886     4120.709     290.5049  15.9626   0.0766     6.64    0.401  76.37   0      19.42     399.9083     47.85345
        71    961.8174    842.4576     10488.65     384.8682  14.9482   0.0398     7.70    0.089  17.96   0      44.12     1034.069     51.13069
        72    915.5101    839.9885     46845.07       381.28  13.3233   0.0088    14.59    0.200  -3.30   2      170.1     4524.717     64.53577
        73    915.8248    836.3763     7908.577     121.4003  15.2548   0.0167     0.00    0.363 -26.94   3      83.45     4849.307     66.03478
        74    203.7767    839.7733     18050.24     378.3225  14.3588   0.0228     7.80    0.127  12.97   0       76.7     1883.325     54.88551
        75    985.5277    835.6541     4857.346     337.9976  15.7840   0.0756     9.16    0.132   3.96   0      21.47       425.51     48.10027
        76    190.3600    831.2325     4378.277     284.9514  15.8967   0.0707     6.61    0.211  59.77   0      19.27     437.9742     48.53289
        77    160.2157    826.6956     7146.276     283.9867  15.3648   0.0432     8.82    0.162  12.78   0      36.61     848.5135      49.9386
        78     54.8115    824.3295     13839.42     376.9846  14.6472   0.0296     9.44    0.171  16.09   0      59.04     1440.231     52.79128
        79    130.2303    818.6919     53096.82     405.9315  13.1873   0.0083     7.42    0.081   5.96   2      182.4     4896.663     65.64936
        80    691.7162    819.3672     34682.82     784.2762  13.6497   0.0246    16.85    0.387  87.47   0       56.7     273.8325     47.37818
        81    739.7532    812.3466     24359.26     421.0904  14.0333   0.0188     7.87    0.094  -4.42   0      94.01     2255.832     56.30004
        82    447.7880    816.9857     15049.11     297.4172  14.5562   0.0215     8.49    0.175   9.38   0      67.87     1569.315     53.34411
        83    908.2812    809.3864     31923.84     356.5777  13.7397   0.0121     7.44    0.119   9.49   0        129     3373.447     60.54465
        84    782.6506    811.5227     7847.366     343.9651  15.2632   0.0476    12.33    0.056 -48.29   2      34.32     711.3031      49.4322
        85    503.9535    806.6557     41148.35     407.7697  13.4641   0.0108    21.35    0.204  71.75   0      144.3     3536.188     61.25091
        86    288.6263    809.4218     10874.37     291.6394  14.9090   0.0291     2.25    0.285 -25.26   0      54.95     962.4222     50.92963
        87    392.8697    804.9702     2659.978     109.7776  16.4378   0.0448     0.00    0.121 -13.07   2      47.78      2083.89     55.49317
        88    721.6636    806.1270     9363.245     416.1865  15.0714   0.0483    10.87    0.187   1.87   0      28.18      573.947     48.91988
        89    658.8983    802.5719     19497.41     537.8195  14.2751   0.0300    14.82    0.230  30.24   0      47.76     929.3462     50.06508
        90    319.0010    802.9898     57617.47     180.3172  13.0986   0.0034     4.23    0.018 -89.19   0      352.2     57253.25     167.7989
        91    884.4861    793.7299     2560.952     124.9805  16.4790   0.0530     3.83    0.598 -53.75   0      40.91     1728.079     53.79281
        92    912.5132    787.6967     10531.22     383.7178  14.9438   0.0396     9.31    0.168  15.55   0      43.68     896.5447     50.15672
        93    851.7768    786.0097     16466.46     522.6039  14.4585   0.0345     9.85    0.171   8.80   0      42.55      871.063     50.40093
        94    518.2610    785.1837     12450.35     378.1426  14.7620   0.0330     8.41    0.153   0.37   0      53.64     1196.799     51.73267
        95    115.6490    779.3269       108832     453.9564  12.4081   0.0045    10.30    0.111   7.23   2      319.1     10358.43     82.63535
        96    135.8676    778.0397     22429.46     396.0606  14.1230   0.0192     7.63    0.123  -2.40   3      92.62      2265.45     56.23184
        97     57.5562    783.4046      23646.1     410.5609  14.0656   0.0189     8.29    0.167  19.24   3      92.65     2294.576     56.56281
        98     47.7614    775.7762     13767.09     372.9247  14.6529   0.0294     8.40    0.136  -6.33   3      55.45     1221.432     52.18818
        99     43.7249    786.3093     2382.007     97.54708  16.5576   0.0445     1.52    0.281 -49.57   0      51.38     2381.349     56.48546
       100    794.5812    780.0434     6533.017      325.991  15.4622   0.0542     7.41    0.339 -68.41   0      24.63      394.082     48.32692
       101    844.6584    777.8507     3181.124     165.3675  16.2435   0.0565     1.07    0.184  29.16   0      26.74     1400.854     52.73583
       102    597.1917    777.0583     2436.544     216.5296  16.5331   0.0965     6.75    0.181 -48.10   0      17.02     477.1186     48.59206
       103    639.2081    772.6931     4541.206     102.4543  15.8571   0.0245     1.63    0.153  72.94   0       72.6     4083.061     63.15224
       104    529.0855    762.8589     18769.52     548.0541  14.3164   0.0317    17.26    0.308 -49.12   0      53.55     970.0524      50.4887
       105    194.8992    766.8032      9792.72     109.4552  15.0227   0.0121    -2.30    0.273  62.74   0      134.3     8893.137     78.57865
       106    857.5872    762.5172     6921.614     311.1421  15.3995   0.0488     6.95    0.524  32.22   0      85.73     436.9922      48.1545
       107    727.1651    752.1628     11950.07     325.1473  14.8066   0.0295     7.67    0.088  49.37   0      57.18     1310.697     52.23065
       108    135.0638    752.0121     11448.83     342.8406  14.8531   0.0325     7.95    0.158   3.45   2       48.8       1019.4     50.94735
       109   1022.7744    750.9346     7497.216     241.9123  15.3127   0.0350     5.48    0.560  89.31  27      44.31     1587.747     53.42258
       110   1020.3880    737.7884     11121.51     384.8506  14.8846   0.0376    11.01    0.185  57.08  26      37.67     679.5547     49.40807
       111    989.3383    751.9171     12745.96     487.8464  14.7366   0.0416    12.17    0.244  20.38   0      36.73     484.2205     48.25221
       112    613.3061    751.3260     7128.074     364.3381  15.3676   0.0555     8.38    0.440  59.40   2      24.77     391.0028     47.81113
       113    854.7366    748.2069     6181.042     366.6333  15.5223   0.0644    10.19    0.133 -34.20   0      25.38      513.986     48.76419
       114    598.2705    750.2634     2975.493     230.5502  16.3161   0.0841     5.51    0.387 -10.30   0      17.21     413.0428     48.04133
       115    995.7014    744.7299     12774.53     442.5422  14.7341   0.0376    10.12    0.442 -48.20   1      34.17     425.1291     47.59492
       116    326.6647    744.2663     5341.459     263.7961  15.6809   0.0536     9.15    0.564  30.23   0       31.5     1047.168       50.953
       117    456.3487    740.5356     6371.954     349.5123  15.4893   0.0596     8.31    0.242  23.98   0      25.22     527.9178     48.70556
       118    239.5708    742.9503     2797.058     258.1179  16.3832   0.1002     6.89    0.377   1.73   0      16.68     405.1342     48.37886
       119    359.9425    741.0496     5030.037     333.1786  15.7461   0.0719     9.40    0.339 -16.20   2      21.31     387.3635     48.17043
       120    809.5499    740.8920     5841.367      114.874  15.5837   0.0214     2.50    0.314  -5.09   0      79.04     4781.052     65.43227
       121    367.3786    755.1139     5780.424     325.9283  15.5951   0.0612     7.69    0.237  17.99   0      21.56      432.259     48.00684
       122    531.8139    737.3903     8646.658     386.1259  15.1579   0.0485    12.73    0.233 -11.17   0      35.61     728.1585     49.63114
       123    950.3023    736.0233     7704.011     365.5221  15.2832   0.0515     7.96    0.125  28.89   0      31.02     678.5731     48.91344
       124    444.7504    735.3204     5346.719     337.4351  15.6798   0.0685     9.74    0.283  28.08   0      21.58     398.6878     47.84765
       125    889.0209    727.2635     27987.03     376.7259  13.8826   0.0146    12.70    0.400  39.34   0      98.65     1650.891     53.69054
       126    866.9880    731.1074     3167.132     244.0594  16.2483   0.0837     6.48    0.133 -38.64   0      17.75     476.0603     48.21376
       127    682.7065    727.1419     6085.508     279.9273  15.5393   0.0500     8.26    0.057  32.36   0      30.51     681.6431     49.05066
       128    120.5675    726.0391     10175.88     333.5249  14.9811   0.0356     0.00    0.355  36.79   0      49.58     994.1888     50.95311
       129    413.1209    723.4631     8047.612     374.2821  15.2358   0.0505     7.60    0.068  20.87   0      33.86      762.746     49.66815
       130    581.0416    724.0178     3272.527     88.38574  16.2128   0.0293     0.00    0.073  28.32   0      70.02     2948.058     59.13027
       131    288.4481    713.3254     8748.152     343.2462  15.1452   0.0426     6.84    0.224  33.91   0      39.57     917.2906     50.37035
       132    558.7951    707.6790     25654.72     528.0125  13.9771   0.0224     9.44    0.134  31.33   3      67.45     1374.506     52.62216
       133    546.3531    702.9190     41413.91     427.7394  13.4571   0.0112     8.32    0.135   6.17   3      151.8     3891.622     62.26632
       134    613.8541    707.2061     6117.645     214.1209  15.5335   0.0380     7.40    0.207  20.32   0      35.39     879.5646     50.43925
       135    195.6178    705.7407     14169.75      289.553  14.6216   0.0222     8.68    0.221   9.98   0      63.86     1460.453     52.87827
       136    349.2098    708.0392      4480.94     253.7293  15.8716   0.0615     8.74    0.378  22.57   0      26.41     732.5945     50.01407
       137    820.0118    703.2822     6400.391     256.0316  15.4845   0.0434     8.43    0.155   6.42   0      34.13     807.5922     49.99356
       138    713.9205    705.8713     1297.886     84.94494  17.2169   0.0711     2.66    0.191  62.68   0      37.37     1063.475      50.9075
       139    411.0564    678.3949        56544     824.3406  13.1190   0.0158    32.14    0.420  72.57   3      166.9     2853.621     58.66359
       140    419.8292    695.8508     28769.08     143.5481  13.8527   0.0054     0.00    0.147  35.83   3      200.1     24329.04     114.9042
       141    415.3455    694.2639     222362.3     471.3208  11.6323   0.0023     7.26    0.141  -8.12   3      524.4     23073.36     112.3395
       142    223.6088    697.0222     7106.631     328.6894  15.3708   0.0502     8.65    0.110  39.39   0      32.68      702.928     49.63697
       143    682.0920    694.4272     3807.343     278.0715  16.0484   0.0793     7.20    0.321  16.58   0      18.76     409.6877     47.77396
       144    369.5082    694.0637     2061.115     93.63352  16.7147   0.0493     1.13    0.243 -11.21   0       39.9     1736.862      53.8299
       145    573.4936    687.0930     24792.49     599.0134  14.0142   0.0262    14.60    0.396 -11.69   2      59.45     1227.471     51.75098
       146    942.8908    681.7368     4355.106     306.3263  15.9025   0.0764     9.14    0.392  29.89   0      22.57     449.4413     48.08812
       147    258.5781    679.3437     7359.243     357.3898  15.3329   0.0527     8.93    0.240 -75.68   0      25.15     570.2502      48.9027
       148    292.2688    675.8193     3181.969     155.0289  16.2433   0.0529     0.00    0.369 -30.43   0      36.46     1610.877     53.63332
       149    448.1977    673.2277     3934.668     289.3202  16.0127   0.0799     7.28    0.061  60.26   0      18.09     410.0799     48.40209
       150    115.9077    665.2755     44022.53     360.8846  13.3908   0.0089     7.52    0.109   9.15   0      167.2       4530.1     64.55473
       151    170.3676    660.0548     118045.3     431.4752  12.3199   0.0040     7.26    0.083   1.09   0      345.3      12201.4     87.62624
       152    793.0743    664.0496     2705.167     88.63022  16.4195   0.0356     0.00    0.135  28.10   0      65.78     2472.414     56.95654
       153    438.7581    661.1887     5086.812     330.0388  15.7339   0.0705     9.17    0.188  78.05   0      22.76     486.7879     48.88432
       154     17.2537    655.3999     3298.341     102.6367  16.2043   0.0338     1.38    0.095 -56.23   0      58.15     2919.778     58.81701
       155     50.5071    648.4233     4831.917     306.1885  15.7897   0.0688     9.19    0.063  37.01   0      23.64     503.3541     48.21749
       156    349.1772    648.7023      3460.83     185.4735  16.1521   0.0582     5.56    0.135 -88.55   0      27.16     1337.896     51.88658
       157    418.2377    641.3387     32995.59     384.4646  13.7039   0.0127    18.32    0.116  34.80   2      125.1     2925.389     58.83869
       158    235.1259    643.1284     5290.982      292.965  15.6912   0.0601    10.39    0.116   3.03   0      25.62      535.235     48.61596
       159    962.6198    635.6078     13978.31      428.651  14.6364   0.0333    11.94    0.314  82.80   0      50.92     903.5051      50.4277
       160    815.4993    637.9243     4871.986     308.6672  15.7807   0.0688     7.76    0.019  27.30   0      24.24     585.9499     48.60525
       161    291.5168    631.8543     41077.49     499.0642  13.4660   0.0132    13.48    0.449   3.29   0      126.8     2330.592     56.28086
       162     42.1924    634.1579     9897.245     370.1522  15.0112   0.0406     7.68    0.126  27.90   0      45.37     1066.444     51.39173
       163    908.8574    627.9922     128989.5     464.5872  12.2236   0.0039     7.38    0.073  22.21   2        351     11947.43     87.03429
       164    108.1980    634.4243     4160.658     290.5361  15.9521   0.0758     8.39    0.485   8.67   0      20.14     412.6965     48.16491
       165    253.9071    622.8014     11810.96     370.9196  14.8193   0.0341     7.72    0.120 -13.48   0      51.07     1146.888     51.51293
       166    740.2483    621.0947     10941.43     459.6449  14.9023   0.0456    16.21    0.472 -34.52   0      36.04     495.9342     48.18251
       167    604.6657    622.6804     6198.812     292.6411  15.5192   0.0513     9.94    0.214  -0.07   0      30.77     705.1816     49.28197
       168    715.2483    622.2133     3710.117      284.418  16.0765   0.0833     7.16    0.313 -30.58   0      20.25     472.4419     48.69403
       169    567.1801    621.9844     1323.399     85.01318  17.1958   0.0698     2.28    0.167   2.56   0       37.3     1118.139     51.50302
       170    385.0466    619.8613     7326.505     339.2102  15.3378   0.0503     9.14    0.220  24.72   0      33.62     820.6099     50.05271
       171    305.2557    612.4874     3311.943     277.6663  16.1998   0.0910     7.89    0.409  46.33   0      17.44     369.0216     47.70653
       172    917.5182    605.5125     51342.96     431.9384  13.2238   0.0091    19.51    0.107  -5.87   0      180.4      4610.75     64.93087
       173    594.4269    609.5013     3661.394     285.4361  16.0909   0.0847     9.13    0.379  -3.83   0      19.74      372.684     47.47087
       174    739.3179    594.9727     35993.64      413.352  13.6094   0.0125    17.97    0.187   4.66   0      136.7      3484.42     60.95979
       175    167.2616    587.7139     8873.997     415.1945  15.1297   0.0508    11.64    0.126 -33.19   0      31.49     600.0086     48.79454
       176     36.0720    588.1075     4647.693      308.502  15.8319   0.0721     7.39    0.074 -50.24   0      21.47     450.3607     48.09246
       177    448.2239    586.3012     9291.264     362.3757  15.0798   0.0424     7.72    0.294  19.61   2      29.29     434.4194     47.76553
       178    711.4344    575.3609     31431.01     444.2937  13.7566   0.0154     7.92    0.144   2.22   2      112.1     2606.587     57.59411
       179    468.6364    579.8527     3746.174     283.9169  16.0660   0.0823     7.83    0.343  60.57   0      19.25     384.9925     48.03401
       180    195.7648    577.9609     5200.306      331.028  15.7099   0.0691     8.77    0.083 -50.56   0      20.93     376.9201      47.9958
       181    681.3398    574.1500     10419.58     434.7999  14.9554   0.0453    12.24    0.157 -56.09   0       33.1     685.2205     49.43413
       182    508.2626    568.3123     20520.19     326.5036  14.2195   0.0173     8.15    0.093  10.45   0      88.38     2032.763     55.06504
       183    966.6113    565.5326     11415.37     363.7055  14.8563   0.0346     7.70    0.064 -14.49   0       51.6     1118.814     51.38892
       184    484.1498    566.6345     6067.028       221.67  15.5426   0.0397     9.22    0.092  19.72   0      34.82      799.694     49.95765
       185    534.1730    565.1190     7998.636     350.9977  15.2425   0.0477     7.89    0.143   9.89   0      37.14     837.5178     50.12943
       186     29.9063    564.4318     7112.486     354.6946  15.3699   0.0542     8.19    0.191  45.92   0       31.7     680.4512     48.92216
       187    729.6195    561.6141     16979.73     337.6838  14.4252   0.0216    15.39    0.104  14.93   2       73.5     1683.645     53.94079
       188    855.8820    563.9379     8657.893     102.7672  15.1565   0.0129     0.00    0.027   0.86   0      116.2     8428.589     77.06719
       189    197.9677    540.4338     36322.07     451.4825  13.5996   0.0135     7.58    0.130 -23.85   3      128.7     3302.334     60.47663
       190    192.9647    556.9872     49845.88     436.7023  13.2559   0.0095     8.19    0.116  10.26   2      173.1     4752.447     65.79219
       191    598.1628    559.3588     5976.362     334.2743  15.5589   0.0607     8.97    0.108 -51.31   0      26.81     543.7209     48.77925
       192    453.6063    556.7505     5937.027     309.9366  15.5661   0.0567     8.57    0.191 -20.11   0      29.33     670.2713     49.48722
       193    158.2412    552.9021     13871.27     429.9973  14.6447   0.0337     8.44    0.173  21.27   0      53.68     1211.065     51.32803
       194     11.0010    551.0814     12930.61     359.2426  14.7210   0.0302     9.11    0.226   1.56  16      54.76     1232.859     52.00679
       195    956.3698    544.5021     18306.54     362.2122  14.3435   0.0215     9.70    0.132   8.64   0      77.31     1762.099     53.71254
       196    237.3139    541.8643     29131.47     396.4844  13.8391   0.0148     8.38    0.102  10.11   0      114.9     2712.396      57.8021
       197     88.9855    544.2958     2520.262     96.31774  16.4964   0.0415     2.35    0.285 -88.59   0      46.01     2201.624     55.86556
       198    711.7048    543.6464     3397.674     232.2663  16.1720   0.0742     5.55    0.414 -45.00   0      17.57     434.6472     47.89254
       199    151.0470    543.8654     8384.802     109.2832  15.1913   0.0142     4.90    0.275 -71.80   0      124.1     7715.122     75.09423
       200    640.3412    540.0250     6385.007     355.9246  15.4871   0.0605    10.96    0.172  24.39   0      27.69     606.1693     49.06935
       201    479.6082    537.1498     5967.523     320.4688  15.5605   0.0583     7.33    0.068 -34.66   0      28.38     669.6012     49.48414
       202     45.2228    524.4268      71105.4     391.6505  12.8702   0.0060     7.26    0.084  19.79   0      241.5     7299.343     73.98814
       203    284.9415    521.4681     6173.598     308.1616  15.5237   0.0542     8.00    0.207  20.98   0      30.65     729.4553     49.63708
       204    753.7151    513.5050     4874.577     323.9043  15.7802   0.0722     9.42    0.105 -18.47   0      23.31     451.4481     48.22267
       205    363.0207    506.3857     11497.42     462.2059  14.8485   0.0437    11.21    0.492  47.58   0      31.02     506.3058     48.72838
       206    995.8356    500.7993      11848.7     394.1667  14.8158   0.0361     8.69    0.155   1.62   0      48.81     1054.936     51.34081
       207    675.1512    500.9763      3620.52     273.5498  16.1031   0.0821     7.14    0.475  35.92   0      17.61     407.9962     48.39231
       208    563.3886    495.1960     36005.21     393.5775  13.6091   0.0119    13.10    0.187  -0.95   0      139.8     3570.988     61.28169
       209    585.3178    498.1053     4315.643     297.8221  15.9124   0.0749     8.49    0.228 -10.18   0      21.57     509.6515     48.49621
       210    214.9209    493.7674     13381.02     121.7216  14.6838   0.0099     5.25    0.354  71.09   0      159.1     12254.39     87.76358
       211    736.3975    486.3513     7793.548     374.9319  15.2707   0.0522    10.68    0.277 -26.96   0      29.04     576.6822     48.93258
       212    200.6480    481.5438     33009.47     392.6116  13.7034   0.0129    17.95    0.093 -21.29   0      129.7     3300.854     60.37139
       213    957.0308    477.2003     2788.256     175.4476  16.3867   0.0683     5.35    0.587 -32.17   0      28.78     1113.984     51.60154
       214    537.0430    475.9330     4661.161     300.0995  15.8288   0.0699     7.47    0.176  -7.40   0      20.09     446.1893     48.32269
       215    180.6011    469.2713     11417.54     360.3794  14.8561   0.0343     8.05    0.153  10.49   0      51.69     1175.836     51.64049
       216    341.5421    469.0873     5117.253     300.4448  15.7274   0.0638     6.89    0.508 -28.02   0      22.45     383.9671     47.77768
       217    837.9962    461.6660      3986.26     301.0921  15.9986   0.0820     7.56    0.150  21.01   0      18.35     393.4739     48.19925
       218    679.7311    453.4868     175229.8     501.3139  11.8910   0.0031    21.88    0.096  37.28   0      432.6     15181.01     94.91383
       219    248.0019    461.8507     12449.68      109.469  14.7621   0.0095     4.43    0.107  89.59   0      150.1      12555.6     88.54015
       220    521.4879    458.0001     9405.322     125.3775  15.0666   0.0145     3.16    0.469   0.02   0      122.1     7862.521     75.53902
       221    328.1795    454.1516     17090.45     535.9592  14.4181   0.0341    14.30    0.073 -36.30   0      41.06     742.2416     49.93741
       222    885.0845    455.6627     3744.328     258.3684  16.0666   0.0749     6.41    0.127  35.77   0      17.83     426.2195     47.97824
       223    865.0058    454.9982     2677.293     86.84168  16.4308   0.0352     4.17    0.000   9.45   2      69.84     2681.052     57.88721
       224    999.2258    448.9581     2464.353      259.571  16.5207   0.1144     7.11    0.552  56.26   0      16.21     358.7061     48.16026
       225    515.3827    447.3965     5405.011     324.2762  15.6680   0.0652     7.61    0.122  18.74   0      25.57     572.7108     48.91413
       226    271.8000    444.7844      12888.8     323.4836  14.7245   0.0273     8.31    0.137  27.31   0      58.85     1411.233      52.6663
       227    462.8357    445.3941     4122.059      259.862  15.9622   0.0685     5.86    0.487 -77.03   0      19.36      425.368     48.47383
       228     12.6537    442.7068     14674.74     456.8961  14.5836   0.0338     9.29    0.143  25.21  16      46.45     918.7834     50.13739
       229    591.7618    443.9829     5343.612     325.6235  15.6804   0.0662     9.25    0.245 -21.32   0      24.25     586.5878     49.34613
       230    369.3785    442.6525     9923.035       289.34  15.0084   0.0317     8.46    0.058  28.23   0      48.31     1043.682      51.1734
       231    425.0014    444.9966     57615.08     180.3142  13.0987   0.0034     0.00    0.005  88.12   0      352.4     57295.56     167.8562
       232    785.1984    437.0970     3567.591     273.5058  16.1191   0.0833     7.06    0.468  11.72   0      18.22       427.06     48.23264
       233    662.5229    427.5926     63054.08     437.7131  13.0007   0.0075    20.35    0.091  -4.74   0      208.2     5676.957     68.64914
       234    121.7469    421.6354     471646.1     613.0339  10.8160   0.0014     7.34    0.093   8.37   0      806.9     47169.66     153.5351
       235    355.7585    432.0427     1269.026     86.62386  17.2413   0.0741     2.19    0.147  -3.05   0       30.7     1247.664     51.72326
       236    417.0124    430.2947     2369.062      91.1311  16.5636   0.0418     0.82    0.160  86.51   0      53.09     2306.598     56.29099
       237    367.3103    425.8440     4536.663     287.7067  15.8582   0.0689     7.11    0.131  28.92   0      23.84     552.0848     48.57081
       238    568.5066    425.5823     5004.494     253.0103  15.7516   0.0549     7.06    0.066 -45.79   0      27.68     1171.092     51.26835
       239    195.1439    419.6939     6566.793     356.8855  15.4566   0.0590     9.69    0.219  -8.75   0      24.95     463.6181     48.02983
       240    207.7632    418.7794     6057.062     338.8033  15.5443   0.0607     8.76    0.308   4.83   0      23.22     486.3573     48.88232
       241    239.2340    415.5038     4430.578      313.668  15.8838   0.0769     8.76    0.238 -69.72   0      21.54     409.9774     47.64909
       242      6.0671    415.4403     5345.202     289.9071  15.6801   0.0589     7.63    0.318  55.19  16      22.83     418.8615     48.19399
       243     74.3367    415.7377     1706.678     157.6997  16.9196   0.1003     5.18    0.545 -53.62   0      16.47     760.6153      49.6584
       244     63.2647    409.6758     4768.761     304.6624  15.8040   0.0694     7.80    0.258 -71.01   0      20.22     441.1647     48.17418
       245    172.2622    408.9479     1306.167     86.72125  17.2100   0.0721     1.08    0.139 -14.56   0      29.54     1193.753     51.71928
       246    627.6539    399.7039     3605.321     265.7184  16.1076   0.0800     6.81    0.305  24.36   0      17.91     406.6445     47.75948
       247    742.0361    386.6997     6202.541      292.644  15.5186   0.0512    10.76    0.205  -6.80   0      31.85     717.9656     48.97329
       248    971.1729    374.8757       146069     464.5151  12.0886   0.0035     7.48    0.077  34.96   0      392.6     14061.86     92.32564
       249    228.9190    381.1181     5815.365     351.7284  15.5886   0.0657     8.28    0.274   8.72   0      24.31     539.1024      48.3857
       250    145.6127    375.4523      97316.7     415.7326  12.5295   0.0046     7.36    0.078   9.39   0      301.8     9976.029     81.72438
       251    269.5244    381.3342     7661.973     333.1661  15.2891   0.0472     7.38    0.459  -9.21   0      27.19     395.2637     47.95715
       252     23.4921    377.8661     8781.334     370.2806  15.1411   0.0458    14.40    0.334  86.04   0      34.87     695.6006     49.35995
       253   1014.0563    372.3329     9660.746     355.0536  15.0375   0.0399     8.76    0.118  24.32  18       43.6     934.2639     50.44688
       254    103.5061    370.1939     4882.157      302.764  15.7785   0.0673     6.75    0.128  -3.69   0      23.72     560.0485     48.85526
       255    544.9002    367.8735     4215.536     296.7325  15.9379   0.0764     7.25    0.176   8.88   2      19.69     410.0108     47.77549
       256    306.0502    353.4526     51571.79     382.1218  13.2190   0.0080     8.93    0.048  20.69   0      187.5     5272.464     67.47546
       257   1006.6034    349.1638     12311.22     354.2045  14.7742   0.0312     7.32    0.116   2.52   0       55.6     1360.672     52.67684
       258    368.8944    340.4484     3520.234     256.4154  16.1336   0.0791     6.26    0.122 -14.05   0      17.22     444.1783     47.93776
       259    123.4703    337.9377     4611.783     301.0642  15.8403   0.0709    10.02    0.313   0.88   0      23.32     440.4154     48.29553
       260     63.0804    337.6626     4953.896     304.8004  15.7626   0.0668     9.74    0.204 -26.62   0      25.07     528.8506     48.46197
       261    331.9526    334.3980      8390.55     350.8224  15.1905   0.0454    12.10    0.157  16.64   0      37.91     860.6024     50.23397
       262    766.4855    332.1243     4189.494     302.2436  15.9446   0.0783     8.56    0.117  38.41   0      21.56     466.5027     48.04348
       263    222.0883    331.2840     9497.167     364.1627  15.0560   0.0416     7.79    0.059  75.47   0      29.26     384.4981      47.9061
       264    912.0895    321.1577       113820     434.4742  12.3595   0.0041    20.54    0.139  14.46   0      332.4     11000.14     84.31038
       265    442.0152    327.3243     4121.198     292.5713  15.9624   0.0771     8.89    0.237  18.37   0       20.9     433.4701     48.38747
       266    114.1401    322.3033     6330.157     369.5888  15.4965   0.0634     9.23    0.260 -11.96   0      23.36     390.0086      47.8064
       267    486.9297    309.8150     1735.624     84.34125  16.9014   0.0528     1.06    0.108 -87.36   0      38.34     1588.494     53.53839
       268     13.6137    305.4930     11220.34      364.824  14.8750   0.0353     7.90    0.160  17.95  18      50.51     1149.822     51.29154
       269    373.6766    304.5195     8367.874     352.0931  15.1935   0.0457    11.63    0.052 -76.22   0      36.75     798.6417      49.5898
       270    850.6407    299.8203     30887.17     484.2464  13.7756   0.0170     8.33    0.089  17.20   0      108.1     2607.321     57.80578
       271     58.8659    297.8893     4755.534      282.067  15.8070   0.0644     9.23    0.308  -1.22   0      24.73     518.9334     48.41544
       272     32.8233    294.7284      6013.59     310.9628  15.5522   0.0562    10.09    0.050  82.41   0      30.68     722.8484      49.7281
       273    548.9093    292.0426     17789.15     429.6165  14.3746   0.0262     7.97    0.130  -7.01   2      65.16      1465.05      52.6698
       274    343.6760    293.5670     1710.434     111.9063  16.9172   0.0711     4.27    0.544  53.99   0      40.96     1371.189     52.49321
       275    381.7167    278.9348      92146.4     406.6492  12.5888   0.0048     7.29    0.094  12.37   0      291.4      9639.18     80.63292
       276    953.7551    283.0848     5625.424     325.3577  15.6246   0.0628     7.39    0.103  -8.02   0      26.57     635.1132     48.95778
       277    263.2724    279.7141     28632.95     329.3709  13.8578   0.0125     7.54    0.127  10.99   0      120.2     3016.636     58.98622
       278    233.1620    280.9712     7195.487     300.5132  15.3573   0.0454     8.33    0.038  87.05   0      37.55     843.3561     50.27584
       279    721.0878    281.3251     2902.769     92.45254  16.3430   0.0346     1.40    0.197  52.38   0      54.96     2872.829     58.42951
       280    638.8444    279.9873     4647.842     295.0288  15.8319   0.0689     6.86    0.373  60.54   0       20.3     417.4727     48.43679
       281     71.3027    271.2739      28812.9     336.2804  13.8510   0.0127     7.54    0.078  27.33   0      117.6     2900.426     58.43376
       282    539.1645    273.4656     9160.255     389.1463  15.0952   0.0461     7.93    0.170 -30.41   0      36.97      816.114     50.03229
       283    816.2563    273.9476     7048.008     105.0429  15.3798   0.0162     0.88    0.006 -88.97   0      94.55       6644.7     71.94916
       284    156.2150    269.6801     18456.36     477.4313  14.3346   0.0281     8.28    0.144   6.21   0       61.1     1345.853     52.26828
       285    319.3789    267.0757      4488.17     299.9685  15.8698   0.0726     6.93    0.034  72.08   0      22.21     496.2922     48.68165
       286    761.9153    267.2554     3209.151     250.1915  16.2340   0.0847     6.08    0.228 -45.48   0      16.76     384.1306     47.77845
       287    969.0682    257.3337      5190.42     331.0212  15.7120   0.0693     8.26    0.248  14.96   0      23.61     506.7121     48.48243
       288    460.8206    254.6820      4913.66     303.7807  15.7715   0.0671     9.38    0.216  11.80   0      24.73     546.1964     48.66717
       289    711.6167    255.1320     2668.062     228.9352  16.4345   0.0932     5.34    0.308 -16.52   0      16.02     386.8231     48.16788
       290    270.5294    253.0881     1227.131     134.2592  17.2778   0.1188     2.19    0.531  63.57   0       17.4     919.3722     50.26005
       291    154.6529    246.9842     34665.52     600.7458  13.6503   0.0188     9.67    0.129  34.17   0      89.69     2054.574     55.48165
       292    630.2828    251.9762     1139.967     84.52136  17.3578   0.0805     1.29    0.106   2.49   0       27.8      1060.08      51.1285
       293    275.3689    237.7721     5757.407     331.8644  15.5994   0.0626     7.70    0.170   7.26   0      25.51     639.7084     49.46857
       294    867.2217    235.8623     5849.798     325.5144  15.5821   0.0604     8.65    0.205  -3.05   3      24.36     493.9652     48.54688
       295    874.0776    228.5581     14546.82     400.2597  14.5931   0.0299     9.33    0.108 -28.08   2       60.9     1321.126     52.27601
       296    775.2435    224.0065     68517.34      446.651  12.9105   0.0071     7.49    0.089  22.78   0      224.8     6516.152     71.54195
       297     16.9762    223.8716     1655.344     84.12464  16.9528   0.0552     4.38    0.110 -86.47   0      46.23     1457.399     52.97896
       298    593.3355    217.4855     4007.287      301.108  15.9929   0.0816     7.93    0.279  46.63   0      19.28     474.0945     48.20449
       299    968.2640    213.6596     4964.273     301.3301  15.7604   0.0659     8.11    0.099  25.93   0      23.03     510.0051     48.62191
       300    805.6946    210.8717     4281.261     291.1481  15.9211   0.0739     9.72    0.161 -52.41   0      22.11     453.4944      47.9819
       301    729.6583    212.0848     5602.182     323.9499  15.6291   0.0628     9.89    0.286  19.97   0      26.63     614.2538     48.86084
       302    322.6782    207.2393     12176.93        350.7  14.7862   0.0313     7.59    0.222   7.26   0      52.23     1250.275     51.96707
       303    869.4390    206.1951     4630.187     287.2568  15.8360   0.0674     8.10    0.166  30.50   0      23.56      586.775     49.22478
       304    950.5107    197.9196     20812.79     535.5707  14.2042   0.0279    18.56    0.244  15.00   3       66.9     1505.862     52.95947
       305    947.6031    187.2050     18636.67     515.1383  14.3241   0.0300     9.96    0.214 -41.22   3      54.26     1042.687     51.05113
       306    486.2482    202.7492     1221.789     88.22352  17.2825   0.0784     1.84    0.259 -45.78   0       32.1     1250.203     52.08253
       307     47.9260    198.8068     9513.853     244.4164  15.0541   0.0279     7.51    0.149  11.25   0      49.91     1192.504     51.59719
       308    594.2686    194.3478     7417.241      339.271  15.3244   0.0497     9.11    0.086  -7.82   0      32.82     632.3052     49.19025
       309    370.0282    190.2432     59030.14     391.9485  13.0723   0.0072     7.86    0.098  17.75   0      207.9     6077.686     70.13521
       310     63.9251    193.2974     9276.891     108.3788  15.0815   0.0127     0.89    0.108 -83.97   0      115.8     9282.706     79.54613
       311    642.4625    190.8371     2749.213     222.3432  16.4020   0.0878     5.38    0.342  40.74   0      15.66     385.5182      48.0365
       312    294.2426    184.7125     3417.662     278.2945  16.1657   0.0884     6.71    0.289 -14.63   0      17.53     384.7199     47.78126
       313    568.2416    181.0131     7046.536     305.3722  15.3801   0.0471    10.38    0.168 -12.57   0      34.22     769.8142     50.18291
       314    923.9887    178.3113     14434.09     374.9409  14.6015   0.0282     8.88    0.138  40.95   2      60.29     1332.179      52.0933
       315     74.7810    174.9234     30132.85     329.9482  13.8024   0.0119     7.41    0.108  -1.83   0      128.7     3407.105     60.77006
       316    255.9931    175.1524     1328.865     112.4755  17.1913   0.0919     4.21    0.550 -89.66   0      24.14     880.2377     50.44228
       317    124.3966    167.9633     47099.39     361.1532  13.3175   0.0083     7.30    0.078   2.18   0      177.4     5018.969     66.61616
       318    590.0433    170.6611     9718.364     292.8016  15.0310   0.0327    12.00    0.144   6.02   0      50.42     1939.464     54.89849
       319    299.7881    168.6907     12424.61      321.288  14.7643   0.0281    12.30    0.087  36.50   0      63.87     2289.244     56.11364
       320    547.3262    163.9541      9316.66     351.4219  15.0768   0.0410     8.48    0.142  23.56   0      43.01     940.0884     50.59231
       321     94.8310    161.8858     9755.812      450.783  15.0268   0.0502    11.80    0.321 -16.00   0      29.21     441.6345      48.1764
       322    635.4538    142.3935     84967.83     415.5015  12.6769   0.0053     7.39    0.090   4.18   0      271.6     8557.645     77.67982
       323    321.1831    137.3991     46479.28     416.1932  13.3319   0.0097     8.07    0.197  45.98   0      161.6     4140.194     63.35752
       324    251.1374    143.5475     4260.106     283.7979  15.9264   0.0723     9.40    0.014 -53.62   0      22.95     530.3859     48.71708
       325    368.7623    142.6724     5273.746     319.9764  15.6947   0.0659     7.79    0.152  -1.14   0      25.04     532.8216     48.72844
       326    843.1050    142.5735     4667.891     302.6031  15.8272   0.0704     7.65    0.073  24.42   0      20.31     428.9876     47.73968
       327    145.4495    138.3050     11505.74     254.0865  14.8477   0.0240     8.02    0.114   3.45   2      56.71     1331.601     51.97502
       328    452.8811    139.5936     9040.294      334.105  15.1095   0.0401     8.62    0.128  26.44   0      42.66     971.5097     50.85186
       329    203.4296    126.0286     17281.73      411.804  14.4060   0.0259     8.35    0.061  -8.23   3      68.05     1534.159      53.4201
       330    206.3667    116.3181     10386.62      407.242  14.9588   0.0426     9.07    0.106 -15.87   3       35.8     712.6948     49.43859
       331    910.5904    118.2652     3674.783     284.3897  16.0869   0.0840     9.02    0.258 -21.41   0      19.01     354.2322     47.88824
       332    676.3887    119.0264     5946.718     324.1915  15.5643   0.0592     7.62    0.164 -78.96   0      22.32     407.2973     48.26439
       333    674.4649    111.8702     3991.853     266.6141  15.9971   0.0725     3.66    0.281 -57.12   0      19.76     479.0501     48.35258
       334    518.4066    110.5397      4515.39     300.9914  15.8633   0.0724     7.73    0.082  38.85   0      21.99     517.1379     48.77887
       335    114.2216    110.6244     4650.248     163.7361  15.8313   0.0382     0.00    0.345 -46.48   2      58.07     2565.738     57.64206
       336    110.3804    103.6087     6263.343     392.0869  15.5080   0.0680    11.26    0.420  53.26   2      25.74     532.7618     48.72816
       337    138.4581     91.1226     10319.71     392.1338  14.9658   0.0413     9.28    0.082  -0.62   0      43.65      1016.56     50.81629
       338    268.0285     88.8769     7037.607     341.2302  15.3814   0.0527     7.73    0.052   1.59   0      32.13     718.8775     49.58863
       339     18.2938     86.8202     6079.244     320.0779  15.5404   0.0572    10.12    0.243  -3.92   0      31.09     677.3385     49.03071
       340    887.9861     85.1903     5445.029     284.2159  15.6600   0.0567     8.87    0.208 -17.90   0      28.92     600.9514     49.04517
       341    608.2875     76.5719     15229.59     430.7147  14.5433   0.0307     9.05    0.044 -20.80   0      58.97     1239.663      51.6881
       342     33.0313     77.7606     3708.575     190.5781  16.0770   0.0558     3.00    0.511  86.95   0      32.22     1608.039     53.73351
       343      4.2050     78.0054     2451.538     206.5805  16.5264   0.0915     7.38    0.570  66.65  18      17.24     453.6321     48.35769
       344    587.3486     76.6604     6253.565     337.1533  15.5097   0.0586     7.23    0.142   6.38   0      25.84     601.5342     49.04787
       345    762.0973     70.2017     13846.31     381.3573  14.6467   0.0299     9.69    0.069 -13.29   2      53.86     1025.664     50.97529
       346   1021.1273     67.2470     3548.747     207.0581  16.1248   0.0634     3.62    0.150  51.00  16      18.39      476.083     48.46309
       347    571.2033     51.4028     12728.25     375.9137  14.7381   0.0321     7.25    0.113   8.01   0      55.08     1356.823     52.43097
       348    269.8404     48.5554     4262.043     208.5629  15.9260   0.0531     0.00    0.290 -84.33   0      30.42     1486.287     52.87539
       349    702.4503     44.2870     4940.501     314.0373  15.7656   0.0690     9.81    0.199  -4.71   0      25.03     526.9608     48.45311
       350    646.8322     38.2931     25072.43     461.7132  14.0020   0.0200     9.15    0.175  18.35   3      92.22     2042.918      54.8879
       351    636.8439     39.7534     15291.99     356.5346  14.5388   0.0253     8.97    0.109  23.48   3      63.85     1331.569     52.43639
       352    157.7296     40.4484     2858.371      245.618  16.3597   0.0933     6.10    0.387  30.72   0      16.52     406.0886     48.13372
       353     79.3566   1012.0092     13482.86     489.7294  14.6755   0.0394    11.32    0.226 -14.22  16      37.42     724.1972     49.85522
       354    438.3765   1008.9462     16965.66     326.3353  14.4261   0.0209     7.60    0.156   8.17  16      75.67     1867.328     54.59903
       355    176.2616   1009.7674     13103.07     419.6616  14.7066   0.0348     9.05    0.278  40.19  16      35.13     430.7256     48.24991
       356    138.8978   1006.9244     9379.562      253.369  15.0695   0.0293    10.55    0.189   3.32   0      50.36      1292.61     51.92038
       357    316.7845   1004.8126     8000.854     388.4686  15.2422   0.0527     7.65    0.182  -8.39   0         31     657.4926     49.30648
       358    673.2853    996.0256     5738.021     347.8034  15.6031   0.0658     8.66    0.269 -51.80   0      21.16     360.4468     47.66566
       359    358.8391    996.9191     3199.219     248.9758  16.2374   0.0845     5.81    0.382  53.09   0      16.66     381.1077     47.89001
