#   1 NUMBER                 Running object number                                     
#   2 X_IMAGE                Object position along x                                    [pixel]
#   3 Y_IMAGE                Object position along y                                    [pixel]
#   4 FLUX_AUTO              Flux within a Kron-like elliptical aperture                [count]
#   5 FLUXERR_AUTO           RMS error for AUTO flux                                    [count]
#   6 MAG_AUTO               Kron-like elliptical aperture magnitude                    [mag]
#   7 MAGERR_AUTO            RMS error for AUTO magnitude                               [mag]
#   8 FWHM_IMAGE             FWHM assuming a gaussian core                              [pixel]
#   9 ELLIPTICITY            1 - B_IMAGE/A_IMAGE                                       
#  10 THETA_IMAGE            Position angle (CCW/x)                                     [deg]
#  11 FLAGS                  Extraction flags                                          
#  12 SNR_WIN                Gaussian-weighted SNR                                     
#  13 FLUX_APER              Flux vector within fixed circular aperture(s)              [count]
#  14 FLUXERR_APER           RMS error vector for aperture flux(es)                     [count]
         1    621.1786     33.2338     35567.14     557.5957  13.6224   0.0170    23.36    0.592  -5.72  16      95.44     1487.952     52.53229
         2    836.2820     12.8232     35483.01     528.0803  13.6249   0.0162    22.71    0.373 -13.74  16      113.6     2323.039     55.82069
         3    723.7156     15.5246      5848.78     352.1227  15.5823   0.0654    11.23    0.532   5.43  16       25.4     432.0841     47.13288
         4    689.1013      6.4557     142529.1     424.2729  12.1152   0.0032     9.97    0.342   2.25  24      389.8     11690.22     85.73494
         5    419.0135      4.4651     81106.33     352.7698  12.7274   0.0047    13.21    0.448   1.33  24      270.4     7200.453     73.02708
         6    203.9436      4.4930     27286.14     312.4982  13.9101   0.0124    17.49    0.479  -1.46  26      113.3     2231.124     55.23489
         7    294.9040    998.9718      7751.94     377.6297  15.2765   0.0529    12.18    0.223 -13.73   0         31     526.5761     47.46389
         8    176.3223   1020.7255     19789.36     526.5582  14.2589   0.0289    17.70    0.545  -0.12  24      48.85     641.8773     48.13387
         9    235.9586    990.6871     6985.504     128.6839  15.3895   0.0200     6.52    0.479 -59.55   0      76.81     3818.948     61.42175
        10     89.7481    989.8496     7128.878     268.1563  15.3674   0.0409    13.07    0.340   1.24   0      33.13     603.8565     48.55698
        11    664.1165    989.4941      12207.8     491.7433  14.7834   0.0437    11.87    0.463   1.70   0      29.06     443.7841     47.43526
        12    799.1085    987.6288     7022.643     309.3841  15.3837   0.0478    10.51    0.325   2.28   0      33.76     673.7549     48.28415
        13    298.3509    984.4664     1104.902     99.06091  17.3917   0.0974     2.71    0.504 -65.80   0      22.15     771.0107     49.09666
        14    950.2866    980.1810      3900.54     250.7495  16.0222   0.0698     5.24    0.394  19.19   0      18.89     346.5348     46.84294
        15    139.5883    977.5030     12448.06      493.331  14.7622   0.0430    12.90    0.368  11.38   0      33.05     514.9558     47.89669
        16     91.6219    972.7982     11061.11     281.4667  14.8905   0.0276    12.50    0.386  16.44   0       48.4     989.7224     50.09887
        17    970.9965    972.3434     5446.836     100.2042  15.6596   0.0200     0.97    0.166 -88.34   0      87.56     5643.536     68.09482
        18    618.6701    966.3572     20281.97     344.8367  14.2322   0.0185    11.85    0.338   0.68   0      82.24     1689.816     53.18008
        19    740.2032    967.0649     8178.659     370.4995  15.2183   0.0492    13.40    0.406   0.02   0      33.12     627.9575     48.54994
        20    466.4935    965.6248     10172.65     442.1494  14.9814   0.0472    11.57    0.357  -8.99   2      29.86     437.3261     47.15815
        21    276.0683    960.0589     9319.476     397.6881  15.0765   0.0463    13.70    0.470   7.61   2      36.41     739.5201     48.95067
        22    282.6154    956.1771     5692.351     107.7372  15.6118   0.0206     5.40    0.367 -25.76   3      89.17     4547.533     64.33289
        23     73.2499    954.6811      90959.6     416.1151  12.6029   0.0050    10.02    0.281   2.37   0      280.8     7410.537     73.51987
        24    941.3282    955.5530     25029.92     336.9057  14.0039   0.0146    10.77    0.336   3.33   0        101     2045.379     54.67852
        25    647.7217    949.0239     13367.25     442.4752  14.6849   0.0359    11.36    0.323  15.71   2      43.02     718.3806     48.85242
        26    516.8114    948.7965     25677.91     517.6975  13.9761   0.0219    11.06    0.378   8.58   0      80.05     1635.178     52.94606
        27    741.0243    949.3965     5788.483     323.6655  15.5936   0.0607    10.03    0.393   7.10   0      26.13     578.8268      48.3194
        28    383.5785    945.9259     17087.27     504.7722  14.4183   0.0321    11.93    0.362  10.94   0      54.64     1007.602     50.29574
        29    826.0026    945.8345     2324.636     84.65748  16.5841   0.0395     1.00    0.105  89.30   0      50.33     2103.787     55.13226
        30    251.6377    923.5826     28919.04     343.7774  13.8470   0.0129    10.67    0.375   6.97   2      106.7     2290.698     56.00147
        31    333.0409    926.1056     3044.716     265.2213  16.2911   0.0946     7.41    0.447  10.24   0      17.01     367.0979     46.69402
        32     43.3097    926.9958     3022.182     263.5511  16.2992   0.0947     6.52    0.525 -20.71   0      16.77     432.0558      47.5017
        33    410.9633    923.0574     8502.906     102.7478  15.1761   0.0131     0.00    0.167 -35.21   0      124.1     7928.189     75.25786
        34    543.8397    910.4155     5158.359     281.8689  15.7187   0.0593     3.71    0.313 -43.26   0      20.77     551.9539     48.43373
        35    573.0637    906.2156     17360.07      475.208  14.4011   0.0297    10.66    0.339   1.46   0      62.12     1225.972     51.15939
        36    771.2669    901.4458     26722.84     577.1305  13.9328   0.0235    12.75    0.348   7.73   0      70.19     1312.079     51.54049
        37    603.2435    898.4393     122550.2     519.7546  12.2792   0.0046    13.56    0.399  -5.71   0      311.9     6590.821      71.1045
        38    189.5653    901.0931     6312.327     384.4075  15.4995   0.0661    11.10    0.157  -1.11   0      24.35     424.4935     46.97254
        39    964.8374    902.2565     4738.243     294.6594  15.8110   0.0675     9.11    0.468   4.32   0      22.31     445.5694     47.56631
        40   1020.9675    898.0438     10133.06     292.3932  14.9856   0.0313     8.39    0.115 -77.56  24       50.3     1108.192     50.86279
        41    286.6874    900.7259     3878.293     204.7336  16.0284   0.0573     9.74    0.502  11.05   0      22.41     464.0261     47.40956
        42     65.4882    895.9297     24855.08     580.9199  14.0115   0.0254    12.16    0.281   4.21   2         66     1120.445     50.45829
        43    376.0401    894.9911     27875.12     384.2885  13.8870   0.0150    11.49    0.118  28.78   0      98.28     1486.034     52.63467
        44    452.8755    896.7288     14575.09     449.6138  14.5910   0.0335     9.61    0.336 -28.06   0      35.32      311.606     46.67316
        45    352.0448    897.9269     2173.257     85.95954  16.6572   0.0430     0.00    0.139 -60.74   0      58.94      2040.96     54.66014
        46    841.0829    895.6791     22659.13     339.1851  14.1119   0.0163    10.65    0.283  12.99   0      88.82     1714.921     52.95863
        47    478.6268    893.2594     25581.73     656.8779  13.9802   0.0279    16.38    0.449   1.28   0      45.25     599.3222      48.4157
        48    698.6685    880.0275     79579.41     570.1748  12.7480   0.0078    13.46    0.268 -41.07   0      218.7     4096.461     62.62627
        49    279.8179    873.9005      6252.43     267.9559  15.5099   0.0465    11.58    0.496   7.52   2      29.93     605.3065     48.08206
        50    867.0753    874.0552      2146.06     87.56509  16.6709   0.0443     0.00    0.159  44.88   0      51.09     1722.885     53.21197
        51    766.8420    870.4358     12588.68     476.2924  14.7500   0.0411    12.18    0.414  20.12   0      32.67     421.8369     47.57526
        52    981.4017    860.0052      5175.22     322.7842  15.7152   0.0677     8.65    0.385  -0.19   0      23.36     543.8062     48.03339
        53    565.2203    856.6709     14780.85     516.5656  14.5758   0.0380    13.55    0.516   6.33   0      35.23     584.8423     48.34768
        54    441.6132    849.7580     95232.99     430.1011  12.5530   0.0049    12.72    0.297   4.08   0      285.8     7624.252     74.49073
        55    151.9759    852.0948     28916.83     404.8001  13.8471   0.0152    11.33    0.345   5.67   0      106.5     2186.969      54.9471
        56    676.2497    854.2972     5289.088     304.7849  15.6915   0.0626     6.92    0.681  -2.41   0      21.42      338.478     46.67934
        57    531.7794    852.6418     5225.641     319.1941  15.7047   0.0663     7.87    0.412  24.81   0      23.08     454.3237     47.85196
        58    829.0101    849.9856     4340.847     271.7372  15.9061   0.0680     6.47    0.313  28.39   2      20.34     393.8379     47.31849
        59    609.2567    847.4321     10444.76     380.7782  14.9528   0.0396     8.31    0.376 -43.56   0      33.96     344.1549     46.95549
        60    699.0593    845.5333     7397.948     125.9926  15.3272   0.0185    -0.55    0.532 -81.83   0      110.2      6442.71      70.6295
        61    627.5253    841.0715     14253.08     467.5373  14.6152   0.0356    10.49    0.307  45.66   0      37.66     309.9516     46.78965
        62    940.1129    836.6081      15713.5     442.0361  14.5093   0.0306    13.79    0.378   1.07   2      53.95     827.1529     49.35586
        63    894.1318    834.3765     48287.29       420.06  13.2904   0.0094    19.69    0.254   3.54   0        168     3660.901     61.02515
        64     17.8811    880.3784     2884.154     223.3873  16.3500   0.0841     7.80    0.247  37.52   0      18.06     408.3049     47.38793
        65    182.4471    834.2559     17951.37     409.0438  14.3648   0.0247    10.64    0.359   2.84   0      70.53     1451.248     52.26202
        66    963.1196    829.5781      5949.52     331.7678  15.5638   0.0606     7.96    0.220  21.07   2      24.01     476.2986     47.71291
        67   1017.4322    826.9350     5483.034     100.2863  15.6524   0.0199     0.80    0.114  -2.23   0      84.41     5246.577     66.66956
        68     33.2789    818.6193     15687.36     367.6338  14.5111   0.0255     8.29    0.332   5.20   2      62.58     1095.604     50.69184
        69    138.9137    821.2667     6985.831      285.385  15.3895   0.0444    13.05    0.429   1.55   0      32.35     601.6821     48.18584
        70    683.3840    815.6238     12914.56     373.0034  14.7223   0.0314     7.68    0.528  65.01   2      41.95     364.7465     47.42461
        71    107.8619    813.0674     54070.18     413.4393  13.1676   0.0083    17.98    0.324  -0.76   2      185.1     4032.464      62.3936
        72    426.4471    811.3746     16960.54     375.0729  14.4264   0.0240    11.03    0.335  -0.71   0      65.54     1235.012     51.42634
        73    718.4103    807.4587     36061.88     606.2877  13.6074   0.0183    13.41    0.353  -1.08   0       95.3      1918.83     54.25731
        74    887.0651    803.9981     34565.69     422.3273  13.6534   0.0133    10.52    0.256  10.64   2      123.3     2615.103     57.09942
        75    884.5546    793.7113     2925.319     146.3085  16.3346   0.0543     3.99    0.588 -56.22   3      41.42     1757.727     53.25141
        76    763.5621    805.9230     13644.22     402.3275  14.6626   0.0320    14.12    0.582   4.93   2      56.18     1866.519     53.92996
        77    482.7497    801.1929     41237.88     427.6072  13.4618   0.0113    11.32    0.136  60.67   0        138     2852.454     58.03646
        78    268.5302    803.3466     9261.155     347.6867  15.0833   0.0408    13.42    0.388   2.61   0      41.99     782.9229     49.03323
        79    319.0012    802.9906     57660.54     179.7765  13.0978   0.0034     4.22    0.017  89.94   0      352.5     57356.48     167.7234
        80    702.8236    799.5839     7330.727     330.5191  15.3371   0.0490     0.00    0.655 -14.36   0      29.89     468.5254     47.91936
        81    637.5756    796.9415     6500.477     233.9792  15.4676   0.0391    12.95    0.479   4.95   0      31.02     550.6793     48.06591
        82    529.2751    792.2780     2000.308     150.7697  16.7473   0.0819     3.59    0.292 -10.60   0      24.15     1052.489      50.0351
        83     43.6838    786.2918     2485.901     96.31685  16.5113   0.0421     1.50    0.264 -44.02   0      51.72     2423.925     56.12635
        84    890.9810    782.1992     12532.41     474.4292  14.7549   0.0411    10.86    0.284   1.74   0      38.12     703.3145     48.78228
        85    373.2047    784.7093     3507.747     256.7049  16.1374   0.0795     6.21    0.646  10.49   0      15.87     332.2221     47.02162
        86    830.0322    780.7742     29775.37     705.2707  13.8154   0.0257    17.24    0.444  -3.96   0      52.29     778.2172     49.36633
        87     94.1875    773.7405     110790.2     480.6741  12.3887   0.0047    10.47    0.262   4.13   2      312.3      8482.03     76.98785
        88    114.1193    772.5221     22950.62     418.8179  14.0980   0.0198    10.50    0.324   3.93   3      87.14     1725.286     53.00309
        89    496.9303    779.3289     12019.35     374.4055  14.8003   0.0338    10.84    0.381   5.86   0      49.66     1001.481     50.03601
        90     35.7889    777.5889     24469.19     401.9335  14.0285   0.0178    18.42    0.381   9.14   3      91.89      1692.97     53.19356
        91     26.5260    770.4714     14167.42     405.1444  14.6218   0.0311    13.52    0.416   7.57   3      53.28     944.0894     49.77464
        92    544.9990    773.9376     3913.477     88.82054  16.0186   0.0246     4.31    0.054 -87.41   0      78.49     3749.059     61.44736
        93    575.4550    771.5043     3135.593     251.2161  16.2592   0.0870     6.74    0.493 -11.07   0      17.62     355.1143     46.76026
        94    194.9041    766.8084     9383.437     107.4211  15.0691   0.0124     4.89    0.263  63.91   0      132.7     8667.439     77.45817
        95    506.9762    757.5209     16622.76     572.3773  14.4482   0.0374    17.66    0.184 -47.01   0      46.29     813.7206     49.29397
        96   1005.5275    745.2410     40440.57     590.1989  13.4830   0.0158    11.39    0.317   5.70  16      110.6     2148.281     55.10457
        97    968.1040    747.0848      27192.9     721.7789  13.9139   0.0288    16.76    0.244 -19.14   0      44.66     508.7232     47.62335
        98    705.8203    746.7496     11556.98     282.3824  14.8429   0.0265    10.04    0.285   2.40   0      52.81     1023.442     50.48267
        99    113.4455    746.1818     9739.333     336.5224  15.0287   0.0375    15.12    0.313  12.16   0      42.07     798.6038      49.4601
       100    831.6348    742.5830      4478.58     296.4287  15.8721   0.0719     6.69    0.121 -26.33   2      20.96     443.4433     47.92184
       101    591.2088    738.9767     1835.969     120.4567  16.8403   0.0713     0.99    0.134   2.11   0      34.85     1223.524     51.26215
       102    305.6161    736.1415     5384.722     123.4909  15.6721   0.0249     0.00    0.495 -21.00   0      86.58     4230.544     63.20313
       103    434.5000    735.2980     9430.896     422.2357  15.0636   0.0486    11.17    0.525   9.05   0      28.35     497.8537     47.20304
       104    999.6852    732.3226     11972.35     482.3739  14.8046   0.0438    13.26    0.408  12.28   1       34.8     509.4496     47.50447
       105    700.1242    733.9927     2975.284      185.017  16.3162   0.0675    -3.32    0.145   0.47   0      20.36     806.3937     49.26018
       106    509.4572    731.9115     7486.307     292.3262  15.3143   0.0424    12.45    0.404   4.51   0      32.75     629.8568     48.19796
       107    928.6218    730.7222     4315.589     284.2758  15.9124   0.0715     9.12    0.595  -7.56   0      21.65     425.0002     47.59037
       108    338.9389    735.1148     4355.829     297.8037  15.9023   0.0742     7.67    0.407 -10.01   0       18.7     366.7827     46.94108
       109    867.5370    721.8613     27937.36     392.5648  13.8845   0.0153    14.27    0.374  30.79   0      95.89     1541.402     52.54198
       110    844.4382    725.0687     2964.145      251.061  16.3203   0.0920     6.68    0.314  40.26   0      17.03     406.2155     47.37791
       111    661.2214    721.5085     4791.458     283.1187  15.7988   0.0642     9.70    0.290  17.07   0      25.28     491.6018     47.41901
       112     98.0401    719.8334     7904.026     290.1545  15.2554   0.0399    10.25    0.319   3.15   0      37.54     856.1696     49.60674
       113    391.9720    718.2617     8682.842     406.3749  15.1533   0.0508    10.82    0.456   8.06   0      32.26     619.2029     48.26841
       114    266.3097    707.6313     9776.786      434.978  15.0245   0.0483    13.66    0.430   5.52   2      34.85     620.7584     48.03405
       115    527.8499    698.4785     47691.77     534.3988  13.3039   0.0122    25.52    0.604  18.52   0      138.7     2155.816     55.02999
       116    713.9293    705.8347     1414.602      87.3277  17.1234   0.0670     2.82    0.237  59.35   0      36.84     1091.736     50.55953
       117    326.1585    703.0551     3955.598       312.29  16.0070   0.0857     8.79    0.311 -27.02   0      19.63     357.0373     47.26469
       118    592.1942    701.5727     7782.492     288.5507  15.2722   0.0403    12.02    0.346   1.15   0      35.75     752.7192      49.1305
       119    174.0429    700.1390     14094.56       300.34  14.6274   0.0231    11.05    0.356   6.22   0      59.86     1192.128     51.00881
       120    797.7408    697.8074     7859.858     339.1338  15.2615   0.0469     8.76    0.302   4.08   2      34.98     708.7109      48.9265
       121    393.8547    688.7137     231701.2     517.9366  11.5877   0.0024    10.97    0.251   5.11   3      520.7      17812.1     100.6636
       122    389.6409    672.9541     34615.26     463.1008  13.6518   0.0145    20.70    0.259  17.58   3      114.5     2267.229     55.48822
       123    201.6201    691.5519      5131.53     223.0686  15.7244   0.0472    11.15    0.433   6.43   0      26.58     555.2527     48.32895
       124    568.4216    689.1537     5673.754       330.26  15.6153   0.0632     4.58    0.285  19.49   0      22.84     497.9823     48.05887
       125    658.6586    688.8885     3640.609     193.5028  16.0971   0.0577     6.27    0.477  -8.51   0      28.55     1434.762      51.8547
       126    552.5107    681.5036     19697.18      500.162  14.2640   0.0276    13.32    0.433  -4.87   0      59.28     1067.401      50.2188
       127    921.3959    675.9558     4482.996     299.8478  15.8711   0.0726     8.28    0.463 -23.50   0      22.17     429.0091     47.73158
       128    236.2755    674.1726      6874.86     335.8842  15.4068   0.0531     8.32    0.357 -27.74   0      25.14     485.7081     47.75771
       129     94.5549    659.9238     43559.74     372.1734  13.4023   0.0093    10.39    0.317   5.97   0      158.6     3599.841     60.70153
       130    793.1411    664.0952     2548.715       90.231  16.4842   0.0384     4.63    0.229  36.55   0      63.37     2345.068     55.59718
       131    148.9094    654.6365     120135.7      446.662  12.3008   0.0040    10.09    0.272   5.69   0      338.4     9544.034     79.84324
       132    416.6529    655.1013     4418.131      295.399  15.8869   0.0726     6.79    0.276  17.48   2      20.45     380.7549     46.88472
       133    361.3675    648.1894     10557.99     142.1976  14.9410   0.0146     7.11    0.580  -9.07   0      104.8     5684.422     68.31638
       134     29.0498    642.3221     5177.869     327.7063  15.7146   0.0687     5.46    0.138  19.45   0      23.08     453.7758     47.48311
       135    396.7097    635.8919     30187.75     429.5548  13.8004   0.0155    10.15    0.294   3.21   0      109.8     2246.206     55.40205
       136    921.9313    639.5842     1569.849      87.7308  17.0104   0.0607     0.77    0.198  73.48   0      36.27     1492.035     52.43909
       137    213.0150    637.7258      6150.35     339.7036  15.5278   0.0600    10.66    0.340   9.12   0      26.06      519.818     48.04104
       138    941.0781    630.4042     13281.14     438.1354  14.6919   0.0358    13.29    0.111  47.25   0      47.35     699.7716     48.76577
       139    793.9952    631.6766     6132.487     267.3105  15.5309   0.0473     9.52    0.469   9.87   0      33.33     1300.096     51.48762
       140    887.4736    622.5794     119780.1     468.7354  12.3040   0.0042    10.16    0.264   6.32   0      333.6     9205.146     79.09373
       141    270.3380    626.3478     40099.29     482.6573  13.4922   0.0131    15.37    0.498   3.47   0      124.5     2511.704     56.58362
       142     20.7888    628.7890     11590.97     444.5172  14.8397   0.0416    13.19    0.400   8.94   0      41.54     850.3438     49.46254
       143     87.1739    627.9203     3318.349     217.9004  16.1977   0.0713     5.19    0.227 -27.69   1      17.74      403.469     47.36473
       144    567.1686    621.9994     1220.243     83.40177  17.2839   0.0742     2.32    0.155   2.66   0      36.42     1049.162     50.59834
       145    232.1240    617.1993     11126.26     353.4606  14.8841   0.0345    10.30    0.333   5.72   0      46.84     945.3221     49.89704
       146    718.8233    615.5643     11002.71     464.0775  14.8963   0.0458    15.42    0.369 -41.34   0      35.76     442.4209       47.917
       147    583.1939    616.8140     6840.658     357.6769  15.4123   0.0568    12.17    0.343  -1.44   0      29.47     547.6371     48.05152
       148     84.9593    610.7623     1803.505     155.2316  16.8597   0.0935     2.83    0.152  86.28   0      17.32     798.3507     49.22306
       149    895.9711    600.1946     47897.84      456.695  13.2992   0.0104    10.16    0.258   5.20   0      162.4     3578.096     60.90736
       150    363.8015    614.1591     6926.381     349.5032  15.3987   0.0548    11.33    0.412   6.70   0      29.42     610.9005     48.58994
       151    717.8271    589.4097     35578.45     402.4236  13.6220   0.0123    10.35    0.268   2.75   0      130.9     2834.436     57.96586
       152    144.4207    582.8765     5418.982     349.7716  15.6652   0.0701     9.08    0.207  -8.83   0       21.4     402.2151     47.48143
       153    445.3791    574.1913     9627.519     389.3632  15.0412   0.0439     8.75    0.320 -55.67   2      29.39     384.7531     47.27484
       154    690.1994    569.9031     29127.08     479.2875  13.8393   0.0179    10.83    0.341   4.97   0      103.9     2119.547     54.98593
       155    660.3371    568.4080     7894.832     379.2532  15.2566   0.0522    11.58    0.507   4.36   0      30.37     633.5449     48.57608
       156    487.0361    562.7556      20466.9     374.0933  14.2224   0.0198    10.58    0.366   5.56   0      82.23     1726.168      53.4442
       157    462.4687    561.3241     7114.862     243.7006  15.3696   0.0372    10.52    0.394  10.41   2      33.24     734.4037     48.68845
       158    945.2018    560.3379     11340.92     331.0753  14.8634   0.0317    12.89    0.331   5.23   0       47.3     864.8108     49.64632
       159      7.1533    559.8622     26600.21     194.9019  13.9378   0.0080     8.54    0.287  -7.87  18      183.4     16431.01     97.61488
       160    512.4003    559.3923     7714.045     363.4725  15.2818   0.0512    11.84    0.415  10.77   0      33.28     668.1856     48.61834
       161    708.6024    556.3966     15101.38      404.231  14.5525   0.0291    10.53    0.343   4.55   0      62.79     1183.864     50.97197
       162    171.6606    551.5391     54374.86     532.3368  13.1615   0.0106    10.23    0.325   7.60   0      164.3     3689.042     61.22498
       163    576.5851    553.9934     6438.697     368.2473  15.4780   0.0621    11.01    0.179 -15.58   0       26.2     422.5926      47.4564
       164    873.9741    552.3173     2355.525     92.92872  16.5698   0.0428     0.96    0.153 -88.89   0      48.68     2327.664     55.83952
       165    431.7840    551.1404     9839.064     407.7353  15.0176   0.0450    11.33    0.474   3.03   0       33.8     647.8127     48.52301
       166    136.8907    547.1005     15403.92     459.6284  14.5309   0.0324    16.47    0.372   7.69   0      54.35      1053.28     50.03869
       167    151.0531    543.8381      8244.99     107.7207  15.2095   0.0142     0.00    0.299 -72.48   0      122.3     7544.068     74.16727
       168    934.5085    539.2157     18543.51     374.0915  14.3295   0.0219    10.79    0.322   2.53   0      72.39      1416.92     51.77644
       169    215.8686    536.6057     31706.14     432.0444  13.7471   0.0148    10.83    0.297   5.13   0      113.3     2401.994     56.14123
       170    176.8610    534.8889     38655.47     501.7932  13.5320   0.0141    11.06    0.332  -7.43   0      124.1     2509.998     56.37068
       171    618.7991    534.3016     6405.073     365.8484  15.4837   0.0620    11.20    0.384   3.49   0      25.48     471.6348     47.69069
       172    458.1245    531.7419     4500.037     303.2379  15.8670   0.0732    10.06    0.413  15.17   0      22.18     449.8445     47.46429
       173     23.6964    518.9918     74549.21     449.8377  12.8189   0.0066    10.05    0.262   3.14  24      234.9     5875.799     68.78111
       174    263.1794    516.6504     8352.921      382.962  15.1954   0.0498    12.98    0.345 -26.10   0      33.75     597.3763     48.52663
       175   1022.7117    512.8691     5434.962     186.4602  15.6620   0.0373     7.59    0.517 -88.28  24      37.27     1059.396     50.18256
       176    729.7323    508.7218     5262.383     336.9571  15.6970   0.0695    11.01    0.639  -9.19   0      23.81     284.4654     46.54082
       177    793.8585    500.8317     6946.101     100.6998  15.3956   0.0157     0.86    0.016 -56.47   0      97.11     6737.124     71.48925
       178    974.3340    495.3445     13369.51     429.1233  14.6847   0.0349    11.23    0.369   8.54   0      49.13     898.1362     49.56438
       179    653.4082    495.7939     3818.191     277.6601  16.0454   0.0790     6.81    0.450  25.90   0      18.02      354.862     47.13092
       180    542.0413    489.7151     36797.43     427.6287  13.5855   0.0126    10.05    0.294   3.77   0      133.7     2864.496     57.78225
       181    563.2939    492.7000     4629.041     327.7696  15.8363   0.0769     8.42    0.584  17.28   0      20.16     405.1751     47.00295
       182    214.9233    493.7703     13097.44     119.9638  14.7070   0.0099     0.00    0.353  71.31   0      156.8     11897.43     86.41727
       183    707.4871    491.6104     4221.271     273.2392  15.9364   0.0703     5.15    0.426  62.84   0      19.85     487.8717     47.64603
       184    713.8221    481.2722     7536.079     389.6369  15.3071   0.0561    12.17    0.280   1.76   0      28.79     468.8524     47.79933
       185    179.4534    475.8082     32915.54     411.6592  13.7065   0.0136    10.12    0.304   5.10   0      122.4     2669.681     57.31625
       186    957.0918    477.1952     2402.919      158.878  16.5482   0.0718     5.19    0.610 -32.75   0      27.75     935.4499     49.85205
       187    159.1044    463.8538      12278.7      416.494  14.7771   0.0368    11.04    0.342   2.00   0      49.16     947.2134      49.5546
       188    248.0003    461.8512     11608.62     106.7093  14.8380   0.0100     0.00    0.108 -88.23   0      143.4      11514.1     85.40318
       189    658.5740    448.2284     178986.4     521.4774  11.8679   0.0032    24.72    0.159  11.09   0        428     12500.52     88.12124
       190    521.5032    457.9984     9984.626     124.8803  15.0017   0.0136     0.00    0.465   0.16   0      124.9     7992.577     75.45205
       191    865.8397    454.9887     4168.283      130.479  15.9501   0.0340     3.17    0.530   0.46   0      60.66     2782.941     57.96474
       192    307.7634    449.0914     13572.56     501.7396  14.6683   0.0401    13.73    0.420   0.75   0      35.24     512.7668     47.39772
       193    493.7346    442.6179      6031.29     363.6211  15.5490   0.0655     9.63    0.239 -41.01   0      24.26     470.6685     47.68608
       194    250.7593    439.2174     12651.19     372.0617  14.7447   0.0319    16.38    0.348   1.52   0      50.62       947.11     50.25378
       195    347.9826    437.4699     12366.72     405.5704  14.7694   0.0356    12.45    0.379   4.09   0      47.89     876.3023     49.69889
       196    835.9330    439.9032     2238.209     84.42513  16.6252   0.0410     1.48    0.124 -78.86   0      42.75     2038.926     54.43831
       197    570.0283    438.8937     4520.594      276.135  15.8620   0.0663     6.48    0.483  -2.30   0      24.41     653.8223     48.06933
       198    417.0075    430.1886     2139.072     84.15783  16.6744   0.0427     1.08    0.107 -87.97   0      52.44     2222.116     55.40826
       199    640.9160    422.1666     61100.04     437.7045  13.0349   0.0078    11.05    0.230  -0.68   2      195.3     4484.243     63.92712
       200    100.3206    416.2002       480133      627.218  10.7966   0.0014     9.91    0.249   4.29   0      810.4     37612.84      138.408
       201    345.3765    421.0815      4779.94     314.7437  15.8014   0.0715     9.65    0.448  -3.54   0      22.84       412.26     47.40689
       202    546.2298    421.2256     3112.792     239.9393  16.2671   0.0837     5.99    0.305 -44.91   0      16.36     368.6341     47.44323
       203    179.1109    413.0233     11797.58      419.712  14.8205   0.0386     0.96    0.710  -0.52   2      36.47     1853.701     53.65945
       204     21.2549    400.2454     2147.895      111.013  16.6700   0.0561     3.66    0.528 -20.55   0      39.69     1539.197      52.6431
       205    261.0012    397.9877     58138.91     180.3802  13.0888   0.0034     4.24    0.025  85.30   0      353.6     57730.69     168.2297
       206    720.5923    381.1867     6668.976     324.2832  15.4399   0.0528    12.35    0.439  -0.92   0       29.4      565.558      48.1362
       207    949.6870    369.5084     146333.8     474.4371  12.0866   0.0035    10.01    0.231   6.67   0      384.6     11283.96     84.71986
       208    124.1621    370.0367     101701.4     443.7872  12.4817   0.0047    11.75    0.250   2.91   0      299.1     7814.208     74.91285
       209    206.7037    375.1980     6603.445     366.7657  15.4506   0.0603    10.29    0.222  18.54   0      26.37     418.0346     47.43457
       210      3.7182    373.6291     4922.498     255.6885  15.7695   0.0564    10.29    0.265  30.63  24      26.82      579.395     48.20149
       211    992.2765    366.9463     8574.345     361.2016  15.1670   0.0457    13.88    0.369  11.89   0      36.41     659.2606     48.45666
       212     82.5996    364.8714     5034.529     330.2606  15.7451   0.0712    10.78    0.488   2.37   0      23.34     439.6066     47.53781
       213    284.6194    348.0174     50811.59     400.5384  13.2351   0.0086    10.04    0.272   5.10   0      177.5      4128.69     62.92835
       214    985.2098    343.6302     11966.42     356.8656  14.8051   0.0324    10.89    0.333   5.42   0      50.68     1020.855     50.47103
       215     40.7603    333.2635     6436.078      352.914  15.4784   0.0595    11.42    0.203   4.51   2      27.47     488.1563     47.76936
       216    100.6713    332.5193     4873.522     308.2736  15.7804   0.0687     7.68    0.363  22.10   0      21.14      454.156     47.36222
       217    310.7177    329.1839     10080.11     384.7427  14.9913   0.0415    11.25    0.389   5.51   2      45.05     659.4313      48.5774
       218    745.3268    326.2659     4514.552     309.8924  15.8635   0.0745    10.87    0.526 -12.04   0      20.95     362.6896     47.04511
       219    198.4725    326.6744     2873.378      178.486  16.3540   0.0675     0.00    0.571 -34.23   0      29.05     1371.667     51.69012
       220    165.4648    326.1347     1480.011     105.5814  17.0743   0.0775     1.10    0.222  15.48   0      32.56     1284.869     51.30707
       221    890.7642    315.8624     111854.4     438.7963  12.3784   0.0043     9.99    0.276   2.77   2      318.2     8903.866      78.1488
       222    419.5750    322.1164     4296.387     300.6756  15.9172   0.0760     7.69    0.418  14.16   0       19.4     370.1768     47.08127
       223     91.9447    316.9551     5567.701     321.2541  15.6358   0.0627     7.77    0.275 -19.67   0      20.83     360.8152     47.28285
       224     21.9873    306.7197     5349.508     300.9876  15.6792   0.0611     6.96    0.340  48.47   2       21.4     418.8966      47.4387
       225    328.1415    305.1246      2219.33     115.0185  16.6344   0.0563     0.00    0.322  37.23   0      49.81     1650.743     52.90294
       226      5.3032    302.8027     1185.432     91.62341  17.3153   0.0839     3.45    0.404 -22.68  16      26.59     729.7552     48.90531
       227    351.8378    299.3225     11094.53     459.3965  14.8872   0.0450    13.44    0.313   9.88   0      35.24     613.5262     48.36216
       228    829.2726    294.5930     29458.38     466.5261  13.8270   0.0172    10.31    0.309   2.09   0      102.2     2095.522     54.88654
       229    343.6186    293.5024     3307.286     190.8375  16.2013   0.0627     4.25    0.550  55.66   1      26.02      1362.06     51.42203
       230     37.0796    292.2380     4238.925     296.7356  15.9319   0.0760     8.63    0.339  16.08   0       20.9      494.494      47.7995
       231     11.2933    288.8413     8127.777     367.3133  15.2251   0.0491    12.20    0.485  -5.78  16      30.21     494.4767     47.43279
       232    527.1784    286.6172     15754.81     429.7081  14.5065   0.0296    11.63    0.353   2.67   2      58.88     1118.742     50.90991
       233    360.2963    273.6022     93916.27     427.7075  12.5681   0.0049    10.20    0.284   2.39   0      282.9     7370.397     73.55408
       234   1012.0880    276.8500     11360.54     385.4983  14.8615   0.0369    12.54    0.368  10.30  16      46.64     830.4138     49.13457
       235    211.5417    275.5687     11202.18     427.9738  14.8767   0.0415    14.33    0.266   6.20   2      41.49     709.6429     48.69239
       236    931.4850    277.3743     8844.443     425.6959  15.1333   0.0523    11.25    0.500   3.59   0      26.93     503.0457     47.59624
       237    241.7251    274.1515     28097.91     346.1884  13.8783   0.0134    18.49    0.293   8.26   0      110.5     2274.014       55.516
       238    617.2625    273.3311     5752.826     337.7188  15.6003   0.0638     8.79    0.283 -22.91   0      22.62      386.667     47.28404
       239     49.8375    265.8362     29764.67     358.4132  13.8157   0.0131    10.49    0.274   1.08   0      112.7     2329.386     55.84653
       240    517.5759    268.2129     8553.673     415.1577  15.1696   0.0527    13.97    0.388  -4.13   0       32.7     574.1691     48.29749
       241    133.6712    264.8772     17657.54     435.7504  14.3827   0.0268     0.00    0.364 -19.07   0      68.94     926.6032      49.5775
       242    297.8606    261.6375     5026.962     316.7644  15.7467   0.0684     8.99    0.431   3.09   0      22.66     468.7606     47.67699
       243    470.5518    261.9797     3407.642     227.7842  16.1689   0.0726     2.85    0.396 -39.31   0      17.99     424.0252     47.70784
       244    270.5517    253.1322     1156.976     106.2617  17.3417   0.0997     2.76    0.520  62.16   0      19.04     910.9681     49.74031
       245    947.5060    252.0168     5313.094      339.143  15.6866   0.0693     9.17    0.404   8.27   0      22.05      417.312      47.0616
       246    437.8444    249.9609     4028.871     290.1276  15.9870   0.0782     7.66    0.452   4.68   0      19.33     415.2961     47.42144
       247    133.4848    241.2255     25866.93     549.9366  13.9681   0.0231    10.83    0.298   5.91   0      77.52     1450.141     51.92206
       248    986.8271    243.1589     3136.707     88.47019  16.2588   0.0306     0.99    0.044 -58.46   0      57.32      3018.99     58.78408
       249    252.9014    232.3510     5868.567      366.707  15.5787   0.0679    10.25    0.530  -2.34   0       22.3     409.8125     46.90146
       250    844.6018    231.0985     5703.582     371.7278  15.6096   0.0708    10.86    0.342 -38.94   3      28.87     451.5599     47.59492
       251    852.5167    223.1341     16271.26     473.1521  14.4714   0.0316    12.06    0.262  -7.81   2      56.54     1018.168     50.11175
       252    753.7995    218.6644     66370.51     449.9098  12.9451   0.0074    11.38    0.254   1.22   0        213     5061.059     66.21013
       253     17.0188    223.8328     1569.006     86.05433  17.0109   0.0596     4.57    0.186 -73.17   0      43.83     1356.741     51.96152
       254    571.8924    211.8649      4288.89     296.2832  15.9191   0.0750     7.03    0.358  14.44   0      18.49     367.7155     46.94559
       255     44.6524    208.3928     5223.408     177.3996  15.7051   0.0369     6.95    0.447  53.77   0      62.55     2989.891      58.5722
       256    706.1003    206.8313     6478.963     392.3711  15.4712   0.0658    12.70    0.620  13.62   2      26.34     530.1674     47.35837
       257    783.2113    205.0820     4934.599      309.731  15.7669   0.0682     7.96    0.250 -13.35   0      21.97     463.0139     47.64959
       258    301.2646    202.1402     12233.92     378.7844  14.7811   0.0336    11.58    0.424   4.68   0      49.35     1024.023     50.25423
       259    486.1772    202.7728     1181.586     85.02498  17.3188   0.0781     1.84    0.222 -57.19   0      31.57     1140.019      51.0048
       260    846.4742    200.4006     4859.028     314.8008  15.7836   0.0704     9.09    0.567  10.28   0      21.83     408.5076      47.3889
       261    929.0204    192.5405     28859.47     646.8618  13.8493   0.0243    13.27    0.387  20.75   2         65     1137.248      50.7637
       262    926.1019    181.0863     21554.19     547.0888  14.1662   0.0276    12.14    0.266  -6.45   3      53.87     836.8143     49.04566
       263     26.6489    193.2604     14237.94     451.3813  14.6164   0.0344    11.98    0.357  -2.23   0      51.59     949.8336     49.91758
       264    572.4135    189.3024     7236.627     354.2514  15.3512   0.0532    12.52    0.353   6.34   0      30.38     574.6404     48.05813
       265    348.4755    184.9008     65728.38      424.623  12.9556   0.0070    10.18    0.288   5.80   2      208.2     4621.336     64.23172
       266    547.1053    175.4577     7532.114     354.8512  15.3077   0.0512    13.15    0.364   1.73   0      31.97     635.3785     48.10317
       267    902.3143    173.0268     17599.91     511.3015  14.3862   0.0315    10.82    0.359   5.48   0      55.73     1125.055     50.47904
       268     53.0800    169.6939     34286.24     368.0511  13.6622   0.0117    10.64    0.264   3.80   0      127.8     2646.788     57.02166
       269    102.7975    162.6222     52032.12     435.6503  13.2093   0.0091    10.08    0.269   1.43   0        175     3929.678     62.01806
       270    567.5179    164.4478     9236.057     379.2898  15.0863   0.0446     0.00    0.462  21.92   0      40.07      713.715     48.59178
       271    278.3348    162.9999     9395.793     322.6009  15.0677   0.0373    12.65    0.383   5.05   0      41.53     878.4359     49.82558
       272    525.7637    158.5022     9846.795     387.2436  15.0168   0.0427    13.03    0.371   8.26   0      41.24     764.7584       48.591
       273     74.7804    156.1992      7201.53     345.0753  15.3564   0.0520     8.06    0.524  20.92   2      25.64     387.3311     47.28723
       274    614.0811    136.9641     85337.95       426.89  12.6721   0.0054     9.90    0.292   3.22   0      262.5     6702.126     71.45938
       275    347.3286    138.4908     6860.498     323.0692  15.4091   0.0511     0.00    0.061  11.39   0      32.95      883.998     49.49951
       276    299.8876    131.9176     44671.21     402.8589  13.3749   0.0098    12.17    0.248  17.80   0      151.5      3093.57     58.77544
       277    229.0611    139.1742     6610.677     211.9047  15.4494   0.0348     8.58    0.149  65.65   0      61.44     3293.331     59.73801
       278    819.1152    136.8659     4470.979     261.4803  15.8740   0.0635     5.86    0.641 -27.58   2       21.3     351.3358     46.99023
       279    431.5069    134.0977     10688.07     381.3052  14.9278   0.0387    11.98    0.418   6.85   0       42.8       884.74     49.26724
       280    123.6727    133.0488     10009.28     266.7964  14.9990   0.0289     9.91    0.286   3.51   0       47.8     989.2485     49.98042
       281    177.1591    133.4745     2089.344     92.27543  16.7000   0.0480     1.67    0.132 -67.00   0      44.98     2026.112     54.59837
       282    181.7019    120.6322     17050.64     451.8304  14.4206   0.0288    10.64    0.220   0.96   2      64.51     1205.919     50.61238
       283    184.6173    110.7483     9655.644     423.3888  15.0380   0.0476    12.99    0.254   0.97   3      32.98     571.9922     48.28724
       284    889.9449    113.5380     3802.217     270.2117  16.0499   0.0772     4.99    0.228 -10.96   0      17.89     385.4482      47.4011
       285    497.5737    104.3175     4127.142     289.7028  15.9609   0.0762    10.27    0.452  -9.97   0      20.78     360.8094     47.15959
       286     89.7661    100.1753     7954.647     388.0108  15.2484   0.0530     9.74    0.479  44.47   0      29.63     567.5458     48.38672
       287     45.5216     91.2844      11455.4     293.4193  14.8525   0.0278     0.00    0.513 -49.50   0      56.11     4467.215     63.68406
       288    247.0808     83.6277     7236.671     364.3737  15.3512   0.0547    12.32    0.401  -3.76   0      29.47      567.279     48.14433
       289    865.5790     79.7257     6329.603     352.0198  15.4966   0.0604    11.41    0.379   9.78   0      26.73     445.9588     47.69035
       290   1005.4071     79.8109     4335.446     258.0011  15.9074   0.0646     0.00    0.390  -8.57   0      21.61     648.8391     48.52782
       291    117.3551     85.7862     10865.28     428.1349  14.9099   0.0428    15.84    0.415  17.39   0      40.79     767.9004     49.31881
       292    586.8835     71.1126     16187.81     432.2992  14.4770   0.0290    11.25    0.305   8.40   0      56.82     1064.801      50.3228
       293    565.9604     71.5570     6734.729     365.2574  15.4292   0.0589     9.64    0.427  18.94   0      23.64     390.2662     47.30133
       294    741.1503     64.8036     11406.11     335.9183  14.8572   0.0320    11.80    0.301   5.45   0      48.96     943.8055     49.89013
       295    549.7928     45.9142     12742.62     395.2471  14.7369   0.0337    11.04    0.390   6.06   0      50.23     1033.505     50.29709
       296    680.0884     38.8022     6095.006     359.6382  15.5376   0.0641    10.46    0.443 -11.12   0      24.25     474.9874     47.70667
       297    392.8871   1015.3272     15370.34     333.3939  14.5333   0.0236    16.43    0.427   1.80  16      61.66     1107.612     50.28486
       298    940.9771     36.0794     1845.599     83.36153  16.8347   0.0491     0.00    0.125 -60.49   0      51.08     1699.359     53.22084
       299    135.8078     34.3887     4474.718     300.3264  15.8731   0.0729     7.25    0.520 -12.64   0      17.63     380.6906      47.2553
       300    269.9778   1016.8154     2416.404     84.90348  16.5421   0.0382     0.96    0.075 -89.96   0      54.14     2516.441     56.70536
       301    416.7801   1003.6259     16459.42     322.6166  14.4590   0.0213    10.28    0.313   4.87  16      69.79     1486.149     52.52449
       302     57.9466   1006.1949     8040.044     406.7313  15.2369   0.0549    11.90    0.512  10.84  16      28.95     550.4325     48.18566
       303    117.2868   1001.5283     9043.321     254.2263  15.1092   0.0305    10.60    0.374   4.42   0      43.65     954.8636     49.70688
