#   1 NUMBER                 Running object number                                     
#   2 X_IMAGE                Object position along x                                    [pixel]
#   3 Y_IMAGE                Object position along y                                    [pixel]
#   4 FLUX_AUTO              Flux within a Kron-like elliptical aperture                [count]
#   5 FLUXERR_AUTO           RMS error for AUTO flux                                    [count]
#   6 MAG_AUTO               Kron-like elliptical aperture magnitude                    [mag]
#   7 MAGERR_AUTO            RMS error for AUTO magnitude                               [mag]
#   8 FWHM_IMAGE             FWHM assuming a gaussian core                              [pixel]
#   9 ELLIPTICITY            1 - B_IMAGE/A_IMAGE                                       
#  10 THETA_IMAGE            Position angle (CCW/x)                                     [deg]
#  11 FLAGS                  Extraction flags                                          
#  12 SNR_WIN                Gaussian-weighted SNR                                     
#  13 FLUX_APER              Flux vector within fixed circular aperture(s)              [count]
#  14 FLUXERR_APER           RMS error vector for aperture flux(es)                     [count]
         1    640.7178     37.4986     69869.57     1083.831  12.8893   0.0168    21.58    0.553  -8.28   0      97.22     2407.281     98.41096
         2    447.8235     32.2584     18112.44     865.3284  14.3551   0.0519    14.11    0.387 -50.74   0      32.13     863.8012     95.55757
         3    837.2685     31.0385      27997.2     862.2135  13.8822   0.0334     9.07    0.192 -23.74   3      52.61      2154.46     98.57947
         4    855.5604     17.6146     158714.7     1062.391  11.9985   0.0073    28.05    0.200 -10.82  18        241     9814.014      115.532
         5    923.3302     31.4380     16133.57     623.4757  14.4807   0.0420     8.74    0.183  -5.19   2      38.32     1510.933      97.0845
         6    482.5511     26.8677     27189.58     864.8596  13.9140   0.0345    15.45    0.193 -21.12   0      50.44     2044.601     98.32587
         7    742.9973     19.9996     39592.68     702.2745  13.5060   0.0193    13.58    0.159  -3.30   0      86.38     3519.597     101.6781
         8    708.2428     10.6313     512734.7     936.6689  10.7253   0.0020     8.39    0.177  -8.11  16      708.4     44074.04     169.9147
         9    437.8063      7.8943     240413.8     793.0356  11.5476   0.0036    11.83    0.239  -3.29  24      413.6     21482.32     136.0269
        10   1017.8091     11.2295     14281.63     584.9891  14.6131   0.0445    12.82    0.296 -49.14  16       31.4     1101.515     96.63354
        11    222.9485      7.8303     49700.71     687.8217  13.2591   0.0150     9.42    0.260  -0.95  18      103.3     4113.236     103.2358
        12    139.3207      7.7830     53172.31     659.6819  13.1858   0.0135     8.85    0.202  -2.03  16      116.6      4893.45     104.9394
        13    887.2713      9.5902     7719.574     611.3829  15.2810   0.0860     7.30    0.254  87.07  16      21.24     911.4111     95.67074
        14     10.3529      6.8129     20128.32      554.835  14.2405   0.0299    15.06    0.303 -10.37  16      49.94     2297.263     99.40605
        15    973.2266      4.6611     6932.408     362.6498  15.3978   0.0568     7.37    0.457  -4.63  16       24.2     1396.753     97.07147
        16    818.7579    992.2839     20257.66     512.0867  14.2335   0.0275     8.25    0.260  -0.68   0      51.44     2222.765     98.23553
        17    412.2016   1019.6290     65502.18     670.3913  12.9594   0.0111    10.43    0.405   1.55  24      135.9     6128.396       107.81
        18    526.2493    988.4814     17631.94     562.6556  14.3842   0.0347     8.19    0.233   2.66   0      44.95     2079.005     97.90237
        19    598.3004    987.2320     10108.55     600.0531  14.9883   0.0645    10.22    0.209  -7.91   0      25.61     1179.007     95.27351
        20    969.6457    983.8227     12542.94     544.9664  14.7540   0.0472    12.21    0.234  40.36   0      28.17     939.7767      96.2524
        21    159.1127    982.2422     12467.61     690.7656  14.7605   0.0602    10.33    0.251  -0.19   0      27.88     1117.832     95.64505
        22    109.7446    976.3143     89730.69      942.069  12.6176   0.0114    11.78    0.299  40.77   1      146.9     4786.837     103.9986
        23    457.7956    978.3561     7521.277     566.2379  15.3093   0.0818     6.95    0.293 -18.78   0       19.3     883.5802     96.11961
        24    637.5706    970.9477     179588.9     788.0394  11.8643   0.0048     8.11    0.178  -3.03   0      327.5     16897.23     128.3298
        25    760.2983    954.2108     59197.76     807.1228  13.0692   0.0148    10.81    0.233  -0.07   2      117.9     5004.431     104.9445
        26    485.6644    969.9960      51495.6     856.2188  13.2206   0.0181     8.83    0.247  -7.46   0      96.76     4242.906     103.5209
        27    296.1151    964.1038     59469.54     896.3178  13.0643   0.0164     8.90    0.314 -30.94   0      109.2      4883.87     104.2104
        28     92.4126    959.2733     114371.7     897.8442  12.3542   0.0085     8.18    0.184  -1.00   0      214.5     10176.78     115.8179
        29    970.9991    972.3291     5565.611     186.0666  15.6362   0.0363     1.01    0.165  89.91   0      73.82     5853.143     106.7667
        30   1011.2419    956.3726     28732.68     724.7628  13.8541   0.0274    15.36    0.449 -37.08  16      57.31     2225.843     99.24263
        31    789.8994    960.4808     9547.227     573.5433  15.0503   0.0652     9.32    0.368   6.45   0      24.72     1152.616     95.46945
        32    262.4087    959.6707     17802.87     282.2759  14.3738   0.0172     7.23    0.534  25.78   0      149.1     14593.57     123.9841
        33    667.7296    953.4507     26595.48     861.1276  13.9380   0.0352     9.91    0.117   9.80   2      46.13     1760.384     97.66671
        34    535.4405    953.3417     39744.93     813.8509  13.5018   0.0222    14.69    0.404  13.19   0      79.21     2952.096     100.4016
        35    403.0237    950.6979     74757.11     905.6537  12.8159   0.0132     8.36    0.195   9.29   0      141.5     6256.915     106.7014
        36    282.8484    956.0387     4712.714     174.7292  15.8168   0.0403    -2.30    0.190 -18.70   0      74.31     4202.073     102.9528
        37     43.1956    955.0576     6304.501     523.8363  15.5009   0.0902     6.65    0.558   6.47   0      17.97     767.7314      95.5874
        38    759.4039    971.1465     35107.27     721.6461  13.6365   0.0223    10.20    0.132  62.21   3       72.2     2832.352     100.3764
        39    372.1486    949.8486     25773.73     953.4293  13.9721   0.0402    10.47    0.261  -7.39   0      39.59     1380.633     97.03372
        40     14.0395    952.5038     5866.045     447.3803  15.5791   0.0828     4.96    0.640  -0.18   0      16.74     678.4321     94.07182
        41    971.2179    945.9891     23279.77     668.0404  14.0826   0.0312     7.98    0.195  -4.64   0      53.55     2427.848     99.20776
        42    960.3492    960.1273     51973.57     661.1383  13.2105   0.0138     8.67    0.212  -7.87   0      111.4     4727.635     104.1065
        43    195.0052    941.7885     3782.896     315.0025  16.0554   0.0904     0.00    0.149  43.95   2      17.46      1332.79     96.66657
        44    352.7800    930.5913     35096.47      803.386  13.6368   0.0249     9.64    0.262   1.98   0      72.98     3037.552     100.5948
        45    271.7899    928.3102     56511.98     718.1165  13.1196   0.0138    14.77    0.371  -2.48   0      113.5     4934.357     104.5568
        46     64.0060    931.5198     12758.79     715.4362  14.7355   0.0609     9.08    0.338   4.07   0      23.73     916.3441      95.9401
        47    716.1963    920.7478     20041.37     956.5886  14.2452   0.0518    13.67    0.366  68.18   0      31.75      999.533     96.13696
        48     16.6992    923.9218     6268.753     514.3093  15.5070   0.0891     6.27    0.490  -6.10   0      16.91     739.1623     94.48006
        49    783.7468    920.2440     22136.56     882.6157  14.1372   0.0433    10.83    0.267   2.00   0      35.44      1328.15     96.91072
        50    288.9678    917.5968     12867.73     578.0692  14.7262   0.0488     9.70    0.379   3.50   0      31.52     1298.696     97.09619
        51    592.1941    910.9074       113244     847.3363  12.3650   0.0081     8.19    0.231  -2.79   2      214.4     10162.11     115.5757
        52    564.5507    915.1907     9599.765      633.875  15.0443   0.0717     9.09    0.293  -8.56   0      21.36     866.5695     95.82211
        53    674.5234    913.6036     9846.785     637.8455  15.0168   0.0703     8.08    0.190   0.14   0      21.18     927.5068     95.70896
        54   1002.0817    910.7311     13650.32     651.6297  14.6621   0.0518     8.62    0.269   0.83   0      33.49     1406.606      96.3288
        55    728.1071    911.4298     10528.14     653.3796  14.9441   0.0674     8.33    0.320 -14.46   0       21.9      879.065      94.5553
        56    892.8489    908.0472      28526.4     676.2416  13.8619   0.0257     8.73    0.199   3.08   0      62.66     2659.356      99.9839
        57    621.7413    903.3187     371706.4     1018.159  11.0745   0.0030    25.69    0.319  -7.22   0      520.7     27525.03     145.4347
        58    984.8013    906.8622     16938.11     661.2292  14.4278   0.0424     9.15    0.263  -2.28   0      39.96     1631.604     97.61977
        59    790.3938    906.3765     32507.81     833.5811  13.7200   0.0278     8.79    0.245  -5.13   0      64.61     2737.883     100.1622
        60    305.9155    905.1598      51859.2     627.5767  13.2129   0.0131     7.98    0.182  -0.08   0      120.2     5537.097     105.6254
        61    209.2178    905.6256     28206.31     789.0178  13.8741   0.0304     8.65    0.270   0.38   0      57.93     2612.196     100.1235
        62    860.4262    900.1642     50726.83     775.0449  13.2369   0.0166     8.90    0.113   2.78   0      101.3     4136.463     103.5257
        63    394.9522    898.7983     83473.27     777.4773  12.6961   0.0101     9.99    0.093  71.57   0      155.1      5453.97     105.9136
        64    360.2567    903.9209     8213.577      421.622  15.2137   0.0557     8.91    0.252  14.96   0      24.49     1075.196     95.54369
        65     84.7793    900.4194     65152.29     874.7787  12.9652   0.0146     8.26    0.191   2.25   0      129.5     5822.268     107.1627
        66    432.5732    901.6956     18607.01     815.5292  14.3258   0.0476     9.06    0.262   3.35   0      36.79     1522.548     96.08952
        67    497.4458    897.7599     54176.67     916.1016  13.1655   0.0184     8.74    0.162  -8.30   0      102.8     4251.157     103.0611
        68    472.4904    900.9732     15581.28     782.2233  14.5185   0.0545     9.89    0.314  -8.17   0      24.96     850.9865     94.74868
        69      4.9557    895.9529     6659.105     374.2065  15.4415   0.0610     9.30    0.018 -64.18  16      22.63     1118.349     96.41744
        70    718.2032    884.1290     238910.8     1229.115  11.5544   0.0056    11.77    0.243 -45.80   0      339.1     14372.56     123.5783
        71     38.3288    884.7994     12561.21     630.0574  14.7524   0.0545     9.27    0.291   4.49   0       30.2     1297.172     96.58279
        72    299.3464    878.5431     20258.81     489.9148  14.2335   0.0263     2.91    0.269   9.35   0      54.22         3344     101.7711
        73    663.5132    878.6771      16992.1     795.1495  14.4244   0.0508     9.83    0.410  -5.18   0      26.81     823.5983     94.94331
        74    875.7076    872.8456     15896.08     829.7836  14.4968   0.0567    12.77    0.291  87.28   0      28.68     832.4895      94.7043
        75    786.3462    874.1387     13624.99     608.5244  14.6642   0.0485     7.76    0.220   0.28   0      34.04     1588.156     97.51857
        76    526.1857    873.2544     12044.79     717.7933  14.7980   0.0647     8.98    0.346  -0.52   0      22.24      878.562     95.85056
        77   1021.6007    872.2678     5258.719     378.2813  15.6978   0.0781     7.23    0.075 -45.66  24      19.38     1067.963      96.5546
        78    545.0871    871.9781     13806.42     671.2762  14.6498   0.0528     7.73    0.246 -20.99   0       23.9     830.2026     94.95913
        79    102.1583    892.1982     12143.02     674.3832  14.7892   0.0603     9.51    0.465   5.44   0      23.78     1000.899     96.39661
        80   1001.4982    864.4329     24463.63     664.7398  14.0287   0.0295     8.56    0.261  -8.10   0      54.18      2183.39     97.64005
        81    812.3419    865.0896     8804.694     554.6457  15.1382   0.0684     3.79    0.148 -13.74   0      25.23      1409.01     96.33447
        82    460.7477    854.3301     840241.2     1024.532  10.1890   0.0013     8.20    0.153  -3.76   0      989.8     75930.73     207.8538
        83    697.0735    859.8804     22462.08     859.3181  14.1214   0.0415     8.79    0.228 -16.75   0      37.69     1520.957     96.59821
        84    584.8175    861.1434     25201.16      946.145  13.9964   0.0408    11.29    0.356  -0.89   0      35.27     1279.848     96.79738
        85    334.7470    863.1592     11011.14      676.743  14.8954   0.0667     8.52    0.460   2.91   0      21.12     836.6823     95.75121
        86    551.8892    857.4836     59133.78     1007.121  13.0704   0.0185     8.59    0.206  -4.39   0      101.8     4452.104     103.5033
        87    171.1797    856.6664     57189.82     841.0177  13.1067   0.0160     8.00    0.239   1.74   0      115.1     5148.778     105.4909
        88    931.2596    857.7422     10359.58     623.3506  14.9616   0.0653     8.00    0.190   0.76   0      22.34     950.7338     96.27827
        89    504.5170    855.7578     20400.63     549.3581  14.2259   0.0292     9.88    0.084 -20.59   0      48.86     2004.269     97.72871
        90    774.6914    856.6710     10490.46     546.3735  14.9480   0.0566     9.57    0.339  -2.69   0      27.99     1269.928     96.26257
        91    526.5465    855.6751     13325.36     540.7466  14.6883   0.0441     8.25    0.287 -12.76   0      35.96     1627.067      97.1021
        92    850.4021    854.2426     8734.468     492.1217  15.1469   0.0612     8.02    0.282  -4.67   0      24.22     1199.623     96.86401
        93    631.6686    852.7125     43985.87     1124.338  13.3917   0.0278    11.17    0.355  -7.95   0      44.17     1318.525     96.12076
        94    788.4525    852.1739     9538.854      190.858  15.0513   0.0217     1.03    0.067  -9.10   0       98.8     9220.261     113.9255
        95    720.1886    847.7293     28520.28     1031.177  13.8621   0.0393    13.20    0.229   4.28   0       35.4     1093.235      96.1017
        96    649.9108    845.0475     44111.87     1284.725  13.3886   0.0316    15.29    0.204 -81.25   0       42.5     966.8275     95.28556
        97     17.6036    849.7886     5040.314     403.4176  15.7439   0.0869     4.17    0.427  42.68   2      16.14     699.3438     95.16562
        98    959.4825    841.5666     90608.54     916.3823  12.6071   0.0110     8.40    0.212  -4.00   0      168.8     7504.491     110.0017
        99    913.3600    838.8815     198984.2     874.9808  11.7530   0.0048     9.47    0.172  -5.37   0        344     16828.08     127.6284
       100    763.7336    845.9487     9222.642     608.9084  15.0879   0.0717     9.45    0.372   7.58   0      22.95      977.684     95.82804
       101    201.6293    838.8341     79400.77     820.3494  12.7504   0.0112     8.15    0.206   1.96   0        161     7523.534      110.712
       102    982.8868    834.5972     32604.38     920.1718  13.7168   0.0306     9.71    0.293  -5.61   0      57.55     2378.621     99.34372
       103    739.2183    841.8867     8891.825      574.359  15.1275   0.0701     7.07    0.601   1.16   0      20.55     780.1378     95.09916
       104    965.5037    827.2107     13966.48     758.5153  14.6373   0.0590     9.51    0.417 -19.66   0      25.01     805.1667     95.41801
       105    157.9249    825.9012     14547.79     609.8817  14.5930   0.0455     8.99    0.258   1.21   0      35.83     1415.598     96.09347
       106     52.1556    823.5929     30379.32     815.0261  13.7936   0.0291     8.83    0.177  -9.89   0      60.91     2488.126     99.84148
       107    820.7996    826.1691      9094.16     589.2877  15.1031   0.0704     6.86    0.181  20.68   0      19.48      833.567     96.00129
       108    128.4883    817.8088     66121.86     743.8983  12.9491   0.0122     8.34    0.216 -11.79   2      134.2     5738.916     106.2913
       109    445.3560    815.9039     30186.21     585.8928  13.8005   0.0211     8.98    0.264  -8.90   0         69     2742.054     98.93188
       110    737.5452    811.7820     127710.8     971.0921  12.2344   0.0083     8.39    0.187  -3.76   2      224.4     10403.38     116.2617
       111    720.4134    805.0463     31599.73     895.4473  13.7508   0.0308     9.89    0.280   5.86   3      58.42     2408.031     99.65898
       112    906.0642    808.4803     159352.2     873.8549  11.9941   0.0060     8.28    0.176  -1.81   0      287.8     14019.93     122.7271
       113    868.5085    815.3234     5792.891     498.2492  15.5928   0.0934     6.11    0.011  83.39   0      16.86      778.328     94.83488
       114    779.9247    810.0944     82304.56     1057.653  12.7114   0.0140     8.97    0.269 -15.25   0      140.5     5867.366     106.3337
       115    502.0046    806.5806     65546.38     684.9766  12.9586   0.0113    10.84    0.160   5.13   2      137.3      6113.04     107.3185
       116    501.0131    796.4964     26115.15     706.6866  13.9578   0.0294     8.99    0.251  -0.98   3      58.69     2398.859     98.89202
       117    388.6172    808.8721      20191.8      719.511  14.2371   0.0387     8.19    0.246  -5.48   0       44.7     1925.691     98.30207
       118    287.3245    808.0973     32761.36     826.9609  13.7116   0.0274    15.08    0.205 -16.48   0      69.77     2736.085     99.41602
       119    656.4645    801.7147     26868.59     833.5243  13.9269   0.0337     8.32    0.202  -5.42   0      51.31     2030.081     97.78873
       120    319.0020    802.9949     56950.22     227.6095  13.1113   0.0043     0.00    0.007  83.92   0      343.6     56490.59     185.5159
       121    266.8340    797.3717     94626.23     782.3101  12.5600   0.0090     8.21    0.205  -1.04   0      189.2     8767.572      113.237
       122    329.7718    799.0817     8814.388     551.3016  15.1370   0.0679     6.43    0.327 -15.03   0      19.43     811.0306     95.43198
       123    214.2071    797.9058     5758.101     467.5618  15.5993   0.0882     5.26    0.237 -27.34   0       16.2     747.0383     95.27946
       124    199.2457    796.2365     9883.501     645.5522  15.0127   0.0709     8.09    0.154 -10.45   0       19.8       720.98     95.21728
       125    394.1737    789.7476     20748.99     783.7233  14.2075   0.0410     9.20    0.306  -8.92   0      42.15     1835.017     98.09221
       126    107.2408    790.5248     13641.07     714.8536  14.6629   0.0569     9.94    0.676  18.88   0      26.93     708.1484     95.18665
       127    833.5801    784.5211     26424.39      1080.41  13.9450   0.0444    14.90    0.408  64.88   0      36.23     775.8626     95.60674
       128    910.6332    786.6874     19895.22     788.1876  14.2531   0.0430     8.77    0.237   6.71   0      41.15     1711.868     97.04634
       129    849.0425    784.8762     54587.79     1251.564  13.1573   0.0249    11.19    0.386  -1.10   0      58.57     2188.879     98.65879
       130    516.1628    783.9379     26164.46     734.9553  13.9557   0.0305     8.52    0.255  -9.40   0      59.62      2700.25     99.82985
       131     46.3676    775.7784     324139.6     1041.815  11.2232   0.0035    14.35    0.351  30.53   0      463.2     23838.78      140.261
       132    113.2834    778.3521     138267.1     952.4113  12.1482   0.0075     9.16    0.164   0.44   3      240.6     11124.21     117.0313
       133    133.4622    777.1437      88435.3     842.1227  12.6334   0.0103     9.14    0.213  -3.87   3      174.8     7893.687     111.2476
       134    791.4470    779.1157     12506.38     723.0786  14.7572   0.0628     9.31    0.316  -8.70   0       24.9     1028.038     95.43144
       135    750.5573    776.7809     19556.77     807.4296  14.2718   0.0448    14.38    0.560  -5.40   0      34.32     1373.922     97.27211
       136    596.3439    776.0608     6934.834     547.1529  15.3974   0.0857     8.34    0.265   9.25   0      19.99     927.8837     95.96743
       137    280.8316    772.2997     12368.62     696.0731  14.7692   0.0611    10.91    0.281  27.22   0      28.06     1174.037     95.00217
       138    526.3847    762.1193     159861.3     1043.296  11.9906   0.0071     9.01    0.248 -44.25   0      261.9     11860.42     118.8685
       139    436.6662    765.3293      39129.9     654.8261  13.5187   0.0182     8.10    0.218  -0.58   0      89.78     3968.568      102.436
       140    194.9320    766.8571     9751.132     187.8537  15.0274   0.0209     4.71    0.223  64.82   0      122.4     8933.517      113.134
       141    911.8597    765.0370     12289.64     639.6808  14.7762   0.0565     7.34    0.081  69.11   0      23.01     779.8051     95.35758
       142    118.1466    764.6697     12697.14       686.36  14.7407   0.0587     8.97    0.414  -6.12   0      24.55     842.4343     95.24792
       143    855.5477    761.7955     27385.69     981.8696  13.9062   0.0389    11.14    0.255  -6.62   0      38.53     1683.883     97.74141
       144     54.7455    758.7851     14591.64     757.8888  14.5897   0.0564     8.99    0.336 -13.08   0      25.43     738.7416     95.51845
       145    724.9274    751.2122      57328.2     655.4873  13.1041   0.0124    10.09    0.147   7.35   0      125.5     5594.937     106.4478
       146    364.2000    753.9236      16512.6     743.6745  14.4555   0.0489    12.22    0.391   3.62   0      34.33     1269.245     96.51705
       147   1021.5285    749.7526     27578.92     591.1774  13.8986   0.0233     8.17    0.344  87.34  27      71.85     3394.988     101.3992
       148   1018.4318    736.8381     37810.64     815.5837  13.5560   0.0234     9.60    0.139   6.58  19      68.66     2712.035     100.1036
       149    987.3613    751.3290     44948.75     1217.293  13.3682   0.0294    14.42    0.269 -14.81  18      44.86     1161.878      96.2639
       150    994.1958    744.5193        37255     1088.938  13.5720   0.0317    12.84    0.358 -23.30  19      41.33     951.5587     96.02348
       151    770.5725    753.0333      8770.43     547.9149  15.1424   0.0678     7.48    0.206  -0.79   0      24.27     1182.123     96.82294
       152    614.2379    750.7491     21697.75     841.6993  14.1590   0.0421     9.00    0.300  -3.14   0      39.38      1650.92     97.41165
       153    473.2047    752.3773     8591.678     588.0453  15.1648   0.0743     8.95    0.212 -28.71   0       22.1     1001.063     95.88348
       154    133.0851    750.9185     24241.84     795.6693  14.0386   0.0356     8.85    0.276 -14.71   2      52.27     2142.787     98.30176
       155    595.1636    749.3779      22086.6     830.7349  14.1397   0.0408     9.50    0.242   0.89   0      42.09     1726.271     98.34324
       156   1007.2319    749.3049     26067.25     858.8351  13.9598   0.0358     9.33    0.249  28.70  17      34.43     862.4625     94.51538
       157    854.4188    747.3246     21306.54     837.9193  14.1787   0.0427    15.42    0.522 -13.08   0      37.34     1208.313     96.37347
       158     70.6197    746.4164     6813.185     535.7036  15.4166   0.0854     6.77    0.336   7.09   0       18.9     878.2562     95.84983
       159    322.5586    741.5445     28061.71     794.4326  13.8797   0.0307     9.18    0.213  -6.98   2      56.46     2316.817     99.20222
       160    237.8410    741.7489     9989.203     663.5035  15.0012   0.0721     8.93    0.384   8.55   0      23.03     991.4083     96.11776
       161    453.8965    739.7089     11396.71     690.4131  14.8581   0.0658     9.80    0.336 -21.04   0      24.73     982.3671     95.32262
       162    212.2328    737.6716     17037.95     749.6202  14.4215   0.0478    12.61    0.197  85.18   0      32.83      1073.53     96.05509
       163    721.4731    738.8327     13494.62     571.8771  14.6746   0.0460     8.45    0.182   6.73   1      35.27     1479.551       97.011
       164    358.3364    739.1268     12207.71     723.8378  14.7834   0.0644    10.30    0.256 -38.38   0      25.25     913.5196     95.67574
       165    529.1237    736.5949     20212.81     844.9581  14.2359   0.0454     9.49    0.231   7.77   0       37.1      1533.84     97.13811
       166    948.1025    734.8564     37230.66     728.2706  13.5727   0.0212     8.35    0.224  -0.21   2      81.41     3494.564     101.1351
       167    442.3051    733.7718      18692.7     817.0651  14.3208   0.0475    13.36    0.160  10.46   0      37.93     1471.403     95.96848
       168    887.3811    726.0103     63537.63     844.9254  12.9924   0.0144    13.07    0.216  26.17   0      106.2     3166.267     100.8852
       169     10.3952    732.6842     7727.194     563.0419  15.2799   0.0791     7.73    0.417   6.42  16      20.27     868.5399     95.82679
       170    865.4135    729.9290     9038.916     509.5114  15.1097   0.0612     9.56    0.323  -2.81   0      25.06      1060.58     96.28117
       171    411.0544    722.5226     137377.5      839.939  12.1552   0.0066     8.15    0.168  -5.53   0      256.4     12272.25     119.4468
       172    118.2371    724.5978      43541.6     903.2684  13.4027   0.0225    16.70    0.243  16.22   0      81.76     3466.691     102.0447
       173    680.8304    726.2155     9161.673     477.0396  15.0951   0.0565     8.44    0.170   2.87   0      25.98     1297.645     97.09373
       174    520.9579    722.9286     6579.686     509.6257  15.4545   0.0841     6.31    0.490  11.54   0      17.96     907.1781     95.66068
       175    487.1238    715.3380     8748.521      568.904  15.1452   0.0706     7.30    0.322  -3.17   0      20.95     928.7324     95.71188
       176    286.5472    712.4315     15083.94     676.2868  14.5537   0.0487     8.97    0.302  10.62   0      36.26     1611.597     97.31986
       177    556.5571    706.5568     67495.52     1012.669  12.9268   0.0163     9.57    0.179 -14.80   3      112.1     4568.651     103.5207
       178    544.3309    701.9714     83904.37     980.4948  12.6905   0.0127     9.07    0.147   2.23   3        145      6238.03     107.5829
       179    817.6722    701.9253     189342.4     793.9625  11.8069   0.0046     8.21    0.177   1.67   0      340.6     17474.36     128.9656
       180    346.4026    707.0502     19975.04     602.7555  14.2488   0.0328    14.19    0.336   0.66   0      48.54     2089.632     98.42989
       181    191.1392    704.0737     96975.82     777.4556  12.5333   0.0087     9.34    0.273   4.03   0      181.7     8053.313     111.3517
       182    611.6614    706.0499     14047.24     554.5685  14.6310   0.0429     8.25    0.248  -8.09   0      36.44     1577.804     97.24091
       183    751.4971    704.3976     9749.784     624.1178  15.0275   0.0695     9.35    0.355  -7.35   0      24.05     1063.762     96.03197
       184    487.7331    705.1176     9238.426      584.084  15.0860   0.0687     7.74    0.305  16.39   0      21.24     953.2858     95.25325
       185    413.2245    693.3189     559008.9     967.1661  10.6315   0.0019    22.68    0.184   3.98   3      744.4     48533.89     175.4978
       186    408.8266    677.5073     127629.7     865.5652  12.2351   0.0074     8.18    0.205   2.30   3      231.9     10635.33     115.8652
       187    221.0796    696.0348     29176.43     590.7476  13.8374   0.0220     8.39    0.222  10.27   0       68.8     2988.251     100.4834
       188     40.4148    697.5731     15751.92     765.5268  14.5067   0.0528    10.73    0.168   3.12   0      33.66     1182.046     96.82275
       189    708.0593    694.6132     15569.06     749.1747  14.5193   0.0523    12.88    0.332  16.06   0      31.75     1265.224     96.76303
       190    587.6953    693.2413     20697.41     810.0394  14.2102   0.0425    11.18    0.259  15.12   3      41.07     1627.343     96.33707
       191    573.6503    685.4739     48052.43     1044.965  13.2957   0.0236    20.83    0.492  -2.97   2      72.88     2434.132     98.97305
       192    680.6067    693.3323     8407.192     579.5164  15.1884   0.0749     8.30    0.304   3.88   0      22.16     999.6124     95.88004
       193    768.4313    687.6611     10160.47     681.0035  14.9827   0.0728     8.84    0.351  44.22   0      21.28     926.4154     95.70638
       194    636.7251    688.8645     7212.232     513.5257  15.3548   0.0773     8.71    0.212 -22.13   0      20.48     842.5894     95.24829
       195     93.8232    688.2062     10360.85     649.5319  14.9615   0.0681     9.70    0.258   7.42   0      24.94      1072.08     96.30832
       196    255.7356    677.9279     42118.04     1110.148  13.4388   0.0286    13.38    0.251 -84.66   0      60.87     2279.449     98.61721
       197     51.4409    678.2341     22851.26     632.7838  14.1027   0.0301     9.03    0.280  -2.12   0      54.05     2315.945     99.20023
       198    992.5258    678.9449      10289.5     406.3641  14.9690   0.0429    10.84    0.311   7.96   0      30.93      1311.78     96.36133
       199    778.5956    678.6511     7238.846     560.6476  15.3508   0.0841     7.52    0.096   2.81   0      18.87     858.3414      95.8026
       200    196.0077    675.2939     13068.57     724.9598  14.7094   0.0602     8.96    0.409  33.18   0      23.82     803.4819       95.414
       201    291.6874    675.1147      9075.68     534.3577  15.1053   0.0639     0.00    0.368  71.89   0      23.58     1909.173     97.76015
       202    941.0269    680.5959     8068.166     576.1791  15.2331   0.0776     9.34    0.222 -13.73   0      21.52      906.249     95.91618
       203    113.7190    664.3359     63180.93     737.9988  12.9985   0.0127     8.32    0.215   1.92   0      132.7     5878.138     106.5886
       204    299.7607    667.5474     15335.51      767.014  14.5358   0.0543     9.20    0.290 -10.83   0      28.82     1107.818     96.39262
       205    167.9835    659.0972       456225     914.1208  10.8521   0.0022     8.15    0.152  -2.14   0        657     41224.29     165.4635
       206    437.0422    660.2902     18096.12     773.4373  14.3560   0.0464     8.47    0.176  -1.02   0      35.46     1451.511     96.43468
       207    556.6665    652.0882     7437.863      555.198  15.3214   0.0811     8.54    0.273   8.58   0       20.5      779.336      94.8373
       208     48.0500    647.0820      22929.5     786.7123  14.0990   0.0373     8.93    0.236  -3.72   0      47.93     1982.741     97.67864
       209    348.7206    648.7144      4570.36       381.12  15.8501   0.0906     0.00    0.427  36.54   0      17.29      1413.35      96.3447
       210    416.1676    640.2617     47223.41     765.1962  13.3146   0.0176     8.36    0.178  -4.97   2       95.4     4044.104     102.8438
       211    728.8104    643.5817      11440.1       631.61  14.8539   0.0600    10.78    0.462 -26.12   0      25.96     885.1069     95.60823
       212    232.8687    642.3826        12743     654.1495  14.7368   0.0557     9.05    0.188  10.78   0      30.37       1266.3     96.76556
       213    489.3817    642.0704     9890.188      474.794  15.0120   0.0521     6.74    0.286  -0.12   0      28.74      2892.27     100.5119
       214    960.2872    634.4631     25196.85     663.1318  13.9966   0.0286    18.08    0.257 -83.60   0      48.88      1390.43     96.29062
       215     39.8544    633.2644     63407.96     770.7893  12.9946   0.0132     8.20    0.209   1.51   0      129.3      5766.28     106.5816
       216    813.7911    636.6149     10854.08     548.7784  14.9110   0.0549     9.38    0.261  -8.07   0       27.5     1145.837     96.22602
       217    256.3675    634.6491     24162.41     828.3278  14.0421   0.0372    13.91    0.320 -15.24   0      48.61     1809.426     97.78076
       218    106.6493    633.1899     54408.69     786.3928  13.1608   0.0157     9.36    0.270   0.35   0      110.2     4530.283     104.1499
       219    906.6307    627.0852     400419.4      928.488  10.9937   0.0025    22.67    0.135  -7.45   0      586.6     34441.02     156.0264
       220    289.2336    630.8725      83200.8     1096.798  12.6997   0.0143    14.50    0.465   0.21   0      129.5     4345.619     103.5079
       221    683.7127    631.4421     11832.78     643.3669  14.8173   0.0590     8.27    0.223  -1.93   0      27.62     1193.936     95.82572
       222    442.4824    630.8332      19003.3     749.3928  14.3029   0.0428     8.43    0.344   1.24   0      40.77      1889.85     97.71522
       223    146.3546    630.8844     9450.438     591.5154  15.0614   0.0680     9.82    0.323  -3.48   0      24.16     989.0954     95.33865
       224    602.5027    621.3503     58865.48     786.1113  13.0753   0.0145     8.24    0.235  -5.11   0      121.4     5294.895     104.8679
       225    737.4696    620.7010     29577.67     985.5129  13.8226   0.0362    15.30    0.431 -28.84   0      47.19     1381.385     95.75506
       226    251.5735    621.8588     27415.85     847.6217  13.9050   0.0336     8.78    0.237  -2.49   0      52.11     2136.389      98.5378
       227    713.9005    621.2274      14457.7     639.4863  14.5998   0.0480     8.64    0.233  -2.26   0      35.38     1512.001     96.06458
       228    664.9023    622.1096     11764.62     739.7234  14.8236   0.0683     9.32    0.271 -35.06   0      21.11     712.2853     94.41539
       229    383.0967    618.7000     13234.13     640.0163  14.6958   0.0525     8.71    0.222  -1.71   0      33.75     1422.113      95.5938
       230     11.0834    617.3141     5259.469     192.2242  15.6976   0.0397     1.76    0.128 -85.13   0         58     4621.957     103.8755
       231    464.2733    614.3030     7569.655     549.6666  15.3023   0.0789     6.75    0.518 -67.52   0      19.09      748.777     94.50319
       232    303.1203    612.4236     9918.204     626.1534  15.0089   0.0686     8.00    0.362 -27.02   0      21.67     892.5916     95.62601
       233    915.2266    604.5660     51239.39     956.9042  13.2260   0.0203     2.46    0.240  -8.84   2      87.87     5072.696      105.561
       234    593.4770    608.8094     17357.46     693.2633  14.4013   0.0434     8.51    0.170  12.29   0      39.19     1556.149     97.19029
       235    286.7958    599.9319     9437.834     628.9297  15.0628   0.0724     8.84    0.354  18.14   0      21.63     813.0089     95.43669
       236    994.3015    598.7811     9211.721     611.9373  15.0891   0.0721     8.13    0.186  -3.01   0      21.41     932.4187     94.94381
       237    958.3895    596.9456     13614.98     683.9623  14.6650   0.0546     8.33    0.235  -7.96   0      31.07     1293.202     96.82872
       238    737.0947    594.0176     54877.69     754.4907  13.1515   0.0149    17.72    0.286  -2.49   0      114.1      4974.19     104.1705
       239    587.9819    591.6238      13711.7     607.5419  14.6573   0.0481    12.54    0.519 -11.14   2      36.02     1249.644     96.98131
       240    164.4544    586.9064     31265.48     829.5308  13.7623   0.0288     9.07    0.255   1.72   2      62.51     2641.294     98.94993
       241    153.9836    579.8817     16280.53     731.8925  14.4708   0.0488     8.71    0.249  24.69   3      33.69     1400.502     96.82564
       242    247.8845    586.1606     14754.68     696.8517  14.5777   0.0513     9.20    0.142 -22.17   0      32.24     1241.604     95.93871
       243     35.3987    586.2222     7333.896     549.5692  15.3367   0.0814     6.40    0.392 -74.59   2      19.81     874.7119     95.58351
       244    446.0119    584.7627     18991.02      840.234  14.3036   0.0480     9.86    0.211 -13.76   0      31.15      1347.15     97.46315
       245    709.3204    574.3373     83749.21     901.0845  12.6925   0.0117     8.44    0.242  -3.82   2      156.9     6816.787     108.3439
       246    465.7178    579.2833     13748.36      714.024  14.6544   0.0564    10.01    0.382 -10.52   0       27.4     1166.437     95.76048
       247    680.4490    571.8635     46136.88     1145.432  13.3399   0.0270    19.80    0.451 -22.34   0      70.74     2980.838     100.4666
       248    194.0126    576.8483     20049.21     924.4384  14.2448   0.0501    11.29    0.442   0.75   2      32.12     810.3045     95.94621
       249    835.9536    577.0089     8529.312     520.0756  15.1727   0.0662     5.77    0.450 -16.04   0      19.96     850.2758     96.04084
       250    315.2876    575.3168     11984.39     657.6503  14.8035   0.0596     7.47    0.441  16.52   0      23.83     834.9259        95.23
       251    506.3336    567.2145     43694.96     964.7541  13.3989   0.0240     8.77    0.193  -1.42   0       76.2      3167.48     100.8879
       252    282.3490    574.2502      4823.87     460.4542  15.7915   0.1037     5.75    0.125  16.92   0      15.99     737.7204     95.77411
       253    481.9085    565.5974     68481.87     742.9595  12.9111   0.0118     8.38    0.200  -4.24   0      144.8     6449.983     108.0297
       254    964.2683    564.6140      83400.2     745.0283  12.6971   0.0097     8.27    0.193  -0.90   0      169.8     7652.034     110.5297
       255    531.2242    564.2280     58357.02     968.8392  13.0848   0.0180    10.34    0.350 -13.55   0      103.1     4297.647     103.8789
       256    727.7593    560.8997     65618.57     726.9598  12.9574   0.0120    18.12    0.202   2.91   0      138.1     5995.401     105.9101
       257     28.0899    563.4639     14159.03     708.0798  14.6224   0.0543     9.36    0.203  16.31   0         33     1404.168     96.32304
       258    844.6343    562.9955     11484.26     670.4896  14.8497   0.0634     7.82    0.330 -13.52   0      23.93     1024.836     96.45303
       259    190.7387    556.0610     164169.9     923.1527  11.9618   0.0061    10.96    0.165   2.01   2      290.3     14226.85       123.31
       260    195.7396    539.4022     67720.83      972.938  12.9232   0.0156     8.50    0.329 -17.48   3      121.7     5431.354      106.098
       261    596.3846    558.3050     17249.97      724.568  14.4080   0.0456    10.68    0.274 -16.47   0      38.36     1420.573     96.36174
       262    451.4781    555.7688     11628.65     611.8265  14.8362   0.0571     8.41    0.252  -0.31   0      28.53     1157.622     96.25385
       263     91.7881    553.6986     9711.954      594.737  15.0317   0.0665     7.24    0.141   8.73   0       25.5     1198.686     96.35076
       264    156.1238    551.6128     24918.48      802.042  14.0087   0.0350     8.76    0.221  -0.55   0      50.46     2157.352     98.83621
       265      8.6888    550.0802     20761.34     528.9059  14.2069   0.0277     9.05    0.245 -11.90  16      51.17     2115.783      98.2393
       266    953.7972    543.4032     84105.29     851.1652  12.6879   0.0110     8.82    0.223  -2.82   0      161.2     7125.203      109.441
       267    709.6437    542.6494     17991.73     766.9965  14.3623   0.0463     8.23    0.181  -7.30   0      36.86     1533.173     97.39034
       268    233.3772    540.0661     75437.96     1020.516  12.8060   0.0147    13.56    0.465  23.10   0      125.2     4507.105     104.0993
       269    811.9180    539.9196     21345.61     918.0593  14.1767   0.0467    12.10    0.183   1.38   2       35.4     1196.682      95.5743
       270    803.0018    538.8864     28163.98     1015.417  13.8758   0.0392    12.17    0.433   4.87   3      37.62     1840.655     98.35657
       271    638.0330    538.8179     15562.57     746.6974  14.5198   0.0521    12.12    0.264 -20.36   0      31.14     1117.932     96.67215
       272    477.2704    535.8510     41167.54     873.4847  13.4636   0.0230    17.23    0.248  -7.08   0      82.96     3543.516     101.4886
       273    405.3804    526.2325     120526.7     883.4783  12.2973   0.0080    19.89    0.144 -11.73   0      220.1     10061.09      115.804
       274    361.5515    531.0778      13644.9      720.016  14.6626   0.0573     9.62    0.317  -3.22   0      25.74     1009.028     95.64461
       275     17.9139    531.6065     11068.01     718.3436  14.8898   0.0705     9.68    0.448  -8.11   0      21.89     926.9886     95.70773
       276    977.3669    530.2794     11273.38     663.9432  14.8699   0.0640     9.41    0.431  -0.32   0      24.55     951.7549     95.76653
       277     42.8422    523.5280       150269      781.909  12.0578   0.0057     6.95    0.139  -5.46   0      279.9     13781.04     122.4856
       278    183.3009    521.0458     54415.07     681.2733  13.1607   0.0136     8.22    0.200  -4.96   0      118.2      5262.13      104.561
       279    282.9066    520.4180     56240.85     717.1707  13.1249   0.0138     8.29    0.222  -4.03   0      120.9     5305.665     104.8912
       280    876.4987    520.0161      7760.75     537.2554  15.2752   0.0752     6.44    0.523  -9.31   0      19.55     843.9217     94.99195
       281    337.4661    517.1551     8634.376      563.408  15.1594   0.0709     5.70    0.162 -37.51   0      20.63     885.4277     95.60899
       282    751.9128    512.1215     45574.38     766.3186  13.3532   0.0183     8.58    0.238  -2.03   0      95.32     4049.054     102.3736
       283     89.9479    514.5139     7013.523     477.3097  15.3852   0.0739     6.50    0.474 -22.51   0      19.57     1318.043     96.11962
       284    301.2896    513.1506     9809.691     641.6908  15.0209   0.0710     9.25    0.314 -16.90   0      21.49     820.1011     94.93494
       285    721.5857    510.3149     16661.71     732.8534  14.4457   0.0478    12.42    0.259  -9.24   2      34.85      1362.83     96.48165
       286    239.6718    509.2558     12736.39     584.3885  14.7374   0.0498     9.74    0.272  -4.95   0      31.67     1214.088     96.13064
       287    918.3203    508.8161     13391.81     727.6101  14.6829   0.0590     9.74    0.239 -19.23   0      28.47     1042.927     95.98265
       288    360.2835    504.4176     32321.46     1059.747  13.7263   0.0356    12.63    0.449  28.09   0      37.68     1052.679     96.00574
       289    993.8825    499.7310     27335.42     840.2876  13.9082   0.0334     9.13    0.220   1.55   0      53.37      2060.19     97.85867
       290    680.4302    500.4486     9672.197     374.3873  15.0362   0.0420     7.77    0.518 -15.62   3      51.21     4325.302     103.9394
       291    674.0765    499.7509     20444.48     704.8606  14.2236   0.0374    10.16    0.216 -15.93   2      42.64     1690.128     97.24958
       292    344.3169    500.4401     16858.55     779.4337  14.4329   0.0502     8.89    0.211  26.83   2      28.13      1070.64     95.53284
       293     62.4341    500.2855     11150.68      233.322  14.8817   0.0227     3.18    0.388 -17.03   0      82.37     7900.703     110.8173
       294    561.1972    494.1896     77658.13     898.8606  12.7745   0.0126     8.77    0.195  -7.42   0      153.4     6803.234     108.7704
       295     90.1608    500.1381     5726.908     454.1555  15.6052   0.0861     5.59    0.665 -15.18   0      17.42     808.6096     95.42621
       296    583.3267    497.3961     8939.917     566.8071  15.1217   0.0689     8.53    0.216  11.31   0      23.09     1049.177     95.99745
       297    286.7276    497.8949     10932.13      633.379  14.9032   0.0629     7.08    0.367 -26.59   0      22.02     710.6627     94.41148
       298     38.1597    491.8219     4893.272     178.4562  15.7760   0.0396     1.09    0.159 -66.60   0      56.52     4496.082     104.3122
       299    733.6255    485.7731     32247.13     929.4265  13.7288   0.0313    11.17    0.216 -11.13   0      57.36     2366.908     99.56516
       300    418.6313    486.8316        10456     579.2549  14.9516   0.0602     8.31    0.207  -8.71   0      27.01     1238.669     96.95558
       301    140.1765    485.4674     11720.89     676.0691  14.8276   0.0626     8.89    0.107  -2.35   0      28.21     1171.329     96.54224
       302    198.5789    480.2528     122887.4     865.7459  12.2762   0.0077     8.65    0.174  -0.86   0      231.2     10947.51     117.3206
       303    542.8116    485.0592     10337.01     637.0521  14.9640   0.0669     8.07    0.482   0.98   0      20.62     821.7855     95.71584
       304     94.6575    482.7081      6516.15     496.0973  15.4650   0.0827     6.13    0.219 -36.98   0       16.7     808.5927     94.90739
       305    957.0849    477.1174     2283.006     232.6182  16.6037   0.1107     6.24    0.650 -30.26   0      15.56     991.2382     95.60233
       306    535.2651    474.4140     26425.58     950.3433  13.9449   0.0391     9.23    0.294 -10.38   2      40.18      1573.91     97.23181
       307    543.0233    467.9883     22255.06     946.7416  14.1314   0.0462    12.41    0.180 -49.24   3      31.18     823.1746     95.71914
       308    897.1411    472.7280     12457.86     693.4374  14.7614   0.0604     9.73    0.239  -5.59   0      24.62     1029.616     95.69351
       309    776.6793    472.7422     8721.094     604.6523  15.1486   0.0753     7.29    0.399  -1.03   0      19.87     746.9767     94.75972
       310    178.4177    468.0558     26061.05     811.5429  13.9600   0.0338     8.16    0.221   0.17   0      56.31     2433.848     99.46998
       311    922.8068    461.3484     24935.62      811.988  14.0079   0.0354    14.93    0.224  13.56   2      48.19     1815.898      98.0479
       312    835.7664    460.8560     22098.73     834.4443  14.1391   0.0410     9.78    0.146  25.44   0      42.49     1630.716     97.11064
       313    677.4075    452.1745     268822.5     944.0024  11.4263   0.0038    11.35    0.061  20.38   0      415.5     19878.41     133.5051
       314    248.0004    461.8589     12304.83     177.5182  14.7748   0.0157     4.42    0.104 -89.59   0      137.9     12457.34     120.0043
       315    154.6399    456.6678     26232.06     923.9555  13.9529   0.0383    19.22    0.301 -57.01   0      42.44     1003.368     95.88894
       316    883.4622    454.1274     31585.98     951.5767  13.7513   0.0327     9.03    0.215   7.35   0      53.19     2211.412     98.71069
       317    326.0865    453.4395     28359.22     1002.002  13.8683   0.0384    10.28    0.193  -2.38   0      41.08     1439.215      96.4057
       318     10.5987    442.8883     98873.41     991.4562  12.5123   0.0109    14.72    0.245  65.28  16      172.2      7374.71      109.958
       319    865.6126    454.9823     3144.459     217.0188  16.2561   0.0750     3.72    0.506  -0.35   0      35.64     2664.267     99.74789
       320    532.6379    450.4091     16728.28     804.3346  14.4414   0.0522    10.53    0.148  36.74   0      30.43     1120.176     96.67742
       321    513.0335    446.6701     30792.42      870.781  13.7789   0.0307     8.73    0.233 -10.53   0      63.52     2692.401     99.81197
       322    269.9456    443.7256     33142.73     886.8381  13.6990   0.0291     8.51    0.185  -4.65   0      63.22      2631.56     99.42538
       323    996.6945    448.7592     98330.31      847.706  12.5183   0.0094     8.41    0.137  -2.20   0      188.9      8227.28     110.8188
       324    461.4139    443.4601     19634.99     879.8696  14.2674   0.0487    14.35    0.031  37.07   0      36.09     1220.093     96.40124
       325    905.9318    445.6808      6884.52      533.425  15.4053   0.0841     6.57    0.413  -0.39   0       17.4     788.7974     94.85998
       326    367.4506    441.5717     43275.73     907.2919  13.4094   0.0228     8.74    0.144  -7.95   0      82.19     3496.262     101.8685
       327    590.1444    442.6768     8475.916     577.4097  15.1795   0.0740     7.03    0.260   8.23   0      22.07     1017.358      95.6644
       328    782.4905    435.9457     26108.04     808.5086  13.9581   0.0336    13.92    0.236   4.97   0       52.5     1887.892      97.4577
       329    309.8954    436.8828      11284.1        594.3  14.8688   0.0572     6.45    0.309  82.64   0      21.95     785.6434     94.85242
       330    119.4202    420.5922      1528832     1210.926   9.5391   0.0009     8.26    0.137  -0.64   0       1415     132890.8     262.9515
       331    660.4197    426.3608     123027.1     818.1394  12.2750   0.0072    15.33    0.168 -13.83   0      222.6     10218.11     116.3242
       332    565.8765    424.6170     17655.16      660.542  14.3828   0.0406    13.12    0.313  -4.96   0      42.88     1768.418     97.93778
       333    364.9653    424.9940     13916.86     764.1746  14.6411   0.0596    10.73    0.226  -4.86   0      27.31     1105.416     96.64272
       334    192.5015    418.1143      31611.2     923.2747  13.7504   0.0317    10.35    0.375   1.54   1      53.44     2092.044     97.68024
       335    205.5132    418.2609     18631.99     840.1369  14.3244   0.0490    11.37    0.333 -10.14   1      29.99     1130.715     95.67566
       336    398.3378    416.5918     8668.678     566.6983  15.1551   0.0710     7.19    0.295 -25.64   0      20.68      962.232     96.04874
       337    237.6952    414.5641     8280.187     570.8831  15.2049   0.0749     9.40    0.400   5.76   0      22.11     909.6892     94.62888
       338      5.8924    414.6894     9462.502     526.3784  15.0600   0.0604    10.32    0.274  11.75  16      24.91     967.6371      95.5462
       339    828.2966    408.3796     19788.11     692.2791  14.2590   0.0380     8.83    0.300   9.46   2         46     1952.207     97.35433
       340     60.9814    408.7277     31090.08     904.9166  13.7684   0.0316     8.61    0.219  -0.92   0      57.56     2409.456     99.41423
       341    177.4274    407.8459      20092.3     828.7011  14.2424   0.0448    10.39    0.232  12.26   0      35.44     1377.429      97.2803
       342    625.8387    398.1783     14419.87      609.834  14.6026   0.0459    12.39    0.145  11.71   0      35.63     1445.205     97.69154
       343    170.6245    396.9073     18295.92     810.8889  14.3441   0.0481    10.88    0.354  23.35   0      28.37     968.0178     95.02898
       344    739.8147    385.5589      43494.7     750.2319  13.4039   0.0187     8.61    0.202  -1.01   0      94.22     4033.365     103.5378
       345    188.1858    387.5471     6358.588     451.7475  15.4916   0.0772     2.48    0.247  89.77   0      17.93     891.8403     95.88203
       346    226.2037    380.0817     41986.64     904.9254  13.4422   0.0234     9.70    0.244 -21.90   0      75.82     3036.931     100.8385
       347    969.0211    373.8912     272296.3     867.1868  11.4124   0.0035     8.50    0.163  -9.51   3      436.8     22077.19     136.4756
       348    963.1075    360.9896     185266.4      908.849  11.8305   0.0053     8.82    0.164  -8.66   3      307.2     14098.31     123.0729
       349    869.7440    381.2361     9895.009     668.1058  15.0115   0.0733     8.80    0.354 -12.38   0      20.68     800.3105     95.40644
       350    143.2739    374.4245     247621.1      830.778  11.5155   0.0036     8.37    0.145  -0.29   0      417.2     21731.15      136.442
       351     21.1405    375.6478     51193.35     856.8591  13.2270   0.0182    13.08    0.308  82.21  16      87.56     2477.483      99.3214
       352   1012.2201    371.5025     17127.45     499.7015  14.4158   0.0317     8.91    0.265   2.17  16      43.69     1743.758     96.86649
       353    101.9779    369.3336      9656.89     623.0944  15.0379   0.0701     9.97    0.483  -8.80   0       23.9     992.9185     96.12132
       354    543.5224    366.5293     13528.74     639.1561  14.6719   0.0513    10.43    0.116   7.18   0      31.74     1256.525     95.97404
       355    482.5457    365.7087     12498.54     677.2423  14.7579   0.0588     6.04    0.345 -25.78   0      23.56     887.8273     95.09694
       356    303.7139    352.4348     244456.8     851.2036  11.5295   0.0038     8.23    0.108  -3.03   0      412.1     21412.38     135.5462
       357    493.6119    362.3389     20083.06     886.9706  14.2429   0.0480    11.20    0.232  23.17   0      29.66     947.8728     96.01476
       358    687.4576    379.5122      6918.72     560.5178  15.3999   0.0880     6.97    0.350 -12.38   0      18.27     783.2544     94.84669
       359    886.7236    358.1158     14413.19      686.928  14.6031   0.0518     7.60    0.112   4.27   0      24.07     779.9053     94.57802
       360    681.2052    351.7235     14311.87     703.7579  14.6108   0.0534     9.19    0.236  18.09   0      30.68     1237.916     96.44325
       361   1004.5355    348.1278     54410.45     670.3133  13.1608   0.0134     8.45    0.218  -4.29  16      115.8     5040.161     104.7866
       362    606.6719    345.8827     40102.22     810.1508  13.4921   0.0219     8.66    0.211  -2.80   0      84.22      3609.82     101.3938
       363    693.2914    344.9217     10617.73     693.7242  14.9349   0.0710    10.69    0.478 -31.09   1      22.83     848.4149     95.26218
       364    366.7506    338.7840     24263.63     777.6319  14.0376   0.0348     8.67    0.269 -22.03   0      48.85     2015.621     98.76004
       365    121.1068    336.9546     29685.39     820.1171  13.8186   0.0300     9.43    0.221 -11.23   0      61.25     2432.771     98.46982
       366    329.6458    333.2354     119879.1     885.4052  12.3031   0.0080     8.52    0.173   2.08   0      221.8     10120.09     115.7066
       367     60.7915    337.2812     10573.75     624.4178  14.9394   0.0641     9.93    0.338   6.10   0      25.78     1113.496      96.1496
       368    219.8126    330.3598     48678.39      924.801  13.2817   0.0206     8.82    0.228   0.49   0      92.57     4009.416     103.4852
       369    764.6678    331.0419     20170.93      697.732  14.2382   0.0376     8.52    0.213   3.86   0      46.22     1836.045     97.84262
       370    588.6527    327.8159     11018.53      682.195  14.8947   0.0672    10.16    0.328  -2.30   0      25.46     971.4454     96.07054
       371    439.7930    326.3842     18050.47     557.3152  14.3588   0.0335     8.30    0.239   0.34   0      44.07     1804.493      97.7693
       372    909.9338    320.1733     211893.8     831.4037  11.6847   0.0043    11.21    0.164  -3.80   0        363     17997.66     130.0745
       373    720.8340    326.6545     7706.707     547.4734  15.2828   0.0771     6.82    0.322 -13.36   0      18.66     844.4618     95.51156
       374    509.4060    324.5767     11726.23     698.5188  14.8271   0.0647     9.48    0.423 -39.20   0      23.97     928.7278     95.96943
       375    111.1932    320.9079     18742.78     859.7706  14.3179   0.0498    12.03    0.526  -7.46   0      29.96     847.4709     95.51872
       376     35.3032    308.5781       138713     910.1082  12.1447   0.0071     9.32    0.272  18.48   2      240.6     10676.56      115.946
       377     30.1958    294.0804      21532.1     886.6461  14.1673   0.0447    16.22    0.469   3.66   3      37.87     1271.904     96.77872
       378    345.3687    309.1134     82643.06     904.9067  12.7070   0.0119     8.37    0.208  -7.94   2      156.3     6803.887     108.5445
       379    355.1754    298.6148     18982.97     835.8134  14.3041   0.0478     9.75    0.151  -9.48   3      35.68     1395.802     97.32322
       380    533.0010    310.7637     29488.99     799.4858  13.8259   0.0294     8.93    0.272  -2.53   0      61.99     2656.879     100.2249
       381    112.3172    310.6952     11728.02     696.7502  14.8269   0.0645    10.39    0.107  45.73   0       25.5     941.9348     95.48504
       382    371.3764    303.8191     23245.26     858.8069  14.0842   0.0401    10.26    0.215  -8.55   0      43.85     1779.683     98.21558
       383     11.0853    304.0620     19957.53     705.5787  14.2497   0.0384    14.59    0.333   5.05  16      47.08     1913.083     97.51643
       384    710.1213    301.9590     10604.13     664.6432  14.9363   0.0681     0.00    0.579  58.42   0      22.93     756.8846     95.30294
       385    848.5176    298.7719     59400.76       907.93  13.0655   0.0166     8.64    0.183  -4.27   0      115.3     4834.256     104.5753
       386    645.6785    298.9092     9508.184     573.5278  15.0548   0.0655     6.44    0.603 -42.80   0      20.78     751.1151     95.02977
       387     57.1083    296.3833     12406.41     623.1068  14.7659   0.0545     8.34    0.265   0.52   0      31.28     1313.281     96.10836
       388    546.1334    290.5928     45068.83     988.4548  13.3653   0.0238    16.55    0.246  14.57   0      78.47     2916.487     100.3209
       389    867.7372    290.1249     10967.89     592.0981  14.8997   0.0586     7.72    0.097 -25.71   0      29.04     1309.598     96.61202
       390    287.8702    290.3584     8386.344     613.6454  15.1911   0.0795     7.85    0.474  -1.71   0      18.87     785.4038     95.37093
       391    379.3896    277.8868     341113.8     872.3972  11.1678   0.0028     8.29    0.145  -4.42   0      531.7      30010.2     149.4331
       392    436.4722    280.0685     60831.55     702.1178  13.0397   0.0125     8.42    0.171  -0.87   0      129.5     5642.495     106.0849
       393    260.9504    278.6042     136627.6     795.1948  12.1612   0.0063     8.31    0.171  -4.84   0      261.1     12390.49     119.8776
       394    951.3161    281.8067     13979.09     756.8902  14.6363   0.0588    10.67    0.358   0.48   0         27     1103.251     96.38184
       395    769.2056    281.2804     10734.31     650.6118  14.9231   0.0658     9.41    0.352  13.17   0      24.56     986.9014     96.10709
       396    231.1969    279.9030     25181.66     916.9916  13.9973   0.0395     9.22    0.219  -0.45   0      42.14     1629.592     97.36188
       397    636.2250    278.5233     16095.86     818.6072  14.4832   0.0552    11.23    0.425  -5.26   0      28.52     1046.687     95.99155
       398    563.9776    279.1624     14747.74     770.0522  14.5782   0.0567    10.20    0.423  -5.15   0      25.99     1017.078     96.69039
       399    740.2672    276.4957     7523.169     567.3275  15.3090   0.0819     7.03    0.470 -15.25   0      18.86     809.9139     94.91055
       400    865.2639    271.8602     40610.23      622.499  13.4784   0.0166     8.54    0.195  -1.36   0      91.27     3840.151     102.3921
       401    536.2419    272.6203     24743.07     862.0715  14.0164   0.0378    11.13    0.337 -16.77   0       46.4     1709.482       98.053
       402    152.1400    269.9038     64563.65     1296.931  12.9750   0.0218    13.53    0.375 -24.07   0      82.25      2524.05     98.93011
       403     69.1061    270.2894     56108.11     677.2972  13.1274   0.0131     8.44    0.110  -7.15   0      118.4     4975.421     104.6461
       404    759.5567    266.4902     14466.96     709.9194  14.5991   0.0533     9.23    0.233   4.28   0      31.91     1273.575     96.01441
       405    982.4703    264.2910     29896.61     882.5163  13.8109   0.0321     9.22    0.253 -11.29   0      56.88     2330.108     98.73389
       406    491.5193    265.4066     15796.64     734.2679  14.5036   0.0505    11.43    0.290 -19.57   0      32.75     1187.864     96.58116
       407    317.3710    265.4677     9069.374     553.6406  15.1061   0.0663     9.49    0.179  25.43   0      23.96      1071.23     96.04964
       408     38.1919    260.3185     22848.52     622.9538  14.1029   0.0296    13.00    0.355  61.51   0      46.94     1556.378     97.19083
       409    125.8164    251.8980     188772.3     924.5291  11.8102   0.0053     8.31    0.173  17.69   0      319.7     15629.48     125.4758
       410    995.4493    257.9588     14934.54     752.2708  14.5645   0.0547     9.64    0.238   0.99   0      30.52     1170.277     96.53976
       411    346.9628    258.3689     5509.544     471.3851  15.6472   0.0929     5.56    0.142   4.11   0      16.52     900.2484     95.90196
       412    458.9353    253.9343     14985.55     509.7415  14.5608   0.0369     9.96    0.251   0.05   0      38.71      1763.91     97.42186
       413    965.9602    256.0695     15211.11     791.5278  14.5446   0.0565    11.27    0.597   0.35   0      27.55     1023.084     95.93565
       414    709.0544    253.7018     21902.31     758.4523  14.1488   0.0376     8.40    0.156  -2.38   2      46.81     2044.075     97.56857
       415    718.3783    243.8891     17398.21     694.1663  14.3987   0.0433    10.60    0.327 -16.14   2      38.73     1638.904     96.87532
       416    152.1283    245.7817     47523.74     970.1189  13.3077   0.0222     8.92    0.229   0.29   0      84.06     3411.651     101.6796
       417    567.0518    241.1192     9963.979     694.3994  15.0039   0.0757     8.89    0.329 -42.20   0      20.46     715.1492     94.68336
       418    409.7923    239.7660     9267.592     677.9802  15.0826   0.0794     9.19    0.387  -9.19   0      21.71     754.2552     95.81335
       419    272.8629    236.7596     30665.42     844.1173  13.7834   0.0299    12.95    0.267 -11.60   0      57.63     2378.373     99.09435
       420    865.5168    234.9487     38799.38     840.4506  13.5279   0.0235     9.62    0.236  -8.82   3      77.96     3160.732     100.3821
       421    872.0433    227.4527     29232.48     797.8674  13.8353   0.0296     9.42    0.249   0.84   3      63.16     2684.099     100.0401
       422    499.2212    229.1166     27356.71     589.0002  13.9073   0.0234    11.53    0.197   5.02   0      62.73     2554.801     99.24976
       423    347.2070    232.1411     4244.122      428.213  15.9305   0.1096     4.38    0.441 -75.64   0      14.28     793.3413     95.64828
       424    916.9589    229.5728     10016.57     525.4443  14.9982   0.0570     9.90    0.323   1.20   0      26.37     1173.362     96.80238
       425    772.9935    222.8204     93928.45     941.1159  12.5680   0.0109     8.42    0.182  -4.15   0        173     7584.537     110.3908
       426     79.6929    225.4825     19507.32     722.7185  14.2745   0.0402     7.86    0.206 -12.55   0      40.29     1805.216     97.51817
       427     43.7170    220.5151     8113.588     572.9749  15.2270   0.0767     5.77    0.091  20.45   0      21.99     1030.744     95.69619
       428    249.5764    219.7034     10683.55     647.7421  14.9282   0.0658     7.97    0.255  17.44   0      21.88     926.7783     94.66991
       429    923.8569    211.9725      95748.3     776.3021  12.5472   0.0088     8.69    0.285 -18.05   0      182.7     8322.294     111.8994
       430    591.6299    216.5350     13040.17     731.7294  14.7118   0.0609     9.06    0.137  -6.07   0      26.41     935.4903     95.72792
       431    951.0104    214.3902     4423.976     264.3777  15.8855   0.0649     6.19    0.580  89.41   0      29.34     2277.204     98.86205
       432    727.1535    211.1032     66746.25     816.0801  12.9389   0.0133     8.77    0.212  -6.66   0      134.5      5649.96     105.6346
       433    665.5636    212.7945     16999.97     780.2662  14.4239   0.0498    11.85    0.368 -16.24   2      34.91     1339.048     97.19059
       434     62.7844    210.3307     32615.58     860.5663  13.7164   0.0287     9.19    0.103 -38.30   0      65.16     2709.865     100.0986
       435    966.0363    212.4140     14049.53     686.8077  14.6308   0.0531     9.07    0.308   5.05   0      32.14      1414.73     97.62061
       436    803.0942    209.5016     13479.22      715.665  14.6758   0.0577    10.69    0.179  -6.54   0      29.35     1153.511     95.47158
       437    320.6048    206.2392     49407.21     791.2108  13.2655   0.0174     9.19    0.243   2.30   0      100.8     4334.489     103.9595
       438    866.5874    204.7659     34206.41     625.1124  13.6647   0.0198     8.48    0.181  -6.07   0      78.65     3547.045     102.4647
       439    258.3901    207.3585     6874.726     521.7232  15.4069   0.0824     6.16    0.374  28.27   0      17.99     812.7075     96.20882
       440    433.8727    205.6811     7080.545     581.1237  15.3748   0.0891     8.66    0.501 -13.49   0       19.3     652.8833     94.53378
       441    390.2544    206.0741     8248.223     565.4393  15.2091   0.0744     7.11    0.340  19.72   0      20.78     942.2945      95.4859
       442     45.6078    197.7996     45752.73     745.9683  13.3490   0.0177    17.71    0.205  -9.59   0      101.3     4273.959     103.3505
       443    948.7747    196.9858     56077.75     1206.139  13.1280   0.0234    15.34    0.269   0.34   3      70.44     2745.993     100.1806
       444    945.2188    186.8274     53589.75     1292.144  13.1773   0.0262    14.33    0.225 -44.79   3      59.18     1672.427     97.96707
       445    504.9968    198.4886     9451.402     552.6819  15.0613   0.0635    10.25    0.329   3.78   0      24.29      905.197     95.65598
       446    592.0632    193.3463     30669.76     797.5032  13.7832   0.0282     9.01    0.181  -7.57   0      62.77     2539.753     99.46379
       447    367.7806    189.0993     115675.1     780.5344  12.3419   0.0073     8.40    0.172   0.25   0      222.1     10043.79      114.699
       448    418.9607    193.2397      10196.1     635.0613  14.9789   0.0676     8.84    0.317  37.05   0      23.22     982.2664     95.83891
       449    640.2151    190.2790     6913.682     564.9026  15.4007   0.0887     7.58    0.584 -14.80   0      19.35     768.0322     95.32952
       450    219.0882    181.5573     69226.17     690.6785  12.8993   0.0108     9.05    0.203  -6.16   0      145.7      6279.72     107.2114
       451    291.8878    183.3536     19270.24     760.1028  14.2878   0.0428     9.03    0.250  -3.44   0      41.42     1765.928     97.17286
       452    921.6380    177.5883     34937.54     885.9058  13.6418   0.0275    15.96    0.147 -18.78   0      67.81     2812.189     100.8216
       453    566.4445    179.6572     17489.09      716.076  14.3931   0.0445     9.25    0.243  -8.29   0      38.93     1636.445     97.63104
       454     72.3567    173.7888     128698.4     820.4659  12.2261   0.0069     8.49    0.185  -6.57   0      239.4     10873.99     117.3886
       455    950.7527    173.6965     17577.46     789.8665  14.3876   0.0488     9.01    0.124  -8.68   0      35.12     1353.552      95.9466
       456    506.9352    167.1522     196885.9     939.7485  11.7645   0.0052    10.76    0.215   6.77   0      327.2     15286.41     125.2477
       457    122.0902    166.8887     294887.5     870.9644  11.3259   0.0032     8.35    0.144  -9.73   0      470.9     25052.89      141.693
       458    588.0281    169.3591     46759.17      769.883  13.3253   0.0179    14.23    0.158 -12.19   0      100.8     4450.756     104.2134
       459    297.5224    167.3593     92228.79     760.8077  12.5878   0.0090     8.37    0.174  -4.85   0      183.5      8174.39     111.5986
       460    545.3646    163.1417     23460.41     760.5437  14.0742   0.0352     8.60    0.215  -1.11   0      50.86     2086.797     98.42336
       461    464.3822    162.1787     18021.35     832.5922  14.3605   0.0502    10.84    0.378   8.91   0      30.46     1017.321     96.43533
       462     91.5128    161.2802     22043.11     944.7331  14.1418   0.0465    14.48    0.456 -12.09   0      35.15       1155.9     95.73547
       463    717.1773    159.8903     7965.205     607.4238  15.2470   0.0828     7.16    0.510  -9.22   0      18.11     645.3663     94.25417
       464    633.1528    141.3317     830139.6     1050.866  10.2021   0.0014     8.33    0.121  -6.16   0      971.4      70754.8     202.2372
       465    935.1908    150.6826     16455.95     559.9805  14.4592   0.0370     9.20    0.123   2.05   0      39.19     1542.787     97.15903
       466    859.1234    148.2371     17366.09     777.2031  14.4007   0.0486    10.20    0.309   4.42   0      35.66      1489.24     97.03371
       467     22.5321    148.0893     12530.71     719.6642  14.7551   0.0624     9.49    0.302  -2.62   2      27.02     1063.717     95.51637
       468    319.2088    136.6550     198398.7     905.3359  11.7562   0.0050     9.07    0.181  38.99   0      321.2     14619.81      124.231
       469    249.4739    142.3991     20193.94     515.6613  14.2369   0.0277     8.48    0.215  -0.81   0      51.62     2254.529     98.80991
       470    143.2079    137.2348     147212.3     763.4385  12.0801   0.0056     8.53    0.169  -3.49   2        269     12968.09     121.3752
       471    841.8017    141.0825     24840.34     1001.203  14.0121   0.0438    13.22    0.267 -32.80   3      43.37     1542.657     97.41248
       472    848.5435    134.1545     29149.39     859.6504  13.8384   0.0320     9.00    0.211  13.08   3      56.68     2346.974     99.27129
       473    366.3600    141.1876     12618.67     673.6281  14.7475   0.0580    12.00    0.150   6.82   0      29.34     1105.127     96.89713
       474    450.3049    138.5115     27778.93     880.5702  13.8907   0.0344     9.77    0.256 -10.35   0      52.39     2066.982     98.12634
       475    546.8085    139.3338     8780.918     605.6945  15.1412   0.0749     7.50    0.154   1.34   0      20.32     844.5211      95.5117
       476    384.9750    139.0208     12051.93     686.1464  14.7974   0.0618     9.06    0.280  -0.22   0      23.33     892.0782     96.13971
       477    201.4753    124.6861     35584.89     688.5405  13.6218   0.0210     9.47    0.161 -12.08   3      73.52     2706.432     99.09943
       478    204.3631    114.7790     51716.14     856.9977  13.2159   0.0180     9.49    0.076 -39.69   3      95.88     3851.755     103.1384
       479    419.1123    120.5439     25196.52     991.3734  13.9966   0.0427    14.12    0.335  10.49   2      38.88     1121.789     95.65446
       480    673.3318    114.7664     35231.42     1212.428  13.6327   0.0374    18.33    0.457  75.99   0       44.3     1123.574     96.17342
       481    991.0206    118.8168     9193.504     623.9152  15.0913   0.0737     7.51    0.233 -30.06   0      20.05     732.8854     95.76264
       482    909.8448    117.5107     12054.43     749.7558  14.7971   0.0675    10.05    0.075 -43.87   0      24.26     895.0723     95.11426
       483    850.5590    111.8363     15748.15     690.0578  14.5069   0.0476    10.10    0.312 -25.86   0      32.71     1306.337     96.60435
       484    284.3365    110.0285     8461.627     572.0351  15.1814   0.0734     8.76    0.214  22.49   0      22.58      984.408     95.84399
       485    516.3460    108.7930     13094.15     663.6369  14.7073   0.0550     9.98    0.322   5.54   0      30.77     1276.899     96.79045
       486    113.5749    109.7086     12647.79     454.9006  14.7450   0.0391     9.35    0.234  72.60   3      43.95     2835.509       99.395
       487    108.0801    102.5472     36761.41     770.1379  13.5865   0.0228    15.96    0.187  34.59   2      70.71     2500.444     98.87586
       488    947.2578    105.5465     12382.43     647.3854  14.7680   0.0568     8.98    0.283  -7.69   2      30.79     1182.233      96.8232
       489    198.0046    101.0433      19258.4     828.4724  14.2884   0.0467    12.40    0.332  20.38   1      31.86      1216.19     96.90288
       490    145.4224     98.7042     20936.33     633.0712  14.1977   0.0328     9.22    0.229   3.70   2      48.39     1940.804     97.32771
       491    136.5042     90.2296     21383.07     678.4004  14.1748   0.0345     8.41    0.247  13.99   3      49.18     2031.196     97.28515
       492    265.8520     87.6713       574754     967.6755  10.6013   0.0018     9.23    0.139  -2.14   0      764.1     49532.05      176.646
       493    180.0824     92.4401     76749.12      694.928  12.7873   0.0098     8.34    0.208  -2.58   0      158.7     7087.015     108.9093
       494     68.6916     91.9571     26467.07     903.7548  13.9432   0.0371     8.84    0.247   3.09   0      37.41     1582.627      96.7432
       495     80.7705     88.5306     14432.22     698.5157  14.6017   0.0526     9.65    0.239  -2.01   0      32.63     1259.072      96.4931
       496     15.7343     85.8453      55131.3     999.4481  13.1465   0.0197     9.71    0.227   2.61  19      90.26      3496.14     101.6256
       497      4.1288     76.8398     75655.41     586.6769  12.8029   0.0084     7.44    0.216 -89.87  27      185.6     9666.536     114.5971
       498    679.9106     87.3397      9880.81      649.364  15.0130   0.0714     8.17    0.402  -2.90   0      20.71      629.379     94.47726
       499   1022.0406     84.3523     8357.624     481.8074  15.1948   0.0626     9.06    0.437 -85.55  24      22.68     1162.053     96.26431
       500    885.8760     84.2060     13940.67     599.4473  14.6393   0.0467     9.79    0.283  -2.40   0      34.71     1479.291      96.7556
       501    605.6148     75.8335     179778.5     851.3346  11.8632   0.0051     8.69    0.235   2.48   2      309.6     14633.26     124.6523
       502    585.5070     76.1044     33504.69      692.325  13.6872   0.0224    17.56    0.331 -17.42   3      68.09     2688.241     99.55486
       503    537.4779     76.0576     14303.87      577.566  14.6114   0.0439     9.55    0.224  -1.88   0      34.27     1384.458     96.27653
       504    300.3278     74.8683     16968.21     597.5035  14.4259   0.0382     0.00    0.258 -38.64   2      46.26     4078.301     102.6792
       505    760.4299     69.0093     26642.59     795.5794  13.9361   0.0324     9.42    0.277  -5.84   2      53.53     2161.031      99.0941
       506    205.9874     64.5613     4467.899     407.6621  15.8747   0.0991     5.65    0.395  87.03   0      17.52     1452.348     97.70815
       507    430.6649     64.1364     7056.599     555.0419  15.3785   0.0854     7.69    0.273  22.69   0      19.95      912.278     95.41443
       508    143.2125     58.2786      10604.3     546.4208  14.9363   0.0560    10.46    0.194 -18.37   0      27.87     1265.883     96.50914
       509   1019.8463     68.5189     21308.87     856.1345  14.1786   0.0436    14.66    0.445  71.23  16      30.65     889.2361     95.10031
       510    569.0748     50.4052     60804.72     900.7764  13.0402   0.0161     8.56    0.187  -6.34   0      113.8     4874.619     104.4269
       511    453.6024     50.5334     8077.441     575.1107  15.2318   0.0773     8.52    0.461  34.64   0      21.26     805.2397     95.67654
       512    267.7567     48.3218     16691.16     619.7083  14.4438   0.0403    13.26    0.258  15.91   0      37.84      1303.31     96.34135
       513    700.3887     42.7151     49187.28     767.3893  13.2704   0.0169     8.87    0.203 -17.98   0      101.3     4230.577     103.0157
       514    783.8499   1022.5374     5215.461     392.6646  15.7068   0.0818     5.67    0.733   2.58  16      14.87     817.0319     95.44627
       515    155.9299     38.9595     15036.55     798.4643  14.5571   0.0577    10.85    0.437 -13.69   0      27.01     1153.734     96.24467
       516    709.6479   1020.2241     13529.87     674.8505  14.6718   0.0542    11.05    0.403  -0.34  16      27.88     1148.821     96.74474
       517    941.7736   1017.2532     17577.96     794.5406  14.3876   0.0491    12.44    0.336  12.79  16      30.24      1013.55     95.91307
       518    537.2384   1011.7399     26870.65     899.0641  13.9268   0.0363     9.51    0.232   8.26  18      47.84     1863.638     97.90669
       519     77.2824   1010.8565     24531.99     793.4222  14.0257   0.0351     8.33    0.220   0.87  16      51.02     2103.398     97.95898
       520    311.2500   1006.7878     70336.41     835.0096  12.8820   0.0129    11.65    0.289 -37.19  16      121.9      4396.61     103.8578
       521     46.5760     27.9406     11523.17     503.3145  14.8461   0.0474     9.83    0.115 -16.92   0       29.4     1170.554     96.28438
       522    518.1088     26.0763     17349.88     661.3707  14.4018   0.0414     9.20    0.272  -3.50   0      38.67     1568.378     96.70972
       523    436.0270   1008.1827     35661.08     766.5998  13.6195   0.0233     8.60    0.241   4.64  16      76.82     3268.397     101.6021
       524    136.6039   1006.3052     55573.25     644.4292  13.1378   0.0126     8.36    0.195   1.72  16      123.6     5515.619     105.8128
       525    216.5817     21.1071     11557.88     649.0004  14.8428   0.0610     8.07    0.160 -11.68   0      24.36     1392.653     96.03918
       526    421.8890     19.9276     13791.85     776.1572  14.6509   0.0611     9.36    0.322  -2.96   0      23.81     771.9393     94.81958
       527    174.9636   1008.5649     17371.11     785.8905  14.4004   0.0491     9.45    0.248   6.87  16      30.95     1243.068     96.71098
       528    722.4123   1008.0247     10681.08     664.6696  14.9285   0.0676    10.15    0.265 -17.79   0      24.58     1026.954     96.20177
       529    671.9167    994.9017     35253.48     1078.839  13.6320   0.0332    11.30    0.322   0.30   2      44.09      1832.44     97.07434
       530    684.2599    994.5397     14703.36     774.0359  14.5815   0.0572    10.97    0.367   6.52   3      30.41     1129.592     96.69955
       531    356.6577    996.2779     15267.51     625.1375  14.5406   0.0445     8.63    0.187 -16.30   0      37.66     1589.583     96.75954
       532    108.0199    994.8608     22309.76     769.0778  14.1288   0.0374    11.13    0.400 -18.28   0      45.43      1717.73     97.56741
