#   1 NUMBER                 Running object number                                     
#   2 X_IMAGE                Object position along x                                    [pixel]
#   3 Y_IMAGE                Object position along y                                    [pixel]
#   4 FLUX_AUTO              Flux within a Kron-like elliptical aperture                [count]
#   5 FLUXERR_AUTO           RMS error for AUTO flux                                    [count]
#   6 MAG_AUTO               Kron-like elliptical aperture magnitude                    [mag]
#   7 MAGERR_AUTO            RMS error for AUTO magnitude                               [mag]
#   8 FWHM_IMAGE             FWHM assuming a gaussian core                              [pixel]
#   9 ELLIPTICITY            1 - B_IMAGE/A_IMAGE                                       
#  10 THETA_IMAGE            Position angle (CCW/x)                                     [deg]
#  11 FLAGS                  Extraction flags                                          
#  12 SNR_WIN                Gaussian-weighted SNR                                     
#  13 FLUX_APER              Flux vector within fixed circular aperture(s)              [count]
#  14 FLUXERR_APER           RMS error vector for aperture flux(es)                     [count]
         1    276.9018     69.7779     12752.41     550.1569  14.7360   0.0469     8.02    0.139 -15.56   0      33.94     1495.402     93.46727
         2    677.6781     36.3179     50712.18     716.3711  13.2372   0.0153     7.47    0.172 -20.14   0      114.8     5260.288     102.4403
         3    622.1629     30.6874     44480.81     799.7396  13.3796   0.0195     8.40    0.151   5.86   3      94.13     4092.035     100.0478
         4    424.2060     27.5122     17727.45      817.417  14.3784   0.0501    10.56    0.238 -52.66   2      33.66     1173.406     93.68054
         5    900.5227     25.2395     17570.44     607.3671  14.3880   0.0375     7.19    0.169  -1.75   0       45.5     2074.882     95.84261
         6    815.0973     23.8909     29670.34     847.9409  13.8192   0.0310    16.70    0.370 -49.36   3      57.73     2257.344     95.54599
         7    833.2150     11.0298       153210      940.529  12.0368   0.0067     8.49    0.156   1.48  18        267     12446.34      118.293
         8    459.5600     20.8692     21736.75     678.5524  14.1570   0.0339     7.75    0.209  -5.63   0      55.65     2517.342     96.88614
         9    495.8261     19.6721     14843.63     438.0161  14.5711   0.0320     7.17    0.189   2.30   0      44.61     2108.545      95.9224
        10    720.3932     13.5826     37835.32     576.8028  13.5553   0.0166     7.79    0.146   4.06  16      92.69      4130.98     100.6002
        11    194.0759     15.2382     10797.82     651.1738  14.9167   0.0655     9.21    0.165  17.45   0      23.95     998.5846     93.25546
        12    953.4799     14.5385     5621.594     486.3779  15.6254   0.0940     6.54    0.014 -80.11   0      17.26     776.3293     92.20855
        13    398.9759     13.4338     15671.19     780.4005  14.5122   0.0541    10.17    0.315   3.67  16      27.23     1134.745     94.08298
        14    685.6002      5.0072     445312.5     734.0806  10.8783   0.0018     7.81    0.310  -2.38  24      704.9      52452.2     179.1217
        15      3.0187     10.8733     2882.408     367.6894  16.3506   0.1385     5.81    0.619 -84.49  16      13.34     776.0637     92.96237
        16     23.8387     21.7399     15384.43     680.7108  14.5323   0.0481     8.22    0.217  16.36   0       37.7     1692.835     94.93233
        17    415.4159      3.4693     142690.7     557.2341  12.1140   0.0042    11.70    0.446   1.14  24      332.4     19821.09      131.525
        18    994.2736      5.5478     9353.302     404.6599  15.0726   0.0470    10.52    0.256 -19.77  16       29.8     1235.233     93.58193
        19    116.8587      3.3546      31205.7     426.4177  13.7644   0.0148     6.60    0.440  -0.32  24      99.67     5843.375     104.3971
        20    200.3245      3.5661     30027.81     451.0175  13.8062   0.0163    13.47    0.454   1.73  24      88.98     4047.935     100.4124
        21    864.4431      3.9157     4485.862     243.0757  15.8704   0.0588     6.91    0.513   1.26  16      16.34     862.6631      92.4211
        22    649.2984    988.1511     26456.78     845.7036  13.9437   0.0347     7.69    0.173   6.30   0      47.99     2077.779      95.1179
        23    656.2344   1021.1536     11905.24     536.9515  14.8107   0.0490     7.95    0.303   2.55  24      30.52     1382.748     94.43394
        24    661.9391    987.8702     13694.85     678.4325  14.6586   0.0538     8.82    0.331   7.19   1       32.9     1498.741     94.46652
        25    633.0961    989.6880     6715.448      536.923  15.4323   0.0868     6.90    0.138  -7.48   0      17.25     732.4106     92.10023
        26    282.5803    989.7332     11536.99     585.5492  14.8448   0.0551     6.98    0.312  18.82   1      23.21     872.7031     93.19833
        27    796.2079    985.8142     22803.43     553.2423  14.1050   0.0263     7.33    0.193  -0.70   0      60.46     2837.105     97.63335
        28    503.4980    982.0057     18411.37     509.7453  14.3373   0.0301     7.46    0.190  -3.32   0      51.79     2352.488     96.49866
        29    575.1982    980.3457     9238.993     478.4286  15.0859   0.0562     6.96    0.217   1.45   0      27.53     1320.162      94.0359
        30    947.0082    977.5538     12194.34     504.6642  14.7846   0.0449    12.47    0.360  85.09   0      31.18     1148.472     94.11614
        31    136.4846    975.4943     10153.49     507.1991  14.9835   0.0542     7.35    0.328   2.08   0      29.48     1408.065     94.00073
        32     87.3487    969.7379      86824.4       808.09  12.6534   0.0101    10.98    0.299  44.56   1      160.3     5710.726     104.1079
        33   1015.7545    973.0950     7306.983     546.8393  15.3407   0.0813     7.43    0.069  39.07  16      20.52     902.9877      92.2682
        34    970.9968    972.3342      5231.33     177.4355  15.7035   0.0368     0.99    0.162  87.77   0      72.01     5583.726     104.0543
        35    435.0047    971.9658     9628.613     611.0927  15.0411   0.0689     6.12    0.277  -4.09   0       22.2     1053.791     93.88722
        36    614.9886    964.5067     179813.3     718.3226  11.8629   0.0043     7.05    0.168  -0.85   0      353.8     20945.69     133.2796
        37    736.7307    964.5821     39162.75     748.5504  13.5178   0.0208     9.26    0.147  51.06   0      82.73     3585.038     99.59322
        38    462.9654    963.4940     55113.34     880.2324  13.1469   0.0173     7.56    0.207 -18.99   0      109.2     5104.782     101.8664
        39    959.9753    963.9318     5466.922     448.9616  15.6556   0.0892     5.81    0.112  41.60   0      18.49     915.8268     93.30344
        40     69.5957    953.0224     118787.8     854.6381  12.3131   0.0078     7.42    0.193 -32.83   0      237.8     12154.27     117.3343
        41    272.9639    958.0446     49818.46     645.9995  13.2565   0.0141     7.19    0.287 -31.36   2      117.4     5916.765     104.7792
        42    282.6398    956.0784     5475.519     193.4308  15.6539   0.0384     5.13    0.365 -12.92   3      76.05     4631.159     101.7239
        43    198.5482    961.6057     6008.104     484.1598  15.5532   0.0875     6.44    0.615  10.23   2      16.71     759.9659       92.923
        44    937.6915    953.7969     52620.52     604.1812  13.1971   0.0125     7.67    0.168  -7.70   0      124.4     5686.312     104.0546
        45    981.2129    956.3079     10684.53     636.6696  14.9281   0.0647     8.76    0.203 -33.09   3      24.36     1078.658     92.95074
        46    989.3499    948.9954     25416.08     684.0519  13.9872   0.0292     7.98    0.266 -10.20   2      62.33     2944.577      98.1208
        47    433.3991    956.0901      10018.7      608.374  14.9980   0.0659     8.05    0.198   8.71   0      22.68     997.0769     93.25178
        48    767.4025    954.1095     11645.78     499.7797  14.8346   0.0466     6.47    0.206 -10.78   0       33.9     1618.005     94.75301
        49    737.4717    947.7255     59907.15      775.365  13.0563   0.0141     7.36    0.249   8.16   0      130.3      6218.48      104.989
        50    512.7700    946.9296     41876.94     813.4398  13.4451   0.0211    10.56    0.403  11.47   0      88.52     3728.786     99.68742
        51    591.3503    948.7026     7573.862      543.748  15.3017   0.0780     8.61    0.293  51.05   0      21.27     1016.297     92.54688
        52    236.1765    950.7597     7951.245     467.9689  15.2489   0.0639     6.58    0.196  16.38   0      25.25     1246.416     94.35236
        53    380.3594    944.0845     79973.66     832.4492  12.7426   0.0113     7.67    0.174   8.36   0      161.2     7453.497     107.4127
        54     20.6090    948.8351     9439.438     600.4514  15.0626   0.0691     8.96    0.274  -7.64   0      23.65     1064.306     93.91267
        55    349.7027    943.7267     24322.29     882.8594  14.0350   0.0394     8.82    0.073   3.81   0      42.99     1705.865     94.22507
        56    948.6499    939.5970     23848.09     630.3658  14.0564   0.0287     8.18    0.149  -2.83   0      61.52     2891.243     97.75929
        57    402.2191    962.1922        10048     606.4684  14.9948   0.0655     8.38    0.269  -1.37   0      24.17     1050.984     93.38307
        58    825.3344    962.0236     7799.933     576.0689  15.2698   0.0802     8.22    0.216  -8.80   0      19.38      756.132     92.91363
        59    972.3033    938.6409     13288.88     730.3643  14.6913   0.0597     9.55    0.477 -30.25   0      22.21     687.2431     91.48106
        60    413.8143    933.1780     9593.401     591.7211  15.0451   0.0670     7.70    0.297 -39.66   0      20.75     810.5972     93.04676
        61    547.0355    926.0247     11847.79     337.1317  14.8159   0.0309     9.46    0.755  83.67   0      41.41     2767.116      97.9469
        62    644.7466    946.9573     26869.44     847.8766  13.9269   0.0343     8.03    0.139  36.13   2      48.55     2149.682     96.26201
        63     40.6764    925.4069     15369.26     777.3229  14.5334   0.0549    10.77    0.167  22.41   0      27.74     1119.386     93.54939
        64    249.2381    921.6638     58739.51     663.3233  13.0777   0.0123    10.27    0.414   0.10   0      125.4     5797.173     104.2965
        65    410.4248    922.9399     13207.38     336.3206  14.6980   0.0277     6.51    0.534   7.14   0      101.7      8190.57     109.3877
        66    907.1356    921.8256     4492.337     433.9552  15.8688   0.1049     6.18    0.605  -8.35   0      15.45     688.8397     92.74889
        67    591.6698    920.3392     8249.385     573.2077  15.2089   0.0755     8.22    0.233   0.12   0      22.09     930.1786     93.08859
        68    330.2935    923.8920     27925.65     521.8376  13.8850   0.0203    14.51    0.321  -8.93   0      75.17     3577.381     99.10696
        69    694.0113    914.3527     20025.72     933.0731  14.2460   0.0506    13.79    0.282  81.64   0      32.22      903.912     93.52371
        70    761.2537    913.9840     21140.44     828.9664  14.1872   0.0426     7.97    0.240   8.24   0      36.86     1663.814     95.10796
        71    510.5050    913.7418     6276.575     512.3222  15.5057   0.0886     6.42    0.429   7.15   0      17.89     793.0221     91.99693
        72    266.2909    911.0898     15766.89     643.0237  14.5056   0.0443     9.71    0.377   9.76   0      37.39     1565.296     94.38012
        73    542.2568    908.9706     13939.72      702.954  14.6394   0.0548     6.87    0.049  70.18   0      28.95     1333.317     94.06769
        74    569.2462    904.3575     114660.3     802.2107  12.3515   0.0076    12.10    0.231   2.86   0      237.3     12493.33     118.1864
        75    978.9085    904.4581     16610.17     646.0305  14.4491   0.0422     7.44    0.224   3.19   0      41.92     1883.516     94.89828
        76    705.3703    904.6257     11890.91     638.9249  14.8120   0.0584     7.67    0.158  22.70   0      28.63     1345.135     94.58985
        77    599.0325    896.7732     372375.9     951.3405  11.0725   0.0028     9.21    0.328 -11.68   0        551     33804.12     153.9523
        78      3.8459    904.4698     3078.503     244.1522  16.2792   0.0861     3.17    0.534  83.96  16      13.94      839.353     92.86658
        79    870.3810    901.8750     28440.22     544.9743  13.8652   0.0208    10.72    0.306  11.09   0      72.58     3502.477     99.17012
        80    652.1272    907.0789     9560.883     603.3986  15.0488   0.0685     8.16    0.139 -18.34   0       24.3     1079.225     92.95213
        81    767.5937    899.8257     36384.48     840.0932  13.5977   0.0251     8.08    0.248  -2.88   0       73.3     3338.544     99.02912
        82    962.2169    900.3656     17452.55     605.4029  14.3954   0.0377     7.56    0.266  -3.80   0      45.98     2054.786     96.52139
        83    283.2979    898.6074     55291.73     596.4655  13.1433   0.0117    10.51    0.197  -0.17   0      136.3     6774.629     106.4051
        84    186.2511    898.9427     28393.55     722.2674  13.8670   0.0276    14.66    0.301  13.71   0      66.19     3005.324      98.2614
        85     62.1793    894.0158     66631.03     791.4338  12.9408   0.0129     9.17    0.144  -3.56   0      145.1     7175.016     107.4738
        86   1019.3929    895.9711     46934.49     553.6856  13.3213   0.0128     7.80    0.016 -81.81  24      118.7     5579.414     104.2685
        87    837.6915    893.7377     48796.66     618.9414  13.2790   0.0138     9.07    0.151   8.48   0      111.8     4734.047     101.4957
        88    372.3593    892.2258     78907.03     698.2723  12.7572   0.0096     9.01    0.123  72.53   0      165.1     6533.833     106.3284
        89    337.5042    897.7054     7660.146     354.5772  15.2894   0.0503     7.82    0.276   6.55   0      25.91     1229.925     93.56904
        90    409.8751    895.2244     14074.69     547.5226  14.6289   0.0422     7.63    0.246  -6.76   0      39.26     1763.291     95.10086
        91    475.0694    891.6736     55975.77     890.9706  13.1300   0.0173     7.25    0.198  -4.80   0      114.8      5527.58     103.4826
        92    450.4447    894.1395     15127.37     775.7528  14.5506   0.0557     9.37    0.131 -15.41   0      27.53     1048.981      93.3782
        93    695.6312    877.8746     231360.7     1096.293  11.5893   0.0051     9.56    0.263 -46.80   0      364.1     16970.82     126.3198
        94     78.8627    885.8621     14324.07     718.6371  14.6098   0.0545     9.72    0.308   4.56   0      27.36     1154.593     93.38589
        95    114.2682    881.1563      6450.03     496.2397  15.4761   0.0836     5.93    0.334 -23.44   0      17.73     708.6994     92.54628
        96    671.0851    879.6356     12943.43     749.1437  14.7199   0.0629     9.91    0.540 -38.39   0      24.57     704.8841     92.28494
        97     94.2486    879.7076     8415.281     586.3253  15.1873   0.0757     6.74    0.117  56.86   0      22.47     967.7513     92.42758
        98     15.1730    878.3917     10951.59       494.78  14.9013   0.0491     7.93    0.289   9.95   0      31.47     1455.538     94.60896
        99    640.9097    872.5792     17770.92     792.8473  14.3757   0.0485     8.53    0.228  12.49   0      31.78     1258.049     93.13866
       100    853.1869    866.7347     16587.36     809.2255  14.4506   0.0530    12.70    0.545  76.60   0      29.67     956.2967     93.15234
       101    276.6898    872.0676     21677.75     492.6434  14.1600   0.0247     7.60    0.219   7.08   0      57.43     2651.201      96.4783
       102    763.2200    867.7111      18446.2     729.5776  14.3352   0.0430     7.33    0.182  11.87   0      40.57     1841.049     94.79652
       103   1000.0729    865.8969      8828.32     532.3773  15.1353   0.0655     7.02    0.159  -0.58   0      27.64     1376.475      93.4272
       104    808.2974    866.4638     8550.987     647.6985  15.1700   0.0823     8.31    0.347  12.71   0      20.63     753.3899     92.15199
       105    158.0863    863.7153     6456.762     500.9129  15.4750   0.0843     5.01    0.294  16.65   0      18.88       885.28     92.72814
       106    696.0115    860.9404     27433.33     941.0816  13.9043   0.0373    11.30    0.262  28.10   1      40.43     1019.682     93.55607
       107    788.9429    858.9063     10084.88     586.9721  14.9908   0.0632     7.43    0.093 -31.82   0      26.77     1250.626     93.12055
       108    607.9754    859.1524     11885.77     600.4079  14.8124   0.0549     5.43    0.072 -27.89   0      24.48     1025.751     93.81933
       109    438.1421    847.9037       847563     969.2391  10.1796   0.0012     7.06    0.147  -2.12   0       1023     93977.32     225.4328
       110    978.7909    858.1122     26120.94     660.9186  13.9575   0.0275     8.19    0.229 -13.55   0      61.13     2822.553      97.3606
       111    561.9061    855.0229     21405.03     829.0389  14.1737   0.0421     9.60    0.244   1.88   0      37.14     1547.122      93.8414
       112    414.8946    855.7132     10865.03     644.9095  14.9099   0.0645    10.28    0.383   0.83   0      26.33     1200.388     93.49727
       113    311.6037    856.0699     10539.44     647.4974  14.9430   0.0667     9.02    0.484  13.96   0      23.19     901.2252     93.01788
       114    674.5782    853.5996     16443.25     725.7522  14.4600   0.0479     7.08    0.237  -2.14   0      35.44     1671.246     94.88063
       115    148.4348    850.1806     55576.41      729.176  13.1378   0.0142     7.25    0.193  -0.81   0      127.4      6278.49     106.0011
       116    908.8303    851.3450     12870.44     699.2864  14.7260   0.0590     8.47    0.183  15.51   0      25.77     1112.191     93.28264
       117    481.7255    849.1819     20959.87     513.1541  14.1965   0.0266     7.88    0.057 -54.56   0      55.82     2617.772     97.36089
       118    751.9606    850.0806     13924.14     677.6509  14.6406   0.0529     7.58    0.276  -3.79   0      32.86     1602.574       94.716
       119    504.0570    849.3132     13131.45     415.2737  14.7042   0.0343     6.85    0.241   1.42   0      41.03     2051.566      95.2999
       120    827.2472    848.0027     8869.404     504.3202  15.1303   0.0618     8.15    0.319   6.94   0      27.76     1319.407     94.03408
       121    609.1056    846.6902     48263.82     1141.306  13.2909   0.0257    10.25    0.256 -15.28   0      48.57     1621.451     94.51524
       122    529.2759    851.0245     43646.14     700.9623  13.4001   0.0174     6.89    0.198  -0.76   0      109.6     5465.533     103.5713
       123    697.6069    841.1084     30905.37      856.467  13.7749   0.0301    10.16    0.168  -2.76   2      50.86     1228.668     93.81451
       124    627.7819    839.6523      46045.2     1289.372  13.3420   0.0304    16.23    0.131  65.56   0      47.78     1270.062     94.16235
       125    937.1388    835.1333     96940.77     887.0379  12.5337   0.0099    18.96    0.236   3.68   0      191.8     9528.171     112.1324
       126    740.9180    839.9515     13651.29     701.2024  14.6621   0.0558     8.21    0.173   4.08   0      30.06     1335.487      93.5766
       127    890.7390    832.4486     197676.7     794.4906  11.7601   0.0044     8.98    0.148   1.00   0      367.8     20857.66     133.1294
       128    178.9862    832.3051     77222.66     643.0184  12.7806   0.0090     7.31    0.191   2.38   0        178     8982.104     110.8101
       129    960.7565    828.0233      38514.3     948.6755  13.5359   0.0268    13.46    0.457 -20.21   0      65.42     3051.043     98.60352
       130    165.3157    824.1959     9292.913     580.6815  15.0796   0.0679     7.73    0.248  21.26   0      23.67      1154.61     93.88327
       131    942.8832    820.8600     14819.42     731.6365  14.5729   0.0536     8.22    0.097 -40.41   0      27.05     1134.362     93.08684
       132    135.3989    819.4005     13716.16     490.1457  14.6569   0.0388     7.15    0.241  -1.96   0      38.64     1785.246     95.15331
       133    797.7603    820.3802     9070.109     595.4435  15.1060   0.0713     7.92    0.420   0.03   0      20.66     977.2966     93.95004
       134     29.9332    816.9401     26520.56     668.0635  13.9410   0.0274     7.05    0.160  -8.28   0      69.22     3217.192     98.51414
       135    105.5372    811.1098     68496.43     687.2947  12.9108   0.0109     7.16    0.183  -6.12   2      149.6     7197.418     106.8695
       136    714.9904    805.5287     125484.5     868.5656  12.2535   0.0075     7.16    0.140  -4.11   0      242.8     12581.23     118.1584
       137    422.9281    809.5709     35440.69     650.8351  13.6262   0.0199     8.04    0.192 -11.86   2       81.6     3588.956     99.36811
       138    738.6924    809.2652     21544.34     837.4601  14.1667   0.0422    10.56    0.224 -37.83   0      30.71      1048.07     93.12628
       139    846.1541    808.6409     5910.453     487.7079  15.5709   0.0896     7.68    0.091   7.24   0      18.13     888.7534     92.73666
       140    757.5394    803.8175     87859.72     950.0648  12.6405   0.0117    19.25    0.215  -0.10   2      159.8     7329.297     107.5833
       141    883.5469    802.0355       160698     774.8781  11.9850   0.0052    12.43    0.128 -10.39   0      315.3     17887.29     127.9581
       142    716.3553    835.8992     10229.49     605.5759  14.9754   0.0643     7.63    0.254  -3.20   0      21.66     892.3572     91.98923
       143    479.4972    800.3216     66018.66     646.2922  12.9508   0.0106     7.22    0.123  -0.12   2      153.8     7531.034     107.5767
       144    478.5743    789.8367     27005.36     666.4838  13.9214   0.0268     7.35    0.149  -5.44   3      65.43     3085.617     98.68317
       145    365.9414    802.4846     20317.61     659.8028  14.2303   0.0353     7.39    0.173  -4.06   0      50.32     2405.021     96.13912
       146    264.8677    801.5016     31772.92     768.5903  13.7449   0.0263     7.35    0.192  -2.71   0      74.85     3501.194     98.69646
       147    697.6378    798.3697     26134.24     648.4754  13.9570   0.0269     7.42    0.228   2.46   2      62.37     3001.594     98.25277
       148    544.0596    799.9883     4508.845     315.9809  15.8648   0.0761     4.42    0.016 -45.21   2       19.9     1514.226     94.74983
       149    633.7742    795.3535     19558.47     572.6137  14.2717   0.0318     6.99    0.236   4.47   0      48.85     2355.551     96.98721
       150    244.2271    790.8685     95418.64      728.022  12.5509   0.0083     9.67    0.220  -2.37   0      208.4     11009.96     115.0965
       151    164.8981    793.7759     7841.794     564.8611  15.2640   0.0782     7.88    0.391 -19.39   0      19.72     796.8517     91.75298
       152    306.5733    792.2284     11934.76      717.881  14.8080   0.0653    10.82    0.400 -18.01   0       25.2     938.4913      93.6077
       153    191.5764    791.0158     7281.325      528.422  15.3445   0.0788     8.82    0.344   3.27   0      20.57     954.2377     93.64593
       154    961.5564    788.2554     8797.074     601.1773  15.1392   0.0742     9.11    0.280  41.13   0      21.74     930.6024     93.33942
       155    175.9054    789.6256     9584.008     603.4072  15.0461   0.0684     7.05    0.203  22.01   0       23.5     1062.801     92.40938
       156    371.6044    783.4896     20544.27     654.5666  14.2183   0.0346     6.82    0.254   0.76   0      49.65     2431.891     96.68548
       157    887.8152    780.1718     31267.76     924.5428  13.7623   0.0321     8.14    0.212  13.30   0       52.2     2231.354     96.69575
       158    831.9523    783.4761     5528.771     202.3174  15.6434   0.0397     4.81    0.234  74.02   3      56.87     4413.215     101.0055
       159    826.6696    778.9088     47174.93     1066.192  13.3157   0.0245     9.47    0.269   3.37   2       62.3     2560.397     96.74671
       160    811.7809    778.5544     23434.79     1088.738  14.0753   0.0505    15.65    0.514  44.95   0      32.86     800.5507     93.27219
       161    764.3200    781.7230     6324.856     222.3595  15.4974   0.0382     3.66    0.366 -17.58   0      48.51     4245.138     100.1628
       162    493.5000    777.6240     27517.44     644.4595  13.9010   0.0254     7.83    0.174  -7.15   0      69.19     3050.189     96.93443
       163    455.8425    780.8988     5083.126     459.0271  15.7347   0.0981     5.98    0.249 -18.65   0      16.58     828.3424     91.83094
       164     32.6667    776.0016     46544.29     631.1606  13.3303   0.0147     6.13    0.278  -9.38   3      111.7      5918.56     105.0051
       165     22.7691    768.3033     283824.3     794.2228  11.3674   0.0030     7.17    0.176   2.22  19      487.8     30619.68     148.2378
       166     90.6548    771.8545     131350.6     828.9869  12.2039   0.0069     7.24    0.143   0.29   1      260.8     14137.99     121.4997
       167    110.8775    770.7685     87306.57     720.6548  12.6474   0.0090     7.75    0.202  -4.13   1      191.4     9904.772     112.8931
       168    768.8298    772.6492     7928.874     459.1679  15.2520   0.0629     9.05    0.179 -20.38   0      24.09     1216.015     94.27911
       169    544.7778    773.7696     5459.641     253.3482  15.6571   0.0504     5.27    0.290  39.06   0      62.74     3851.089     100.4306
       170    131.5539    772.7712     3791.053      175.581  16.0531   0.0503     1.45    0.201  32.65   0       46.1      3586.56      99.8302
       171    727.0230    770.0521     20690.36     735.0435  14.2106   0.0386    10.81    0.474  -4.02   2      38.24     1846.844     95.54434
       172    572.9702    769.5229     7613.052     420.6296  15.2961   0.0600     7.36    0.156   9.20   0      23.89     1167.709     93.66672
       173    257.5156    766.2549     9162.656     518.1146  15.0949   0.0614     6.94    0.200   6.36   0       27.6     1316.543     93.53057
       174    503.6815    755.7766     155027.4     887.4832  12.0240   0.0062     7.91    0.247 -47.41   0      283.5     14498.26       121.79
       175    414.0959    758.9515     40698.18     549.0033  13.4761   0.0146     7.15    0.171   1.60   0        104     5046.142     101.9641
       176     95.7689    758.4410     10410.17     626.4321  14.9564   0.0654     9.95    0.324 -22.72   1      25.25     932.4219     93.59296
       177    889.2031    758.3488     9921.623     603.5344  15.0085   0.0661     7.58    0.362  20.03   0      21.14     743.7607     92.63234
       178    832.9946    755.5051     14356.84     573.5981  14.6074   0.0434     6.90    0.326   3.75   2      39.41      1690.04     94.92564
       179    313.8568    756.9297     4295.135      416.044  15.9176   0.1052     6.07    0.418  -7.52   0      15.14     735.0989     92.35932
       180    194.9204    766.8339     9798.771     183.1925  15.0221   0.0203     0.00    0.251  64.30   0      121.3      8670.62     110.3806
       181     31.8562    751.7744     13784.18     701.2455  14.6515   0.0552     9.74    0.183  81.07   0       27.2     1088.334     93.47393
       182    702.3861    744.8665     58706.28     609.3388  13.0783   0.0113     7.19    0.123   5.81   2      141.1     6845.238     106.5558
       183    698.6725    732.2450     16291.07     567.2252  14.4701   0.0378     8.36    0.211  12.05   3      43.69     1903.427     95.43517
       184    341.2025    747.4700     17604.83      752.106  14.3859   0.0464    11.93    0.459  12.69   0      38.67     1465.648     94.63324
       185   1002.2684    743.6830     72295.58     941.4005  12.8522   0.0141     7.62    0.164   1.61   2      132.4     6070.633     104.4458
       186    995.8851    730.1461     31994.92      795.452  13.7373   0.0270     8.51    0.241   7.25   3      68.78     2986.527     97.50411
       187    964.9619    745.4462     29855.16     961.8496  13.8125   0.0350     9.62    0.257 -19.50   2      36.22     1246.608     93.85796
       188    970.6092    738.4616     11318.51     647.7708  14.8655   0.0622     7.04    0.199 -28.38   3      26.02     1013.249     93.54044
       189    747.3972    746.2961     10884.86     508.6724  14.9079   0.0508     7.17    0.235  -8.62   0      30.76     1427.311     94.29451
       190    110.3720    744.5813     24352.35     656.7744  14.0336   0.0293     7.83    0.172   2.54   2      60.01     2814.411     98.05658
       191    591.8989    744.3348     28715.91      901.594  13.8547   0.0341     7.48    0.163  14.57   2      45.77     2017.562     94.97392
       192    450.7216    745.6443     8597.643     523.4568  15.1641   0.0661     7.49    0.252   3.34   0      25.45      1247.48     93.61167
       193    572.4330    742.6556     21986.89     784.4669  14.1446   0.0387     7.65    0.138 -12.22   0      47.18     2009.295     95.44331
       194    831.5658    740.6210     18183.24     551.3411  14.3508   0.0329    15.01    0.515 -18.68   2      37.78     1534.638     95.04408
       195    984.1885    742.0655     12798.94     583.0513  14.7321   0.0495     7.74    0.165  87.39   0      28.07     1882.372     95.38502
       196    471.8272    743.1407     4261.682     436.5097  15.9260   0.1112     6.13    0.504   1.56   0      13.83     731.1045     92.85239
       197     48.1746    740.2479     6909.724      512.603  15.4013   0.0806     8.14    0.430 -11.93   0      20.25     940.4783     93.61253
       198    299.7672    735.1898      28839.1      698.649  13.8500   0.0263     7.24    0.213  -5.35   2      65.21     3004.688     98.49661
       199    407.0501    736.6198     6065.769     476.9189  15.5428   0.0854     7.00    0.240 -13.36   0      19.68       1042.1     93.85892
       200    214.8430    735.1490     9934.244      555.317  15.0072   0.0607     9.28    0.232  -0.83   0      26.84     1188.178      93.9645
       201    190.5119    729.9872     18688.85      793.844  14.3210   0.0461    13.62    0.359  79.10   2      38.68     1402.099     93.98631
       202    431.9295    733.1672     10644.68     595.0668  14.9322   0.0607     7.58    0.125 -21.27   0       28.6     1332.745     94.06631
       203    335.4951    732.8073     13426.01     705.2684  14.6801   0.0570     7.81    0.267 -10.43   0      28.91     1333.413     94.06792
       204    506.5699    730.1099     16283.21     662.8175  14.4706   0.0442     7.28    0.243   9.67   0      42.05     2007.553     95.19487
       205    925.2676    728.4047     33561.76     543.9047  13.6854   0.0176     7.56    0.213  -5.89   0      87.63     4108.868     100.5502
       206    419.6068    727.6263     15654.17     615.2249  14.5134   0.0427     7.03    0.183   2.17   0      41.97     2020.042     95.95544
       207    864.8407    719.5696     66217.91     815.9431  12.9476   0.0134    13.16    0.163  27.81   0      117.5     3439.045      99.4938
       208    842.4208    723.8277     9386.945      379.438  15.0687   0.0439     7.50    0.202 -17.53   0      30.13     1362.866     94.63245
       209    388.3629    716.1373     137662.7      733.989  12.1530   0.0058     7.61    0.133  -1.53   0      280.7     15432.81     123.5216
       210    658.0730    719.8322      10547.5     395.1492  14.9421   0.0407     7.07    0.173  16.06   0       32.5     1542.546     94.57185
       211     95.1392    718.0649     37163.29     733.8003  13.5747   0.0214     7.43    0.219  -6.64   0       89.3     4160.382     100.6666
       212    498.1379    716.3948     7717.185     524.1861  15.2814   0.0738     8.11    0.317 -23.07   2      21.86     970.8428     93.43735
       213    464.1785    708.4883     7912.013     558.6722  15.2543   0.0767     8.04    0.170   9.14   0      21.24     950.5613     92.63699
       214    263.6029    706.0376     16073.12     631.2557  14.4847   0.0427     7.05    0.249  -1.81   0      41.08     2042.444     96.25071
       215    533.9875    700.2469     66429.03     904.6391  12.9441   0.0148     7.80    0.182   2.97   3      120.5     5774.303     104.6924
       216    521.6055    695.5132     75077.14     814.1282  12.8112   0.0118    10.44    0.203  12.23   3      155.9     7682.863     108.3277
       217    323.4898    700.7166     19820.38     517.1712  14.2572   0.0283     7.52    0.215  -6.07   0      53.61      2424.35     96.42658
       218    795.1622    695.5609     191273.4      729.958  11.7959   0.0041     7.19    0.176   3.43   0      370.1     21752.34     134.6481
       219    589.1671    699.7442     17851.78      647.367  14.3708   0.0394     7.48    0.268   0.51   0      46.27     2175.614     95.83853
       220    168.5957    697.6464     96060.46     703.0056  12.5436   0.0079     8.53    0.281   5.70   0      197.9     9445.205     112.1718
       221     77.7702    700.5139     5890.299     480.4836  15.5747   0.0886     6.49    0.285 -20.21   0      17.67     891.0918     92.74239
       222    728.2623    697.8777     13753.18     657.5378  14.6540   0.0519    10.35    0.172   0.19   0      32.98     1439.922     94.07773
       223    464.7382    698.7697     9403.255     612.9114  15.0668   0.0708     8.28    0.208 -22.40   0      22.53     1071.492     93.43297
       224    390.3795    686.7853     542580.1     881.7662  10.6638   0.0018     7.14    0.166  -0.90   3      770.7     60826.92     189.5728
       225    386.0962    670.9492     125402.3     772.7866  12.2542   0.0067     7.46    0.165   6.16   3      252.8     13210.21     118.7755
       226    198.4316    689.5855     29958.61     545.6072  13.8087   0.0198     8.57    0.199  -2.33   0       78.4     3623.068     99.91328
       227     17.9676    691.0153     17455.85     711.4918  14.3951   0.0443     8.74    0.247 -18.30   0      38.37     1607.087      95.4614
       228    684.5223    687.3612        19141     784.3845  14.2951   0.0445    12.28    0.222  23.15   2      38.76     1390.386     94.20547
       229    565.4143    686.3654     24029.04     777.6082  14.0482   0.0351    14.53    0.108 -42.75   2       50.6     1957.523     96.29209
       230    551.4010    679.2163     52801.69     1043.119  13.1934   0.0215    15.68    0.506  -5.62   2      81.32     2401.712     96.61452
       231    657.7288    687.6628     10129.33     476.4139  14.9860   0.0511     9.50    0.177  15.62   0      32.85     2021.255     95.71535
       232    614.0452    682.1508     8062.938     366.1388  15.2338   0.0493    10.21    0.249 -46.12   0      25.61     1131.542     93.82742
       233     71.1859    681.9106     10372.74      574.049  14.9603   0.0601     5.54    0.167  15.67   0      28.95      1489.11     93.94897
       234    744.6669    680.7339     9314.953     581.6917  15.0770   0.0678     7.53    0.235  13.49   0      25.13     1220.222     93.54547
       235    126.6741    676.9647     2660.516     163.7747  16.4376   0.0669     1.48    0.123  -4.70   0      36.59     2537.374     96.93311
       236    918.9361    674.6204     8919.459     508.9385  15.1242   0.0620     9.62    0.269   3.01   0       25.2     1226.931      93.8103
       237    290.5645    674.4906     7805.559     496.8601  15.2690   0.0691     0.00    0.515  43.52   0       23.2     835.7878     92.10252
       238    233.0982    670.3688     46491.18     1110.968  13.3316   0.0260    12.56    0.356  88.35   0      67.09     2258.643     95.30508
       239    969.6552    672.6354     10709.12     402.5388  14.9256   0.0408     8.27    0.343  -9.49   0      31.99     1431.829      94.3054
       240     28.8884    671.8649     22224.25     518.2265  14.1329   0.0253     7.16    0.182   6.57   0      60.28     2884.459     97.26591
       241    755.4300    671.6574     7431.291     460.1882  15.3223   0.0673     9.52    0.440  25.54   0      24.31     990.6321     93.23607
       242    203.5725    668.8345     8011.619     607.6238  15.2407   0.0824     8.34    0.325  52.83   0       20.6     810.0544     93.29534
       243    172.3515    667.7074     12888.25     734.2145  14.7245   0.0619     9.63    0.526  31.42   0      25.37       762.21     91.92078
       244    921.5862    666.9954      6779.76      519.315  15.4220   0.0832     7.14    0.207  57.14   0      18.74     806.5978     92.78638
       245    268.7321    666.7969     9786.734     639.0875  15.0234   0.0709     9.37    0.221 -14.38   3      23.44     1016.959     93.30022
       246    276.5933    661.1873     14012.28     714.4763  14.6337   0.0554    10.26    0.305 -11.04   2      30.99     1313.778     94.02047
       247    951.2443    666.4637     6572.882     471.0212  15.4556   0.0778     6.06    0.033  61.07   0      18.84     898.2276     93.01055
       248    423.0107    665.9377     10597.39     618.0811  14.9370   0.0633     8.61    0.267  -2.20   0      24.05     1010.844     93.28532
       249     91.0157    658.0141     60409.85     607.1041  13.0472   0.0109     7.24    0.178   0.11   0      146.3     7322.924     107.5699
       250    145.4328    652.7370     457355.6      848.614  10.8494   0.0020     7.11    0.167  -1.59   0      690.3     51803.29     178.2964
       251    413.9060    653.8577     16841.25     687.1527  14.4341   0.0443     7.55    0.247  -5.82   0      41.66     1919.523     94.73902
       252    921.8975    653.9524     7045.461     502.3401  15.3802   0.0774     9.02    0.364  -3.56   0      20.99     856.0576     92.15253
       253    511.0841    651.8495     7588.529     495.5876  15.2996   0.0709     1.61    0.219 -76.11   0      20.84     1381.494     93.68827
       254    534.0360    646.2628     9879.361     556.3418  15.0132   0.0612     8.95    0.314  -7.26   0      26.85     1248.323     93.86211
       255     25.4368    640.5901     25964.37     784.8771  13.9641   0.0328     7.72    0.258   9.79   0      55.71     2559.291     97.70209
       256    705.0497    637.3357     14142.29     662.9616  14.6237   0.0509    12.03    0.362 -19.59   2      31.44     1132.874     93.58216
       257    323.9897    639.5552     6249.724     505.4468  15.5103   0.0878     6.84    0.268 -33.89   0      18.14      872.835     93.44816
       258    210.3943    636.1104     14158.87     617.5068  14.6224   0.0474     8.14    0.224   4.61   0      37.14     1708.229     94.96918
       259    393.3236    633.9840     43550.97     692.5769  13.4025   0.0173     7.48    0.165   3.85   0      102.5     4977.829     102.7224
       260    465.3097    636.3527     6607.051     500.9811  15.4500   0.0823     6.06    0.212 -54.47   0      18.25     808.6387     92.28815
       261    937.7172    627.7999     28673.54     832.4289  13.8563   0.0315    12.15    0.317 -88.04   0      57.67      1841.17     95.77427
       262     17.1970    626.8071     65822.34     734.7432  12.9541   0.0121     7.22    0.201  -3.36  16      144.7     6946.452     106.7715
       263    791.2946    630.2531     13066.02     582.1563  14.7096   0.0484    10.75    0.237   7.21   0      37.24     1619.962     94.01765
       264    234.0317    628.4667     19749.99     699.8572  14.2611   0.0385     8.06    0.262  -0.19   0      47.74     2083.354     95.86269
       265     83.8265    626.8060     55327.62     670.8868  13.1426   0.0132     7.61    0.296  -0.52   0      124.4     6136.975     105.2558
       266    266.5378    624.5917     82639.33     986.7097  12.7070   0.0130    13.45    0.488   0.19   0      141.6     4973.058     102.7119
       267    661.0911    625.1166     14069.82     636.9637  14.6293   0.0492     9.59    0.351  -0.10   0      33.53     1364.923     93.89637
       268    420.0215    624.3116     21927.54     744.8637  14.1475   0.0369     7.44    0.221   4.81   0       49.2     2230.551     95.72579
       269    123.3893    624.5069      10205.2     581.0384  14.9779   0.0618     8.36    0.237 -25.09   0      27.66     1249.575     93.86515
       270    150.2773    622.5983     8278.238     558.8212  15.2052   0.0733     8.06    0.311  17.51   2      22.91     921.8434     93.06824
       271    756.2874    622.7912     4806.996      414.923  15.7953   0.0937     5.14    0.386 -17.81   0       14.9     767.9007     92.69155
       272    579.8948    615.0137     58504.85     718.0289  13.0820   0.0133     7.12    0.180   0.00   0        136      6762.54     106.1602
       273    715.0145    614.2281     30590.59     968.6565  13.7860   0.0344    15.03    0.458 -28.29   0      51.73     1447.931     94.83652
       274    640.5441    616.3223     11672.71     703.0491  14.8321   0.0654    10.23    0.341 -22.99   0      25.37     971.0779     92.93819
       275    228.9642    615.2413     23711.83     737.5573  14.0626   0.0338     7.27    0.212   2.93   0      56.08     2734.173     97.39345
       276    768.3721    616.0611      6636.72     493.9739  15.4451   0.0808     6.35    0.407  52.64   0      17.72     800.5519     92.77158
       277    690.7896    614.7751     16194.65     626.6721  14.4766   0.0420     7.36    0.232   5.94   0      41.96     1982.746     95.86707
       278    360.1724    612.4102     12474.65     446.0166  14.7599   0.0388     9.99    0.190  18.08   0      37.25     1785.996     95.39949
       279    884.0091    620.5649     389993.1     831.0779  11.0224   0.0023     7.21    0.123  -1.40   0      617.8      43617.5     167.8152
       280    441.2019    608.0486     9583.216     633.5258  15.0462   0.0718     8.80    0.157 -10.87   0      20.95     775.6602     92.71057
       281    280.8374    606.1482      9601.36     607.2603  15.0442   0.0687     8.34    0.184  -2.14   0      24.38     1001.098     93.26158
       282    892.5295    598.4235     49892.43      901.767  13.2549   0.0196     7.51    0.252 -23.94   0      91.01     4224.265     101.0414
       283    526.9265    605.1993     4170.794     392.9486  15.9495   0.1023     5.35    0.455 -12.94   0      14.84     811.7186     92.79893
       284    263.9454    593.1502     12828.63     687.5197  14.7295   0.0582     8.83    0.217  28.59   0       28.8     1095.762     93.74071
       285    971.2112    592.3762     10733.41     620.9498  14.9232   0.0628     6.81    0.227   7.93   0      27.46     1406.993     94.49226
       286    203.2337    592.7503     7309.563     559.4685  15.3403   0.0831     7.98    0.423 -22.53   0      19.68     814.5156     92.80578
       287    935.3322    590.6823     14678.04     611.0656  14.5833   0.0452     7.72    0.189  12.20   0      37.07     1604.228     94.22704
       288    714.3956    587.5950     55718.79     689.8404  13.1350   0.0134     7.31    0.191  -4.55   0      130.2     6355.571     105.5063
       289    570.4692    602.2162     15655.51     589.1251  14.5133   0.0409     7.25    0.237   1.82   0      43.87      1996.52     95.89971
       290    564.9128    585.2232     12769.28     614.1583  14.7346   0.0522     6.74    0.109  14.43   0      33.37     1621.816     94.26945
       291    141.8493    580.5961     30651.54      689.176  13.7839   0.0244     7.63    0.243   9.48   0      70.82     3326.849      98.7668
       292    225.1111    579.6697     14222.88     587.5823  14.6175   0.0449     7.58    0.206 -18.91   0      35.66     1530.309     94.04858
       293     11.0740    580.5700     8990.916       587.54  15.1155   0.0710     8.61    0.324  -9.27  18      24.18      1058.84     93.40218
       294    423.0128    578.5869     21532.16     849.1912  14.1673   0.0428     9.82    0.300  -7.96   0      36.09     1488.703     94.44237
       295    732.2802    576.3983     8807.539     582.4935  15.1379   0.0718     7.21    0.407 -20.76   0      20.28     866.7928     92.93371
       296    130.8928    573.9115     14837.65      613.027  14.5716   0.0449     7.61    0.283   5.06   1      37.79     1723.271     94.75977
       297    758.9901    574.5154     4785.049     435.4474  15.8003   0.0988     5.01    0.377 -62.23   0      15.62     765.4352      92.6855
       298    443.1796    572.9026     20311.68      800.877  14.2306   0.0428     8.71    0.318  -7.46   0      35.54     1590.551     93.94652
       299    686.6743    568.0622     79698.26     764.5744  12.7464   0.0104     7.19    0.243  -2.97   0      173.4     8893.622     110.8388
       300    597.1243    572.7444      8252.91     595.1315  15.2085   0.0783     8.05    0.388  -3.13   0      20.55      783.685     92.47881
       301    171.7621    570.6965     17743.54     850.9174  14.3774   0.0521    10.67    0.277  -4.23   0      28.19     941.8335     92.11139
       302    357.5492    571.3661     4552.629     411.9673  15.8543   0.0983     6.52    0.196 -28.44   0      16.74     881.4308      92.9695
       303    656.7341    566.4346     36783.42     822.6982  13.5859   0.0243     7.38    0.247  -3.37   0      79.79     3752.617     99.74173
       304    292.5693    568.6924     9092.673     581.6048  15.1033   0.0695     7.46    0.298   0.52   0      21.19     804.5024     91.77192
       305    812.2266    570.7065     8550.174     578.3813  15.1701   0.0735     7.88    0.284   8.69   0      21.19     817.9266     92.05843
       306    259.9305    568.3929      5214.65     466.6379  15.7069   0.0972     6.58    0.204  14.76   0      18.07     997.6687     93.25322
       307    284.0577    566.7764     11316.37     629.5408  14.8657   0.0604     8.07    0.343  14.61   0         23     771.2518     92.69977
       308   1012.8804    565.3040     9807.472     605.4175  15.0211   0.0670     8.17    0.214  19.16  16      24.11     1172.829      93.1807
       309    941.6888    558.2328     83513.81     670.0227  12.6956   0.0087     7.17    0.150  -3.35   0      188.5     9502.733     111.6645
       310    483.5929    560.9496     43342.95     880.4999  13.4077   0.0221     7.51    0.223   4.92   0      85.77     4155.419     100.8864
       311    459.1615    559.3679     71300.07     709.8719  12.8673   0.0108     7.14    0.188  -2.22   0        165     8392.382      110.018
       312    668.1486    560.4515      10075.6     650.0267  14.9918   0.0701     9.79    0.270  61.79   0      23.53     796.7237     93.26286
       313    509.1318    557.7582     52843.69     807.8976  13.1925   0.0166     7.19    0.239  -2.21   0      114.7      5631.98     103.9359
       314    858.4498    556.9945     11902.09     729.1347  14.8109   0.0665    11.37    0.262  21.62   0      26.87     964.3435     93.42154
       315    705.0839    554.5136     64857.52     668.0355  12.9701   0.0112     7.16    0.204  -3.81   0      152.6     7686.428       108.12
       316      6.8460    559.6657     25569.16     356.2023  13.9807   0.0151     0.00    0.458  64.81  18      173.3     17122.12     126.5917
       317      2.0507    559.9703     6055.127      153.975  15.5447   0.0276     0.00    0.070 -86.92  27      94.35     5996.074     104.9511
       318    821.9077    556.4777     12441.79     704.1249  14.7628   0.0615     8.52    0.232   3.24   0       26.1     1157.453     93.39285
       319    168.1853    549.7143     161836.4      795.228  11.9773   0.0053     7.07    0.227  13.94   2      315.8     17800.74     127.6219
       320    173.8418    532.6597     68642.76     894.1959  12.9085   0.0141     8.37    0.422 -23.10   3      135.3     6644.274     106.1264
       321    573.6072    552.0410     18786.35     702.0361  14.3154   0.0406     9.27    0.271 -16.05   0      43.83     1834.335     95.75805
       322    428.8022    549.2194     14524.34     627.9229  14.5948   0.0470     7.80    0.246  -0.81   0      36.95     1646.698     94.82182
       323    133.3230    545.2863      22946.5     656.2877  14.0982   0.0311     6.87    0.199  -1.33   0      57.74     2746.339     96.94264
       324     69.4239    547.3547     10673.17     557.7108  14.9293   0.0567     7.32    0.129 -11.16   0      31.24     1432.205     94.79882
       325    931.2845    537.0591     80299.24      685.266  12.7382   0.0093     7.29    0.170  -1.98   0      177.8     8797.744     110.2203
       326    553.6744    539.0976     6496.129     541.1502  15.4684   0.0905     7.58    0.211  62.82   0      18.47     753.0573     91.89815
       327    487.4224    538.4341     7557.353     526.3334  15.3041   0.0756     6.85    0.302  19.01   0      21.63     1101.233     94.00199
       328    212.3482    534.5951     65001.73     755.5848  12.9677   0.0126     7.44    0.295   4.04   2      141.2     6994.169     107.0907
       329    200.9759    527.1498     11715.37     707.1906  14.8281   0.0656    10.06    0.367  44.00   3       28.8     1166.844     94.16049
       330    686.6405    536.2095     16166.67     601.0585  14.4784   0.0404     7.98    0.242   1.18   0      40.82      1784.46     95.88275
       331    789.3643    533.4963     18661.09     812.6779  14.3227   0.0473    10.21    0.045  21.21   0      38.76     1514.629     93.51401
       332    469.0773    534.5453     9516.574     621.4417  15.0538   0.0709     8.57    0.186  -1.13   0      20.85     812.5534     92.54972
       333    613.1075    533.0466     21449.95     870.1604  14.1714   0.0441    15.44    0.660 -12.30   0       35.5     1220.774     93.04767
       334    777.9847    532.4617     22209.81     862.2957  14.1336   0.0422    10.45    0.291  -3.08   1      33.34     1258.024      93.8856
       335    454.6486    529.7878     39168.57     703.6576  13.5177   0.0195     7.60    0.215   3.59   0      92.78      4416.43     101.7019
       336    339.2048    524.7007      10917.3     620.0791  14.9047   0.0617     7.13    0.155 -12.53   0      28.22      1255.95     93.88058
       337    382.9755    519.9769     117558.6     800.1266  12.3244   0.0074     7.11    0.167  -4.66   0      240.5     12966.58     119.2884
       338    955.5540    523.9603     8923.981     564.2656  15.1236   0.0687     8.37    0.298   8.20   0      25.13     1096.884     93.24533
       339     20.2555    517.2235       144510     703.7638  12.1003   0.0053     7.19    0.119   1.98  16      295.1     16096.13     124.7361
       340    260.3394    514.0585     58782.62     671.1895  13.0769   0.0124     8.19    0.168   7.56   0      138.3     6873.029     106.8333
       341    160.7615    514.6247     54395.38     603.8853  13.1611   0.0121     7.01    0.193   3.13   0      134.1     6831.978     107.1813
       342   1021.7083    511.1245     25041.24     440.6414  14.0034   0.0191     7.19    0.267 -82.76  24      81.07       4072.2     100.0027
       343    854.0612    513.5716     9102.863     586.5917  15.1021   0.0700     6.45    0.181 -12.08   0       23.2     1068.672     93.17654
       344    828.2427    513.5186     6537.429     519.2089  15.4615   0.0863     6.94    0.177   0.69   0      17.94      772.283     92.19858
       345     50.3096    530.0536     5622.631      465.588  15.6252   0.0899     6.33    0.132  69.51   0       17.2     827.5927     92.33482
       346    314.5789    510.5303      8668.14     580.4368  15.1552   0.0727     9.19    0.170  89.28   0      23.45     1016.776       93.549
       347    729.1976    505.9407     47637.83     700.5956  13.3051   0.0160    11.27    0.165  -0.16   0      109.6     5182.997     103.1754
       348    278.9267    506.9636     11434.76     682.8094  14.8544   0.0648     9.90    0.475  -2.85   0      23.27     924.4269     93.07455
       349     66.7061    507.5117      5373.76     442.3835  15.6743   0.0894     7.18    0.425  -5.88   0      18.14     914.5076     92.79975
       350    698.9965    504.0703     14346.17     631.5561  14.6082   0.0478     8.28    0.246 -10.52   0       36.5     1622.768     94.76444
       351    217.1854    503.0425     12587.31     481.2278  14.7502   0.0415     7.60    0.129 -17.07   0      36.07     1723.753     95.49523
       352    895.2049    502.0945     14861.46     709.0225  14.5698   0.0518    11.95    0.303   6.01   0      32.76     1253.594     93.87488
       353    337.9712    498.0002     28513.96     1018.565  13.8624   0.0388    13.61    0.338  44.60   0      35.48      1124.68     94.05867
       354     36.4481    500.4043     5691.211     461.8557  15.6120   0.0881     6.72    0.297  12.20   0      18.41     965.4976     93.17478
       355    971.3176    493.3265      25900.2     691.8273  13.9667   0.0290     7.55    0.200   1.35   0      60.51     2775.999     96.77184
       356    650.6283    493.8019     19576.93     638.9257  14.2706   0.0354     7.90    0.254  -2.03   0      48.62     2270.954     96.78877
       357    321.3575    494.5923      12319.6     652.5973  14.7735   0.0575     6.16    0.191 -15.61   0      26.49     1373.936     94.90469
       358     68.1035    494.8788      8351.95     490.0336  15.1955   0.0637     0.00    0.351 -85.48   0      25.81     2022.494     95.23054
       359    214.9404    493.8207      13175.5     196.4358  14.7006   0.0162     5.03    0.315  71.89   0      146.5     11928.49     116.8962
       360    560.7820    491.1362     9109.023     541.1719  15.1013   0.0645     8.76    0.321   4.66   0      25.73     1142.888     93.60648
       361    538.5856    487.8544     78539.01     782.2969  12.7623   0.0108     7.36    0.195  -4.97   0      173.1     8682.524     110.6158
       362    264.4725    491.8770     10600.04     603.7898  14.9367   0.0619     7.32    0.127 -17.99   0      21.96     900.5369     92.51418
       363    704.5427    488.2219     10525.36     613.3273  14.9444   0.0633     8.61    0.438 -70.21   1      22.48     816.4746     92.81057
       364    503.4897    486.1487     17246.03     787.5397  14.4083   0.0496     9.45    0.461 -71.07   0      26.55     746.5558     92.13514
       365   1016.5458    487.3598     5802.103     455.5656  15.5910   0.0853     5.46    0.140  17.49  16      16.47     769.0253     92.94516
       366    710.8745    479.5668     28198.48     717.3536  13.8744   0.0276     8.10    0.210  -1.96   0      66.08     2907.574     97.79725
       367    844.0717    483.1097     5216.704       450.13  15.7065   0.0937     5.55    0.515 -17.52   0      15.91       822.46     92.32218
       368    395.6259    480.3985     10966.04     506.4149  14.8999   0.0502     8.25    0.307   6.51   0      31.17     1405.087     94.73379
       369    175.9305    473.9239     120456.2      718.991  12.2979   0.0065     7.08    0.172  -3.42   0      255.9     13849.58     120.1865
       370    117.2680    479.1876     12319.03     595.7059  14.7736   0.0525    10.57    0.278 -19.78   0      31.64     1283.036     93.94613
       371    520.7380    476.8515     16599.37     731.3937  14.4498   0.0479    10.05    0.348 -75.72   0      30.44      1100.16     93.50268
       372     71.9896    475.8845     5659.596     479.1612  15.6180   0.0919     6.60    0.323  -1.12   0      17.61     765.1434     92.68479
       373    604.4819    474.9942     4564.441     435.3322  15.8515   0.1036     5.04    0.395  26.45   0      14.92     741.4301     92.87766
       374    511.8443    468.3361      25123.9      876.449  13.9998   0.0379     9.34    0.298 -21.20   3         45     1923.245     95.48235
       375    521.1286    459.0833     25309.48     608.3453  13.9918   0.0261     2.47    0.341 -63.48   3      73.71     5296.979     102.7485
       376    874.3594    466.2746     10345.11     560.7003  14.9632   0.0589     7.34    0.378   0.69   0      28.32     1299.958     93.98706
       377    753.3994    466.1994     8723.228     611.7083  15.1483   0.0762     8.21    0.258   2.32   0      21.13     868.7359     92.93846
       378    155.6749    461.8993     24787.33     591.6544  14.0144   0.0259     7.46    0.217  -1.63   0      65.12     2891.977     97.04384
       379    346.5325    460.9045     17116.36     764.2441  14.4165   0.0485     9.21    0.067 -32.42   0      26.21     861.4954     92.41823
       380    316.6754    461.6732     8893.233      577.509  15.1274   0.0705     7.42    0.384  -4.40   0      20.09     908.1824     92.53297
       381    248.0031    461.8560     11587.24      172.382  14.8400   0.0162    -3.32    0.101 -89.14   0        133     11610.83      116.477
       382    900.1995    455.1766     19534.03     604.2602  14.2730   0.0336     7.53    0.221   2.42   0      48.42      2269.77     96.30364
       383    813.1704    454.7157     23933.14     831.8337  14.0525   0.0377     7.91    0.132  26.08   0      47.47     2033.113     95.50001
       384    132.4554    453.3274     18101.29     797.3345  14.3557   0.0478    13.78    0.507   0.40   2      36.95     1586.326     94.43075
       385    133.3570    446.7790     12819.83     650.0907  14.7303   0.0551     7.86    0.277 -19.29   3      34.74     1570.499     95.12979
       386    865.7357    454.9691     5082.305     272.9318  15.7348   0.0583     3.56    0.520  -1.41   0      41.42     2841.095     97.64264
       387    654.9078    445.8821     267988.1     850.7141  11.4297   0.0034     7.78    0.058  36.80   0      447.2     24836.27     139.5898
       388    175.1355    453.5612     7079.761      540.319  15.3750   0.0829     7.47    0.211  10.99   0      18.97     910.9716     93.04169
       389    860.7507    447.8520     24950.55     713.0659  14.0073   0.0310     7.46    0.240  -0.83   0      58.82      2769.14      97.9516
       390    319.7734    450.1092      4990.77     277.0895  15.7546   0.0603     3.36    0.275  72.44   0      38.45     3396.495     98.21829
       391    303.5341    447.0378     27297.52     852.1002  13.9097   0.0339     8.24    0.250   4.71   0      47.87     2231.823     96.21404
       392    974.1447    442.2645     99375.13     780.9079  12.5068   0.0085    10.75    0.171  -9.14   0      210.5     10902.13     115.0859
       393    510.1152    444.3838     16648.09     737.7484  14.4466   0.0481     7.76    0.149  26.24   0      35.56     1476.594     94.16628
       394    283.9975    443.7849      12305.9     656.1508  14.7747   0.0579     7.55    0.223 -74.19   0      23.31     682.9814      92.4831
       395    490.7418    440.5911     33646.61     773.6718  13.6826   0.0250     8.19    0.113   4.44   2      73.94     3356.053     99.06929
       396    483.0052    441.0002     40430.64     206.9449  13.4832   0.0056     4.20    0.001 -24.20   3      284.2     39557.23     161.9359
       397    882.8177    439.5063     6703.015     450.8799  15.4343   0.0731     8.15    0.142  19.63   0       20.8     1030.546     92.58186
       398    854.6647    438.8816     11698.95     681.1904  14.8296   0.0632     9.15    0.043  -2.86   1      25.28     967.6613     92.92984
       399    247.1562    437.3893     32406.62     734.7064  13.7234   0.0246     7.49    0.230  -1.24   0      74.66     3436.397     99.48775
       400    438.7123    436.6840     20061.71     802.2585  14.2441   0.0434     9.16    0.107 -74.56   0      39.76     1447.548     94.09615
       401    344.6190    435.3942     41947.35     803.3787  13.4432   0.0208     7.70    0.101  -4.62   0      91.98      4248.28     100.8648
       402    567.3185    436.7121     9385.467     557.1857  15.0689   0.0645     8.72    0.275  -1.23   0       27.2     1260.138      93.6424
       403    760.0745    429.8883     23910.44     603.9795  14.0535   0.0274     8.38    0.310  14.12   0      58.51     2466.168     96.28357
       404    286.6245    430.4157     8803.267     565.2478  15.1384   0.0697     7.39    0.339  -7.50   0      20.61     865.0058     93.42912
       405    637.5089    420.0336     124044.1     736.1136  12.2661   0.0064    11.56    0.149 -16.15   0      246.4     12385.31     116.9876
       406    543.0837    418.6249     17726.93     624.4372  14.3784   0.0383     7.49    0.208  -0.03   0      47.45     2228.807     95.96459
       407    341.8911    418.7815     12617.22     626.3035  14.7476   0.0539     7.25    0.108   0.36   0      32.29     1335.947     93.32856
       408    169.8081    411.9310     30595.89       826.64  13.7858   0.0293     8.66    0.327  -2.72   2      61.66     2852.368     97.66887
       409    182.8460    411.8279     16814.89     740.1629  14.4358   0.0478     9.72    0.401  11.02   3      33.21     1416.634     94.76149
       410    374.5054    410.0830     8994.883     560.1527  15.1150   0.0676     7.31    0.347   9.25   0      24.54     1135.332       93.339
       411    214.6601    408.4772     10388.15     589.0692  14.9587   0.0616     7.43    0.335   8.75   0         27     1302.604     93.74541
       412   1009.7694    407.6725      4572.41     428.5985  15.8496   0.1018     5.81    0.484  23.24   0      15.58     715.4326     92.56281
       413     38.3154    402.4477     27589.67      704.054  13.8981   0.0277     7.37    0.123  -6.26   0      67.84     3088.099     97.74058
       414    805.4320    401.9758     22175.03      638.027  14.1353   0.0312     7.99    0.208  -0.19   2      56.14     2424.899     97.14959
       415    154.7935    401.6865     22263.03     812.9689  14.1310   0.0397     8.52    0.208  23.58   0      39.76     1671.834     94.88204
       416     96.8545    414.2178      1540664     1154.832   9.5307   0.0008     7.15    0.161   4.11   0       1446     170369.2     292.7965
       417    260.9037    397.7638     58969.95     277.2471  13.0734   0.0051     0.00    0.376  65.91   0      344.8      56949.5      184.235
       418    314.6407    395.4702     6871.372     523.8192  15.4074   0.0828     6.90    0.337   1.48   0      18.91     897.0934     93.00778
       419     50.4967    394.9105     12733.35     665.9839  14.7376   0.0568     8.59    0.295  18.79   0      24.18     989.1964     92.73174
       420    602.5490    392.6121     18107.04      574.069  14.3554   0.0344    12.76    0.289 -13.30   0       47.6      1811.47     95.46015
       421    147.5958    390.3407     14876.09     722.8494  14.5688   0.0528     7.29    0.242   8.25   0      28.07     1179.787      93.9442
       422    483.1104    385.9396     5203.944     467.8785  15.7092   0.0976     6.39    0.277   7.65   0      16.13     700.0663     92.02039
       423    531.7875    385.2940     5125.916      478.908  15.7256   0.1015     6.60    0.242   5.93   0      17.83     808.1058      92.5388
       424    717.2111    379.2979     41965.32     616.4279  13.4428   0.0160     7.43    0.188  -4.45   0      105.8      5109.22     102.7864
       425    164.1230    381.8315     6878.361     520.4778  15.4063   0.0822     6.77    0.158   5.22   0      18.97     900.6053     93.01637
       426    566.1592    380.8553     5754.713     513.2261  15.5999   0.0969     6.94    0.006  69.07   0      17.32     766.0635     92.93792
       427    203.1507    373.9779     44587.05     876.1826  13.3770   0.0213    10.33    0.310 -27.01   0      83.81     3627.902     99.92428
       428    946.4022    367.5778     273747.8     798.6562  11.4066   0.0032     7.27    0.153  -0.12   3      470.7      28444.4     145.5058
       429    940.4115    354.6350       185581     860.1226  11.8287   0.0050    20.72    0.238  -3.37   3      332.4     18096.47     128.8722
       430    846.9960    374.4254     8580.923     575.3661  15.1662   0.0728     8.66    0.324  -7.72   0       21.6     960.6979     93.41267
       431    664.8111    373.9116     9708.372     573.7859  15.0321   0.0642     8.51    0.254   2.99   2      25.23     1000.217     92.75874
       432      2.4030    370.5124     11414.35     365.0377  14.8564   0.0347    11.23    0.696 -89.77  24      40.24         2136     95.98743
       433    384.4574    369.8523     6073.036     473.2465  15.5415   0.0846     6.28    0.122 -75.08   0      17.58     866.3699     93.43243
       434     56.8583    369.8461      6182.29     501.9494  15.5221   0.0882     4.79    0.130 -47.07   0      18.78      1057.96     93.40005
       435     29.9948    368.6458     6409.302     547.5303  15.4830   0.0928     7.48    0.130 -13.08   0      18.66     906.2009     93.27998
       436    989.3737    365.0122     21096.96     544.0474  14.1895   0.0280     7.58    0.210  -5.98   2      54.19     2457.912     96.98701
       437     79.4008    362.9766     10767.31     590.2026  14.9197   0.0595     7.26    0.236  11.77   0      29.53     1443.785     94.33421
       438    520.5226    360.1191     14022.88     544.3021  14.6329   0.0422     8.35    0.182  14.12   0      37.68     1701.633     94.21487
       439    458.5865    359.7307     11422.06     661.1486  14.8556   0.0629     7.42    0.170   1.59   0      23.07     1021.442     93.31114
       440    281.1685    346.1919     248428.7     795.8193  11.5120   0.0035     7.10    0.058  16.21   0      446.3      28162.1     145.3849
       441    471.3220    356.1661     22704.94     917.3731  14.1097   0.0439    12.94    0.365  14.60   0      34.88     1256.903     93.88289
       442    248.4773    357.0098     4941.186     421.9517  15.7654   0.0927     4.98    0.356  27.74   0       16.1     876.2433     92.95682
       443    810.1552    355.4822     7047.078     514.9298  15.3800   0.0794     6.37    0.251 -32.95   0      18.78     732.5146     92.10049
       444     23.4185    354.7045     6044.287     484.1768  15.5466   0.0870     7.12    0.376  16.14   0      18.26     784.8297     91.97669
       445    863.7849    351.3363     16339.52     728.9211  14.4669   0.0484     8.63    0.344  -3.20   0      26.88     886.8651     92.98278
       446    658.4429    345.3269     15427.48     661.6448  14.5293   0.0466    11.00    0.222  -0.77   0      36.03     1557.877     94.60868
       447    981.9465    341.7778     56739.05     669.6285  13.1153   0.0128     7.53    0.212   0.00   0      132.7     6360.761     105.7379
       448    583.9485    339.6281     40684.52     680.6063  13.4764   0.0182     7.54    0.174  -3.67   0      96.74     4531.375     101.7299
       449    120.7236    368.0622     249336.8     760.9355  11.5080   0.0033     7.29    0.153  -1.32   0      450.4     28192.79     145.1123
       450    671.7778    337.7968     9193.275     611.8829  15.0913   0.0723     8.34    0.240 -26.46   0      23.52     1077.191     93.44683
       451    343.9684    332.3959     23578.45     685.1424  14.0687   0.0316     7.73    0.276 -11.97   0      53.39      2523.31     97.37954
       452     98.1947    330.4554     29596.93     774.7386  13.8219   0.0284    15.32    0.251  10.43   0      70.78     3249.954     98.82559
       453    307.2489    326.8211       121744     766.4116  12.2864   0.0068    19.03    0.248  -4.19   0      248.2     13272.54     119.8699
       454     37.8359    331.0738     12096.63     607.2356  14.7933   0.0545     8.56    0.255 -20.46   0      31.04     1347.947     94.10303
       455    778.1730    329.7082     9177.109     578.6276  15.0932   0.0685     7.23    0.048 -65.06   0      20.23     808.9398     92.03625
       456    742.1905    324.6869     24605.83     651.5233  14.0224   0.0288     8.34    0.266  -2.75   2      58.99     2523.251     96.89999
       457    197.2249    324.0524     48587.28     777.2999  13.2837   0.0174    11.58    0.207   4.53   0      107.9     5083.077      102.955
       458    566.6040    321.5148     11315.33     564.1972  14.8658   0.0541     6.72    0.208  -8.05   0      29.15      1370.99     94.40563
       459    416.8362    320.2580     18252.37     570.0564  14.3467   0.0339     7.50    0.231  -2.06   0      50.15      2312.43     96.40427
       460    887.3774    313.8954     208216.2      747.775  11.7037   0.0039     7.24    0.130   3.98   0      390.5        22604     135.5637
       461    697.6649    320.6829     6953.678     513.7568  15.3945   0.0802     8.19    0.323   1.65   0      20.37     884.0538     92.72514
       462    486.6189    318.6010     12475.05     693.3052  14.7599   0.0604    10.93    0.345 -36.88   0      27.35     976.9807     93.20278
       463     90.1760    314.5643      13104.2     703.5118  14.7065   0.0583     9.74    0.114 -78.36   1      27.57     1169.013     94.16573
       464    322.9627    302.8131      83566.7     780.0337  12.6949   0.0101    17.99    0.199   4.49   0      175.2     8957.686     111.5978
       465     12.6655    302.2986     138412.6     759.1678  12.1471   0.0060     9.04    0.319  19.98  16      263.8     13393.48     119.1256
       466    510.3723    304.5140     29618.76     712.1041  13.8211   0.0261     7.93    0.252  -3.41   0      69.08     3100.956     97.77047
       467     89.9799    304.3960      11837.9      594.544  14.8168   0.0545     8.99    0.161 -14.54   2      30.51     1304.639     93.99838
       468    274.8120    304.0031     2889.855     241.5789  16.3478   0.0908     0.83    0.151  -2.19   0      30.57     1772.442     95.12273
       469    349.0182    297.1710     25400.58     853.6423  13.9879   0.0365     8.44    0.035  40.57   2      48.63     2071.861     96.32014
       470    688.6315    296.9086     9003.987     591.4948  15.1139   0.0713     8.13    0.357  -8.84   0      21.62     824.6066     91.82169
       471    825.8518    292.5767     59179.84     784.1116  13.0696   0.0144     7.27    0.175  -2.27   0      131.7     6347.918     105.9303
       472    332.1390    292.0629     20121.06     794.9865  14.2409   0.0429     7.51    0.261   4.31   1      39.55     1847.583     95.30209
       473    734.3583    292.1125     9827.606     629.9279  15.0189   0.0696     9.14    0.135  51.31   0      22.52     883.7562     92.47295
       474    622.8398    291.9872     10056.03     605.5108  14.9939   0.0654     7.66    0.111  77.55   0      21.89     885.1696     93.72691
       475     34.0871    290.2609     16181.94     680.9769  14.4774   0.0457     7.56    0.262  -2.46   0      38.67     1797.562     94.69221
       476      7.4669    287.5168     17881.63     610.3514  14.3690   0.0371    11.62    0.287   6.85  17      41.44     1518.114      94.0191
       477    194.1246    287.7729     11396.37     662.0196  14.8581   0.0631     8.22    0.159  65.10   0      22.61     741.4742     92.62673
       478    523.8191    284.5056     37938.26     805.8635  13.5523   0.0231     7.61    0.251  -0.28   0       83.2     3700.202     98.91856
       479    845.1338    283.8331     13511.38     565.0811  14.6733   0.0454     7.30    0.163  -2.32   0      37.68     1787.881     95.15961
       480    266.9355    283.6516     6798.116     539.1218  15.4190   0.0861     8.13    0.346  -4.50   0      18.98     800.5827     92.77164
       481    356.8094    271.5055     344562.7     808.5427  11.1568   0.0025     7.20    0.156  -3.95   0      567.5     37981.92     159.7097
       482   1009.5612    274.2914     27792.43     677.1478  13.8902   0.0265     9.96    0.225 -32.98  16      61.19     2364.862      95.8014
       483    414.0338    273.6954     63719.42     661.5168  12.9893   0.0113    16.76    0.210  -1.74   0      147.5     7108.624     106.2431
       484    238.3055    272.1797     137998.1     689.9453  12.1503   0.0054     7.17    0.176   1.66   0      287.2      15458.5     123.0023
       485    929.0629    275.4440     11655.37     562.2674  14.8337   0.0524     7.42    0.274   4.92   0      31.18     1437.333     94.31866
       486    917.1959    275.5984     8655.056     597.2376  15.1568   0.0749     7.78    0.351  11.74   0      19.98     841.4217     92.87164
       487    746.3309    274.9099     14005.88     707.1036  14.6342   0.0548    11.76    0.356   8.47   0      30.94     1156.964     93.14201
       488    208.2958    273.5799     23086.45     797.2953  14.0916   0.0375     8.08    0.277  -1.45   0      46.89     1950.617     94.81358
       489    613.7578    272.2481     15070.51     739.6271  14.5547   0.0533    11.70    0.460  -1.27   0      31.03     1209.365     94.01573
       490    541.4948    272.6836     12159.18     647.1669  14.7877   0.0578     7.15    0.321   5.55   0      27.91     1387.519     93.95104
       491    718.1274    270.5282     8358.029     570.1963  15.1947   0.0741     7.84    0.376   9.70   0      20.45     951.4091     92.89008
       492    842.6190    265.4528     41091.52     581.0974  13.4656   0.0154     7.40    0.163  -1.77   0      104.2     4946.883     102.6539
       493     46.4163    263.8697     57650.92      656.775  13.0980   0.0124     7.52    0.114   1.95   0      131.2     6246.058     105.4911
       494    514.4763    266.0498      25076.7     801.5021  14.0018   0.0347     8.62    0.233 -16.41   2      50.39      2087.09     95.62837
       495    736.3547    260.3381     16061.51     669.7313  14.4855   0.0453     7.70    0.214  -2.68   0      38.68     1744.921     95.05695
       496    469.0016    259.1212     15538.48     668.6838  14.5215   0.0467    12.53    0.296 -36.59   0      35.96     1254.471     93.87701
       497    294.2223    259.8920     10562.58     455.3849  14.9406   0.0468    11.80    0.366 -24.16   0      30.93     1417.243     93.52632
       498    959.5939    258.0324     27854.56     730.9115  13.8878   0.0285     7.38    0.217  -0.61   0      63.25     3120.827     98.76423
       499    130.9159    262.5400     59049.36     1159.126  13.0720   0.0213    15.85    0.485 -26.77   2      90.17     3280.315     98.18652
       500     15.0747    253.7906     27850.67     638.2241  13.8879   0.0249    13.18    0.383  62.73  16      57.14     1782.376     95.39087
       501    103.0993    245.5038     185773.2     806.3828  11.8275   0.0047     7.34    0.203  23.61   0        345     19084.91     129.5296
       502    973.0259    251.3588     13251.33      630.239  14.6944   0.0517     7.38    0.214   7.42   0      32.85     1630.064       95.272
       503    324.2800    252.6246     5588.071     465.5711  15.6318   0.0905     7.71    0.380   9.71   0      18.26     800.0132     92.77025
       504    943.7726    249.6790     17694.34     742.7877  14.3804   0.0456    11.75    0.407   4.23   2      35.18     1248.279     93.86201
       505    686.5314    247.3882     22611.65     700.7859  14.1142   0.0337     7.35    0.214  -6.73   0      53.09     2446.264     96.71926
       506    436.1871    247.6640     15400.25     548.0726  14.5312   0.0386     7.31    0.201   7.78   0      44.06     2117.025     95.94249
       507    129.5771    239.3915     46167.25     867.2457  13.3392   0.0204     7.51    0.173   6.25   0      94.53     4396.745     101.4286
       508    696.2824    237.1516      22301.7     597.5573  14.1292   0.0291    13.23    0.252 -15.09   0      56.74     2149.967     95.53427
       509    545.2163    234.8844     10708.55     630.2457  14.9257   0.0639     6.84    0.183 -16.78   0      23.68     1136.449     93.34172
       510    386.9260    233.7135     11279.09      655.795  14.8693   0.0631    10.02    0.308  -3.25   0      25.97     1057.309     92.64754
       511    250.3465    230.3513     32060.91     813.5597  13.7351   0.0276     7.58    0.225   4.40   0      66.52     3038.755     98.33869
       512    842.6202    228.7585      39149.2     794.5684  13.5182   0.0220     8.82    0.221 -11.70   3      86.05     3800.604     100.3163
       513    849.2935    221.1195     32588.79     753.5367  13.7173   0.0251     8.08    0.215   4.17   3      75.79     3513.546     98.96047
       514    476.4320    222.6503      29129.9     594.3005  13.8392   0.0222     7.81    0.198   5.84   0      73.17     3352.658     98.82617
       515    326.3822    226.8827     7160.694      274.657  15.3626   0.0417     6.32    0.582  11.84   0      67.88     4817.393     102.1391
       516    894.3494    223.3135     11956.89     615.7512  14.8060   0.0559     7.53    0.209   2.16   0      31.28     1378.199     93.68027
       517    750.4183    216.6202     89950.67     795.1794  12.6150   0.0096     8.37    0.132  -5.51   0      190.3     9554.138     112.5993
       518     58.4153    218.2318     21543.39     767.0787  14.1667   0.0387    14.51    0.464 -33.28   0      45.02     1788.956     95.65028
       519    226.9774    213.4289     11926.11     682.1201  14.8088   0.0621     9.51    0.138   1.79   0      26.05     1117.427     94.04114
       520    901.2756    205.6805     99577.46     757.5079  12.5046   0.0083     9.68    0.285 -20.08   0      205.4     10268.78     113.0071
       521    568.8784    210.1551      11404.6     657.6113  14.8573   0.0626     9.25    0.184 -31.10   0      26.96     1008.873     93.03057
       522    704.7864    204.5896     70018.91     682.7011  12.8870   0.0106     7.27    0.143   1.76   2      153.9     7354.327     107.6362
       523    943.1814    205.9339     16135.44     732.0452  14.4805   0.0493    13.27    0.075 -87.02   0      38.26     1622.862     95.01006
       524    817.2959    208.6181     4792.844     356.0198  15.7985   0.0807     5.45    0.357 -54.46   0      20.32     1781.274     94.40678
       525    642.7289    205.4341     17342.14     612.0556  14.4022   0.0383     0.00    0.095 -60.58   0      45.52     1687.146     94.91871
       526     20.8390    213.9683     10206.68     645.5798  14.9778   0.0687     8.14    0.037  18.94   0      24.38     1075.468     93.69149
       527    780.8129    203.2151     12701.93     621.6699  14.7403   0.0532     7.73    0.164  -4.57   0      32.26      1482.53     94.42751
       528    297.8289    199.8428     50161.98     683.7637  13.2491   0.0148     8.03    0.220   1.93   0      114.5     5180.026     103.3943
       529    843.9261    198.5078     38489.85     682.4368  13.5366   0.0193     7.38    0.179  -0.60   0      91.46     4164.801     100.2129
       530    236.2699    201.7841     6933.886     503.4471  15.3976   0.0789     6.45    0.129  -1.69   0      20.45     1055.547     93.64316
       531    367.0291    199.3311     9735.029     617.7639  15.0292   0.0689     7.34    0.140  27.41   0         24      1176.03      93.6869
       532    411.2839    198.6356     9257.225     614.7539  15.0838   0.0721     9.08    0.250  -8.10   0      23.73     1023.699     93.06678
       533     23.1741    191.2598     46455.55     683.3831  13.3324   0.0160     7.25    0.191   0.81   0      113.8     5611.577     104.1151
       534    925.8922    190.6303     51312.79     1101.434  13.2244   0.0233    11.27    0.385  22.12   3      76.15     3200.133      97.5244
       535    922.2948    179.6330     43950.82     1083.383  13.3926   0.0268    17.13    0.359 -32.43   3      60.85      2109.89     94.94968
       536    482.1335    192.3841     10228.58     502.6213  14.9755   0.0534     7.30    0.290   3.88   0      29.88     1361.151     94.13492
       537    569.3812    187.0090     30800.68     687.5339  13.7786   0.0242     7.69    0.183  15.45   0      71.35     3299.958      98.7049
       538    345.1773    182.7255     127243.6     761.9532  12.2384   0.0065     7.28    0.174   1.43   2      251.7      13061.7     119.2744
       539    396.2745    186.9395     13000.18     667.8206  14.7151   0.0558     8.43    0.388  -1.06   0      29.95     1366.547     94.14794
       540    617.9198    183.5366     8396.366     582.3331  15.1898   0.0753     7.12    0.200  26.70   0      21.65     938.8092     92.85925
       541    269.2338    177.2439     17775.75     606.4848  14.3754   0.0371     8.49    0.240  -8.94   0      46.48     2044.574     96.01353
       542    196.3925    175.2017     69173.13     617.9583  12.9002   0.0097     7.21    0.182   0.51   0      162.7      8197.93      109.403
       543     40.0644    204.1768      36358.7     836.6144  13.5985   0.0250     6.95    0.219 -64.51   2      76.77     3369.987     99.10126
       544    806.1461    174.5029     5412.749     482.6758  15.6665   0.0968     7.49    0.462  26.50   0      18.24     897.3722     92.25436
       545    543.8553    173.2919     16144.42     574.3059  14.4799   0.0386     7.17    0.205   1.53   0      44.63     2026.536     95.24018
       546    899.2118    171.0555     35093.26     844.5823  13.6369   0.0261     7.72    0.193   1.65   0      72.39     3248.587     98.82245
       547     49.7322    167.4600     124749.7     724.3762  12.2599   0.0063     7.33    0.172  -5.10   0      259.2     13750.58     120.3866
       548    928.1541    167.4917     17812.99      724.576  14.3732   0.0442     8.12    0.182   1.50   0      39.71     1703.048     94.46509
       549    274.8052    161.0436     95068.16     685.9165  12.5549   0.0078    10.54    0.105  -0.95   0      207.1     10566.75      114.625
       550     99.4381    160.5321     297398.4     808.9642  11.3167   0.0030     7.24    0.149  -7.50   0      505.1     31729.19     150.5491
       551    314.9220    167.4378     8447.959      571.252  15.1831   0.0734     7.00    0.064   0.46   0      20.82     774.4098      92.7075
       552    484.3351    160.6268       195605     846.4194  11.7716   0.0047     8.85    0.298  13.31   0      357.1      19164.7     130.0282
       553   1011.4106    165.1768     17915.09     762.1938  14.3670   0.0462     8.95    0.268  -6.62  16      36.55     1592.483     94.93736
       554    565.2888    163.0387     47951.57     643.5358  13.2980   0.0146     5.82    0.226   0.75   0      116.2     5598.627     103.4136
       555    522.5753    156.7452     24498.39     710.4681  14.0272   0.0315     7.56    0.206   0.14   0      58.72     2687.345     97.28411
       556    441.6429    156.0712     16145.46     776.8008  14.4799   0.0523     9.30    0.223  15.71   0      31.64     1325.084      94.0478
       557     68.9370    154.6343     26662.19     958.0617  13.9353   0.0390    13.03    0.463 -12.99   0      40.33     1453.769     94.35826
       558    694.7567    153.3812     8555.804     571.2949  15.1693   0.0725     8.85    0.435  -9.01   0      22.95     1045.078     93.86613
       559   1020.4646    146.7160     14686.37     467.5079  14.5827   0.0346     7.44    0.054 -64.29  24      42.59     1928.063     95.00491
       560    610.6422    134.9020     830764.4     978.4691  10.2013   0.0013     7.20    0.116  -3.47   0       1006     88871.85     220.1197
       561    440.2991    147.0650      9812.91     619.6742  15.0205   0.0686     9.02    0.167 -43.11   1      22.09     824.4312     92.07449
       562    912.4432    144.1483        17451     565.6352  14.3954   0.0352     7.86    0.144  -3.41   0      45.88     2032.547     95.98505
       563    836.4296    141.9406     17219.07     656.0782  14.4100   0.0414     7.99    0.221 -10.77   0      42.91     1901.879     95.18718
       564    732.2814    143.4221     10125.17     630.0353  14.9865   0.0676     9.22    0.372  -3.82   0      21.83     925.0689     93.07611
       565      2.4872    141.7541     3179.059     253.5999  16.2443   0.0866     5.72    0.463  89.72  24      15.57     991.1509     92.73653
       566    344.0309    135.6938     14097.03     662.9461  14.6272   0.0511     7.00    0.085  13.05   2      33.16     1404.809     93.24673
       567    296.6409    130.2125     199514.8     833.6178  11.7501   0.0045     8.07    0.230  45.43   0      349.1     18702.48     129.9366
       568    227.4593    135.8211     24422.33     491.5451  14.0305   0.0219     8.49    0.282   0.35   2      65.92     2797.619     97.54139
       569     85.8382    138.0206     7054.682     530.5236  15.3788   0.0817     7.14    0.291  49.72   0      18.93     871.1931     93.69302
       570    818.5571    135.2517     20114.74     779.4562  14.2412   0.0421     8.21    0.194  -7.12   3      44.25     2006.312     95.92291
       571    825.3814    127.6088     31179.11     899.6302  13.7653   0.0313     8.58    0.155  -2.49   3      62.35      2631.27     97.15302
       572    120.4423    130.8981     143089.7     692.4615  12.1110   0.0053     7.27    0.180   1.31   0      294.9     15824.84     123.4889
       573    427.6349    132.1263     27870.19     794.2726  13.8871   0.0309     8.36    0.234  -1.23   0      59.94     2717.254     97.35396
       574    524.4388    132.8635     9383.813     614.8007  15.0691   0.0712     9.06    0.264 -25.50   0       22.1     950.1246     93.13728
       575    362.5188    132.1246     11406.78     636.9274  14.8571   0.0606     7.51    0.113  11.04   0      28.82      1319.98     93.28967
       576    902.9849    127.0967     6763.496     574.6478  15.4246   0.0923     7.81    0.091 -52.86   0      18.63     795.3233      92.5074
       577    565.7623    127.7533     2346.075     226.1147  16.5741   0.1047     6.23    0.533  18.71   0      19.11     1278.007     93.93397
       578    739.3141    126.8701      5085.37     442.2353  15.7342   0.0944     6.16    0.253   4.19   0      16.01     749.4609      92.1423
       579    178.6242    118.6656     33017.67     623.4762  13.7031   0.0205     7.86    0.199   2.46   3      79.26     3695.213     99.84432
       580    181.6767    108.6787     53735.96     774.3062  13.1743   0.0156     8.28    0.088 -58.36   3      107.5     4800.946     101.4161
       581    894.1352    120.0412     7298.353      170.089  15.3419   0.0253     0.95    0.082 -24.41   0      83.61     6812.855     106.4868
       582    398.8692    114.6371        19342     827.7702  14.2837   0.0465    10.00    0.293 -83.80   3      38.36     1207.564     93.76337
       583    394.1625    113.0788     18020.56     808.1887  14.3606   0.0487     9.14    0.055 -63.36   3      38.08     1306.736     94.00345
       584    652.1967    111.5775     24855.74     963.0883  14.0114   0.0421    10.17    0.070  60.53   3      42.54     1585.579     94.67521
       585    649.6792    104.3537     20059.69     787.6125  14.2442   0.0426     8.85    0.220  -2.42   3      40.18     1724.117      94.7618
       586    969.4089    111.7719     8035.298     553.4885  15.2375   0.0748     7.82    0.503 -71.52   2      23.71     1004.543     93.51929
       587    344.3051    113.2330     5694.446     492.3593  15.6114   0.0939     6.63    0.232 -20.22   0      18.05     867.2422     91.92716
       588    886.7574    110.7985     12738.83     687.4901  14.7372   0.0586     9.11    0.310  -0.94   0      28.21     1245.139     94.34928
       589    827.8389    105.0758     15358.28     650.0827  14.5341   0.0460     8.73    0.210 -17.39   0      36.14     1459.892     94.37301
       590    261.2636    103.8460     9655.154     559.3809  15.0381   0.0629     8.26    0.213  18.97   0      26.22     1186.931     93.71335
       591    493.4249    102.7108     12904.67     554.4355  14.7231   0.0467     7.43    0.151  -4.70   0      35.65     1618.133     94.26057
       592     86.8484     98.3636     45906.96     726.9571  13.3453   0.0172    14.60    0.404  39.47   0      84.31     2316.295     96.41338
       593    780.5453     97.5954      10060.5     650.0214  14.9935   0.0702     9.11    0.272   8.95   0      22.13     767.7263     92.94199
       594    174.9682     94.7133     20261.61     782.4805  14.2333   0.0419     7.64    0.131  17.44   1      36.29     1533.081     94.30251
       595    122.6376     92.2657      24098.3     674.1821  14.0450   0.0304     7.67    0.202   7.43   2      58.62     2566.927     97.00238
       596    113.8082     83.7705     23148.77     629.1891  14.0887   0.0295     7.72    0.207   5.17   3      56.78     2619.831     97.60455
       597     30.1769     92.5307      14984.7     697.4739  14.5609   0.0505     8.54    0.133 -64.16   0         26       798.08     92.76552
       598    852.6194     93.3067     4661.572     431.3533  15.8287   0.1005     6.71    0.275  -8.50   0      16.58     795.8139     92.00383
       599    642.1445     91.5768     8353.519     540.8545  15.1953   0.0703     6.17    0.196  14.53   0         20     927.9935     93.08326
       600    243.2339     81.2582     575101.8     895.9755  10.6006   0.0017     7.16    0.132  -3.39   0      800.1     63029.49     192.0741
       601    157.4145     86.1395     78031.04     681.1032  12.7693   0.0095     7.24    0.161   5.55   0      177.6     8867.837     110.7859
       602     45.5320     85.7439     30780.54     869.9215  13.7793   0.0307     7.49    0.205  -8.12   3      50.73     2007.982     95.44018
       603     57.8913     82.4493     36139.51     838.6398  13.6050   0.0252     7.71    0.189  -5.57   2      71.22      1664.68     94.37273
       604    657.9023     80.2487     8018.249     540.7136  15.2398   0.0732     6.84    0.404 -87.51   0      19.88     767.2078     91.93314
       605   1002.8870     78.0975     28396.94     846.2249  13.8668   0.0324     8.47    0.067  21.09   2      51.68     2024.572      95.2355
       606    862.8589     77.6033     14831.04     615.8666  14.5721   0.0451     6.82    0.170 -10.80   0      39.13     1824.604     95.49142
       607    457.9683     79.6454     4518.208     432.6253  15.8626   0.1040     6.16    0.402 -28.95   0      15.68     759.3745     93.17181
       608    806.9326     78.2467     5674.556     481.5918  15.6152   0.0922     6.50    0.231  62.96   0      17.19     807.0003     92.78737
       609    582.9565     69.3970     181289.2     780.8942  11.8541   0.0047     7.73    0.241   5.97   2      338.2     18246.83     128.9567
       610    562.7864     69.5255     30536.83     583.9744  13.7879   0.0208     9.49    0.305 -11.77   3      73.16     3327.612     99.00402
       611    975.4315     73.4216     8029.085     582.1898  15.2383   0.0787     8.24    0.282  31.43   0      20.88     810.7009     93.29692
       612    924.0637     99.0910     10134.04     405.0981  14.9855   0.0434     7.23    0.108 -22.33   0      30.89     1385.557     93.69813
       613    514.5990     69.6786     14248.11     529.2146  14.6156   0.0403     7.57    0.116  -5.91   0      38.72     1685.993     94.91595
       614    485.2846   1021.1193       8155.9     497.0203  15.2213   0.0662     8.21    0.355   1.53  16      21.26     867.9005     92.43398
       615    999.4703     63.4205     33972.51     1143.558  13.6722   0.0366    17.30    0.593  46.02  16      43.51     1156.764     93.88849
       616    737.6428     62.5860     26154.54     691.9108  13.9561   0.0287     7.89    0.195   1.52   0      60.86     2696.114     97.78201
       617    183.1433     59.4862     6205.492      485.453  15.5181   0.0850     5.66    0.290  -3.56   0      18.86     1012.208     92.78812
       618    408.2554     57.5306     6753.125     469.8709  15.4262   0.0756     9.03    0.220 -32.96   0      21.78     952.0764     92.89172
       619    448.9829     55.1763      5965.53      493.665  15.5609   0.0899     5.20    0.291  -7.54   0      18.36     922.0693     93.56783
       620    120.4772     51.5843      12277.9     458.7849  14.7772   0.0406     8.85    0.284   3.41   0      33.97     1377.565     94.42146
       621    490.0554     65.7367     9546.769     610.1089  15.0504   0.0694     7.29    0.273  39.69   2      21.75     743.8229     92.88351
       622    546.3631     43.9717     60864.23     791.9841  13.0391   0.0141     7.34    0.183  -3.46   0      129.2     6142.807     105.4893
       623   1001.0215     48.5694     8663.936     548.4653  15.1557   0.0687     5.79    0.202  21.02   0       21.2     998.3367     93.75289
       624    635.1832     48.7145     3851.202     411.5801  16.0360   0.1161     5.21    0.392 -69.64   0      14.49     732.6149     92.35321
       625    245.3941     42.5950     15956.05     536.4977  14.4927   0.0365    14.41    0.460  31.04   0         37     1504.061     94.47932
       626    431.6386     44.4608     6658.233     512.4915  15.4416   0.0836     7.70    0.325   5.21   0      20.37     1048.132     93.37613
       627    171.8246   1020.1492     30059.87     864.3622  13.8050   0.0312    14.72    0.561  -4.13  16      42.26     1532.594      95.0392
       628    408.0571     39.4049     6840.957     506.8624  15.4122   0.0805     7.12    0.205 -27.87   0      18.56     833.8008     93.10342
       629   1010.8589     38.5112     8969.827     595.4052  15.1180   0.0721     8.27    0.672  -5.27  16      20.35     870.6207     92.44067
       630    584.0045     37.3670     6276.122     499.6673  15.5058   0.0865     5.77    0.019  -7.35   0      18.34     936.4872     93.60284
       631    774.2166   1020.5328     7598.459     359.4295  15.2982   0.0514     0.00    0.318 -47.87  16      34.43      3372.33     98.87141
       632    612.2296     32.0826     34084.66      804.776  13.6686   0.0256     9.00    0.228  -8.57   3      71.37     3076.921     97.95259
       633    132.4754     32.5521     13203.47     662.6397  14.6983   0.0545     8.48    0.174   6.77   0      30.99     1237.606     93.58769
       634    201.2882     32.1021     8905.539     619.3413  15.1258   0.0755     9.40    0.086  32.30   0      23.09     852.3317     92.14333
       635    143.9077     30.8809     6683.055     501.0155  15.4376   0.0814     6.90    0.198 -53.24   0      19.18     897.6186     92.75838
       636    211.4510   1019.5089     9739.396     543.5825  15.0287   0.0606     9.14    0.090  47.28  16      23.89     1015.894     92.79713
       637    761.3838   1017.6924     13525.73     681.7996  14.6721   0.0547    10.00    0.224   3.69  16      27.29     1125.034     93.06406
       638    389.6171   1013.5266     71671.38     695.9132  12.8616   0.0105     7.88    0.336   4.86  16      151.3     7362.896     107.8704
       639    203.3830   1017.6820     9645.668     259.3304  15.0392   0.0292     0.84    0.048 -35.04  16      80.93     7262.355     107.4418
       640    686.7709   1013.8080     13469.14     663.6086  14.6767   0.0535     7.12    0.307   5.31  16      27.52     1258.172     94.38068
       641    918.4526   1010.8424     18026.41     806.0267  14.3602   0.0486    12.56    0.432  15.80  18       32.9     1074.962     93.69026
       642    201.9015   1011.1816      17873.7     690.8726  14.3695   0.0420     6.71    0.185  51.75  16      29.66     958.7095     92.40535
       643   1014.1956   1009.8065     8602.697     553.7215  15.1634   0.0699     6.84    0.342  40.06  16      21.15      1075.92     93.44374
       644    514.2920   1005.5099     22837.63     763.6602  14.1034   0.0363     8.19    0.292   0.54   0      47.86      2311.47     96.16016
       645     54.6680   1004.3213     22799.23     654.4603  14.1052   0.0312     7.68    0.230   1.83   0       55.3     2444.435     96.23225
       646    288.7185   1000.3014     67884.71     851.3118  12.9206   0.0136    11.43    0.340 -38.91  16      126.6     4511.353      100.765
       647    413.5181   1001.6154     35126.37     689.8068  13.6359   0.0213     7.35    0.225  -0.04   0      87.33     4194.061     100.7426
       648    113.9700    999.7334     55302.21     588.6103  13.1431   0.0116     7.10    0.183   0.80   0      137.4      6988.76     106.8615
       649    152.3773   1002.0522     8995.066     492.7004  15.1150   0.0595     8.15    0.279   2.35   0      27.63      1380.95     94.42961
       650    699.3559   1001.3347     9836.337     566.6912  15.0179   0.0626     7.10    0.210  -3.09   0       27.8      1348.97      94.1055
       651    333.7342    989.6517     14825.33     438.0066  14.5725   0.0321     7.98    0.261   3.14   0       41.8      1865.08      95.3438
       652     85.5691    988.2396     22186.69     634.3713  14.1348   0.0311    10.73    0.403 -17.30   0      49.47     1983.671     96.11182
