#   1 NUMBER                 Running object number                                     
#   2 X_IMAGE                Object position along x                                    [pixel]
#   3 Y_IMAGE                Object position along y                                    [pixel]
#   4 FLUX_AUTO              Flux within a Kron-like elliptical aperture                [count]
#   5 FLUXERR_AUTO           RMS error for AUTO flux                                    [count]
#   6 MAG_AUTO               Kron-like elliptical aperture magnitude                    [mag]
#   7 MAGERR_AUTO            RMS error for AUTO magnitude                               [mag]
#   8 FWHM_IMAGE             FWHM assuming a gaussian core                              [pixel]
#   9 ELLIPTICITY            1 - B_IMAGE/A_IMAGE                                       
#  10 THETA_IMAGE            Position angle (CCW/x)                                     [deg]
#  11 FLAGS                  Extraction flags                                          
#  12 SNR_WIN                Gaussian-weighted SNR                                     
#  13 FLUX_APER              Flux vector within fixed circular aperture(s)              [count]
#  14 FLUXERR_APER           RMS error vector for aperture flux(es)                     [count]
         1    952.7877     93.1640     220633.2      1256.38  11.6408   0.0062     9.86    0.206 -13.07   2      317.1     15526.67     128.4248
         2    509.4520     38.4643     87231.28     879.4944  12.6483   0.0109    13.53    0.469 -18.41   0      150.7     5791.055     109.1347
         3     39.2277     38.5947     54514.89     1223.287  13.1587   0.0244    20.46    0.499 -26.83   2      68.84     2073.211     101.6134
         4    359.7946     34.3967      65620.7     901.2073  12.9574   0.0149     8.79    0.231 -17.10   0      132.3     5652.123      108.845
         5    466.7272     18.0908     50624.78     927.5763  13.2391   0.0199    13.72    0.272  50.84  16      82.75     2332.931     101.1616
         6     73.8960     17.6983     16593.01     564.0233  14.4502   0.0369     8.73    0.255 -20.64   0      40.99     1736.867     99.55057
         7     48.9775     17.4803     7380.791     585.4614  15.3297   0.0861     7.20    0.161  73.28   0      19.95     1000.491     98.65524
         8    879.3028     14.1538     16149.73     695.9524  14.4796   0.0468     9.19    0.222 -30.35  18      38.74     1634.512     99.05237
         9    482.6596      8.8202     29919.01     759.6704  13.8101   0.0276     9.17    0.240 -14.13  16      64.12     2652.962     102.3913
        10    409.3924     10.7328      7148.19     554.3256  15.3645   0.0842     6.62    0.282 -83.46  16      18.45     778.5508     98.14262
        11     31.2719     11.6125     9259.181     669.6686  15.0836   0.0785     7.93    0.008 -40.84  16      19.04     728.5056     98.29366
        12    268.2666      8.6259     17600.29     785.7264  14.3862   0.0485    10.58    0.267 -20.64  16       32.1     1222.497     99.16535
        13    704.9026      7.8139     13418.89     681.7345  14.6807   0.0552    11.45    0.263 -37.66  16      28.41     1010.249     98.41175
        14    672.6369      3.9780     19470.79     620.4463  14.2765   0.0346    11.51    0.273 -31.17  24      43.19     1803.943     101.2685
        15    947.9391      3.1740     119591.1     640.9413  12.3058   0.0058     9.79    0.671   2.21  24      270.2     16381.05     129.5239
        16    834.3531      5.1783     12666.67     502.1203  14.7433   0.0431    11.00    0.214 -21.40  24      33.19     1378.102     100.0467
        17    753.4510      3.4061     6502.055     406.7592  15.4674   0.0679     8.70    0.339  22.21  24      20.32     930.1053      98.7587
        18    431.3045      1.8817     16133.48     361.2714  14.4807   0.0243     8.91    0.701  -0.07  24       58.3     3898.809     104.1182
        19    191.7229    983.6029     70214.94     738.6595  12.8839   0.0114     8.91    0.163 -21.76   0      147.1     5940.984     109.4465
        20    999.6131    983.2811     36006.34     622.2764  13.6091   0.0188     9.99    0.159  -4.91   0      82.75     3408.411     104.0546
        21    466.4807    984.5062     13497.84     489.2831  14.6743   0.0394    11.53    0.258 -31.47   0      33.14     1296.229     99.06998
        22    896.9243    982.2017     38570.81     795.0722  13.5344   0.0224     9.39    0.240 -18.85   0       80.4     3121.454      103.426
        23    501.6840    978.7106     104920.5     815.4261  12.4478   0.0084    10.07    0.119 -85.86   0      188.4     7770.257     112.9496
        24    538.7926    981.2644     20253.69     611.1589  14.2337   0.0328    13.93    0.232 -23.95   0      47.48     1647.529     100.1347
        25    241.9649    981.5355     21143.52     823.3756  14.1871   0.0423     0.00    0.467 -73.29   2       29.9     1675.146     100.1974
        26    110.7423    980.7412     11300.67     518.2084  14.8672   0.0498    12.02    0.230 -46.75   0       27.9     1010.333      99.2077
        27    604.3343    977.1054     56633.75     700.6835  13.1173   0.0134     9.05    0.163 -17.78   0      120.1     4560.246     106.0476
        28    579.3818    979.8103     9597.829     643.8462  15.0446   0.0729     9.44    0.230 -32.73   0      22.49     901.8325      98.4277
        29    966.9821    975.4114      70502.7     838.4535  12.8795   0.0129     9.94    0.095  -6.47   0      133.9     5303.591     108.1148
        30    207.9729    975.2521     24720.98      954.052  14.0173   0.0419    11.69    0.123 -34.03   0       31.9      1132.84     99.22415
        31    824.7539    960.9832     278628.6     1047.088  11.3874   0.0041    10.50    0.323 -49.76   0      414.2     19428.61     134.9597
        32    144.2531    968.6906     12943.14     467.0957  14.7199   0.0392     9.03    0.089 -23.46   0      33.72     1310.169     98.83714
        33     49.9473    965.6296     15109.27     718.7756  14.5519   0.0517    10.45    0.126   1.45   0      32.31     1213.942     99.40974
        34    223.3100    969.5511        13691      780.408  14.6589   0.0619    10.73    0.140  12.70   0      24.52     861.0607     97.79898
        35    405.7819    959.5740     25863.55     592.5929  13.9683   0.0249     8.87    0.120 -10.29   0      60.08     2479.328     102.5178
        36     41.4838    957.1576      22568.2     709.2198  14.1163   0.0341    10.07    0.174 -18.01   0       49.6     1761.924     99.87054
        37    770.1089    957.1616     15086.69     714.1959  14.5535   0.0514    13.38    0.379  22.19   0      29.71     1174.842     98.52547
        38    981.0761    947.8834     21766.51     911.8963  14.1555   0.0455    13.50    0.382  80.66   2      36.07     1345.929     98.65403
        39    892.3479    950.0815     24280.46     792.6318  14.0369   0.0355    15.18    0.212 -32.05   0      49.25     1908.007     100.2024
        40    937.8947    947.4363     12632.71     716.1646  14.7463   0.0616     8.19    0.316 -12.43   0      24.29     877.6462     97.30027
        41    824.2944    944.9346     16578.02     818.1197  14.4512   0.0536     6.32    0.064 -22.92   1      28.05     853.5751     97.78159
        42    440.5187    943.6255      19798.5     954.9393  14.2584   0.0524    11.54    0.040  18.43   0      28.32     935.8615     98.50623
        43    567.1291    933.6391      1060676     1082.326   9.9360   0.0011     9.01    0.140 -17.86   0       1149     82628.38     216.4173
        44    543.7499    941.7519     17503.09     803.8358  14.3922   0.0499    14.05    0.464 -26.81   1      31.72     1186.372     99.34669
        45    916.9621    941.1851     15545.18     770.8138  14.5210   0.0538    13.17    0.244 -25.43   0      32.25     1057.459     99.57915
        46    277.5368    939.0374     66014.77     820.6367  12.9509   0.0135     9.07    0.189 -14.67   0      132.6     5093.259     107.6717
        47    690.6895    939.2637     13087.69     586.5566  14.7078   0.0487    12.81    0.192 -25.43   0      32.01     1223.975     98.63874
        48    658.0951    935.8269     61900.33     910.4011  13.0208   0.0160     8.90    0.187 -18.63   0      121.2     4661.414     105.7697
        49    802.8831    937.1339     16102.32     597.6731  14.4828   0.0403     9.83    0.169 -13.73   0      38.93      1447.51     99.41644
        50    610.5648    934.2041      36492.3     887.2093  13.5945   0.0264    10.97    0.231 -55.80   0      67.54     2322.702     102.1699
        51    632.3539    934.6003     21077.87      794.192  14.1904   0.0409    13.57    0.187 -16.70   0      47.91     1751.962     100.3715
        52    122.4982    934.2109     7308.941     537.5904  15.3404   0.0799     6.80    0.089  73.15   0      19.41     910.2372      98.4471
        53    738.0059    930.8008     22214.08     918.4511  14.1334   0.0449    10.93    0.182 -19.88   0      38.22     1424.617     99.62751
        54    103.0548    931.0782     14277.03       740.96  14.6134   0.0564    12.25    0.281 -27.53   0      28.67     1043.259     98.48795
        55    955.4911    930.1904     10534.34     438.3888  14.9435   0.0452    10.05    0.165  -7.24   0      28.84     1178.972     99.06555
        56      6.7930    927.0327     13165.21     677.7941  14.7014   0.0559    11.27    0.198 -39.25  16      28.07     1013.579     99.21513
        57    755.9972    923.9412     18792.42     890.7918  14.3150   0.0515    13.65    0.288 -78.23   0      32.22     1253.279     99.49963
        58    880.9789    933.1011     17200.05     720.3466  14.4112   0.0455    10.18    0.167 -25.70   2      39.18     1504.596     98.75384
        59    826.0204    926.0220     11601.07      699.167  14.8388   0.0655    10.29    0.442  14.09   2      28.66     1162.822     99.55641
        60    308.0103    920.6715      91811.3     725.6749  12.5928   0.0086    11.70    0.183 -24.61   0      186.4     7496.593     112.6305
        61    869.3245    922.6311     18037.04     864.4654  14.3596   0.0520    10.32    0.156 -28.61   0      33.79     1195.752     99.10403
        62   1018.7887    913.6368     225724.6      704.089  11.6161   0.0034     8.62    0.077 -56.07  24        413     20959.84     137.7045
        63    844.5076    919.1363     10030.12     702.3975  14.9967   0.0761     9.71    0.419 -49.02   0      21.72     745.6336     97.53037
        64    293.5747    913.3221     7426.546     553.2567  15.3230   0.0809     9.18    0.211 -28.64   0      20.05     748.8737     98.07387
        65      6.6043    901.6957     770034.2     913.7217  10.2837   0.0013    10.11    0.128 -43.63  24        961     66080.95     198.2798
        66    158.2109    907.0466     41010.15     957.9245  13.4678   0.0254     9.11    0.152 -29.57   0      73.52     2705.603     103.0182
        67    263.8112    908.3646      17285.8     535.7108  14.4058   0.0337    10.59    0.184 -19.32   0      40.58     1540.331     100.6752
        68     57.2341    904.5912     40228.62     856.6208  13.4887   0.0231     9.03    0.132 -28.41   0      79.83     3113.534     103.9142
        69    234.0074    900.4443     76996.92     768.5281  12.7838   0.0108     9.02    0.213 -19.18   0      154.9     6399.375     110.8681
        70     95.9346    903.2963     12161.72     626.1909  14.7875   0.0559    11.28    0.167 -35.05   0      28.37     1082.719     98.31274
        71    925.8002    902.7170     7210.607     532.6508  15.3551   0.0802     8.48    0.392 -51.51   0      20.45     879.7593     98.90811
        72    551.1976    895.5457     43899.28     756.9479  13.3939   0.0187     9.77    0.208 -15.88   0      86.79     3037.835     103.2421
        73     77.2283    893.8031     20902.42     856.0825  14.1995   0.0445    10.68    0.213 -27.13   0      45.42     1664.416      100.695
        74    843.3615    888.3461     151923.2     866.3125  12.0459   0.0062     8.82    0.155 -17.27   0        274     11855.79     121.3239
        75    867.4584    891.4487     11268.58     708.3699  14.8703   0.0683    10.13    0.243 -40.88   0      24.15     876.7954     98.36987
        76    393.4173    889.3011     42003.52     957.4761  13.4418   0.0248    13.40    0.206 -14.02   0      77.96     2776.392     102.1531
        77    494.1928    889.1302     34353.84     1014.847  13.6601   0.0321    10.42    0.177 -27.60   0      55.96     1794.247     100.4672
        78    973.5674    890.7913     6739.061     427.3134  15.4285   0.0689     8.73    0.356 -17.72   0      19.58     854.0023     98.84891
        79    885.7299    886.3151     87746.73     808.1968  12.6419   0.0100     9.06    0.236 -22.46   0      171.5     6765.509     110.6729
        80    607.7756    885.7643        89707     822.4056  12.6179   0.0100     9.14    0.171 -29.16   3      172.8     6703.125      111.489
        81    606.3539    875.4299     40053.66     850.4328  13.4934   0.0231     9.43    0.214 -24.51   3      75.38     2733.404     103.0795
        82   1011.8960    883.2956     195462.9       774.55  11.7723   0.0043     8.61    0.147 -14.64  16      355.5     17016.79     130.2328
        83     96.4615    885.9658     11024.83     636.1626  14.8941   0.0627    10.92    0.258 -46.31   0      26.74     1107.618     98.90172
        84    825.8059    881.5189     37241.52     898.4085  13.5724   0.0262     9.32    0.241 -13.03   0      71.44     2693.824     102.7374
        85    675.3069    884.1646     10642.68     689.4158  14.9324   0.0703     8.31    0.453 -25.86   0      19.64     721.8984     96.93579
        86    372.5275    878.7182     116203.9     750.9333  12.3369   0.0070     9.02    0.175 -15.53   0      225.4     9150.287     115.4663
        87    762.0483    879.1628     25940.26     671.4138  13.9651   0.0281     9.50    0.200  -9.96   0      55.36     2010.452     100.6951
        88    435.3253    879.5172     16029.76     850.9466  14.4877   0.0577    11.04    0.197 -45.25   0      26.18     900.7323     97.62302
        89    320.1716    879.6093     8186.596     593.5526  15.2172   0.0787     7.90    0.287 -76.44   0      20.53     840.9736     98.55337
        90    302.1580    878.6530     19143.85     940.9581  14.2949   0.0534    -0.82    0.370  14.28   0      25.68     677.3516     98.17532
        91     41.1391    877.3313     30305.99     816.3251  13.7962   0.0293    10.56    0.234 -18.09   0      59.19     2202.269      101.386
        92    219.0169    860.8324       180344      1065.64  11.8597   0.0064     9.53    0.297 -64.27   0      282.2     11747.01     121.3362
        93    499.7368    869.9557     37098.29     1062.138  13.5766   0.0311    10.47    0.179  -8.10   0      55.91     1949.621      100.818
        94    152.2791    858.9619     377114.9     1163.381  11.0588   0.0034    11.60    0.197  38.44   0      513.4     24457.03     142.8108
        95    584.0631    866.4518     8824.467     627.0717  15.1358   0.0772     9.17    0.234 -51.62   0      20.94     811.4747     98.21883
        96    621.5572    862.7711     41369.79     919.6235  13.4583   0.0241     9.48    0.207 -21.97   0      78.03     2988.854     103.6412
        97   1015.7142    861.8007     22005.86     659.2367  14.1437   0.0325     9.37    0.175  -2.79  16       51.7     2101.915     101.6776
        98    954.4869    860.6167     42976.17     1103.313  13.4169   0.0279    10.88    0.298  -5.72   0      63.82      2221.69     101.1708
        99     80.6480    859.5514     14749.33      623.987  14.5781   0.0459    10.72    0.177 -24.58   0      33.45     1245.207     99.74431
       100     20.8816    858.3997     30214.84     651.0832  13.7994   0.0234     9.41    0.222 -27.69   0      67.31     2609.118     102.2939
       101    239.0654    859.8934     70760.73     842.4214  12.8755   0.0129     9.26    0.198 -17.13   1      141.7     5371.232     108.0145
       102    895.8646    855.2078     11433.75     497.6274  14.8545   0.0473    11.75    0.251 -23.89   0      29.34     1051.559     98.77281
       103    855.1629    853.3970      29585.1     818.5294  13.8223   0.0300    18.91    0.571 -12.58   0      46.72     1692.721     100.7588
       104    700.4954    854.0500     10859.69     482.6562  14.9105   0.0483    12.31    0.298 -23.89   0      26.55     874.9626     97.56301
       105    385.5328    853.8671     12950.15     772.5967  14.7193   0.0648    11.66    0.235 -30.03   0      27.46     930.3077     98.22696
       106    541.9969    845.1452     58365.38      884.685  13.0846   0.0165     9.30    0.207 -11.72   0      113.4     4325.357     106.2854
       107    631.6954    840.8693     202414.5     1031.048  11.7344   0.0055    10.95    0.279 -48.24   0      320.7     13498.01     123.5164
       108    843.6691    844.6921     10224.63     669.0175  14.9759   0.0711     9.62    0.327 -14.37   0      21.58     759.3322     97.56229
       109   1017.3747    840.3981     6502.029     534.8044  15.4674   0.0893     7.35    0.516  13.09  16      17.25     752.8303     98.34989
       110    960.1256    837.0585     27045.09      951.856  13.9198   0.0382    10.26    0.182 -22.17   0      45.07     1511.392     99.56236
       111    238.0940    833.8883     29019.74     866.5922  13.8433   0.0324     9.05    0.166 -31.74   0      61.41     2270.541     101.2805
       112    468.4150    834.3606     18688.14     624.3714  14.3211   0.0363    13.56    0.330   5.44   0      39.86     1281.412      100.089
       113    578.0527    831.6682     23116.09     973.3906  14.0902   0.0457    12.81    0.181 -29.69   0      34.38     1049.498     98.76807
       114    830.1240    828.1063     79699.04     790.3323  12.7464   0.0108     9.01    0.101 -28.00   2      162.4     6342.181     109.8001
       115    825.9845    815.7534     24562.91     730.7805  14.0243   0.0323    10.02    0.113 -20.49   3       50.8     1814.248     101.0326
       116    875.1072    829.3403        15744     770.8724  14.5072   0.0532    12.91    0.242 -19.88   0      33.67     1201.085     98.58599
       117    719.3250    828.7156     29845.57     995.5764  13.8128   0.0362    10.12    0.183 -14.88   0      47.73     1749.798     99.58009
       118    174.8983    830.3357      8863.58     631.2516  15.1310   0.0773     9.61    0.374 -57.62   0       21.6     868.7458     97.81684
       119    699.7516    827.6483     20791.73       558.72  14.2053   0.0292     9.67    0.158 -34.00   0      48.41      1734.37     100.8527
       120     84.2250    828.9879     17560.12     866.6112  14.3887   0.0536    12.67    0.317 -21.78   0      30.49     939.8158     98.78104
       121    427.1410    822.6492     31891.21     754.2031  13.7408   0.0257     9.17    0.194 -24.52   0      65.68     2399.202     101.8265
       122    959.3295    822.6412      33462.1     1066.287  13.6886   0.0346    14.39    0.453 -11.16   0      50.24     1685.552      100.221
       123    534.1373    823.4457     7765.536     632.9301  15.2746   0.0885     9.18    0.460 -60.31   0      19.61     751.8952     98.08087
       124    342.3241    823.6058     11338.94     675.2435  14.8636   0.0647    10.98    0.273 -50.51   0      26.67     1011.828     98.41539
       125    316.7275    819.7672     24097.46     844.6077  14.0451   0.0381     9.65    0.156 -78.61   0      43.64     1597.364     100.0208
       126    558.7213    819.3973     16028.58     820.3667  14.4878   0.0556    11.62    0.154  -5.34   0      31.61     1111.679     98.91105
       127    462.5446    819.8801     15670.26     817.8675  14.5123   0.0567    10.24    0.185  -8.33   0      30.41     1027.182     98.18427
       128    633.7454    815.4343     33301.91     1074.821  13.6938   0.0351    10.43    0.217 -19.14   0      46.39     1531.532      99.8711
       129    546.8536    813.1976      21250.2     802.4486  14.1816   0.0410    14.53    0.111 -15.49   0       45.4     1433.243     99.64719
       130    222.7401    807.4307     43981.39     816.9216  13.3918   0.0202     9.13    0.177 -26.28   0      90.91     3401.161     103.7866
       131    516.0145    802.3898     161760.7     810.3605  11.9778   0.0054     9.15    0.166 -22.13   0      293.4     12376.47     122.0809
       132    992.3040    800.9562     94378.91     933.3342  12.5628   0.0107    16.12    0.158  27.01   0      147.4     4001.568     104.3423
       133    969.2305    805.1699      17563.3     806.2944  14.3885   0.0499    13.32    0.144 -37.10   0      37.62     1405.874     100.1097
       134    785.0029    803.5042     16522.05     561.6663  14.4548   0.0369    10.24    0.185 -28.00   0         39     1488.843     99.77391
       135    115.0488    817.0817     10818.85     688.5229  14.9145   0.0691     9.92    0.379 -42.59   0       23.1     826.3353     97.71825
       136    390.8612    793.8881     19587.06     718.3682  14.2701   0.0398     9.75    0.166 -14.89   0      42.44     1613.446     99.53207
       137    591.7509    794.1251     8984.281     614.4641  15.1163   0.0743    10.30    0.077 -56.02   1      22.72     919.3183     98.20153
       138    450.6982    787.7642     25749.34     718.4935  13.9731   0.0303    11.89    0.186 -37.53   0      57.77      2042.39     99.98386
       139    295.9427    786.2131       119910     820.3923  12.3029   0.0074     9.91    0.216  -2.44   0      215.1     8608.369       115.08
       140      5.4734    791.4504     7261.451     525.2401  15.3474   0.0786     8.06    0.182 -76.17  16      19.49     758.6376     97.82895
       141    661.0306    785.1796     66427.69     859.7415  12.9441   0.0141     9.48    0.162 -13.79   3      125.8     4625.131     107.1693
       142    648.5453    780.5747     79788.51     742.4822  12.7451   0.0101     9.22    0.164 -14.14   3        162     6461.843     110.5228
       143    716.2094    784.3179     32609.21     1017.681  13.7166   0.0339    10.00    0.229 -21.15   0      52.37      1974.02      100.873
       144    591.5247    785.2291     11642.26     751.5718  14.8349   0.0701    11.15    0.146 -42.73   0      24.75     835.5158     98.27444
       145     86.6875    785.5739     8791.724     633.2984  15.1398   0.0782     8.61    0.436 -46.36   0      20.52     818.9684     97.70112
       146    922.3949    777.6418     266643.2     825.0876  11.4352   0.0034     8.83    0.130 -11.45   0      446.7     22344.77     139.7843
       147    144.7669    781.5197     25066.12     938.9046  14.0023   0.0407    11.68    0.217 -29.64   0      43.44     1621.896     100.0765
       148    855.6750    781.4214     16205.82     809.1573  14.4758   0.0542    12.70    0.262 -15.72   0      33.03     1118.509     99.19132
       149    517.6660    773.0504     658159.2     974.2451  10.4542   0.0016     9.06    0.156 -18.36   3        843     50588.95      179.647
       150    513.0734    757.4310     150938.7     848.4746  12.0530   0.0061     9.01    0.157 -19.39   3      269.8     11279.03     120.0205
       151    325.5416    778.0555     36977.64     629.9545  13.5802   0.0185    10.05    0.196 -24.25   0      81.93     3122.971     103.9349
       152     47.1017    777.2811      15992.3     800.1396  14.4902   0.0543    11.85    0.200 -12.16   0      34.92     1171.732     98.25191
       153    692.3881    771.6277     32168.25     1026.557  13.7314   0.0347    17.15    0.140  40.86   3      52.27     1777.321     100.6895
       154    678.4024    763.6883     61058.68     1075.204  13.0356   0.0191    21.92    0.463 -10.57   2      90.96     2687.678     102.4683
       155    811.8925    771.0644     28517.68     1044.737  13.8622   0.0398    11.16    0.105  28.80   0      43.66     1452.229     99.16327
       156    784.4283    770.9890     16318.87     801.8683  14.4683   0.0534    12.24    0.184 -39.34   0       33.1     1135.152     99.22945
       157    198.3651    772.0092     12524.73     694.7676  14.7556   0.0602    11.53    0.124 -48.44   0      27.97     923.4429     99.00844
       158    360.0091    759.6536     50853.52     1204.247  13.2342   0.0257    16.19    0.414 -87.23   0      72.17     2327.064     101.9228
       159     65.5807    768.4985     10035.73     716.2554  14.9961   0.0775    10.64    0.175 -83.36   0      22.65     817.5447     97.42917
       160    740.4072    766.7794        10552     514.0703  14.9417   0.0529    11.03    0.189   7.03   0      26.84     1120.569     98.93147
       161    871.1792    764.2745     15131.25     613.5378  14.5503   0.0440     9.92    0.193 -58.32   0      40.88     3963.652     105.5091
       162    155.8698    762.0629     28638.73     680.0785  13.8576   0.0258     9.04    0.195 -19.87   0      62.55     2408.991     101.8483
       163     40.5094    758.7592       235194     873.7556  11.5714   0.0040     9.23    0.191 -15.97   0      396.9     18257.56     132.1822
       164     62.2142    757.6392     17273.37     814.2994  14.4066   0.0512    10.07    0.166 -65.39   0       26.7     881.3571     99.17641
       165    329.9625    757.1528     11166.27     731.9929  14.8802   0.0712     9.19    0.164 -77.60   0      22.53     843.6098     98.29317
       166    298.5012    755.3693     22648.39     1088.936  14.1124   0.0522    13.78    0.579  54.49   0      27.58     843.2203     97.21983
       167     84.8015    756.2950     26836.01     997.5201  13.9282   0.0404    15.84    0.394 -12.67   0      41.44      1428.09     99.63543
       168    882.7856    755.2634      13608.2     794.5294  14.6655   0.0634    11.31    0.300 -24.39   0      25.86     940.8668     98.51778
       169    403.5241    749.2146     23846.23     1007.301  14.0565   0.0459    14.48    0.396 -24.32   2      35.77     1207.743     99.39557
       170      7.5664    750.7830      48140.4     706.3221  13.2937   0.0159     9.19    0.107 -36.19  24      98.98     3892.827     105.8528
       171    550.2194    752.0739     8614.813     595.9196  15.1619   0.0751     8.14    0.274  81.53   0      21.08     830.8475     98.26365
       172    217.9555    747.3438     74332.38     707.3278  12.8221   0.0103     9.04    0.184 -18.27   0      152.7     5982.755     109.7722
       173    272.3494    741.4910     550398.2     939.7527  10.6483   0.0019     9.02    0.147 -20.31   0      748.6     42140.14     168.3088
       174    540.5471    740.0837     19355.83     796.1718  14.2830   0.0447    11.40    0.264 -17.55   0      41.41     1503.872     99.28156
       175     54.5140    738.8892     10986.91     681.8848  14.8978   0.0674     7.87    0.337 -74.69   0      22.05     802.0888     97.92984
       176    152.0220    730.9120     29451.17     853.7566  13.8272   0.0315     9.80    0.183 -22.48   0      56.75     1955.796     100.3108
       177    123.9454    734.6269     14499.05     749.8182  14.5967   0.0562     8.43    0.542  -8.31   0      22.48     756.1491     98.09073
       178     98.1514    731.1415     29235.88     703.9459  13.8352   0.0261     9.52    0.184 -23.06   0      62.42     2218.579     101.4225
       179    660.5609    731.2905      15128.9     800.7131  14.5505   0.0575    12.49    0.157 -32.85   0      29.54     893.4192     97.87415
       180    337.6306    724.3896     14486.65     477.5492  14.5976   0.0358    10.25    0.127 -85.21   2      36.69     1322.434     99.92012
       181    519.9382    720.2618      51757.8     739.1898  13.2151   0.0155     9.37    0.194 -22.44   0      108.4     4001.906     105.0938
       182    831.2834    720.5674     16384.37      681.762  14.4639   0.0452    12.45    0.287 -32.55   0      33.69     1202.156     98.85394
       183    143.9890    716.8984     76486.68     813.9281  12.7910   0.0116     9.18    0.182 -19.92   0        151     6008.713      109.587
       184     43.8791    719.8830     12527.02      705.066  14.7554   0.0611    12.20    0.332 -37.59   0      28.74     1034.904     97.93489
       185    210.5361    716.2763     67456.98     852.3607  12.9274   0.0137     9.82    0.240 -10.99   0      128.9     4707.311      106.854
       186    360.4806    716.3444     22342.64     700.7825  14.1272   0.0341    10.30    0.215 -24.19   0      48.92      1751.59     99.84702
       187    393.4060    712.0814     95641.16     1076.419  12.5484   0.0122    14.02    0.453  -3.00   0      150.2     4769.678     107.2312
       188    249.8534    713.7344     12245.55     663.8074  14.7801   0.0589    12.42    0.182 -10.06   0      28.71     931.7567     98.49677
       189    917.0237    712.6877      13040.4     480.9649  14.7118   0.0401    10.21    0.147 -24.03   0      34.02     1378.004       98.993
       190    546.1570    710.5491     22844.57     767.0062  14.1030   0.0365    10.41    0.181 -17.00   0      49.58     1730.272     100.5833
       191   1010.4381    701.8922     506584.6     939.6153  10.7384   0.0020     8.75    0.088 -13.28  16      708.8     40681.77     166.0124
       192    276.0875    711.7981     9032.497     657.7442  15.1105   0.0791     8.76    0.420 -24.45   0      20.02     705.4666     97.97323
       193    787.1876    708.7576     14918.64     578.2709  14.5657   0.0421    10.50    0.240 -16.97   0      34.14     1381.528     100.0544
       194    355.4004    703.5652     26263.22     733.9921  13.9516   0.0304     9.31    0.181 -22.86   0       56.3     2184.465      101.862
       195    706.2551    699.4292     74323.97     799.5111  12.8222   0.0117     9.04    0.176 -18.83   0      146.8     5725.362     108.9978
       196    100.5554    700.8840     16104.54     758.9872  14.4826   0.0512    11.03    0.064 -30.48   0      33.03     1214.444     98.61678
       197    841.4044    697.0986     38629.94     1033.708  13.5327   0.0291    19.49    0.466 -27.09   0      59.61     1803.396     100.4879
       198    766.7686    699.4635     12116.16     749.9697  14.7916   0.0672    10.24    0.182 -80.42   0       24.2     849.0354     98.30571
       199    486.4143    698.9865     19581.76     838.7173  14.2704   0.0465    10.76    0.217 -16.74   0      40.46     1428.608     99.63661
       200    817.0055    698.3137     17608.39     639.5356  14.3857   0.0394    11.00    0.188 -10.18   0      42.16     1582.259     99.98648
       201    567.0163    694.1863     7092.088     569.4623  15.3731   0.0872     7.10    0.298 -83.44   0      18.67     756.9165     98.09251
       202    406.5113    693.3992     12355.15      749.168  14.7704   0.0659    10.64    0.144 -34.85   0      24.88     912.9395     98.45334
       203    696.6360    687.1208     21329.45     739.5847  14.1776   0.0377    10.30    0.137  -9.24   0      46.42     1684.438     100.2185
       204   1018.6816    679.0602     54796.94     819.1254  13.1531   0.0162     9.97    0.219 -52.18  25      98.02     3548.736     103.8572
       205    389.7372    681.0745     12305.94      728.759  14.7747   0.0643    11.42    0.134  -2.47   0      26.09     871.2741     98.35711
       206     14.1085    679.8639     7561.922     579.9096  15.3034   0.0833     9.13    0.349 -70.21   0      20.06     774.2555     97.59705
       207    840.4219    670.6444     66743.55      672.538  12.9390   0.0109     8.98    0.185 -13.97   0      142.9     5834.674     109.7044
       208    136.7184    671.5063     10457.29     534.0343  14.9515   0.0555    10.37    0.239 -49.31   0      24.27       915.72      98.1932
       209    690.7628    670.0673     13225.61     554.4532  14.6965   0.0455    11.42    0.194 -35.53   0      32.98     1385.219     99.53759
       210    267.8210    669.4221     38230.75     820.9264  13.5440   0.0233     9.82    0.210 -10.75   2      75.06     2795.532     103.2164
       211    256.5084    662.7621     17777.99     690.8162  14.3753   0.0422    10.49    0.204 -15.59   3      39.34     1357.687     98.68111
       212    350.7229    667.8079     16849.47     679.0283  14.4335   0.0438     9.87    0.090 -27.71   0      36.97     1318.588     99.38534
       213    548.6872    664.3365     14962.78      696.506  14.5625   0.0506    11.75    0.199 -22.70   0      33.37     1250.484     98.69981
       214    857.5706    659.7077     9283.367      608.144  15.0807   0.0711     9.76    0.089  11.59   0      22.79     764.8455     97.03643
       215    299.4190    659.2006     18833.61     962.2295  14.3127   0.0555    14.82    0.583  -6.76   0      29.94     770.2235     98.12333
       216    568.4263    658.7854      22984.9     963.8895  14.0964   0.0455    13.66    0.253  -8.85   0      35.79     1249.221     99.75346
       217    722.1420    656.8362     7265.586     553.1905  15.3468   0.0827     6.12    0.470  83.38   0      17.88     701.4917     97.96401
       218    812.5205    651.3370     99881.33     883.4993  12.5013   0.0096     9.12    0.212  -9.48   0      190.8     7714.693     112.8377
       219    938.3654    652.9471     13165.82     736.1823  14.7014   0.0607     9.51    0.217  78.58   0      25.73     1033.766     98.73186
       220    783.8055    649.1595     54012.49     1124.971  13.1688   0.0226    16.86    0.507 -30.33   0      86.34     3144.877     103.9828
       221    420.8174    650.3132     9781.136     615.8236  15.0240   0.0684     7.38    0.744 -65.80   0      23.43     757.0692     97.82531
       222    609.4108    646.4360     56434.73     1017.851  13.1211   0.0196     9.69    0.206 -15.16   0      93.96     3571.039     105.1596
       223    585.1075    644.8989     90351.18     828.9316  12.6102   0.0100     9.36    0.169 -15.12   0      177.9     7102.272     111.1267
       224    131.1558    647.3253     18195.68      695.679  14.3501   0.0415     9.41    0.160 -30.28   0       41.8     1594.253     100.0137
       225    634.5922    642.9078     64864.77     887.8303  12.9700   0.0149    10.03    0.313 -17.21   0        122     4811.589     107.0755
       226    293.9670    638.1927     193652.6     897.1331  11.7824   0.0050     9.03    0.161  -8.45   2      335.2     15130.42     127.5162
       227    299.1863    621.4745     83975.49     994.7701  12.6896   0.0129    10.99    0.403 -27.59   3      143.8     5627.325     109.0339
       228    830.7361    637.5148      80052.9      697.988  12.7416   0.0095     9.05    0.198 -16.52   0      166.3     6716.473     110.5721
       229    947.0700    638.5565      18378.7     903.8309  14.3392   0.0534    11.46    0.223 -31.45   0       30.4     1160.066     99.02216
       230      7.9956    638.4098     17846.38     637.5681  14.3711   0.0388    10.14    0.108 -73.51  18      35.62     1297.853     99.33791
       231    982.0968    638.4233     11609.21     698.2318  14.8380   0.0653    10.58    0.190 -33.97   0      25.42     883.9661     97.31503
       232    698.9292    636.6985     19988.35     613.2011  14.2481   0.0333    10.47    0.220 -25.86   0      43.99      1587.66     98.67957
       233    258.9290    634.4825     28791.63     785.6278  13.8518   0.0296     9.47    0.175 -18.00   0      60.49     2168.712      100.792
       234    111.9771    634.1500     25869.41     588.1558  13.9680   0.0247     9.14    0.173 -19.24   0      59.46     2401.841     102.3458
       235    554.2889    635.4634     20414.06     877.8717  14.2252   0.0467    12.13    0.197 -12.87   0      38.91     1311.481     98.84016
       236     56.5555    627.5187     10499.92     637.0045  14.9470   0.0659    10.75    0.185 -33.17   0      25.84     987.3751     98.09208
       237    336.4695    621.9790     88730.91     971.8809  12.6298   0.0119    13.06    0.435  21.46   0      146.5     4846.933     107.3949
       238    612.9613    623.8896     9834.602     653.0235  15.0181   0.0721     9.96    0.117 -74.40   0      23.21     920.1515     97.93621
       239    194.7367    637.3108     12031.83      639.603  14.7992   0.0577    10.85    0.172 -37.54   0      30.31     1120.123     98.39917
       240    811.8293    619.5157        20398     632.2896  14.2260   0.0337     9.62    0.141 -48.80   0      44.32     1513.072      99.5662
       241    592.5494    620.6935     11685.25     652.6641  14.8309   0.0607     7.70    0.337   1.94   1      22.26     825.2697     97.44718
       242    739.1234    616.8626     23526.64     752.5495  14.0711   0.0347    16.86    0.547 -20.51   0      39.75     1395.016     99.55996
       243    580.0457    615.4882     54018.84     940.3289  13.1686   0.0189     9.22    0.187 -16.58   0      101.4     3906.422      104.637
       244    903.2955    614.8071     27559.35     1066.872  13.8993   0.0420    13.85    0.185 -11.44   3      38.92     1034.936     98.73455
       245    145.8017    607.2971       177628     813.1885  11.8762   0.0050    11.83    0.119 -33.98   0      314.9     13767.85     124.6443
       246    463.8536    611.8103     21175.91     910.3107  14.1854   0.0467    10.71    0.191  -7.05   0      31.84     1129.956     99.21755
       247    508.3517    606.3242     172186.3     897.5378  11.9100   0.0057     9.05    0.172 -21.81   0      300.8     12844.33     122.7355
       248    286.1107    603.3558     65389.38     697.9072  12.9612   0.0116     9.71    0.161 -23.64   0        137     5287.698     107.5953
       249    385.7485    601.6785     69522.62     733.1032  12.8947   0.0115     9.35    0.194 -19.01   0      141.3     5443.744      108.167
       250     55.4734    597.1378     140142.1     782.8061  12.1336   0.0061     8.83    0.161 -17.24   3        263     11126.01     119.7304
       251     42.7785    585.4475     60260.75     1075.035  13.0499   0.0194    18.87    0.415 -85.91   2      86.57     2099.467     101.6722
       252    914.1610    615.5613     24857.48     924.0818  14.0114   0.0404    10.67    0.187   2.59   3      43.51     1487.102     99.76994
       253    439.3037    598.4873     13615.11     775.3318  14.6649   0.0618    10.00    0.215 -41.91   0      25.78     1097.089     98.34595
       254    192.9792    597.0161     7824.819      617.228  15.2663   0.0857     8.11    0.405 -64.90   0      19.81     880.6751     98.64488
       255    978.8329    595.2952     11995.91     702.1006  14.8024   0.0636    10.70    0.117 -48.30   0      26.37      1045.99      97.6927
       256    952.7346    596.1390     6853.731     580.7613  15.4102   0.0920     7.23    0.165  55.21   0      18.11      671.535     97.89449
       257    403.7046    595.1583     10453.49     643.1301  14.9518   0.0668    10.42    0.156  23.31   0      25.13      1003.72     97.59431
       258    854.4407    588.5728     56606.69     736.2426  13.1178   0.0141     9.32    0.186 -10.96   0      117.8     4710.978     107.3512
       259    342.2489    591.2334     15320.57     508.5007  14.5368   0.0360    10.75    0.114 -43.14   0      37.39     1401.314     99.57433
       260    121.1289    615.5356     10463.31     639.0453  14.9508   0.0663    10.32    0.263 -35.11   0      24.15     953.9193     98.28158
       261    823.5370    587.2897     16974.13     754.9203  14.4255   0.0483     9.51    0.104 -26.40   0      38.32     1334.562     98.89322
       262    463.1889    585.6159     22404.55     945.9108  14.1242   0.0459    12.53    0.190  87.49   0      34.32     1046.151     98.76037
       263    445.8691    581.7675     14303.08     832.5771  14.6114   0.0632    11.87    0.263 -28.83   0      26.12     871.2875     98.35714
       264    388.9455    579.7468     12785.45     727.1085  14.7332   0.0618     8.54    0.415 -68.95   0      24.14     756.5425     98.62458
       265    775.4226    577.5248      23149.1     701.0439  14.0887   0.0329     9.60    0.192  -4.96   0      51.66     1927.827     101.0287
       266      9.7550    576.4526     65554.77     792.8932  12.9585   0.0131     8.93    0.196 -22.79  16      131.2      5163.67     108.0631
       267    684.9340    575.7457     11220.39     611.0161  14.8750   0.0591    11.43    0.243 -35.52   0      27.51     995.5588     98.64388
       268    663.7130    572.6163     92430.32     841.2667  12.5855   0.0099     9.07    0.207 -19.57   0      183.4     7391.334     112.1845
       269   1020.0947    583.8391     15492.99     620.0451  14.5247   0.0435    11.11    0.212 -38.27  24      35.55     1257.429     98.18336
       270    834.7819    563.7755     47745.62      1167.74  13.3027   0.0266    20.50    0.505 -48.55   0      70.49     2809.505     103.2471
       271    242.1176    568.0795     13913.02      605.559  14.6414   0.0473    10.94    0.215 -20.88   0      32.24     1180.727     98.27271
       272    520.3927    566.7498     15884.11     755.4599  14.4976   0.0517    13.33    0.257 -20.71   0      33.88     1273.173     99.54507
       273    300.9466    562.4434     143457.8     792.0841  12.1082   0.0060     9.18    0.195 -19.46   0      268.5     11203.31     120.0955
       274    196.7239    566.5967     13284.11     691.2346  14.6917   0.0565     7.70    0.562 -37.07   0      22.71     767.5083     98.11704
       275    644.4578    563.9875     11793.27     753.3589  14.8209   0.0694    10.10    0.260 -58.25   0      22.67     760.1443     98.36679
       276    466.3827    559.9495     9358.755     495.3578  15.0720   0.0575     0.00    0.402   7.14   0      22.54     1509.503     100.0832
       277    640.0103    550.4267     48020.22     1412.118  13.2964   0.0319    21.40    0.660 -41.06   0      51.73     1226.753     99.43903
       278     27.3118    554.2191     12301.57     738.5817  14.7751   0.0652    12.30    0.275 -16.79   0      26.94     885.0109     97.85462
       279    280.4091    550.8671     28547.56     709.2882  13.8611   0.0270     8.86    0.165 -17.18   0      66.04     2684.422     102.4611
       280    998.6052    547.9116      19897.7     889.6019  14.2530   0.0486    10.77    0.238  -8.77   0      32.49     1188.159     99.08662
       281    877.5322    548.7411      12520.6     726.1239  14.7559   0.0630    11.55    0.302 -10.25   0      24.45     897.9245     98.41867
       282    471.4667    547.9980     23292.42     933.5751  14.0820   0.0435    10.47    0.429 -63.86   0      28.54     921.5077     98.73891
       283     83.8098    548.5735     8981.846     634.4003  15.1166   0.0767     9.40    0.296 -28.69   0      21.15     904.4193     98.69957
       284    975.7190    545.5984     10455.72      669.096  14.9516   0.0695     7.51    0.348   5.21   0      20.64     743.6362     98.32864
       285    256.7931    539.3466     27480.78     895.9359  13.9024   0.0354    16.24    0.390 -69.35   0      49.34     1566.806     100.2132
       286    117.0868    539.1535     14680.13     728.6003  14.5832   0.0539     6.72    0.268 -48.40   0      33.05     1485.328      99.2391
       287     24.3824    535.4537     89383.84     777.2571  12.6219   0.0094     8.92    0.191 -21.51   0        179     7305.062     112.4766
       288   1021.9434    536.4615     11333.22     370.8212  14.8641   0.0355     7.81    0.294  88.14  24      38.96     1943.363     101.0636
       289    937.8109    536.7307     29450.61     920.2401  13.8273   0.0339     9.52    0.142  -5.99   0      55.06      2232.88     101.4546
       290    779.5394    529.4249       335702     963.5282  11.1851   0.0031     9.53    0.014  -8.16   0      499.5     22939.73     140.5619
       291    985.3389    529.4952     38192.99     936.4961  13.5450   0.0266     9.29    0.162 -10.28   2      68.81     2652.335     101.8767
       292    978.8964    520.4409        14498     736.5934  14.5967   0.0552    12.31    0.064  88.98   3      29.74      970.828     97.51768
       293    634.1780    529.2262     24578.56     951.9554  14.0236   0.0421    11.51    0.122   7.65   0      39.24     1280.311     99.82426
       294    409.2791    530.9236     11314.61     619.5701  14.8659   0.0595     6.73    0.386  70.28   0      21.48     738.3751     97.24432
       295    112.3961    526.0968     101293.4     803.8875  12.4860   0.0086     9.06    0.215 -21.39   0      194.9     8080.402     113.8024
       296    615.0178    525.6580     38376.88     785.8986  13.5398   0.0222     9.20    0.132 -35.42   0      78.91     2935.479     103.0165
       297    371.6037    525.4787     39613.43      792.895  13.5054   0.0217     9.09    0.154 -19.50   0      79.03     2992.281     103.3955
       298    469.1902    521.9507     56059.97     998.9225  13.1284   0.0194    10.00    0.175 -28.08   0      98.51     3667.926     104.8701
       299    691.1561    521.5271     12954.22     719.0057  14.7190   0.0603    10.02    0.146 -15.01   0      30.75     1239.263     99.20377
       300   1006.4523    521.0932     7787.698     453.1571  15.2715   0.0632    10.00    0.184   8.65   0      21.05     792.8203     97.37148
       301    563.1198    522.6252     19399.19     779.5511  14.2805   0.0436    11.77    0.191 -50.95   0      40.77     1449.223     99.68362
       302    289.1198    517.1168      6505.83     174.5765  15.4667   0.0291     1.14    0.037 -26.90   0      71.23     6247.074     109.3637
       303    221.3160    503.5429      1848980     1261.484   9.3327   0.0007     9.04    0.136 -16.52   0       1597     141357.1     270.9732
       304    884.4960    512.2725     31815.11     712.1769  13.7434   0.0243     9.41    0.159  -9.81   0      66.99     2510.441     101.3012
       305    761.9995    503.7247     156330.9     845.2795  12.0149   0.0059     9.62    0.177 -26.13   0      275.3     11567.08     120.5647
       306    466.3822    506.1593     16827.71     793.8006  14.4349   0.0512    10.08    0.096 -54.05   0      33.22     1408.885     100.1166
       307    427.8690    534.5562      21605.9     848.5826  14.1636   0.0427    10.13    0.190 -17.01   0         44     1619.499     100.0711
       308    691.0265    502.4564     13616.05     731.8583  14.6649   0.0584     7.68    0.425  49.71   0      24.21     714.2772     97.99367
       309    306.2444    501.9394     25565.22     933.4265  13.9809   0.0397    13.25    0.186 -59.51   3      39.53     1239.651     99.20466
       310    294.1504    500.7292     32842.09     940.0883  13.7089   0.0311    10.39    0.326 -12.57   3      62.93     2262.942     101.5219
       311    107.2784    498.8198     13164.61     634.8658  14.7015   0.0524    10.39    0.238  -8.54   0      30.88     1745.087     100.6167
       312    498.3875    496.7432     12527.64     666.8582  14.7553   0.0578    11.61    0.355 -24.00   0      27.45     1008.064     98.93794
       313    338.5171    497.2580     10611.48     572.0118  14.9356   0.0585    10.80    0.328 -16.46   0      25.97     1066.198     98.27454
       314    162.4249    492.4143     34239.11     826.1898  13.6637   0.0262     9.19    0.201 -25.96   0      70.81     2677.865     102.7021
       315    278.6307    490.6287     24377.08     864.6163  14.0325   0.0385     9.93    0.037 -37.42   0      43.97      1497.48     100.3175
       316     54.3334    489.5198     43757.91     965.3875  13.3974   0.0240     9.15    0.134  -9.04   0      78.42     2917.354     102.4662
       317    667.1540    503.4449      22904.6     777.2075  14.1002   0.0369     9.04    0.197 -16.27   0      50.73     1918.361     101.0074
       318    929.1998    484.1352     26030.83     682.0944  13.9613   0.0285     9.03    0.159  -7.15   0      60.55     2422.226     102.3911
       319    173.9058    485.6582     16370.44     860.9884  14.4648   0.0571    10.77    0.174   4.24   1      27.09     763.6604     97.30339
       320    382.2321    482.5705     11287.47     676.1958  14.8685   0.0651     7.58    0.375 -20.14   0      21.85     769.6467     98.65477
       321    271.4200    479.7840     21511.85     870.6625  14.1683   0.0440     9.90    0.171   0.07   0      31.24     1151.673     99.26728
       322    726.9030    476.4683     18931.83     571.8812  14.3070   0.0328     9.58    0.209 -21.32   0      44.33     1648.964     99.61314
       323    608.5604    472.1227      7895.43     432.4972  15.2566   0.0595     5.89    0.335 -31.32   0      26.49     2495.901     102.0421
       324    326.8266    462.4503     52283.51     838.2038  13.2041   0.0174    12.62    0.392 -29.41   0      93.26     3456.648      104.662
       325    841.0799    462.3516     54770.92     784.8026  13.1536   0.0156     8.68    0.178 -18.06   0      118.1     4821.526     106.6061
       326    689.8491    466.1022     6672.377     499.3998  15.4393   0.0813     5.57    0.397 -10.11   0      18.35     815.6941     97.42485
       327    122.3652    459.5839     62153.41     847.8597  13.0163   0.0148    14.64    0.304  88.05   0        104     3041.818     104.0096
       328     76.3210    462.3235      42233.5     916.2683  13.4359   0.0236     9.25    0.228 -20.06   0      81.96     3121.465     102.6629
       329    244.7309    457.2525       306318     854.5494  11.2846   0.0030    15.27    0.149 -16.67   0      490.5     23957.29     141.8286
       330     11.4488    462.8440     18461.75     843.8666  14.3343   0.0496     9.96    0.243 -19.40  16       27.3      850.342     98.57497
       331    153.1827    460.0350     6809.722     487.5125  15.4172   0.0777     5.11    0.202  -0.27   0      18.12     823.2972     99.04327
       332    789.0388    456.8516     9826.514     614.7755  15.0190   0.0679    10.87    0.256 -19.70   0       23.7      959.897     98.82723
       333    970.6823    456.4327      12705.1     740.4777  14.7401   0.0633    11.07    0.253 -14.17   0      26.58     981.6744     98.34573
       334    481.1247    456.0242     8253.076     176.8365  15.2085   0.0233     0.00    0.105  13.91   0      96.05     7799.565     113.2402
       335    203.0441    453.0233     11240.55     476.0019  14.8730   0.0460    12.61    0.291 -30.60   0      29.64      1173.77     99.58141
       336    110.6301    448.7187     10829.36     671.1782  14.9135   0.0673    10.57    0.245 -35.72   0      24.36     928.8765     98.49012
       337     12.2606    443.7078     41372.52     846.9257  13.4582   0.0222    11.77    0.300 -32.91  18      77.02     3016.917     102.6868
       338    643.7866    445.4805      17457.3     680.1957  14.3951   0.0423    10.28    0.092 -13.03   0      38.59     1430.178     99.64019
       339    404.8744    433.5756     300921.2     876.5991  11.3039   0.0032     9.11    0.110 -20.81   0      481.1     23538.54     141.3415
       340    582.1150    445.7558     17214.92     798.0274  14.4102   0.0503    10.13    0.188 -32.89   0      27.76     1018.182     98.16344
       341    594.4366    441.5387     32027.95     1144.818  13.7362   0.0388    14.16    0.149  26.28   0      38.07     1258.911     99.24877
       342    931.9365    438.4006     7710.727     596.6739  15.2823   0.0840     8.15    0.471 -18.22   0      19.64     713.5888     98.52554
       343    986.6689    433.5098     21812.63     1002.276  14.1532   0.0499    11.57    0.383  -3.01   0      28.67     936.7935     97.97482
       344    781.4354    429.3188     18753.95     793.5266  14.3173   0.0460    11.47    0.203 -15.18   0      37.87     1280.146     99.29739
       345    707.2673    424.1853     48240.66     660.3289  13.2915   0.0149    12.47    0.197 -21.15   0      103.8     4098.365     105.5508
       346    221.8142    420.1856     34109.02     769.4857  13.6678   0.0245     9.35    0.231 -26.72   0      72.62     2855.229     102.8393
       347    794.3445    421.3619     10999.99     673.1855  14.8965   0.0665    10.96    0.221 -22.15   0      25.57     1002.925     98.92613
       348    467.5395    419.3809     28083.15     740.7732  13.8789   0.0286    11.52    0.354 -20.95   0      56.79     2192.154     101.3633
       349    161.1056    421.0321     12118.65     503.1761  14.7914   0.0451    12.28    0.199 -25.77   0      29.52     1061.811     97.72949
       350    430.4352    414.0995     140941.1     843.4651  12.1274   0.0065     9.01    0.185 -15.08   0      256.9     10638.56     117.9157
       351    320.7966    412.4770     55290.08     845.2432  13.1434   0.0166    11.27    0.206 -15.47   0      109.6     4138.319     105.6368
       352    901.9836    413.0803     11701.55     733.9467  14.8294   0.0681     8.91    0.428  -2.18   2      23.28     835.7101     98.27489
       353    865.1768    407.7899     26769.61     693.7681  13.9309   0.0281     9.48    0.209 -12.24   0      60.86     2444.186     102.1837
       354    540.0818    406.4205     23010.66     574.6413  14.0952   0.0271     9.64    0.185 -13.46   0      54.11     2166.213     101.0461
       355    689.3118    406.5998     12763.25     487.5999  14.7351   0.0415    11.50    0.278 -21.69   0      31.07     1234.328     99.19247
       356    212.1438    404.1583     24156.23     994.9355  14.0424   0.0447    13.18    0.325 -17.71   0      32.74      1064.92     99.06846
       357    609.2435    404.2384     12351.24     696.5946  14.7707   0.0612     7.87    0.211 -43.97   0      27.15     1210.177     99.40114
       358    820.9062    403.5979     9970.502     602.9919  15.0032   0.0657    10.20    0.195 -32.75   0      23.76     890.2635     98.40098
       359   1010.5642    395.1221     268293.5     827.9197  11.4285   0.0034     8.72    0.143 -12.71  16      449.9     23167.03     140.7429
       360    136.0206    392.6472     169069.6     912.6816  11.9298   0.0059    10.27    0.212  11.47   1      283.8     12380.27     122.5166
       361    212.3810    394.5078     16797.92     806.0787  14.4369   0.0521     9.86    0.320 -21.97   0      30.84     1199.587     98.31631
       362    445.8402    389.9364     90633.82     832.9516  12.6068   0.0100     9.25    0.218 -14.81   2      174.6     6941.156     111.5041
       363    454.7676    379.9719     29312.39     992.1581  13.8324   0.0368    11.07    0.259 -33.18   3      44.69     1570.867     100.4836
       364    633.3854    389.8774      33778.7     669.1839  13.6784   0.0215     9.09    0.246 -11.33   0      74.01     2827.012     103.0316
       365    111.9117    388.7211     30390.58     898.8633  13.7932   0.0321     9.04    0.195 -21.56   0      60.29     2322.423      101.138
       366    471.5698    384.6658     32684.71     1011.886  13.7141   0.0336    10.06    0.198 -22.26   0      52.88     1932.875     100.7803
       367     96.7181    381.1673     22342.71     611.9353  14.1272   0.0297     9.45    0.234 -27.45   0      52.81     1998.941     100.6692
       368    810.8808    381.1776     12210.55     738.5536  14.7832   0.0657    10.35    0.181  21.73   0      24.19     892.0438     98.40509
       369    157.0318    380.4204     20032.24     823.0688  14.2457   0.0446    10.34    0.285 -26.55   0      40.66     1567.109     100.4751
       370    128.6366    378.0214     33234.92     1132.977  13.6960   0.0370    18.73    0.474  -5.62   1      47.45      1365.64       100.28
       371    948.6369    374.4083     72940.81     848.4327  12.8426   0.0126     8.96    0.156 -11.10   0      146.2     5953.713     109.9507
       372    745.1174    376.7748     11691.18     709.4297  14.8304   0.0659     8.80    0.368 -45.92   0      23.35     886.9957     98.39343
       373    316.8950    377.6437     10069.03     522.7064  14.9925   0.0564     5.17    0.283  75.64   0      21.52     846.1438     97.49586
       374    856.2961    375.8421     10680.04     687.5247  14.9286   0.0699    10.05    0.301  -9.81   0      23.77     972.4036     97.52135
       375     21.2488    373.6190     25290.21     574.4026  13.9926   0.0247     9.25    0.197 -27.31   0      60.32      2329.89     102.1859
       376    646.5402    369.6321     45526.62     899.0455  13.3543   0.0214     9.26    0.199 -14.53   0      89.45     3357.873     103.9442
       377    389.1367    371.5584     8519.967     500.2399  15.1739   0.0638    10.07    0.478 -15.01   0      21.79     885.9844     98.39109
       378     81.3086    370.2269     8552.177     431.3257  15.1698   0.0548    10.42    0.275 -41.33   0      22.85     813.5194     97.41978
       379    966.9772    365.7071     18820.97     729.8908  14.3134   0.0421     9.92    0.110  -2.20   0      43.09     1656.814     99.36765
       380    479.6629    358.2686     417949.1     890.3878  10.9472   0.0023     8.97    0.167 -18.34   0      620.1     33535.16     156.4254
       381    361.2504    360.1694     167162.5     771.3149  11.9422   0.0050     9.07    0.181 -17.57   0      308.6     13749.61     124.8212
       382    536.7161    359.9633     76508.14     729.0009  12.7907   0.0103     9.08    0.165 -15.20   0      155.4     6207.377     109.7598
       383    330.9832    362.1981     27287.61     926.0955  13.9101   0.0369     9.49    0.217 -20.20   0      47.96     1779.809     100.4345
       384    868.6536    357.9092     14566.19     644.5819  14.5916   0.0481    11.19    0.337 -20.91   0      32.01     1141.183      98.4478
       385    663.9563    357.9799     16334.17     819.6523  14.4673   0.0545    11.37    0.302  -9.66   0      30.58     1048.491     99.29507
       386    169.3385    353.7710      71194.8     753.0143  12.8689   0.0115     9.06    0.201 -30.01   0      141.2     5446.325     108.1724
       387    735.4601    356.6503     18315.75     834.4573  14.3429   0.0495    13.69    0.372 -14.27   0      33.82      1218.32     99.15578
       388    252.0489    352.7641     62016.44     1151.894  13.0187   0.0202     9.77    0.453 -27.51   0      95.28     3270.395     103.7527
       389    840.0178    354.0758     8501.922     590.3529  15.1762   0.0754     8.12    0.273 -11.82   0      21.07     969.7571     98.58441
       390    636.5275    351.3477     31160.34     913.5176  13.7660   0.0318    10.53    0.201 -10.67   0      55.49     1873.149     100.3848
       391    964.9113    347.1964      56009.8     674.7527  13.1293   0.0131    17.50    0.216   3.29   0      120.9      4903.89     107.2713
       392     83.1918    347.7794     44668.67     724.4533  13.3750   0.0176     9.23    0.208 -23.01   0      95.29      3655.24     104.5924
       393    137.9339    344.3554     33485.49     721.8447  13.6879   0.0234    13.31    0.279  65.89   0      60.15      1643.49     100.1256
       394    416.9867    347.1138     10549.72      495.904  14.9419   0.0510     9.46    0.125 -34.88   0      28.51     1167.901     98.77516
       395    591.4702    344.7373     17773.93     693.6545  14.3755   0.0424    12.21    0.367 -36.11   0      38.31     1490.124     99.77683
       396    858.4032    343.3669     20847.66     782.4894  14.2024   0.0408     9.40    0.200 -14.23   0      43.84     1678.474     100.7267
       397    225.8466    334.9701     206710.8     919.8727  11.7116   0.0048     9.44    0.134   9.68   0      342.1     16068.64     129.1776
       398    445.9046    340.2729     7632.615     598.8365  15.2933   0.0852     8.17    0.409 -43.67   0       19.1     765.3306     97.30729
       399      5.5453    337.3185     18079.85     686.1573  14.3570   0.0412    14.40    0.233   6.81  25      38.15     1302.225     98.81887
       400     21.0841    334.5363     31513.41     748.8577  13.7538   0.0258     8.99    0.222 -20.25   0      66.94     2630.453     101.8278
       401    558.5506    333.8200     19281.24     578.8521  14.2872   0.0326     9.23    0.165 -22.32   0      46.21     1769.546      100.932
       402    808.5659    330.8903     26314.25     681.2277  13.9495   0.0281     8.99    0.191 -14.66   0       59.5     2283.201     100.7901
       403    252.1356    328.6693     51481.41     896.1734  13.2209   0.0189     9.04    0.197 -21.20   0      99.01     3769.178     104.5893
       404     90.4157    327.4017     14319.76     814.2797  14.6102   0.0618    10.67    0.334 -44.11   0      23.52     906.6224     98.43875
       405    817.6194    321.1738     23344.52     733.9811  14.0795   0.0341     8.95    0.148 -21.10   1      51.45     2040.005     101.5391
       406    509.5330    320.3348     14997.81     834.3389  14.5599   0.0604    10.71    0.230 -46.18   0       25.6     793.3405     97.90954
       407    373.4555    318.3270     34851.45     791.5288  13.6444   0.0247    17.88    0.388  -2.50   0      66.53     2508.767     101.8136
       408    666.1854    319.7523     10467.27      678.822  14.9504   0.0704     8.86    0.429 -35.06   0      22.38     859.2592       98.861
       409    332.5303    318.2502     4620.458     196.9599  15.8383   0.0463     1.02    0.023  10.17   0      56.96     4827.118     107.1085
       410    964.1479    310.8463     44753.09     787.7404  13.3729   0.0191     8.99    0.224   0.05   3      96.54     3816.771     105.1922
       411    970.5992    303.5298     47528.77     911.1313  13.3076   0.0208     9.82    0.248 -16.94   3      89.58     3320.887     103.8633
       412    598.7639    308.4201     37696.73      643.588  13.5592   0.0185     9.33    0.160  -9.26   0      81.18     3179.536     104.3101
       413    180.5593    308.0845     28429.85     985.3283  13.8656   0.0376    15.90    0.514 -33.89   0      48.52     1734.701     99.80856
       414   1015.7801    304.7469     13238.58      556.817  14.6954   0.0457     9.19    0.102   2.47  16      34.48     1466.284     99.98499
       415    872.5112    299.2829     115817.5     908.7454  12.3406   0.0085     8.72    0.148 -14.71   0      217.8     9358.926     116.1022
       416    142.6593    304.7875     12033.59     705.8359  14.7990   0.0637    10.47    0.299 -16.48   0      26.25     1051.703     99.03813
       417    347.9878    301.9784     11140.23     659.4664  14.8828   0.0643    11.13    0.312 -35.54   0      25.34     951.0575     98.80691
       418    162.1703    293.8518     43405.03      998.667  13.4061   0.0250    11.00    0.193 -45.67   0      80.22      2883.55     103.1562
       419    690.4650    295.3663     12867.91     700.5146  14.7262   0.0591     9.90    0.216  -9.44   0       28.5     1152.738     99.00535
       420    826.5707    287.9173     86022.57       777.96  12.6635   0.0098     8.93    0.173 -16.14   0      172.9     7221.112     111.8391
       421     62.4240    290.1432     34183.87     883.6567  13.6654   0.0281     9.00    0.173 -28.41   0      67.65     2528.416     102.1145
       422      4.8645    291.7345     10647.67     607.5762  14.9319   0.0620    10.09    0.218 -34.85  16      23.66     883.6121     98.11886
       423    764.7686    290.2920     21902.67     810.7559  14.1488   0.0402    11.63    0.293 -11.44   0      44.35      1579.57     98.92623
       424   1020.8814    287.1822     80185.88     534.2624  12.7398   0.0072     9.62    0.164 -83.69  24      201.6     9701.525     116.9952
       425    420.0014    287.5438     61304.28     820.1304  13.0313   0.0145     9.24    0.244 -13.44   0      122.5     4868.994     107.1973
       426    357.6872    289.9054     11691.21      717.694  14.8304   0.0667    10.04    0.358 -16.57   0      24.49     870.7675      98.0891
       427    902.1143    285.6671     17097.74     729.3541  14.4177   0.0463     9.72    0.163 -10.66   0      37.66     1503.844     99.28149
       428    533.2900    285.6763     12676.11     736.0311  14.7425   0.0631    11.23    0.307  -2.53   0      27.48       894.93     97.87766
       429    488.3169    286.3951     10731.58     639.1408  14.9233   0.0647    11.20    0.343 -28.69   0      25.21     902.1627     98.69437
       430    145.1477    281.6113     57374.73     707.4373  13.1032   0.0134     8.96    0.235 -17.94   0      122.8     5088.641     107.9052
       431    965.7666    280.3687     46426.34     661.6876  13.3331   0.0155     8.69    0.218 -10.33   0      104.3     4411.099     106.7144
       432    603.2825    278.1743     13486.31     542.6161  14.6753   0.0437     9.43    0.124 -22.96   0       33.7     1393.144     99.55569
       433      7.3228    269.1478      1056762     990.4261   9.9401   0.0010     9.38    0.129 -40.58  24       1170     92563.91     226.4954
       434    691.0649    271.7699     34627.44      618.603  13.6514   0.0194     8.99    0.153 -16.39   0       77.5     3038.889     103.2444
       435    517.2139    273.7788     14838.49      768.903  14.5715   0.0563    11.65    0.273 -18.55   0      30.57     1123.106     99.20186
       436    467.0371    269.6732     144404.7     775.6406  12.1010   0.0058     9.08    0.191 -14.82   0        269     11579.94      120.589
       437    739.4325    267.6268     10114.92     629.6241  14.9876   0.0676    10.34    0.211 -66.87   0      24.22     980.6645      99.1397
       438    318.4072    263.7191     86948.58     704.8929  12.6518   0.0088     8.80    0.225 -19.11   0      177.6     7528.795     112.9278
       439    390.8679    265.0929     22489.54     721.1055  14.1200   0.0348     9.78    0.232 -16.53   0      49.11     1848.331     100.3286
       440    171.5742    257.4208     156291.8     803.9499  12.0152   0.0056     9.81    0.234 -23.39   0      286.2     12893.21     123.4645
       441    665.2453    258.2515     20083.31     587.0329  14.2429   0.0317     9.29    0.202 -12.74   0       48.3     1994.193     101.1778
       442     74.1873    273.8481     43314.67     809.4835  13.4084   0.0203     8.87    0.197 -22.95   0      89.33     3391.616     104.5207
       443    221.2504    249.9199     363242.8     883.7582  11.0995   0.0026     8.90    0.184 -22.83   0      555.6     29307.37     149.9826
       444    927.7732    257.1573     10132.54     679.6747  14.9857   0.0728     8.45    0.472 -35.95   0      20.12     930.5901     99.02484
       445   1019.8574    252.3839     39146.39     708.0643  13.5183   0.0196     8.42    0.038 -24.80  24      84.51     3509.533     104.5263
       446    434.3520    254.9094     11544.73     715.8193  14.8440   0.0673    10.19    0.485   0.38   0      23.67     766.3711     97.57869
       447    396.5492    248.5595     115475.7     766.2626  12.3438   0.0072     8.96    0.187 -17.27   0      225.5     9850.079     117.5067
       448    875.5074    253.4754     5515.438     486.9087  15.6461   0.0959     6.06    0.128  85.40   0      17.02     784.4167      97.6207
       449    686.9292    247.7422     54715.38     653.5925  13.1547   0.0130     8.83    0.178 -11.38   0      120.7     5064.712     107.3676
       450    605.9241    246.1010       250819     902.8328  11.5016   0.0039     9.09    0.290   7.12   0      412.8      18562.5     132.5079
       451    190.2877    244.7485     28322.74      1007.01  13.8697   0.0386    14.22    0.469 -17.44   0      43.26     1606.964     99.51727
       452    643.8761    241.8420     26026.08     622.8429  13.9615   0.0260     9.14    0.210 -12.81   0      61.58     2538.337     102.1366
       453    563.3478    242.1329     19038.81      873.024  14.3009   0.0498    13.76    0.363  -3.43   2      34.23     1061.787     98.79634
       454    561.1073    234.0251     15056.51     804.7737  14.5557   0.0580    11.22    0.060  81.98   3      27.66     862.0292     97.53288
       455     67.7839    241.0984     10986.24     698.0291  14.8979   0.0690     9.78    0.148 -34.15   0      23.37     853.1905     97.78069
       456    815.5898    237.3638     10710.62     669.1826  14.9255   0.0679     9.95    0.305 -17.59   0      23.69      910.811     99.24388
       457     94.3181    233.8295     10494.01     676.8978  14.9476   0.0701     7.35    0.399  62.37   2      22.05     771.1089     98.12538
       458    120.7996    232.2783     13915.87     620.5236  14.6412   0.0484    10.65    0.274 -32.11   0      33.01      1357.55      99.4744
       459    731.9986    219.0358      1037870     1067.753   9.9596   0.0011     8.78    0.134 -15.69   0       1137     88030.84     222.2542
       460    854.3217    226.2490     8653.075      618.593  15.1571   0.0776     5.79    0.083 -80.26   2      20.92      870.284     98.08798
       461    418.0266    217.6104       247944     937.0234  11.5141   0.0041     9.76    0.165  45.84   0      386.2     18655.19     133.4546
       462    347.9332    224.3617     26522.41     604.8809  13.9410   0.0248     8.72    0.220 -16.38   0       64.6     2772.106     102.6554
       463    206.1618    227.8781     8165.061     593.5443  15.2201   0.0789     7.51    0.486 -17.52   0      19.13     756.2648       98.091
       464    957.9352    223.9951     23699.82     808.8328  14.0631   0.0371    15.30    0.311  -6.08   0      48.72     1868.588     100.8953
       465    464.7406    222.8353     16026.91     672.9359  14.4879   0.0456    10.55    0.143 -11.19   0      35.54     1288.959     99.31756
       466    548.8223    218.4197     35672.72      934.483  13.6192   0.0284     9.26    0.241 -20.92   0      64.46     2612.482     102.8125
       467    939.2648    217.6483     23163.14     815.1382  14.0880   0.0382     9.93    0.232  -8.05   3      48.31     1798.425     100.4766
       468    946.0327    209.7615      41448.8     937.9847  13.4562   0.0246     9.18    0.165 -19.55   3      74.73     3044.028     103.5092
       469    483.6668    219.0183     13033.05     693.0455  14.7124   0.0577    10.01    0.242 -41.59   0      30.62      1294.94     99.59475
       470    644.6805    218.6415     9207.955     648.7781  15.0896   0.0765     8.22    0.171 -48.05   0      20.38       788.73     97.63074
       471     11.6946    217.0265     8560.274     614.3072  15.1688   0.0779     8.91    0.179 -16.21  16      21.24     905.2432     97.36471
       472    295.5020    183.6012     29077.19     1012.371  13.8411   0.0378    11.31    0.210   8.95   3      42.34     1564.486     99.94607
       473    299.5403    207.5788     41254.15     743.0416  13.4613   0.0196     9.31    0.235 -12.94   3      87.74     3429.442     104.1005
       474    302.6509    197.3269     67926.48     850.9472  12.9199   0.0136     9.46    0.182 -47.27   3      122.6     4608.756     106.3981
       475    859.3225    210.3778     5835.947     545.4421  15.5847   0.1015     6.77    0.548   3.80   0      17.32     786.9036     98.16196
       476   1022.1892    208.1685     6316.874     439.1909  15.4987   0.0755     8.26    0.237  83.24  24      19.06      846.142     98.83083
       477     61.8436    203.0755     37391.36     674.3079  13.5681   0.0196    10.83    0.347 -46.65   0      73.38     2917.782     102.9774
       478    518.1764    200.7040     29294.14     1000.047  13.8330   0.0371    13.01    0.229   4.30   0      47.53     1479.927     98.96224
       479      2.6483    198.0926     10346.21     402.4407  14.9630   0.0422     9.24    0.432 -82.93  24      32.74     1617.693     99.27812
       480    241.9249    220.0791     176192.8     797.3233  11.8850   0.0049     8.86    0.204 -19.68   0      321.2     14626.17      125.575
       481    772.3231    195.7284     26821.44     940.0267  13.9288   0.0381    10.17    0.222 -17.25   3      45.77     1644.169      99.6022
       482    770.5677    189.1824     32150.85     1036.083  13.7320   0.0350    11.28    0.188  23.02   3      46.93     1785.396     100.9677
       483   1006.8237    192.5709     17391.67      800.537  14.3991   0.0500    10.87    0.208  -7.94   0      34.71     1356.775      99.9982
       484    381.4381    192.4129     11522.39     578.0692  14.8461   0.0545    10.95    0.149 -33.75   0       28.1     1097.636      99.6708
       485    207.7799    188.0431     57572.73     845.0817  13.0995   0.0159    15.36    0.294  37.50   0      95.46     2662.536     102.9231
       486     20.4902    189.9731     16854.26     730.1761  14.4332   0.0470     9.93    0.259 -28.06   0      36.75     1423.082      98.8316
       487    614.3474    188.4029     14335.85     566.5931  14.6089   0.0429     9.45    0.229 -29.33   0      36.54     1550.017     99.91316
       488    948.4940    187.1750     19572.02     543.9559  14.2709   0.0302     9.59    0.229 -15.41   0      44.83     1772.257     99.63133
       489    243.2276    181.8070     33951.77     919.2151  13.6728   0.0294    16.21    0.281 -20.75   3      64.84     2438.841     102.1718
       490    234.7464    173.3246     29878.45     765.6722  13.8116   0.0278     9.32    0.225  -7.93   3      63.85     2658.404     102.1471
       491    151.7225    182.6288     17284.93     847.4246  14.4058   0.0532    10.30    0.356 -37.04   0       26.5     864.2817     98.34095
       492    900.1230    179.6365     13990.04     788.0145  14.6355   0.0612    12.31    0.450  20.80   0      26.73      811.778     98.21954
       493    278.3533    174.9668     101987.9     770.7997  12.4786   0.0082     8.97    0.216 -14.22   0      202.7     8876.064     115.6074
       494    166.2257    175.9082     31714.28     992.7081  13.7469   0.0340    10.53    0.265 -29.87   3      47.87      1711.68     99.49305
       495    178.8298    172.2390     23914.75     915.2995  14.0533   0.0416    12.65    0.342 -18.37   3      41.64     1572.999     100.4884
       496    972.6169    175.5542     7438.953     486.4606  15.3212   0.0710     9.35    0.412 -19.61   0      20.35      904.781     98.96559
       497    762.2289    175.7142     12792.99     771.7019  14.7326   0.0655    10.64    0.368  -9.03   0      24.68       807.41     97.94219
       498    364.1276    169.1834     686349.2     974.0957  10.4086   0.0015     8.83    0.175 -17.43   0      873.2     57199.25     187.9632
       499    113.9422    170.1904     64196.99     1022.791  12.9812   0.0173     9.44    0.262 -19.81   3      107.1     4364.011      106.368
       500    100.2852    161.1444     147453.9     902.9394  12.0784   0.0067     8.79    0.195 -17.05   2      269.1     12031.51     121.0046
       501    143.2367    164.6270     9873.848     609.4408  15.0138   0.0670     7.05    0.220 -23.90   0      20.51     803.4076     98.73251
       502    983.3174    159.5090      20668.7     659.7694  14.2117   0.0347     9.48    0.233 -17.35   0      48.46      1893.86     100.4316
       503    703.6844    153.9513     233644.1     854.3903  11.5786   0.0040     8.75    0.210  -3.68   2      391.7     18849.95     133.1969
       504    683.2747    154.4787     42799.47     751.4036  13.4214   0.0191    12.47    0.380 -19.08   3      86.16     3328.545     103.1203
       505     23.9749    157.4956     19242.43     693.1909  14.2894   0.0391    14.12    0.255 -24.28   0      41.79     1636.324     99.05653
       506    396.9875    157.6359     15634.53     663.9806  14.5148   0.0461     9.32    0.208 -29.82   0      36.96     1470.278     100.5169
       507    927.6966    158.6843     6203.764     460.9709  15.5184   0.0807     5.22    0.489   0.13   0       17.5       831.42     97.73007
       508    635.1674    155.0719     18789.46     671.9208  14.3152   0.0388     9.79    0.261 -22.38   0      44.11     1758.843     100.3871
       509    614.5692    155.3125     11800.71     717.7287  14.8202   0.0661    11.67    0.267  72.72   2      26.38     926.1721     98.21739
       510    776.3325    165.1708     18994.97     620.2719  14.3034   0.0355     0.00    0.039 -12.95   0      49.26     6246.987     110.0801
       511    303.0286    148.9068     7686.008      445.817  15.2857   0.0630     9.71    0.181 -42.39   0      21.08      893.283     97.33679
       512    858.0818    145.5532     33144.85     764.0728  13.6990   0.0250     9.33    0.207 -15.50   0      71.25     2834.582     102.2824
       513    527.6047    144.2305     10667.42     654.3155  14.9299   0.0666     9.93    0.359 -26.05   0      25.66     1145.883     99.51774
       514    241.0467    141.3846     16944.62     526.9324  14.4274   0.0338     9.17    0.184 -13.42   0      39.92     1577.293     100.4981
       515    568.9650    141.6628     8083.959     451.8579  15.2309   0.0607     9.88    0.345 -13.69   0      22.17     978.6961     98.60501
       516     41.2257    138.0607     34833.21     934.9798  13.6450   0.0291    15.18    0.103 -37.34   0      59.41     2241.643     101.7322
       517    402.8272    139.0371      7986.51     602.2437  15.2441   0.0819     8.12    0.314 -61.73   0      19.48     861.1621     98.86537
       518     23.9541    132.7574     95600.47     819.2479  12.5489   0.0093     8.93    0.199 -17.00   0      187.6     8076.865     114.0255
       519    365.4584    130.5175     21579.15     613.7904  14.1649   0.0309    15.86    0.290  35.80   0      43.55       1649.3     99.61391
       520    753.9787    132.8166     8443.945     594.7538  15.1836   0.0765     5.84    0.222  74.77   0      19.99     992.9286     99.16782
       521    666.8064    128.7178     80972.62     974.1092  12.7292   0.0131     9.04    0.234 -17.53   0      147.3     6282.219     110.3905
       522    551.6375    131.2497     9873.357       494.27  15.0138   0.0544    10.83    0.324 -29.85   0      26.49     1164.276     99.03183
       523    527.9186    126.1979     10480.22     695.9839  14.9491   0.0721    10.09    0.390 -10.75   0      22.66     961.9998     98.83207
       524    908.3281    125.9943     8742.241     195.0534  15.1459   0.0242     0.95    0.180   0.67   0       96.3     8616.511     114.8681
       525    798.0619    119.7563     69235.73     865.0403  12.8992   0.0136     9.25    0.258 -27.22   0      134.7     5544.689     108.6204
       526    703.6896    122.8459     9320.513     665.7643  15.0764   0.0776     9.63    0.488  28.01   0      21.89     975.3949     98.06432
       527    253.7163    121.8145     19702.54     719.3162  14.2637   0.0396    14.28    0.424 -15.78   2       36.7     1382.471     99.53132
       528    320.9465    121.4312     10629.78     677.9106  14.9337   0.0693     9.85    0.206 -27.68   0      23.69     1028.435     98.71959
       529    741.3600    115.1641     73489.99      1093.52  12.8344   0.0162    10.79    0.295  -2.66   2      116.5     4603.517      106.633
       530    731.4248    116.7846     36570.83     822.8591  13.5922   0.0244     9.03    0.191 -10.69   3      74.28     3324.491     104.3746
       531    545.0311    111.8791     25948.35     1034.089  13.9647   0.0433    15.77    0.427 -57.44   0      38.61     1249.285     99.22673
       532    144.0512    112.1294        15975     594.3264  14.4914   0.0404    10.06    0.309 -15.88   0      39.97     1673.776     99.93236
       533    934.0924    107.1108     33623.32     841.7356  13.6834   0.0272     9.10    0.252 -18.31   3      67.94     2906.456     102.6975
       534    172.4029   1016.5508     27865.79     1012.746  13.8873   0.0395    18.80    0.543  32.80  16      35.72     1075.982     98.82899
       535   1019.8473    106.6307     18275.79     512.3839  14.3453   0.0304     9.50    0.192  -7.58  24      49.48     2007.587     101.4666
       536    615.5778    105.1685     21563.95     550.7683  14.1657   0.0277     8.95    0.277 -16.00   0      51.22      2015.54     101.4844
       537    415.5420    105.3960     8219.676     608.8236  15.2129   0.0804     7.43    0.356  -2.58   0      17.99     667.6138     98.15277
       538    313.4377    104.2214     10914.41     685.6937  14.9050   0.0682     9.19    0.311 -44.85   0       22.5     928.1416     99.28356
       539     23.9700    103.2890     8916.097     627.1049  15.1246   0.0764     9.69    0.337 -15.24   0      21.46     849.4554     97.77201
       540     64.7456    103.0451     7649.293     573.1248  15.2909   0.0814     8.27    0.417 -36.54   0      20.07      824.955     98.51642
       541    518.6647     99.9751     21110.23     942.8239  14.1888   0.0485    12.30    0.285 -18.07   0      32.95     1207.951     99.39605
       542    840.3280     96.8560     48232.32     628.8132  13.2917   0.0142     8.76    0.199 -11.44   0      109.8     4641.475      106.468
       543     42.8910     98.8425     14927.45     653.7922  14.5650   0.0476    10.75    0.252 -22.02   0      36.61     1384.287     99.00743
       544    805.6163     87.4004     674181.7     989.2999  10.4281   0.0016     8.65    0.193 -15.53   0      862.5     58934.96     189.9124
       545    535.3213     87.4026     315877.6     861.6628  11.2512   0.0030     8.81    0.168 -14.98   0      507.5     26845.36     146.5623
       546    320.2744     89.9840     61694.81     762.2722  13.0244   0.0134     9.05    0.259 -14.59   0      128.1     5232.848     108.2085
       547    236.7045     90.6224     64692.14     663.9964  12.9729   0.0111     8.73    0.218 -18.94   0      141.1     5759.191      108.345
       548      9.6338     89.8867     47405.59      629.556  13.3104   0.0144     8.83    0.271 -20.90  16      103.4     4291.404      105.718
       549    108.0277     90.8245     25558.87     933.4249  13.9811   0.0397    10.00    0.267 -26.90   0      41.99     1462.739     100.2387
       550    983.8655     84.1632     15692.28     871.4008  14.5108   0.0603    12.72    0.285 -47.16   0      28.61     1055.953     98.78292
       551    579.5123     74.8841     31599.12     957.7437  13.7508   0.0329    11.76    0.337 -36.19   0      54.18     2181.192     101.0798
       552    901.8281     77.0492     22632.24     954.2411  14.1132   0.0458    11.56    0.570   2.54   3      26.88      1001.71     99.18793
       553    891.0814     74.1868     12692.95     734.2537  14.7411   0.0628    10.74    0.441   3.36   3      26.51      1091.52     98.86472
       554    768.0829     72.8609     70645.34     794.3511  12.8773   0.0122     8.53    0.216 -11.08   0      149.9     6490.861     110.1074
       555    144.5449     75.0878     23815.18     550.5076  14.0579   0.0251    13.09    0.194 -18.93   0      58.37     2356.421     101.2144
       556    280.8177     73.4875     16622.73     815.7259  14.4482   0.0533     9.83    0.283 -33.20   0      33.03     1368.073     99.23467
       557    580.6352    104.8547     37845.43     932.2039  13.5550   0.0268    19.40    0.542 -59.01   0      63.75     2337.921     101.6896
       558    745.0588     73.4185     16768.26     842.6332  14.4388   0.0546    10.80    0.018  47.79   0      27.27     853.9341     98.31703
       559    471.5971     69.1468     27091.76     972.2988  13.9179   0.0390    10.61    0.148 -12.28   0      40.26     1479.098     99.75171
       560    111.1114     66.0575     78187.49     698.3193  12.7672   0.0097     8.56    0.199 -14.62   0      164.8     7150.111     111.4599
       561    731.4282     68.8153     17784.89     834.3127  14.3749   0.0509     9.72    0.444 -10.95   0      27.04     838.5394     98.81335
       562    489.4968     65.1854     41256.16     973.5871  13.4613   0.0256     9.06    0.233 -22.46   0      70.64     2985.838     102.8731
       563    863.0994     65.5867     10489.19     625.5835  14.9481   0.0648     9.05    0.294  -6.57   0      26.05     1213.045     99.14368
       564    834.6519     64.3217     17888.48     556.3613  14.3686   0.0338     9.69    0.231 -20.24   0      45.01     1756.899     100.1212
       565    287.2255     64.2694     12009.62      752.554  14.8012   0.0681    10.04    0.417   1.36   0      23.04     887.7261     98.39512
       566    406.2167     60.9280     7351.005     561.4551  15.3341   0.0829     7.01    0.365 -24.96   0      18.04     763.8959     98.37546
       567    997.8273     58.0671     16004.14     857.0777  14.4894   0.0582    11.83    0.337  -6.10   0      28.65     999.8506     98.65376
       568    590.9412     54.7729     63122.89     1344.244  12.9995   0.0231    21.76    0.598 -21.96   2      75.16     2452.164     102.2014
       569    576.3638     54.0679     26570.11     1015.686  13.9390   0.0415    13.06    0.319  46.38   3      37.34     1112.831      98.9137
       570    826.4841     51.9202     10479.66     693.1536  14.9491   0.0718    10.49    0.456 -32.25   3      23.89     931.4344     97.69447
       571    838.1667     46.4021     35869.24     883.3486  13.6132   0.0267    11.62    0.239 -19.68   2      69.18     2719.932     103.0498
       572    211.5393     50.5941      11389.9     535.6557  14.8587   0.0511     9.62    0.191 -11.50   0      29.87     1312.382     99.63454
       573    663.7935     49.3669     14607.14     704.8072  14.5886   0.0524     9.46    0.190  20.04   0      31.52     1193.377     99.62614
       574    254.9876     45.3207     49934.75     675.6191  13.2540   0.0147     9.53    0.247 -23.59   0      110.8     4663.209     106.7601
       575     22.8219     42.1137     16012.74     755.4986  14.4888   0.0512    13.36    0.398 -12.25   3      32.74     1299.254     98.81204
       576    587.8271     41.6803      29657.4     965.4615  13.8197   0.0354     9.52    0.215 -16.73   1      47.86     1951.469     100.8222
       577    627.5062   1013.8564     10729.11     636.0569  14.9236   0.0644     6.86    0.676  25.54  16      20.58      668.129        97.08
       578    459.7711   1010.8837     38506.12     642.8553  13.5362   0.0181     9.82    0.205 -20.81  16      83.56     3121.897     103.1732
       579    988.5157     36.3625     19905.75     770.3993  14.2526   0.0420    12.04    0.230 -88.94   0      38.11     1335.117     98.89449
       580    379.1195   1009.4794     78103.25      784.045  12.7683   0.0109    11.49    0.348  -3.77  16      141.6     5183.359     107.1303
       581    201.2648     35.6191     12070.34     623.0104  14.7957   0.0561    11.29    0.247 -36.35   0      28.39       1064.8     98.80328
       582    160.3218     34.3042     19712.05     815.7834  14.2632   0.0449     9.60    0.246 -16.87   0      42.04     1648.537     99.61217
       583    322.5977     31.4728     8804.102     584.8945  15.1383   0.0721     9.05    0.345 -16.73   0      22.35     989.7392     98.63046
       584     84.3214     30.3013     15427.17     697.5975  14.5293   0.0491     9.83    0.255 -35.58   0      34.59     1446.445     98.88531
       585    415.0167     24.4332     12571.82      687.197  14.7515   0.0594     7.05    0.272 -28.65   0      28.43       897.38     99.21312
       586    123.2725   1008.3957     7663.432       590.03  15.2889   0.0836     8.53    0.453   2.55   0      20.13     719.5063       97.738
       587    773.0290     23.5028     4736.738     436.8752  15.8113   0.1002     4.98    0.644  -0.24   0      15.04     695.7061     96.87437
       588    720.7927   1004.8604     9968.609     692.0399  15.0034   0.0754     9.76    0.422 -67.20   0      22.53     820.8804     98.50702
       589    823.2510    997.9966      22837.2     954.9764  14.1034   0.0454    12.93    0.239 -87.79   0      36.25       1317.5     99.38285
       590    395.1566    998.7006     28876.26     1018.778  13.8486   0.0383    14.47    0.242  17.29   0      44.02     1456.377     98.37674
       591    638.9659   1000.6411      6536.81     579.5077  15.4616   0.0963     7.58    0.441  11.84   2      19.28     776.0939     98.40363
       592    890.1448    996.6542     23726.15     899.3649  14.0619   0.0412    10.42    0.053 -52.26   0      39.88     1498.851     100.3206
       593    670.7815    993.6757     18772.21     873.7048  14.3162   0.0505    11.73    0.204 -42.95   0      29.79     1028.948     98.72077
       594    698.9099    988.8027     141736.8     843.6795  12.1213   0.0065     8.89    0.180 -15.20   0      265.2     11471.17     120.3838
       595    412.7882    986.2469     69848.48     688.9747  12.8896   0.0107     8.97    0.182 -18.18   0      146.5     5788.941     109.6096
       596    316.0882    987.6050     36328.11     859.4059  13.5994   0.0257     9.99    0.173   0.66   0      69.64     2681.061     102.4537
       597    835.8912    987.7811     17966.31     521.1236  14.3639   0.0315     3.69    0.317 -12.41   0      64.29     5467.886     107.7322
       598    728.4476    980.8624     465714.8     1026.161  10.8297   0.0024    11.51    0.322 -16.44   0      625.6     31322.63     153.3481
       599    781.7961    990.9546     9541.363     578.4236  15.0510   0.0658    11.31    0.260 -61.21   0      24.02     976.2076     98.86474
