#   1 NUMBER                 Running object number                                     
#   2 X_IMAGE                Object position along x                                    [pixel]
#   3 Y_IMAGE                Object position along y                                    [pixel]
#   4 FLUX_AUTO              Flux within a Kron-like elliptical aperture                [count]
#   5 FLUXERR_AUTO           RMS error for AUTO flux                                    [count]
#   6 MAG_AUTO               Kron-like elliptical aperture magnitude                    [mag]
#   7 MAGERR_AUTO            RMS error for AUTO magnitude                               [mag]
#   8 FWHM_IMAGE             FWHM assuming a gaussian core                              [pixel]
#   9 ELLIPTICITY            1 - B_IMAGE/A_IMAGE                                       
#  10 THETA_IMAGE            Position angle (CCW/x)                                     [deg]
#  11 FLAGS                  Extraction flags                                          
#  12 SNR_WIN                Gaussian-weighted SNR                                     
#  13 FLUX_APER              Flux vector within fixed circular aperture(s)              [count]
#  14 FLUXERR_APER           RMS error vector for aperture flux(es)                     [count]
         1    945.7998     93.4463     214889.5     1174.838  11.6695   0.0059     9.84    0.216 -11.05   2        327     15941.75     126.9751
         2    657.4656     49.4152     15273.77     755.7261  14.5401   0.0537    10.46    0.361  -6.43   0      31.69     1341.512     97.39712
         3     32.4018     38.6998     51768.42     1177.428  13.2148   0.0247    21.43    0.532 -24.07  18      69.14     2028.496     98.98719
         4    502.2992     38.6548     88584.05      821.373  12.6316   0.0101    13.48    0.487 -15.90   0      157.8     6440.379      107.951
         5    352.6721     34.4376     67336.59     888.3216  12.9294   0.0143     8.71    0.260 -14.04   0      136.8      6085.51     107.9007
         6    152.9880     34.2752     21169.51     827.1216  14.1857   0.0424     9.69    0.297 -12.49   0      45.22     1838.173     98.80336
         7    407.5269     24.3373     11953.85     622.7534  14.8062   0.0566    11.24    0.312 -33.40   2      29.15     1159.336     96.97109
         8    459.5725     18.0043     50579.41     915.3776  13.2401   0.0197    12.47    0.292  44.69  16      84.51     2718.161     101.0557
         9     66.7340     17.5357     17840.56     632.8723  14.3715   0.0385     9.82    0.351 -17.73   0      42.65     1783.019     98.16687
        10     40.9268     17.0611     8177.621     607.0857  15.2184   0.0806     8.73    0.277  -8.64   0      20.35     865.7767     96.28062
        11    871.1408     13.9225     15838.81     542.4979  14.5007   0.0372    11.36    0.241  -6.58  18      39.11     1469.115     97.17974
        12    475.6235      8.8529      29867.4     708.8945  13.8120   0.0258     8.99    0.284  -5.28  16       67.2     2945.877     101.3193
        13    400.9705     10.5752     7949.439     574.0938  15.2492   0.0784     9.00    0.505   4.16  16      20.62      869.864     96.80967
        14    261.0391      8.6432     16767.16     739.4092  14.4389   0.0479    12.22    0.443 -20.01  16      33.67     1445.866      97.8968
        15    697.4172      7.9232     13380.66     685.5384  14.6838   0.0556    11.15    0.224 -27.01  16      29.16     1078.732     96.78199
        16    665.5000      4.0838     20573.89     622.8794  14.2167   0.0329    11.41    0.321 -28.74  24      46.64     1819.844     97.74035
        17    940.7703      3.1031     120787.2     609.9979  12.2949   0.0055    10.23    0.679   1.41  24      276.1     16545.35     127.2652
        18    745.6991      3.4373     6219.187     405.6578  15.5157   0.0708     9.09    0.394 -14.30  24      19.69     818.1517     95.11945
        19    827.7160      4.9414     14000.09     516.8558  14.6347   0.0401     9.46    0.347 -12.25  16      37.02     1603.575      97.4937
        20    424.1339      1.9131     16989.38     363.1004  14.4246   0.0232     9.52    0.711   0.73  24      59.99     3912.979     102.7363
        21    184.4078    983.7222     68996.76     685.6882  12.9029   0.0108     8.89    0.236 -12.27   0      152.2     6366.422     108.4908
        22    992.3933    983.3555     38479.29     619.3386  13.5369   0.0175    16.56    0.292   3.99   0      88.12     3520.902     102.8452
        23    458.8375    984.5119     13202.22     523.7362  14.6984   0.0431     9.58    0.230 -26.22   0      33.61     1359.964     96.92413
        24    889.8889    982.3800     39198.26     788.7433  13.5168   0.0219     9.30    0.280  -9.67   0      83.34      3249.02     101.2569
        25    494.4789    978.8683     105060.4     793.4017  12.4464   0.0082    10.10    0.087  88.73   0      193.6     7164.069     109.6928
        26    531.5808    981.5001     18533.21     530.7897  14.3301   0.0311     9.18    0.230  -9.76   0      45.14     1669.753     97.39072
        27    234.4256    980.9628     18977.24     797.9634  14.3044   0.0457     8.97    0.199 -74.84   0      27.09     847.4535     97.01585
        28    597.0864    977.2192     56577.71     679.7174  13.1184   0.0130     8.91    0.193 -15.67   0      124.2     4976.646      105.063
        29    344.7463    982.0878     10354.48     598.5474  14.9622   0.0628     6.44    0.511   2.74   0      19.86     779.6976     95.55381
        30    959.7339    975.5798     69128.77     855.7208  12.9009   0.0134     8.57    0.123  -5.28   0      135.5     5812.578     107.5577
        31    572.1539    979.7759     8503.702     557.7003  15.1760   0.0712     9.24    0.182 -38.44   0      22.71     966.9905     97.03742
        32    200.7515    975.4077     18507.39     842.1689  14.3316   0.0494    10.16    0.201 -32.34   0      30.55     1191.802     97.30518
        33    817.5903    960.7697     288274.1     1100.795  11.3505   0.0041     9.96    0.277 -60.33   0      423.5     20097.84     134.5812
        34    215.1637    969.2382     13395.57     800.2982  14.6826   0.0649    10.79    0.334 -39.24   0      25.54     904.5228     96.37203
        35    136.7767    968.6434     14534.98     481.9528  14.5940   0.0360    12.93    0.229 -11.10   0      37.82     1482.224     98.23675
        36     42.3650    965.5331     15665.88     694.4675  14.5126   0.0481    10.16    0.188 -20.52   0      33.44     1116.275     96.87011
        37    103.4347    980.4627     12161.37     455.3885  14.7875   0.0407    10.74    0.243 -15.58   0      31.99     1197.659     97.06087
        38    398.4417    959.6085     28598.98      685.097  13.8591   0.0260     9.91    0.195  -6.66   0      64.06     2457.798     100.7177
        39     34.0309    957.1620      24259.1     740.0162  14.0378   0.0331    14.90    0.173   2.60   0      52.99     2005.927     99.18848
        40    762.2093    957.1805     15339.83     775.3976  14.5354   0.0549    13.62    0.268  31.57   0      30.11     954.7064      96.4903
        41    280.5155    953.6083     15817.99     849.5981  14.5021   0.0583     0.00    0.371  46.26   0      27.96     918.4813     96.66469
        42    885.3091    950.4883     27557.31     905.4995  13.8994   0.0357    10.27    0.251  -2.57   0      50.46     1840.992     98.30099
        43    973.9419    948.0786     20460.02     875.5306  14.2227   0.0465    14.61    0.248  76.65   0      36.89      1143.69     96.41567
        44    624.8502    952.2894      6753.49     539.8408  15.4262   0.0868     4.29    0.277 -17.81   0      19.48      962.848     95.98844
        45    931.3760    947.8743      13028.9     762.4861  14.7127   0.0636     9.37    0.307  26.16   0      24.42     829.0621     96.19391
        46    433.2027    943.5098     20428.16     946.4005  14.2244   0.0503    12.13    0.189   6.44   0      30.38     934.1889     96.44196
        47    729.6177    943.7194     8606.394      612.386  15.1629   0.0773     7.62    0.297  71.87   0      18.93     705.7216     95.90205
        48    559.8974    933.8214      1060933     1053.737   9.9358   0.0011     8.76    0.172 -11.37   0       1160     90165.89     222.9585
        49    536.4622    941.6296     15628.94     772.2422  14.5152   0.0537    13.87    0.427 -33.53   1       32.7     1105.568     96.84499
        50    910.0214    941.2559     18609.35     833.9687  14.3257   0.0487    10.77    0.294  -6.51   0      34.79     1353.785     97.42576
        51    270.2573    939.1510     65062.56     714.8474  12.9667   0.0119     9.24    0.238 -11.07   0      138.3       5492.9       106.88
        52    613.6021    942.3763     3275.271      194.543  16.2119   0.0645     2.20    0.275 -45.44   0      33.12     2956.693     101.0959
        53    683.4543    939.3126     13632.96     529.8717  14.6635   0.0422     9.18    0.228 -16.91   0      35.18     1449.388     97.13359
        54    650.8774    935.9041     59981.21     854.0222  13.0550   0.0155     8.78    0.215  -9.51   0      126.1     5151.964     105.4416
        55    795.9507    937.1725     16366.92     607.0537  14.4651   0.0403    10.78    0.302 -14.61   0      38.03     1417.672     98.08729
        56    603.4457    934.3686     33771.48     729.3066  13.6786   0.0235    10.25    0.202 -56.31   0      69.16     2690.482     100.9934
        57    625.2474    934.6290     20709.59     720.8899  14.2096   0.0378    12.46    0.210  -6.68   0      50.41     1991.293     99.40751
        58    872.5657    933.1745     21747.14     853.3893  14.1565   0.0426    11.16    0.315 -13.30   2      41.66     1551.482     98.39684
        59    115.1072    933.8621     7857.143     574.0572  15.2618   0.0793     8.11    0.210 -72.39   0      20.35     814.1357     95.63569
        60    730.9122    930.7634     20444.76     861.0879  14.2235   0.0457     9.65    0.233 -14.67   0      38.98     1508.033     97.27072
        61    948.1836    930.0948     10675.21     420.2542  14.9291   0.0428     9.56    0.071 -55.29   0      30.35     1223.623     96.34399
        62     96.2467    930.8428     15174.26     725.2188  14.5472   0.0519    12.94    0.315 -21.15   0      31.27     1170.395     97.25517
        63    748.0752    924.6713      24144.2      1024.85  14.0430   0.0461    14.97    0.337 -52.89   0      35.54     1062.819     96.48508
        64    818.3416    924.4344     13369.56      672.611  14.6847   0.0546     9.68    0.170  -9.83   0       30.7     1221.249     97.11609
        65    300.6174    920.9974     90477.05     685.4941  12.6087   0.0082     8.77    0.212 -11.84   0      191.7     8165.018     112.1953
        66    861.9848    922.7323     20015.35      863.882  14.2466   0.0469    10.83    0.259 -10.11   0      35.51     1468.331      97.6926
        67   1012.2095    913.7225     247693.7     799.4719  11.5152   0.0035     8.56    0.194 -12.18  16      429.3     22511.83     138.2356
        68    837.1324    918.7717     12800.03     749.9834  14.7320   0.0636    10.44    0.246 -26.02   0      24.25     916.5963      96.4005
        69    286.0840    912.7969     8407.525     518.0338  15.1883   0.0669     9.57    0.361 -16.90   0      22.44     926.3802     96.68326
        70    256.7061    908.4126      16849.5     509.5674  14.4335   0.0328     9.48    0.238 -13.39   0      42.69     1676.391      97.9197
        71    150.7983    907.3486     44009.86     952.7048  13.3911   0.0235     9.31    0.238 -18.94   0      77.52     2949.523     101.0797
        72      3.4889    901.4311       261901     630.3763  11.4547   0.0026    11.14    0.338 -84.53  24      512.9     33465.52     154.8797
        73     50.0943    904.8114      39894.1     804.6782  13.4977   0.0219     9.23    0.223 -12.82   0      83.11     3215.642     101.6763
        74    226.7112    900.6240     78675.62     758.1993  12.7604   0.0105     9.04    0.228 -16.91   0      159.7     6442.073     108.1866
        75     88.8509    903.5217      12213.6     520.9057  14.7829   0.0463    10.37    0.183 -18.05   0      30.73     1191.027     96.78661
        76    918.2883    902.2344     7525.566     535.5035  15.3087   0.0773     8.55    0.265 -13.35   0      20.84     875.7281     95.78194
        77    543.8620    895.6267      42216.8      703.103  13.4363   0.0181     9.12    0.238 -11.67   0      90.28     3539.458     102.6422
        78     69.6788    894.0446     21188.38     815.6793  14.1848   0.0418     9.26    0.270 -15.36   0      46.15     1894.355      98.4243
        79    836.1975    888.4418       151266     824.9717  12.0506   0.0059     8.67    0.181 -11.26   0      281.4     12805.61     121.6448
        80    386.0118    889.3615     39505.01     871.1557  13.5084   0.0239     9.24    0.234 -12.88   0      80.09     3101.739     102.1604
        81    859.0181    891.6610      10788.5     656.6374  14.9176   0.0661     9.94    0.246 -27.25   0      24.58     940.2628     96.45628
        82    600.5162    885.9057     91409.74     781.5012  12.5975   0.0093     8.74    0.183 -23.29   3      178.7     7505.962     110.6258
        83    598.9174    875.6482     40174.64     854.6232  13.4901   0.0231     9.74    0.273 -19.38   3      76.74     2797.056     100.2373
        84    486.9174    889.0946      30558.3     847.6364  13.7872   0.0301     9.14    0.270 -20.30   0      60.27     2536.875     99.89693
        85    965.8792    890.6577     6784.988     351.3436  15.4211   0.0562     9.34    0.282 -19.47   0      20.68     825.9288      95.6637
        86    878.4490    886.5027     90377.14     827.9484  12.6099   0.0099    11.26    0.291 -17.23   0        178     7367.908     109.8864
        87   1004.6259    883.4554     198313.5     759.3355  11.7566   0.0042     8.47    0.180 -10.98  16      367.3     18485.39     131.4491
        88     89.1526    885.8831     11048.78     563.2063  14.8917   0.0554    11.75    0.313 -27.03   0      28.13     1108.884      96.3336
        89    668.2289    885.0559     9401.959     632.8134  15.0670   0.0731     9.29    0.234 -15.57   0      21.75     780.1658     96.07832
        90    818.5017    881.5870     36417.43      835.813  13.5967   0.0249     9.26    0.218  -6.95   0      73.17     2696.712     100.5097
        91    365.2650    878.8632     117261.6      738.081  12.3271   0.0068     8.79    0.203 -11.79   0      233.4     10185.52     116.0002
        92    754.7660    879.4431     27496.31      770.863  13.9018   0.0304     9.73    0.238  -1.06   0      58.75      2250.09     99.74637
        93    427.3223    879.9382     13496.13     730.7227  14.6745   0.0588    11.47    0.313 -16.80   0      27.54     962.8862     95.98853
        94    311.7343    879.5642     8190.761     605.0219  15.2167   0.0802     8.91    0.343 -42.69   0      20.99     832.1116     96.20111
        95     33.8734    877.4851     31261.72     795.1727  13.7625   0.0276    10.07    0.280  -9.31   0      62.73     2297.454     98.84468
        96    296.4967    878.3405     18756.33     840.7462  14.3171   0.0487    10.62    0.480 -15.53   0      26.54     986.5436     96.04453
        97    644.2979    876.9014     6433.706     539.7061  15.4788   0.0911     8.30    0.433 -17.29   0      18.18     743.1853     94.67569
        98    492.6373    870.0651     36871.28     1029.497  13.5833   0.0303    10.99    0.337 -10.20   0      56.17      2179.08     99.33233
        99    144.9431    859.5004     373462.5      1038.61  11.0694   0.0030    11.96    0.362  31.34   0      525.9     22117.05     137.0371
       100    211.7992    860.8208     180459.7     1043.443  11.8590   0.0063     9.54    0.248 -56.58   0      291.2     12829.52     121.2766
       101    576.2348    866.7618     9120.534     643.5184  15.0999   0.0766    10.49    0.236  -1.84   0      22.45     791.2234     96.10447
       102    614.3588    863.1083     43885.96       922.59  13.3942   0.0228     9.43    0.258 -12.00   0      81.63     3120.113     100.7185
       103   1008.4530    861.7740     21757.27     600.7783  14.1560   0.0300     8.77    0.216  -6.75  16      53.24      2180.98     99.33668
       104    947.3795    860.6973      46256.8     1113.397  13.3371   0.0261    11.11    0.332  -4.99   0      66.57     2455.376     99.20712
       105    231.8883    860.0569     72000.78     817.5388  12.8567   0.0123     8.95    0.231 -16.06   1      147.4     5992.182     107.2373
       106     73.0510    860.0003     13734.04     590.3486  14.6555   0.0467    10.35    0.228 -30.46   0      32.82     1356.231     97.43147
       107     13.3926    858.7250     32286.83     731.4195  13.7274   0.0246     9.26    0.274 -17.97  16      70.84     2816.603     100.5313
       108    889.0121    855.2904     13399.27      620.256  14.6823   0.0503     9.59    0.224 -30.63   0      30.54     1275.877     96.72676
       109    848.9785    853.1157     30510.73     891.5959  13.7889   0.0317    18.16    0.582 -10.59   0      50.28     1567.677     97.40997
       110    693.0118    854.3892     10460.04     466.7858  14.9512   0.0485    10.75    0.308 -26.21   0       27.8     1138.943     96.92328
       111    378.0675    854.2126     12522.29     674.1868  14.7558   0.0585     9.77    0.166  -8.64   0      30.04     1195.705     97.05629
       112    534.8608    845.2071     54758.77     771.5817  13.1539   0.0153     9.20    0.213 -11.36   0      115.4     4563.774     104.8857
       113    624.4452    841.0011     203388.5     1024.842  11.7292   0.0055    10.47    0.281 -46.49   0      327.2     15033.32      125.738
       114    836.8997    844.0569     10324.55      652.646  14.9653   0.0686     8.78    0.111 -36.99   0       22.6     854.7122     95.46978
       115     50.5841    854.8361      6719.51     532.8135  15.4317   0.0861     8.69    0.053 -64.64   0      19.02     732.9073     96.74714
       116    152.5638    842.3510     20960.15     895.4808  14.1965   0.0464    12.65    0.216 -19.60   1      32.92     1031.447     96.67088
       117   1008.1947    839.9265     7799.073     584.8526  15.2699   0.0814     7.59    0.123  30.33   0      21.27     961.8152     96.24687
       118    952.7144    837.2532     27171.04     941.3828  13.9147   0.0376    14.53    0.307  -5.33   0      45.35     1700.954     97.72044
       119    230.7896    833.9625     30682.48     872.4509  13.7828   0.0309     9.45    0.242 -15.17   0      63.43     2548.315     100.9217
       120    461.3359    834.3691     19069.58      590.279  14.2991   0.0336    11.63    0.354  -0.87   0      41.96     1526.747     97.82841
       121    571.2347    831.4053     21216.67     923.1206  14.1833   0.0473    12.85    0.322 -23.66   0      31.53     1201.316     97.58469
       122    822.9128    828.2113     78789.08     725.2739  12.7588   0.0100     8.75    0.167  -7.30   2      165.5     7002.111     109.5858
       123    818.5859    815.6155     20471.52     663.7687  14.2221   0.0352     9.26    0.172   2.15   3      47.84     1857.896     98.59472
       124    167.5454    830.5676     9750.425     605.6075  15.0274   0.0675    10.57    0.149 -23.72   0       23.7     892.4827     96.34363
       125    867.7028    829.4679     15027.56     677.8111  14.5578   0.0490    10.10    0.258 -11.02   0      37.13     1506.428     97.26697
       126    712.4293    828.7082     26908.65     940.6532  13.9253   0.0380    10.69    0.257 -13.83   0         47     1605.601     96.98269
       127     77.2301    828.9803     21091.25     909.4064  14.1897   0.0468    13.93    0.232   2.48   0      35.07     1171.313     97.51479
       128    692.8007    827.7136     19429.86     540.5322  14.2788   0.0302     9.87    0.216  -5.99   0      47.97     1845.211     99.07296
       129    590.5510    828.2731     20211.53     941.0343  14.2360   0.0506    11.09    0.349  13.37   0      24.59     732.1776     95.70308
       130    951.6230    823.2040     33869.89     997.9046  13.6755   0.0320    17.39    0.511 -20.45   0      53.47     1525.811     97.82623
       131    420.0201    822.7780     32512.29      790.788  13.7199   0.0264     9.54    0.257 -14.46   0       69.8     2683.008     100.9766
       132    335.1264    823.5458     12556.82     656.2947  14.7528   0.0568    10.86    0.265 -32.38   0      30.62     1269.112      96.9698
       133    525.9637    823.4476     6217.687     524.2957  15.5159   0.0916     8.18    0.363 -27.58   0      17.95     740.8132     95.98518
       134    309.6364    819.8169     21613.15     778.0403  14.1632   0.0391    15.37    0.147 -63.69   0      41.14     1501.515     98.53616
       135    455.2109    820.1201      15423.6     764.8405  14.5295   0.0539    10.85    0.343 -32.39   0      30.66      1282.16     97.25853
       136    551.4587    819.4588     15018.24     771.2501  14.5585   0.0558    10.41    0.283 -20.22   0      31.25     1186.377     97.54989
       137    626.7117    815.6315     26840.27     919.7454  13.9280   0.0372     9.70    0.237  -7.80   0      49.97     1904.139     98.19186
       138    107.0380    817.3447     11683.98     636.5935  14.8310   0.0592     0.00    0.220 -25.44   0      28.33      1617.45     98.29433
       139    539.3830    813.9177     20293.16     753.9155  14.2316   0.0403     9.90    0.274 -18.65   2      44.11     1727.078     98.29271
       140    215.5322    807.4701     44535.37     740.3137  13.3782   0.0181     9.03    0.229 -13.94   0         95     3700.262     102.5096
       141     23.9071    809.3575     5820.566     493.3175  15.5876   0.0920     5.62    0.446 -86.26   0      17.93     702.5921     95.10696
       142    508.7834    802.5641     160254.6     758.6761  11.9880   0.0051     8.87    0.186 -14.61   0      301.3     14213.59     124.4492
       143    984.5209    801.4691     95948.91      965.665  12.5449   0.0109    13.44    0.146  18.56   2      147.1      4413.45     103.8375
       144    962.0198    805.4432     16412.28     694.7118  14.4621   0.0460     9.75    0.211 -13.17   0      39.13     1566.945     98.43256
       145    777.8409    803.7308     15918.21     605.8519  14.4953   0.0413     9.72    0.280 -16.41   0      38.64     1543.617     97.86759
       146    617.4502    801.8879     6174.204     488.3728  15.5235   0.0859     7.57    0.332 -30.87   0      18.58     755.8898     95.49717
       147    383.8822    793.7952     20179.23     632.7216  14.2377   0.0341    11.49    0.235  -6.43   0      43.82     1599.623     98.25311
       148    583.9352    794.2054     10829.59     690.1635  14.9135   0.0692     9.52    0.260 -52.10   0      23.65      929.084     96.68961
       149    288.7904    786.3931     119466.3      795.944  12.3069   0.0072     9.86    0.264  -0.95   0      221.4     8745.378     113.3649
       150    443.4660    787.7892     25623.03     628.7199  13.9784   0.0266     9.83    0.212 -12.86   0      58.37     2191.719     99.36124
       151    653.6924    785.4289     66726.04     787.1365  12.9393   0.0128    10.59    0.255  -8.67   3      130.9     4856.159     104.3224
       152    641.3647    780.6315     79541.49     685.5264  12.7485   0.0094     9.28    0.238  -9.32   3      167.3     7053.447     110.3759
       153    709.0615    784.3510     30268.99     919.9111  13.7975   0.0330     9.95    0.219 -10.21   0       53.5     1901.293     98.69471
       154     79.3446    786.2650      8958.78      595.917  15.1194   0.0722    10.16    0.168 -35.14   0      22.92     900.8397     96.36334
       155    584.3342    784.8915     8948.158     628.6745  15.1207   0.0763     8.83    0.205 -62.47   0      21.78      844.842     95.70863
       156    915.1655    777.8638     268718.3     803.8685  11.4268   0.0032     8.63    0.181  -5.99   0      459.4     24050.92     140.7432
       157    137.3679    781.6636      23227.1     855.2505  14.0850   0.0400    10.37    0.285 -25.88   0       44.1     1715.455     98.26583
       158    848.4147    781.4304     19426.85     813.6489  14.2790   0.0455    10.47    0.252  -5.85   0      38.82     1464.734     98.19627
       159    510.4460    773.2625       659029     955.9745  10.4527   0.0016     8.95    0.183 -11.85   3      853.9     55220.73     184.3278
       160    505.8651    757.6255     152599.9     827.6146  12.0411   0.0059     9.93    0.192 -13.07   3      277.2     12058.64     119.8233
       161    318.5092    778.1615     38698.71     620.4302  13.5308   0.0174     9.64    0.220 -14.00   0      88.32     3409.636     101.6167
       162     40.1202    777.4097     17418.46     799.8739  14.3975   0.0499    11.63    0.187 -23.12   0       36.1     1291.199     97.27965
       163    804.7493    771.4633     25276.68     940.2589  13.9932   0.0404    12.06    0.243  15.52   0      43.88      1506.67     97.78175
       164    685.0674    771.3734     26539.02     787.4789  13.9403   0.0322    10.17    0.175  -0.18   3      54.86     2056.937     99.05247
       165    671.2453    763.6904      55203.1     902.0474  13.1451   0.0177    21.46    0.467 -11.70   2      91.77     2932.148     100.5431
       166    190.8741    771.9615     11110.15     561.0007  14.8857   0.0548    11.18    0.216 -20.46   0       27.7     983.2457      96.5575
       167    777.0626    770.7919     14223.07      649.192  14.6175   0.0496    10.42    0.253 -25.22   0      32.39     1229.012     97.39206
       168     57.9471    768.6476     12953.33     724.5225  14.7190   0.0607     9.95    0.343 -37.61   0         24     937.3325       96.709
       169    352.9990    759.6375     53449.42     1171.348  13.1801   0.0238    14.52    0.342 -84.89   0      76.22      2837.11     101.3228
       170    733.3839    766.6040     10215.72     469.3457  14.9768   0.0499    10.69    0.339 -24.46   0      26.76     1088.209     96.80424
       171    175.1335    768.1384     8421.065     177.2283  15.1866   0.0229     0.00    0.060  48.32   0      99.58     8363.454     112.5966
       172    864.1656    764.0712     16193.31     804.2162  14.4767   0.0539    10.68    0.145 -16.84   0      29.38     1121.342       96.882
       173    148.6201    762.0835      28903.2     602.4359  13.8476   0.0226     9.20    0.236 -12.16   0      66.61     2617.618     100.0805
       174     33.8067    758.9641       242022     958.4711  11.5404   0.0043    11.24    0.414  -6.75   0      409.2     19905.62     134.2562
       175    407.6793    760.6505      10053.3     643.8478  14.9942   0.0696     7.33    0.265  12.12   0      21.05     726.3905     95.42693
       176    322.9666    757.5117     11426.73     754.5682  14.8552   0.0717     9.91    0.338 -41.58   0      22.39     763.2171      95.5146
       177    291.2722    755.8345     21748.32     1027.984  14.1564   0.0513    13.38    0.463  43.58   0      28.53     830.1161      96.1964
       178     77.9586    756.2776     26342.43     909.3401  13.9484   0.0375    13.03    0.410  -5.06   0      43.04     1454.931     97.66142
       179    875.1751    754.8542     15556.53     787.4935  14.5202   0.0550    11.35    0.362 -25.20   0      29.58     1221.451     97.11656
       180    393.9666    750.5624     21785.51     883.0027  14.1546   0.0440    17.15    0.617 -34.27   0      35.73     1313.512     97.58904
       181      3.2197    750.5319     24196.14     534.3833  14.0406   0.0240    10.53    0.421  88.17  24      66.11     2970.568     101.3747
       182    543.7620    751.6871     11222.29     715.2682  14.8748   0.0692     9.94    0.484   4.27   0       22.8     833.8077     95.68243
       183    210.7093    747.5618     73568.91     669.6459  12.8333   0.0099     9.00    0.219 -10.97   0      158.1     6447.539     108.1981
       184    265.1328    741.7097     551256.8     915.7354  10.6466   0.0018     8.95    0.179 -14.04   0      759.9      46081.1     172.4009
       185    533.6679    740.0208     18170.39     597.3246  14.3516   0.0357     9.45    0.273 -13.25   0      44.08     1795.722     98.70567
       186     46.9495    738.9088     11723.33     694.9824  14.8274   0.0644     8.65    0.178 -47.67   0      22.26     746.3917     95.47456
       187     91.0112    731.2794     30451.96     752.8197  13.7910   0.0268     9.29    0.238 -17.36   0      65.37     2546.797     100.1701
       188    144.8640    731.0081     29465.89     829.3981  13.8267   0.0306     9.08    0.267 -15.78   0      60.39     2455.697     99.96323
       189    652.9112    730.9871     16272.42     816.6146  14.4714   0.0545    12.49    0.351 -19.94   0      31.06     996.8566     96.06893
       190    443.2584    727.0446     7504.601     585.8093  15.3117   0.0848     8.67    0.460 -41.25   0      19.74     820.6003     96.17391
       191    329.7329    724.3464     15562.69     544.6889  14.5198   0.0380    13.20    0.288  -3.21   0      38.77     1362.566     97.44624
       192    918.6434    725.6769     8230.199      606.072  15.2115   0.0800     7.78    0.387  -9.28   0      19.77      777.308     96.07155
       193    512.7031    720.4781     51897.36     686.4196  13.2121   0.0144     9.00    0.213 -12.71   0      112.8     4455.692       103.93
       194    823.5301    721.1561     15512.31     621.0298  14.5233   0.0435    11.98    0.436 -24.20   0      34.39     1364.544     97.45085
       195    582.5377    722.2996     5323.376     493.0884  15.6845   0.1006     7.20    0.600 -45.55   0      17.15      699.224     95.09891
       196     36.1865    720.4660     14686.62     704.9006  14.5827   0.0521    13.17    0.318 -34.28   0      31.94     1151.309     96.95227
       197    136.5789    717.1874      76211.4     773.8351  12.7950   0.0110     8.96    0.233 -14.41   0      156.5     6636.481     109.2847
       198    203.3142    716.4446     66236.99     811.3121  12.9472   0.0133     9.34    0.276  -7.90   0      132.1     5177.413     105.4964
       199    353.5205    716.3932      24843.9     787.7857  14.0120   0.0344     9.99    0.268 -22.45   0      52.37     1908.179     98.96426
       200    386.1572    712.2125     97298.92     1048.746  12.5297   0.0117    13.86    0.479  -2.53   0        157     5727.506      107.611
       201    242.4266    713.8130     11694.24     571.2012  14.8301   0.0530    12.15    0.350 -24.34   0      29.68     1156.552     97.22282
       202    538.9722    710.6562     22787.43     746.3142  14.1058   0.0356     9.36    0.250 -13.07   0      51.68     2010.123       98.945
       203   1003.2543    702.0271     509146.8     913.4962  10.7329   0.0019     8.60    0.129  -6.43  16      721.9     45279.84     171.6338
       204    779.9987    708.8292      14504.9     507.2864  14.5962   0.0380    13.62    0.308  -4.71   0       34.9     1240.774     97.67655
       205    269.1670    710.9465     8776.068     609.3706  15.1418   0.0754     8.86    0.411  -6.46   0      22.14     790.3484     96.36296
       206    347.9659    703.6295     27491.69      753.591  13.9020   0.0298     9.37    0.199 -10.70   0      61.82      2436.63     100.4205
       207    698.9774    699.5861     74389.37      782.166  12.8212   0.0114     8.84    0.220 -14.18   0      152.1     6302.308     108.5875
       208     93.2364    700.7045      17281.2     821.4867  14.4061   0.0516    10.17    0.148 -84.41   0       32.8     1087.188     95.76012
       209    833.6512    697.4630     38276.39     1038.898  13.5427   0.0295    16.14    0.442 -28.10   0      61.18     1866.389      98.6143
       210    478.9872    699.1121     18469.71     745.8392  14.3338   0.0439     9.66    0.215 -16.21   0      42.42      1654.78     97.86953
       211    909.8184    712.6653     13809.99     479.0005  14.6495   0.0377     9.91    0.262 -16.10   0      36.09     1376.454     97.47862
       212    887.1634    700.4316     8394.774     584.0117  15.1900   0.0756     7.19    0.427  -6.45   0      19.04     739.7388     96.24352
       213    809.9068    698.3723     17517.44      605.417  14.3913   0.0375    10.28    0.247 -10.34   0      45.06     1734.715     97.28479
       214    759.7390    699.7668     9791.048     647.6385  15.0229   0.0718    10.49    0.318 -22.40   0      24.15      860.393     96.26791
       215    457.6370    699.7361      7002.75     567.1251  15.3868   0.0880     7.42    0.183  30.44   0      18.42     791.6605      96.1055
       216    399.2043    693.4280     13251.95     737.4785  14.6943   0.0604    10.84    0.344 -34.48   0      26.42     1081.636     97.30556
       217    559.5402    693.9647     6591.804     564.7448  15.4525   0.0930     7.74    0.212 -67.48   0      18.39     757.6271     96.02498
       218    689.1337    686.9559     20430.12     670.3329  14.2243   0.0356     8.71    0.214 -18.52   0      47.72     2105.571       99.164
       219   1011.8329    679.2079      59265.8     923.6602  13.0680   0.0169    10.43    0.187 -44.62  17      105.2     4382.809     104.7325
       220    382.3199    681.1331     13445.17     753.5139  14.6786   0.0609    11.20    0.241 -11.88   0      27.69     1020.242     96.12424
       221    321.9637    681.0696     8356.293      650.998  15.1950   0.0846     7.91    0.500  -5.77   0      20.12     658.1852     95.78934
       222      6.5183    680.7423     8955.904     566.8024  15.1197   0.0687     8.16    0.221 -35.27  16      23.04     1031.416     96.15065
       223    833.1995    670.8079     69084.26      721.358  12.9016   0.0113     9.82    0.241 -12.32   0      150.6     6230.303     108.2053
       224    260.5889    669.6682     37071.02      778.527  13.5774   0.0228     9.61    0.207  -4.52   2       77.2     2955.549     101.0933
       225    249.1870    662.7151     17845.18     692.4699  14.3712   0.0421    10.26    0.244 -12.81   2      40.76     1672.657     97.91103
       226    129.1680    671.5155     10050.96     550.4151  14.9945   0.0595    10.77    0.226 -29.66   0      24.79     894.3762     96.08749
       227    683.1293    670.2156      12980.3     536.6468  14.7168   0.0449    10.95    0.314  -9.10   0      33.48     1326.182     97.61855
       228    600.1603    670.3270      9797.93     672.3361  15.0222   0.0745     9.21    0.278 -51.22   0      21.01     880.4304     96.31519
       229    809.4091    670.7292      3688.46     188.4869  16.0829   0.0555     1.16    0.086 -32.82   0       41.7     3348.055     101.9719
       230    343.8262    667.9321     17838.36     648.5261  14.3716   0.0395    10.53    0.217 -29.96   0      39.14     1475.092     97.70833
       231    959.7220    668.4503     7598.447     523.6983  15.2982   0.0748     6.16    0.379 -76.11   0         18      689.543     95.60178
       232    541.5856    664.5841     15109.48     710.3516  14.5519   0.0511    11.95    0.374 -24.98   0      33.53     1243.747     97.16872
       233    561.5245    658.7843     24637.68     965.1104  14.0210   0.0425    11.59    0.272  -8.30   0      38.39      1306.58      97.5729
       234    290.2336    659.3893     20161.31     953.5951  14.2387   0.0514    12.58    0.421 -14.56   2      30.44      971.019     97.04685
       235    850.5190    659.4677     9729.843     654.3577  15.0297   0.0730     8.48    0.176 -74.86   0      21.78     795.7148      95.5919
       236    474.2955    658.5154     7538.109     560.6709  15.3068   0.0808     5.14    0.468 -15.24   0      19.06      859.186     96.00423
       237    715.1575    657.0685     7237.979     579.2485  15.3510   0.0869     8.17    0.259 -55.31   0      18.53     685.8452     95.85494
       238    410.9054    656.2528     15949.12     778.8025  14.4932   0.0530     9.53    0.286  -9.85   0      28.04     874.3424      95.5165
       239    378.1307    656.3080     6948.571     523.4162  15.3953   0.0818     8.50    0.456 -31.66   0      19.12     713.1074     95.65778
       240    805.2724    651.5165     102013.7     874.5045  12.4784   0.0093     9.02    0.247  -6.88   0        198     8185.974     111.7901
       241    930.5396    653.1501     10938.37     692.0134  14.9026   0.0687    11.37    0.211   5.97   0      25.41     919.8802     96.40824
       242    776.5033    649.3903     55523.46     1128.141  13.1388   0.0221    16.44    0.513 -29.58   0      89.68     3303.198     101.8719
       243    401.7565    653.8585     10597.23     655.6157  14.9370   0.0672     8.10    0.127  -9.85   0      22.55     814.3457     96.15913
       244    601.9387    646.5347        54181      970.752  13.1654   0.0195     9.17    0.201 -14.31   0      95.02      3699.18     102.7515
       245    577.9688    645.1541     91177.95     828.9248  12.6003   0.0099    12.20    0.211  -5.84   0        183     7608.731     111.5134
       246    123.6644    647.3611     19109.78     734.1763  14.2969   0.0417     9.76    0.241 -21.36   0      42.76     1692.095     98.21178
       247    626.8695    643.3452     69519.05     980.1096  12.8947   0.0153    18.49    0.463 -19.55   0      125.8     5046.475      105.452
       248    286.7563    638.3509     196299.4     863.8185  11.7677   0.0048     8.93    0.208  -1.66   2      346.7     16360.85     127.9192
       249    291.9119    621.5424     81723.03     910.7718  12.7191   0.0121    10.31    0.408 -25.83   3        149     5983.988     107.2199
       250    823.5400    637.7424     80319.66     699.3612  12.7379   0.0095     8.79    0.223 -10.65   0      171.6     7391.074     111.0689
       251      2.6502    639.0113       8345.7     436.5771  15.1963   0.0568    10.30    0.576 -88.32  24      23.34     977.0676     96.80234
       252    974.6969    638.3746     11993.48      768.729  14.8026   0.0696    10.90    0.183 -80.94   0      25.14     762.6189     94.98668
       253    939.9560    638.7104     15388.66     793.7881  14.5320   0.0560    12.58    0.253  -9.00   0       31.1     1086.492     96.28075
       254    691.7910    636.6979     19333.61     559.8614  14.2842   0.0314     9.72    0.276 -25.05   0      45.06     1721.575     98.27998
       255    187.1125    637.2864      12144.1     650.3943  14.7891   0.0582     9.71    0.196 -28.44   0      30.65     1227.864     96.87307
       256    546.5853    635.2501     18691.34     728.9048  14.3209   0.0424     9.79    0.230 -21.24   0      41.05     1623.299     98.30785
       257    251.8735    634.4935     31865.15     859.0037  13.7417   0.0293     9.44    0.244 -12.26   0      62.86     2353.344     99.22613
       258    104.5743    634.3063     25894.84     583.3079  13.9670   0.0245     9.17    0.250 -15.51   0      61.27     2458.751     99.21485
       259     49.1140    627.4492     11182.05     565.4816  14.8787   0.0549     9.52    0.224 -28.30   0      27.45     1219.442     96.59407
       260    329.1749    622.0285     92574.38     976.4949  12.5838   0.0115    12.50    0.466  22.52   0      152.5     6094.326      108.383
       261    671.7147    624.8781     6719.596     516.0795  15.4316   0.0834     9.02    0.115   6.58   0      19.15     724.7682     95.42307
       262    605.2872    623.9768     8860.976     606.3084  15.1313   0.0743     8.42    0.200 -35.30   0      22.18     935.3985     95.92343
       263    804.5212    619.8070     21092.55     688.0903  14.1897   0.0354     9.56    0.214 -35.38   0      46.64     1772.407     98.39746
       264    906.7989    615.4197     28011.37     981.3568  13.8817   0.0380    13.19    0.210   4.03   2      48.21     1651.242      98.1172
       265    895.1977    615.1693     22642.36     904.9579  14.1127   0.0434    10.22    0.114  -9.92   3      36.38     1247.902     97.69313
       266    572.8100    615.7491     52922.55     918.0101  13.1909   0.0188    11.31    0.217 -12.74   0      102.5     3918.404     103.4778
       267    732.9641    617.1840     21969.62     754.4207  14.1454   0.0373    12.79    0.355 -21.04   0      40.14     1624.141      98.8186
       268    113.3293    615.8046     11180.68     666.2494  14.8788   0.0647    10.57    0.234 -29.06   0      25.47     1003.951     96.60622
       269    456.8587    612.0842     21338.79     915.6506  14.1771   0.0466    11.08    0.160 -29.22   0      32.35     1168.481     96.47409
       270    138.5841    607.4420       177364     779.2222  11.8778   0.0048     8.99    0.171 -20.49   0      323.3     14936.81     125.5634
       271    501.1988    606.4951     172084.1     842.6748  11.9106   0.0053     9.07    0.196 -13.56   0      310.6     14082.67     123.6027
       272    278.9067    603.5481     65619.98     672.5584  12.9574   0.0111     9.97    0.231 -14.30   0      142.9     5925.962     106.8625
       273    378.4689    601.9291     68157.55     733.1359  12.9162   0.0117     9.19    0.247 -13.78   0      143.3     5950.371     107.3824
       274    874.4247    604.4240     6075.243     508.4513  15.5411   0.0909     6.24    0.253 -65.64   0      17.31     773.6743     96.58359
       275     48.2327    597.3029       140569      746.064  12.1303   0.0058     8.84    0.196 -11.54   3      270.9     12127.65      119.115
       276     35.5747    585.8424     61251.53     1069.422  13.0322   0.0190    20.47    0.387 -86.66   3       89.7     1933.048     99.27425
       277    581.6927    598.3250     11100.19     663.3931  14.8867   0.0649     7.62    0.475 -66.72   0       19.8     707.7366      95.3825
       278    431.7093    597.9930     11362.41      717.937  14.8613   0.0686    10.39    0.351 -34.48   0      24.75     933.4086     96.44012
       279    184.2096    597.4564     9226.631      631.759  15.0874   0.0744     9.44    0.268 -41.86   0      22.19     851.4094     96.50687
       280    970.9560    595.0323        12782     731.3582  14.7335   0.0621    10.91    0.255 -33.26   0      26.12     1031.359     97.18806
       281    396.4759    594.9167     13186.45     737.4583  14.6997   0.0607    10.60    0.185 -11.87   0      26.04     931.2256     95.65176
       282    945.7419    595.6102     6468.865      553.483  15.4729   0.0929     7.41    0.409 -20.42   0      18.26     721.4528     96.20033
       283    455.5827    587.2247      33041.7     1138.566  13.7023   0.0374    15.57    0.329 -76.72   0      36.66     943.0775      96.9814
       284    334.8407    591.0904      16405.8        608.1  14.4625   0.0403     9.85    0.248 -20.91   0      39.19       1511.3     97.27835
       285    847.1577    588.7498     56742.95     735.5787  13.1152   0.0141     8.89    0.249  -8.60   0      122.1     5112.304     106.0676
       286    153.7832    591.0024     9948.657     625.0372  15.0056   0.0682     8.56    0.336 -31.14   0       21.4     867.1978     96.28397
       287     88.9831    591.7444     7178.661     579.2253  15.3599   0.0876     6.61    0.217 -61.97   2       18.4      790.765     96.36395
       288    816.6354    587.5904     17970.63     752.3823  14.3636   0.0455     9.69    0.244 -13.61   0      41.33     1638.886     98.59852
       289   1013.1504    583.8708     17859.17     721.7299  14.3703   0.0439    10.37    0.173 -14.40  18      39.52     1397.021     97.52657
       290    438.4058    581.9514     14154.28     766.1015  14.6228   0.0588     9.74    0.326 -23.09   0      25.65      1054.78     96.98462
       291    768.3051    577.6571      23002.7     659.9021  14.0956   0.0312     9.54    0.247  -4.64   0      54.54      2147.84     98.50007
       292    381.5622    579.1853     14150.69     787.8837  14.6231   0.0605    10.05    0.480 -36.82   0      26.08     927.7971     97.20388
       293      4.1531    576.4700     46382.26     610.0227  13.3341   0.0143     9.05    0.145 -72.05  24      116.6     4768.202     105.0894
       294    620.7438    575.8008     16947.99     892.3569  14.4272   0.0572    12.41    0.521 -89.96   0      28.03     806.3104     96.14014
       295    677.9758    575.5007     11798.61     626.7105  14.8204   0.0577    11.63    0.207 -20.86   0      28.57     1028.169     95.61994
       296    656.4974    572.8278     91677.62     802.9424  12.5943   0.0095     8.87    0.213 -10.08   0      189.4     7917.463     110.7911
       297    827.3096    564.1852     48150.02     1115.471  13.2935   0.0252    15.11    0.481 -46.00   0      73.96     2987.366     100.6679
       298    234.5165    568.5623     12990.33     631.1281  14.7160   0.0528    10.51    0.284 -28.18   0       31.3     1236.182     96.63345
       299    513.2958    566.5974     16919.43     724.9012  14.4290   0.0465    10.12    0.308 -24.79   0      35.83     1429.458     97.60213
       300    293.7608    562.6172     146331.7     808.2455  12.0867   0.0060     9.05    0.215 -14.51   0      277.1     12697.89     121.6497
       301    188.8737    566.1710     11786.49     682.2588  14.8215   0.0629     8.14    0.162 -27.65   0      22.87     808.9197     96.14631
       302    960.5201    565.1751      6330.32     563.5283  15.4964   0.0967     7.09    0.480  -8.71   0      17.22     734.1372     95.96937
       303    636.9431    563.6419     11295.28     670.0412  14.8678   0.0644     9.80    0.242 -25.12   0         25     901.2369     96.36428
       304    633.2254    550.0736     52036.16     1467.136  13.2092   0.0306    23.04    0.631 -46.01   0      53.31     1011.597     96.62421
       305     19.8131    554.4129     13859.35     735.1118  14.6456   0.0576    11.59    0.244 -32.67   0      29.35     1058.605     96.73472
       306    273.2822    550.8995      29239.8     728.7537  13.8351   0.0271     9.08    0.253 -17.52   0      66.93     2688.121     99.73889
       307    991.2795    547.8228     18641.55     828.6992  14.3238   0.0483     9.98    0.236 -25.28   0      34.06     1363.598     97.44865
       308    463.8484    548.4365     19075.58     775.6841  14.2988   0.0442     8.09    0.182 -11.60   2      28.87     862.2612     96.27232
       309     76.7136    548.2671     7732.818     565.2038  15.2792   0.0794     8.44    0.290 -50.33   0      20.89     838.9968     95.69475
       310    249.6982    539.1897     27923.16     947.5373  13.8851   0.0369    18.36    0.372 -72.19   0      49.53      1399.04     97.53127
       311    870.1757    548.8609     12476.59     735.5369  14.7598   0.0640    11.08    0.377 -16.20   0      25.24     851.3494     96.50672
       312    110.2032    539.0378     17082.84     843.2725  14.4186   0.0536    12.72    0.340 -17.03   0      32.02     1265.546     97.73417
       313     17.2083    535.5950     89780.36      718.313  12.6170   0.0087     8.87    0.216 -16.66  16      185.9     8062.424     111.9873
       314   1017.2661    536.5722     24625.23     553.0101  14.0215   0.0244    15.50    0.253   2.75  16         60     2310.138     99.63174
       315    930.3584    536.6983     28515.11     912.6346  13.8623   0.0348     9.33    0.199   6.29   0      54.52     2120.807     98.18262
       316    772.3336    529.6340     337280.2     929.6102  11.1800   0.0030     9.14    0.052  16.12   0      510.7     25672.63     143.3381
       317    420.6132    534.5890     22219.01     819.0337  14.1332   0.0400    10.70    0.284 -12.02   0      45.76     1670.283      98.1613
       318    977.9461    529.6797     37943.38     902.5632  13.5522   0.0258     8.69    0.191  -2.78   2      69.87     2754.957     100.1418
       319    971.5582    520.5926     13727.15      708.141  14.6560   0.0560    12.92    0.254 -22.08   3      30.58     965.3871     97.03366
       320    627.1365    529.7019     23843.65     936.5717  14.0566   0.0427    12.44    0.184  11.75   0      39.63     1331.584     96.85757
       321    105.2574    526.2723     100439.4     775.2789  12.4952   0.0084     9.02    0.245 -15.44   0      200.8     8767.801     113.1885
       322    607.8365    525.9091     36721.19     653.1935  13.5877   0.0193     9.52    0.188 -15.83   0      81.69     3229.627     101.2133
       323    364.4911    525.3879     40419.23      852.485  13.4835   0.0229     9.21    0.240 -13.49   0      81.93     3147.189      101.028
       324    555.8333    522.7851     22103.81     868.0496  14.1388   0.0426    10.47    0.161 -56.99   0      42.67      1673.64     98.93237
       325    461.9283    522.3169     57873.12     972.9055  13.0938   0.0183     9.50    0.199 -19.40   0      103.8     3872.269     102.6462
       326    999.0752    521.2009      8419.52     540.5417  15.1868   0.0697     9.75    0.069 -68.03   0      22.84     924.0541     96.41808
       327    683.4861    521.1877     11648.44     621.6343  14.8343   0.0580    11.87    0.262 -20.11   0      29.54     1057.858      96.4734
       328    214.1353    503.7357      1849064     1240.994   9.3326   0.0007     9.02    0.180 -11.90   0       1604     155603.4     282.0551
       329    877.1573    512.5847     32358.51     691.8014  13.7250   0.0232     8.99    0.228   1.73   0      69.06      2780.73     101.1963
       330    754.8281    503.9668     153171.7     788.9988  12.0371   0.0056     9.22    0.213 -18.08   0      280.1     12637.18     121.3297
       331    459.1589    506.2608     17563.46     803.8239  14.3885   0.0497    12.10    0.172 -38.98   0      35.39     1282.341     97.25896
       332    791.3652    503.9969     17243.78     763.7414  14.4084   0.0481     8.48    0.353 -40.00   0      23.98      790.152     96.62236
       333    681.0165    501.9484      17693.8     923.6113  14.3804   0.0567    11.70    0.657  68.42   0      26.08      693.349     96.13391
       334    286.8815    500.9356     35422.52     891.4418  13.6268   0.0273    10.72    0.317  -9.61   3       67.3     2543.914     99.91295
       335    298.8806    500.7011     28145.16     999.1128  13.8765   0.0386    12.22    0.208 -14.13   3      39.14     1092.427     96.03401
       336     99.5543    499.1560     12719.37     523.5266  14.7388   0.0447    12.84    0.356  -0.14   0      29.04     1033.503     96.93475
       337    330.6764    497.0536      10181.9     444.6378  14.9804   0.0474    11.76    0.391 -33.14   0      26.69     989.4625     96.31213
       338    491.0219    496.8928     10575.68     506.7615  14.9392   0.0520    11.78    0.345 -24.12   0      26.21     964.8915     95.73171
       339    155.3269    492.4774     35652.08     874.4617  13.6198   0.0266     9.60    0.234 -21.22   0       72.8     2876.142     100.4164
       340    271.5824    490.9182     23845.52     845.0931  14.0565   0.0385     9.83    0.136  -5.36   0      43.53     1546.701     97.87476
       341     47.3150    489.6433     41669.31     915.9045  13.4505   0.0239     9.00    0.182  -7.90   0      78.85     3060.207     100.8322
       342    659.8262    503.4968     23539.37     754.0626  14.0705   0.0348     9.23    0.308 -16.24   0      52.64     2051.715     98.02256
       343    922.0352    484.3320     25399.12     641.4713  13.9880   0.0274     8.57    0.171 -11.36   0      62.52     2610.033     100.3135
       344    166.3395    484.8771     16030.91     834.0177  14.4876   0.0565    11.04    0.106 -44.93   1      29.28     988.4526     96.30975
       345    430.2614    482.8949     9526.333     628.8835  15.0527   0.0717     8.15    0.428 -49.95   0      20.93     783.9335     95.56389
       346    264.0658    479.7971      21818.1     870.8588  14.1530   0.0433    12.54    0.232  12.69   0      32.56     1152.258     97.21278
       347    376.0099    481.0233     10325.29      658.384  14.9652   0.0692     7.93    0.382 -26.45   0      21.52     949.7388     96.73815
       348    719.7892    476.5424     19195.55     538.1089  14.2920   0.0304     9.96    0.234 -13.15   0      45.66     1799.691      98.7148
       349    646.9436    470.6684     6126.965     512.1596  15.5319   0.0908     7.60    0.076 -32.68   0      17.93     780.3835     95.81749
       350    281.1714    469.9934     8804.494     632.5988  15.1382   0.0780     8.26    0.410 -60.55   0      21.35     908.4893     96.90031
       351    319.8203    462.5946     51557.59     786.7387  13.2193   0.0166    10.70    0.376 -28.60   0      97.53     3740.605     102.8431
       352    833.8691    462.5235     54688.83     717.6821  13.1553   0.0143     8.96    0.227 -11.28   0      121.6     4916.288     104.9324
       353    115.1339    459.8940     63140.26     825.0095  12.9992   0.0142    13.45    0.294  86.67   0      109.5     3438.382      101.681
       354    681.6325    465.3686      7377.78     580.3845  15.3302   0.0854     7.99    0.209  14.12   0      19.36     799.4972     96.64433
       355     69.2055    462.5178     42934.86     836.0852  13.4180   0.0211     9.21    0.287 -16.34   0         86     3488.896     102.5302
       356    237.4228    457.3891     305928.3     825.0275  11.2860   0.0029     9.04    0.201 -13.75   2      495.5     25541.77     143.3055
       357      4.5865    462.1966     12811.34     658.2901  14.7310   0.0558    10.49    0.409 -47.05  16      24.31     823.0675     96.17974
       358     39.0684    463.0839     14307.39     213.0001  14.6111   0.0162     1.94    0.167 -84.89   0      115.6     12807.27     120.8206
       359    478.2898    460.0875     6778.245      522.143  15.4222   0.0837     6.00    0.135  54.75   0       18.4     800.8781     95.86609
       360    146.2604    458.5591     6124.252     541.8943  15.5324   0.0961     7.95    0.499   7.81   2       18.5     766.3364     96.04559
       361    963.7930    458.9233     26536.02      525.927  13.9404   0.0215     0.00    0.349  84.19   0      121.8     12920.19     121.4464
       362    781.2869    457.2253     10724.59     618.2621  14.9240   0.0626    11.15    0.391 -21.79   0      25.61     1036.245     96.16206
       363    976.5358    457.1697      5513.82      203.401  15.6464   0.0401     1.19    0.167  25.31   0      61.57     4904.138      105.383
       364    499.0211    456.7924     5889.557     483.0773  15.5748   0.0891     5.64    0.409 -70.44   0      18.18     796.7991     96.11765
       365    195.4199    452.7647     12006.89     466.1956  14.8014   0.0422    11.18    0.234 -36.37   0      31.49     1209.604     97.86056
       366    103.2923    448.3837     11230.87     673.7513  14.8740   0.0652     9.61    0.071 -26.11   0      24.86     996.5767     96.06827
       367      5.3068    443.5469     35881.48     580.7453  13.6128   0.0176    10.24    0.252 -27.56  26      80.06     2965.703     100.3694
       368    636.7222    445.5160     17132.54     625.6432  14.4154   0.0397     9.05    0.188 -12.89   0      39.98     1545.256     97.09975
       369    574.1700    445.9518     18001.85     803.1677  14.3617   0.0485     8.88    0.331   5.22   0       28.9     1169.589     97.51077
       370    397.5983    433.8275     300367.7     858.5268  11.3059   0.0031     8.95    0.129 -15.52   0      491.3     25603.82     143.5786
       371    586.8967    441.8522     30055.89     1090.141  13.8052   0.0394    12.77    0.147   2.56   0      37.13     1198.398     96.28448
       372    139.8153    443.9675     6705.726     579.0397  15.4339   0.0938     8.17    0.382 -29.81   0      18.58     819.2348     96.94972
       373     50.6885    443.4227     10636.34     684.6279  14.9330   0.0699     8.70    0.286   0.49   0      21.39     768.9789     95.52831
       374    924.4559    437.6830     7875.003     599.6994  15.2594   0.0827     8.62    0.197 -18.47   0       20.9     783.0872     95.56187
       375    979.8458    433.7807     21982.16     970.9625  14.1448   0.0480    11.63    0.483 -10.80   0      29.13     849.0079      96.7607
       376    627.3983    434.0545     2888.417     180.7103  16.3484   0.0679     1.53    0.202  14.02   0      35.94       2502.6     100.0698
       377    774.2403    429.4239     18262.11     718.3748  14.3461   0.0427    10.47    0.222  -2.62   0      40.23     1465.847     98.19884
       378    700.2163    424.3649     49195.58     668.8622  13.2702   0.0148     9.87    0.208 -10.06   0      108.4     4353.638     104.9085
       379    214.5469    420.2978      34453.2     800.0118  13.6569   0.0252     9.56    0.257 -16.08   0       75.3     2850.218     100.1076
       380    153.6438    421.1560     12950.36     655.4753  14.7193   0.0550    11.10    0.216 -26.11   0      30.87     1162.957     96.46107
       381    787.2870    421.3161     10994.33     623.4094  14.8971   0.0616    10.94    0.360 -24.67   0      26.35     991.5351     96.31702
       382    460.9330    419.2598     29482.65     898.3392  13.8261   0.0331    12.55    0.426 -20.13   0      57.61     2161.558     99.29224
       383     18.8407    421.3542      6659.89     524.4874  15.4413   0.0855     6.35    0.456 -49.57   0      17.87     777.3885     95.81039
       384    423.2440    414.3387     142616.1     814.1594  12.1146   0.0062     8.91    0.206 -11.24   0      266.8     11738.98     119.2154
       385    313.5104    412.5672     52806.18     775.0609  13.1933   0.0159     9.22    0.259 -11.76   0        112     4503.557     103.7933
       386    893.3834    412.9135     12781.43     749.9777  14.7336   0.0637     9.84    0.472  13.14   0       24.9      805.218     95.87638
       387    857.9799    407.9200     25365.18     621.6071  13.9894   0.0266     9.20    0.274  -6.04   0      61.33     2522.792     100.3658
       388    532.6004    406.6152     23470.19     597.2422  14.0737   0.0276     9.06    0.176 -11.75   0      55.94     2161.091     99.29116
       389    681.9597    406.3814     12390.38     467.7247  14.7673   0.0410     8.87    0.222 -12.01   0      33.17      1430.24     98.37164
       390    602.0508    404.2082     13185.83      575.074  14.6997   0.0474    10.91    0.278 -34.79   0      31.25     1260.776     97.46615
       391    204.5106    404.5085     23224.02     968.6681  14.0852   0.0453    13.52    0.375 -26.45   0      34.04     1030.679     96.40935
       392    813.2421    403.8673     9550.587     631.8755  15.0499   0.0719     9.38    0.356   0.63   0      22.62     934.4837     96.44267
       393   1003.3824    395.3014     268193.6     802.1587  11.4289   0.0032     8.57    0.184  -5.46  16      459.3     24407.72     140.9629
       394    128.8608    392.7957     170295.8     877.1927  11.9220   0.0056     9.91    0.261  11.69   3      293.6     12341.18     120.5662
       395    121.3722    378.3571     32184.93     1095.174  13.7309   0.0370    18.92    0.501  -2.72   3      49.56     1468.102     98.20406
       396    205.0687    394.1356     14935.68     758.9355  14.5644   0.0552     8.83    0.178 -12.22   0      32.44      1364.26     97.19254
       397    438.6190    390.1824     124433.9     987.0626  12.2627   0.0086     9.10    0.241 -14.29   2        208     7612.312     111.5207
       398    447.4416    379.6157     61840.44     1155.205  13.0218   0.0203    10.35    0.246 -10.29   3      84.91     1681.201     98.69601
       399    626.1957    389.9731     36665.22     742.1292  13.5894   0.0220     9.17    0.274 -10.16   0      76.82      3097.76     101.6594
       400    104.7040    388.8124     27919.56     768.5447  13.8852   0.0299     9.35    0.259 -19.45   1      62.78     2502.985     100.0707
       401    464.5380    384.6352     32082.39     985.4847  13.7343   0.0334    10.11    0.172 -14.56   0      53.66     1957.158     98.82327
       402    553.8756    384.6969     3448.822     177.9247  16.1558   0.0560     1.01    0.167  77.67   0      43.49      3327.78     101.4335
       403    150.0246    380.7419     21082.86     807.9279  14.1902   0.0416    11.02    0.323 -16.35   0      42.11     1686.432     98.19868
       404     89.3438    381.2040      22939.4     562.4389  14.0985   0.0266     8.88    0.244 -12.88   0      56.07     2343.024      99.9579
       405    803.8586    381.2049     14639.31     776.8079  14.5862   0.0576    10.03    0.353  38.75   0      26.25     981.5829     96.81293
       406    941.7127    374.5500     75256.05     805.3172  12.8086   0.0116    11.97    0.285  -7.55   0      154.2     6438.673     108.1794
       407    308.9230    376.7743     12879.22     736.5129  14.7253   0.0621     9.24    0.242 -47.89   0      22.79     884.7556      96.3254
       408    737.9429    375.9446     12646.77     732.1728  14.7451   0.0629     9.49    0.328 -60.20   0      23.62     830.4038     96.71699
       409    849.3867    375.4458      10559.2     634.2181  14.9409   0.0652     9.91    0.335   0.24   0      25.16     1039.137     97.20625
       410     13.9224    373.7466     26295.47     574.8046  13.9503   0.0237     9.50    0.281 -13.97  16      63.19     2560.426      99.9505
       411    639.5474    369.7253     48452.05     913.4778  13.2867   0.0205     9.02    0.269  -7.66   0      94.14     3878.853     102.9047
       412    382.3507    371.3541     8418.714     570.9954  15.1869   0.0737     9.22    0.350 -46.22   0      22.28     879.6151     96.57327
       413     73.9664    370.4268     10758.96     565.3115  14.9206   0.0571    10.87    0.264 -27.63   2      26.05     933.7264     96.95948
       414    960.0830    365.7381     18965.88     735.8375  14.3051   0.0421    10.10    0.313  -3.04   0      43.47     1668.378     97.64465
       415    472.4516    358.4834     418959.5     866.5184  10.9446   0.0022     8.94    0.193 -13.00   0      630.6      35434.8      157.743
       416    354.0271    360.4467     167431.8     751.7052  11.9404   0.0049     8.92    0.219 -11.98   0      317.3     14968.01     125.6199
       417    529.4866    360.2112     73922.52     684.5773  12.8281   0.0101     8.94    0.223  -8.39   0      158.1     6572.004     108.6901
       418    324.0066    362.0688     27835.98     893.0223  13.8885   0.0348     9.89    0.274 -16.20   0      51.64     1882.865     98.65227
       419    861.5100    357.9624     15807.51     636.0961  14.5028   0.0437    11.07    0.307 -15.14   0       36.2     1354.215     96.91065
       420    728.2256    356.6210     18308.96     795.4122  14.3433   0.0472    13.98    0.340   9.41   0      34.19     1211.161     97.60762
       421    656.7111    357.9791     17937.09     850.9019  14.3656   0.0515    12.38    0.402  -8.71   0      31.57     1287.061     96.75304
       422    161.9998    354.0998     70665.63     688.9761  12.8770   0.0106     9.16    0.211 -23.55   0      145.7     6062.137     107.8515
       423    244.9267    352.8997     62013.89     1121.091  13.0188   0.0196    20.26    0.456 -27.80   0      97.63     3648.412     101.6572
       424    833.7195    353.4144     9208.555      624.768  15.0895   0.0737     9.73    0.267 -21.98   0       22.9     825.9663     95.92555
       425    629.3583    351.3852     34510.36     960.2784  13.6551   0.0302    10.13    0.284 -11.54   0      59.64     2242.283     99.97969
       426    958.1288    347.3353     56429.95     655.2493  13.1212   0.0126    16.56    0.188  -6.32   0      129.2      5233.46     105.8542
       427     75.9231    348.0985     43122.29     659.2316  13.4132   0.0166     9.02    0.232 -16.92   0      97.51     3926.971      102.523
       428    130.7278    344.5024     33106.82     729.0994  13.7002   0.0239    12.89    0.260  61.85   0      62.42     1934.032     98.00551
       429    542.9689    347.8073      83440.6     260.8009  12.6966   0.0034     0.87    0.050  88.50   0      354.8     81196.39     214.2059
       430    410.0481    347.3679     11441.09     507.1494  14.8538   0.0481     8.89    0.284 -17.91   0      29.38     1206.986      97.0827
       431    584.0378    344.6415     18711.47     695.4636  14.3197   0.0404    10.51    0.339 -32.75   0      40.57     1638.355     98.08735
       432    851.4522    343.5172     21816.41     814.3161  14.1530   0.0405    11.85    0.278  -9.67   0      45.02     1642.499     97.58439
       433    218.5898    335.1677     204724.8     858.7635  11.7221   0.0046     9.30    0.186   8.40   0      351.6     16546.92     128.4447
       434    439.4134    339.2429     9757.037      630.957  15.0267   0.0702     9.99    0.422 -28.84   0      22.85     899.1102      96.8783
       435     13.9471    334.6295     33176.12     730.8386  13.6979   0.0239     9.66    0.312 -15.14  26      67.96     2813.929     101.0229
       436    551.1024    333.9092     20156.91     569.0772  14.2389   0.0307     9.19    0.257  -7.58   0      49.85       1995.4     98.14771
       437    801.5266    331.0826      26940.5     705.2941  13.9240   0.0284     9.13    0.246  -5.49   0      61.03     2494.717     99.29721
       438    244.8383    328.8026      49123.3     828.7379  13.2718   0.0183     9.06    0.260 -13.74   0      102.2     4188.702     104.3105
       439     82.6317    327.5422     11762.79     713.6854  14.8237   0.0659     9.91    0.247 -15.31   0      22.77     836.0988     95.94955
       440    810.5984    321.1613      23584.5      665.776  14.0684   0.0307     9.24    0.224  -9.91   0      54.73     2223.358     99.93667
       441    501.9931    320.7695     11909.62     707.5574  14.8103   0.0645    11.21    0.210 -39.14   0      26.27     920.2012     96.92777
       442    658.7721    319.6708     12428.29     724.3577  14.7640   0.0633     9.74    0.194 -31.38   2      25.27     982.5974     96.55598
       443    366.1366    318.4757     33455.66     664.4365  13.6888   0.0216    13.66    0.441  -0.63   0      68.94     2605.281     100.3027
       444    957.0741    310.7569     45596.95     754.0601  13.3527   0.0180     9.46    0.276  -7.67   3      101.4     4396.633     104.2827
       445    963.3989    303.3195     43768.34     821.9467  13.3971   0.0204     9.14    0.266  -9.13   3      92.01     3816.484     103.0106
       446    591.4652    308.4472     38665.29     680.1837  13.5317   0.0191     9.35    0.243 -12.20   0      85.58     3384.207     102.0524
       447    173.2032    308.1896     27165.85     892.1494  13.9149   0.0357    16.69    0.509 -34.54   0      49.12     1748.927     98.34322
       448   1008.8044    304.8188     13727.37      493.148  14.6560   0.0390     8.86    0.312  -3.76  16      37.25     1670.562     98.16195
       449    135.7511    304.1572     11099.28     612.2875  14.8868   0.0599    10.57    0.299 -33.44   0      27.13     1116.407     97.12893
       450    865.3248    299.4566     112200.8     839.9097  12.3750   0.0081     8.48    0.192  -6.78   0      222.9     10029.17     115.6935
       451    340.8997    302.0826     10398.92     580.4874  14.9575   0.0606    10.99    0.345 -19.46   0      25.96     960.8641     95.72215
       452    155.0816    293.9746     41000.52     906.1042  13.4680   0.0240    10.25    0.181 -44.98   0      83.56     3327.042      101.925
       453    683.7183    295.1315     13423.28     624.2943  14.6804   0.0505    11.11    0.150  21.99   0      31.27     1125.773     96.37343
       454    819.3755    288.0932     84323.24      764.004  12.6851   0.0098     8.80    0.234 -11.45   0      175.3     7513.112     110.1863
       455   1015.8026    287.0179       121524     695.7114  12.2883   0.0062     8.74    0.241 -16.79  24        244     11456.07     118.6749
       456    757.5602    290.2151     20862.47     785.0408  14.2016   0.0409     9.55    0.233 -15.44   0      46.06     1815.239     99.25713
       457    412.8365    287.5465      60887.7     741.0996  13.0387   0.0132     9.12    0.277  -8.85   0      127.4     5358.766     106.5944
       458    350.0930    290.0614     10332.78     666.9007  14.9645   0.0701     8.79    0.311 -30.05   0      21.72       893.25     95.82352
       459    894.9792    285.7165     17350.85     699.5139  14.4017   0.0438     8.77    0.247 -17.87   0      39.27     1735.645     98.05714
       460    525.3395    285.5449     12667.73     704.2493  14.7433   0.0604    11.21    0.198 -28.85   0      27.51     965.1752     96.77441
       461    481.3652    286.3980     11630.29      675.744  14.8360   0.0631    11.00    0.277 -18.28   0      26.75      997.249     97.10826
       462     55.3862    290.2159     34480.34     847.9483  13.6561   0.0267     9.19    0.270 -20.43   0      71.96     2883.129     100.9303
       463    137.9314    281.7476     57402.52     703.5536  13.1027   0.0133     8.94    0.256 -12.10   0        128     5411.248      106.471
       464    958.5645    280.4823     48987.58     662.1979  13.2748   0.0147     8.71    0.236  -2.85   0      110.1     4681.478     104.6624
       465      3.5843    268.9310     449691.3     694.7903  10.8677   0.0017    12.19    0.343 -85.15  24      740.5     59910.78     190.1545
       466     66.8535    273.9608     41490.58     728.2732  13.4551   0.0191     9.27    0.275 -16.33   0      91.35     3803.887      103.226
       467    684.0340    271.9503     34790.99     606.7229  13.6463   0.0189     9.02    0.192  -3.46   0      80.32     3316.208     101.9009
       468    510.6192    273.6676     14916.42     769.5927  14.5658   0.0560    13.01    0.306   6.83   0      32.13     1063.721     97.00557
       469    459.8087    269.8286     144136.2     739.5603  12.1031   0.0056     8.76    0.213  -9.62   0      278.2        12919     121.6505
       470    731.7870    267.9969     9743.072     551.4259  15.0283   0.0615    10.78    0.349 -29.51   0      25.55     998.1238     96.59251
       471    311.1576    263.8714     87866.81     695.5289  12.6404   0.0086     8.93    0.270 -12.79   0      182.6     7843.297     111.5417
       472    383.4855    265.4233     23624.49     723.5432  14.0666   0.0333    15.01    0.344 -18.62   0      52.09     2124.995     98.70172
       473    164.2306    257.6406     156323.6     790.6995  12.0149   0.0055     8.95    0.244 -15.30   0      293.5     14047.26     123.9429
       474    769.0786    262.0122     6253.612     489.6916  15.5097   0.0850     5.55    0.273  49.50   0       16.9     755.7899     96.02064
       475    596.6296    278.0927     13960.83     595.7208  14.6377   0.0463    10.20    0.328 -14.10   0      34.25     1336.063     96.34898
       476    658.0015    258.2745     21589.87     743.4241  14.1644   0.0374     9.36    0.233 -11.59   0      49.82     2005.651     98.93473
       477    213.9851    250.1616     365612.3     870.6025  11.0924   0.0026     8.89    0.211 -20.11   0      565.9     32222.95     153.8625
       478    919.9675    257.1411     8312.562     578.5876  15.2007   0.0756     9.23    0.170 -26.24   0      21.95      848.394     96.23957
       479   1013.4726    252.4003     47674.51     879.7211  13.3043   0.0200     8.53    0.213  -9.23  16      89.48     3613.723     102.5623
       480    427.4145    254.9211     11638.03     694.9545  14.8353   0.0648    12.08    0.414  -3.18   0      24.65     827.0299      96.1891
       481    868.5266    253.3204      6133.43     484.4876  15.5307   0.0858     5.70    0.246 -53.00   0      16.49     780.9492     95.55679
       482    598.6632    246.2748     254074.2     897.2406  11.4876   0.0038     9.10    0.329   7.17   0      422.6     21532.38     136.6158
       483    389.3128    248.7847     116171.9     750.3827  12.3372   0.0070     8.87    0.235 -11.16   0      232.1      10370.1     116.3613
       484    679.6678    247.8342     56144.43     675.8727  13.1267   0.0131     8.97    0.263 -11.71   0      124.1      5115.12      105.837
       485    183.3179    244.8502     36253.22     1120.901  13.6016   0.0336    14.47    0.478 -17.77   1      46.66     1580.739     97.44044
       486    636.8147    241.9204     27048.03     627.2392  13.9197   0.0252     9.44    0.249 -10.61   0      65.11     2676.198     100.4633
       487    555.9564    241.8889     21434.01      961.752  14.1722   0.0487    15.14    0.414  -4.76   2      36.51     1272.857     96.71967
       488    554.5593    233.0533      17899.8     894.0028  14.3679   0.0542    12.37    0.043  14.86   3      28.42     767.9239     96.31006
       489     60.3690    240.6987     8728.408     649.1996  15.1477   0.0808     9.39    0.367 -35.54   0      22.14     939.4653     95.40887
       490    808.1428    237.0968     10227.29      601.633  14.9756   0.0639    10.97    0.251 -17.35   0      25.52      1005.76     95.82869
       491     85.0405    234.8148      12111.6     744.7414  14.7920   0.0668    10.75    0.260  25.79   0      23.44     721.6403     96.72067
       492    113.2792    232.1145     15837.64     717.6073  14.5008   0.0492    10.62    0.332 -24.13   0      34.51     1451.222     97.13789
       493    724.8436    219.2247      1038205     1051.212   9.9593   0.0011     8.73    0.183  -7.49   0       1146     93957.27     227.3424
       494    199.0267    227.4711     9414.154     644.5953  15.0655   0.0744     9.16    0.256  -5.65   0      22.19     991.6762     96.57734
       495   1022.7675    225.9012     6578.433     323.3303  15.4547   0.0534     6.57    0.393  86.64  24      27.62     1698.359     97.19982
       496    410.7799    217.8266     248782.7     908.4066  11.5104   0.0040     9.63    0.164  37.81   0      396.1      18209.7     131.3539
       497    340.8582    224.5178     27354.75     569.7484  13.9074   0.0226     8.96    0.290 -16.72   0      67.73     2745.289     100.1198
       498    950.4779    224.0105     21261.23     716.7038  14.1810   0.0366     8.95    0.272  -6.97   0      49.36     2148.144     99.26153
       499    846.0699    226.2290     11055.27     668.0858  14.8911   0.0656     9.26    0.377   0.92   0      23.03     897.7938     96.35616
       500    825.5721    226.0076     8323.337      621.427  15.1993   0.0811     7.41    0.281   2.20   0      19.43     790.8026     96.36403
       501    234.6799    220.2550     175556.7     754.1577  11.8890   0.0047     8.78    0.221 -12.87   0      330.6     15970.39     126.6309
       502    457.4347    222.4600      15012.5     689.7242  14.5589   0.0499     9.88    0.180  -9.29   0      36.34     1493.148     97.75031
       503    541.6019    218.5183     34754.04      846.542  13.6475   0.0265    10.03    0.340 -12.50   0      67.46     2651.618     100.6571
       504    475.7972    219.0802     17398.26     844.8427  14.3987   0.0527    12.55    0.329 -12.66   0      31.63     1230.633     97.39584
       505    931.8099    217.6104     20848.03     744.8823  14.2023   0.0388    11.00    0.358   0.73   3       47.7     1962.291     98.83508
       506    938.9651    209.9379     37998.83     864.2592  13.5506   0.0247     9.25    0.175 -18.60   3      75.12     2991.325     101.1737
       507    637.5624    218.6743     9348.471     584.3827  15.0731   0.0679    10.35    0.309 -18.72   0      22.66     873.2118     96.29816
       508      3.7689    217.5278     7562.167     477.3419  15.3034   0.0686     8.98    0.450 -34.75  24      21.29     890.3526     96.33861
       509    288.4268    183.7689     28781.52     960.2281  13.8522   0.0362    10.85    0.247  12.05   3      44.26     1850.161     99.08432
       510    292.3742    207.5132     41167.21     716.0186  13.4636   0.0189     9.65    0.263 -18.21   3      90.53     3506.873      101.834
       511    295.3858    197.3683     65393.88     806.4252  12.9612   0.0134     8.93    0.157 -34.12   3      124.5     5011.774     106.3247
       512   1015.1107    208.3216     8172.729     555.3123  15.2191   0.0738     9.23    0.064  24.15  16      21.79      863.825      95.7537
       513    852.0518    209.8566     5966.866     530.1327  15.5606   0.0965     6.54    0.178 -15.72   0      17.03      847.914     96.75813
       514     54.5382    203.1062     37049.56     696.0479  13.5780   0.0204    10.72    0.330 -38.16   0      75.15     2890.729     100.1995
       515    510.4770    200.6505     32343.53     1072.652  13.7255   0.0360    14.61    0.309   8.44   0      50.48     1575.816     97.68598
       516    457.6734    200.1931     9003.865     661.7279  15.1139   0.0798     8.87    0.404 -45.41   0      19.67     679.9844     95.57906
       517    765.0499    195.6203     27560.55     912.3969  13.8993   0.0360    10.44    0.267 -15.27   3      48.18     1833.067      99.0451
       518    762.7442    188.8647      27485.7     921.2668  13.9022   0.0364    10.30    0.183   5.12   3      45.65     1786.149     98.68362
       519    999.8051    192.3556     15016.22     713.8431  14.5586   0.0516    11.43    0.364  -4.20   0      32.55      1270.78     97.48948
       520    374.1198    192.1423     12330.92      484.807  14.7725   0.0427    11.39    0.325 -19.90   0      31.43     1337.711     96.87194
       521    200.4472    188.1760     58009.63     890.8714  13.0912   0.0167    15.17    0.323  35.17   0       98.5     2522.986     100.6158
       522     13.4188    189.9013     15754.02     664.0422  14.5065   0.0458     9.15    0.215 -19.43  16      36.81     1394.365     96.74593
       523    637.6918    190.1644      5871.08     513.2688  15.5782   0.0949     6.75    0.573 -36.78   0      17.07     768.2543     95.00016
       524    607.0842    188.4514     15144.56     491.2552  14.5494   0.0352     9.77    0.285 -11.31   0      39.12      1618.79     97.52915
       525    941.3352    187.3583     20547.26     651.4022  14.2181   0.0344     8.94    0.259 -23.04   0      44.77     1857.203     98.59312
       526    236.2363    182.0487      31330.9     755.5781  13.7601   0.0262     9.82    0.250 -10.14   3      68.43     2642.337     100.3867
       527    227.4747    173.3405     29951.81      761.775  13.8089   0.0276     9.06    0.232  -6.07   3      66.43     2702.737     100.2736
       528    144.2982    182.9259     20193.24     902.9553  14.2370   0.0486    11.34    0.420 -29.58   0      28.41     877.2626     95.26059
       529    891.9660    179.9510     13535.86     769.1849  14.6713   0.0617    11.75    0.424  22.82   0      26.84     898.2296     96.35719
       530    271.1099    175.1590     102011.1     765.1623  12.4784   0.0081     8.88    0.249 -13.37   0      207.7     9344.017     114.1201
       531    356.8828    169.3728     686028.3     950.5748  10.4091   0.0015     8.91    0.196 -11.77   0      883.3     60949.68       191.13
       532    159.1048    175.8331     31819.63     936.4993  13.7433   0.0320    10.20    0.271 -15.71   3      49.64     1981.214     97.85896
       533    171.2858    172.4530     25766.77     823.0697  13.9724   0.0347     9.77    0.323 -17.97   3      46.19     1757.931     97.85286
       534    755.0637    176.0297     14074.31     787.8616  14.6289   0.0608    10.84    0.357 -26.84   0      26.95     1047.032     96.70753
       535    965.2023    175.6174     7915.588     594.4654  15.2538   0.0816     8.84    0.180  -6.17   0      20.89     889.7252     96.33713
       536    106.5228    170.3833      65163.8     1012.464  12.9650   0.0169     9.42    0.272 -13.36   3      110.8      4486.25     104.7176
       537     93.0078    161.3780     148455.5     878.6791  12.0710   0.0064     8.79    0.215 -11.68   3      276.1     13098.85      121.986
       538    571.2578    165.8298      6435.38     540.8671  15.4786   0.0913     6.68    0.442  11.56   0      17.22     689.0782      95.8626
       539    134.8072    164.5922     13645.31     715.1617  14.6625   0.0569     8.52    0.230 -39.69   0      23.74     812.5435     96.15487
       540    976.4097    159.2649      20892.7     619.9697  14.2000   0.0322     9.09    0.275 -11.40   0      50.85     2052.278     99.04179
       541    919.3243    160.2999     8185.828       481.56  15.2173   0.0639    10.37    0.282 -39.78   0      22.38     886.9721     95.54655
       542    696.5593    154.1276     234371.3     834.1381  11.5752   0.0039     8.72    0.263   0.37   2      400.6      20479.2     134.8523
       543    676.0724    154.4912     41564.38     690.2934  13.4532   0.0180    11.51    0.358 -14.74   3      88.71     3453.983     101.7159
       544    390.0371    157.7361     17997.16     722.6414  14.3620   0.0436    10.86    0.267 -23.26   0      39.66     1601.063      98.0009
       545     16.7932    157.5598     17707.46     622.8399  14.3796   0.0382    10.72    0.320 -33.11  16      40.69     1582.009     98.46733
       546    627.9960    155.0821     18098.22     639.8598  14.3559   0.0384     9.55    0.279 -12.80   0      44.51     1922.979     98.99825
       547    605.2846    154.0248     12537.24     582.4014  14.7545   0.0504    12.98    0.538  41.35   0      26.73     864.6802     95.75573
       548    295.1926    149.1576      7109.52     541.1503  15.3704   0.0827     8.83    0.242 -50.09   0      20.76     921.6512     96.93118
       549    769.5862    164.1661     18326.56     836.8931  14.3423   0.0496    11.38    0.307 -19.64   0      30.07     1015.894     97.40965
       550    850.7761    145.7611     33423.82     711.7974  13.6899   0.0231     8.55    0.229 -10.05   0       75.7     3267.105     102.2828
       551    520.5583    144.4820     9329.974     522.0532  15.0753   0.0608    10.97    0.363 -11.11   0      25.25      1010.32     96.10077
       552    233.1556    141.2697     16541.21      511.885  14.4536   0.0336    13.84    0.336  -1.01   0      40.84     1609.211      98.0198
       553    561.6100    141.5687     9320.396     607.5134  15.0764   0.0708     9.32    0.275 -27.66   0      23.36      958.593     97.01775
       554     34.0380    138.6819     31640.07     842.7354  13.7494   0.0289     9.47    0.299 -15.63   0      59.98      2389.18     99.56035
       555    394.4378    138.1029     7665.317     578.3333  15.2887   0.0819     7.00    0.218 -49.54   0      19.56     881.1059     95.26976
       556     16.6926    132.8870     94348.03     781.5535  12.5632   0.0090     8.66    0.232 -14.32  16      192.8     8696.106     113.0444
       557    357.7785    130.5964      19151.4     595.5964  14.2945   0.0338    11.47    0.220  26.03   0      41.15     1539.748      97.8586
       558    746.4883    133.3845     6756.666     571.4315  15.4257   0.0918     7.40    0.475  17.45   0      18.58     840.7727     95.96062
       559    659.6108    128.9843      79445.8     876.5221  12.7498   0.0120     8.99    0.281  -7.11   0      152.5     6575.942     108.9288
       560    544.2934    130.8244        11047     508.2078  14.8919   0.0500    10.71    0.346 -18.89   0      28.42     1196.749     96.28058
       561    520.4335    125.6360     9699.283     640.7947  15.0332   0.0717     9.33    0.299 -16.08   0       22.5     888.6251     96.59447
       562    790.9551    119.9444     71915.52     873.8503  12.8579   0.0132     9.18    0.266 -18.73   0      141.8     5853.313     107.6437
       563    248.4595    121.6698     20416.16     612.6743  14.2251   0.0326    16.22    0.660  -7.69   0      36.95      1229.29      97.1349
       564    695.4440    121.5645     9381.103     630.8216  15.0694   0.0730     8.56    0.359 -40.29   0      21.42     960.3111     96.76299
       565    313.3185    121.2554     10167.68     583.6281  14.9819   0.0623     9.70    0.251 -31.26   0      25.09     1063.492     96.22644
       566    723.8682    116.7624     33105.96      735.093  13.7002   0.0241     8.14    0.111 -19.37   3      76.51     3442.277     102.1817
       567    734.0292    115.0912     73594.65     1021.744  12.8329   0.0151    10.74    0.265  -3.37   3      121.1     4905.644       104.67
       568    136.6301    112.3912     16350.34     671.7537  14.4662   0.0446    10.41    0.327 -18.48   0      41.37     1676.113     98.68429
       569   1013.4017    106.6583     22542.53     608.3318  14.1175   0.0293     8.89    0.287  -7.09  16      54.85     2380.125     100.0422
       570    927.4965    107.1212     35546.15     901.2641  13.6230   0.0275     9.30    0.276 -12.33   3      70.22     2974.239     100.6382
       571    162.8646   1015.5303     26626.95     945.2389  13.9367   0.0386    11.64    0.120  -7.52  18      36.49     1198.996     96.80532
       572    571.9550    106.7750      37062.3        757.3  13.5777   0.0222     8.89    0.273 -12.68   2      78.44     2805.698     101.2523
       573    608.3561    105.2703     21796.46     533.3617  14.1540   0.0266     9.78    0.265 -10.02   0      53.23     2031.925     98.99506
       574    409.0462    105.7077      7135.65     523.4974  15.3664   0.0797     3.82    0.446 -78.40   0      19.98     932.7507     95.65538
       575    305.8740    104.3322     9956.446     644.7865  15.0047   0.0703     9.54    0.189 -10.55   0      23.87     918.2418     96.14393
       576     16.0959    103.3179     9137.599     598.0851  15.0979   0.0711     8.83    0.396 -37.60   0      23.35     1046.887     96.18722
       577     57.3730    102.8502     8278.839     569.8407  15.2051   0.0748     8.35    0.327 -26.64   0      21.66       908.96     96.90141
       578    512.0098    100.0103     20799.56     915.5168  14.2049   0.0478    13.67    0.260  -1.23   0      34.32     1095.835     96.82215
       579     35.5730     99.2019     14890.84     622.8186  14.5677   0.0454     8.99    0.277 -25.98   0      39.42     1627.143     98.57145
       580    833.1206     96.9470        49094     641.0712  13.2724   0.0142     8.53    0.227  -9.24   0      113.7     4889.196     104.8737
       581    798.4702     87.5565     678632.4     968.4227  10.4209   0.0015     8.57    0.212  -9.66   0      875.1     62703.15     193.3335
       582    537.9208    111.9781     26237.84     1017.335  13.9527   0.0421    17.06    0.423 -52.75   0      41.47     1316.246     97.33815
       583    229.4927     90.7950     66185.12       648.07  12.9481   0.0106     8.67    0.246 -12.30   0      146.6     6495.831     108.7615
       584    100.7182     91.1812     21530.38     787.6255  14.1674   0.0397    10.92    0.310 -40.86   0      42.26     1508.952     97.78706
       585    528.0591     87.5768       314637     825.1471  11.2555   0.0028     8.59    0.194  -9.72   0      516.1      29165.7     148.7735
       586    312.9832     90.1152      61860.1     722.5569  13.0215   0.0127     9.10    0.320 -10.95   0      131.5     5645.208     106.7346
       587      4.0769     89.7583     33158.27     494.4743  13.6985   0.0162     8.82    0.149 -62.33  24      93.22     4161.035      103.768
       588    987.8383     91.7267     3342.324     238.0828  16.1899   0.0774     6.23    0.473 -78.63   0      24.23     1836.188     98.54467
       589     88.0099     92.2019     13167.81     732.3345  14.7012   0.0604     8.92    0.273   3.64   1      23.47        739.8     95.98278
       590    976.6195     84.6096     14459.37     752.9877  14.5996   0.0566    10.44    0.314 -10.18   0      29.38     1217.658     97.10768
       591    884.7392     73.8188     16403.02     849.7546  14.4627   0.0563    12.68    0.365  12.54   2      28.74     984.6238     96.56075
       592    895.6448     76.3687     15468.65     736.4609  14.5264   0.0517     8.32    0.313  -5.48   3      31.42     1302.486     97.82003
       593    633.7808     78.2910      8993.28     646.3895  15.1152   0.0781     7.93    0.481 -13.67   0      19.13     772.6315     95.27418
       594    572.2716     75.0146     31557.94     898.1664  13.7522   0.0309    11.27    0.366 -31.67   0      56.09     2178.536      99.5832
       595    761.0179     72.8887     72500.73     754.6867  12.8491   0.0113     8.77    0.265  -4.56   0      156.2     6842.087     109.2534
       596    137.1998     75.1040     23531.65     538.7749  14.0709   0.0249     8.82    0.300 -18.85   0      59.91      2572.02     100.2273
       597    577.8508     95.0716     25981.69     1064.258  13.9633   0.0445    11.60    0.544 -58.52   3      43.16     812.2158     95.89297
       598    737.4453     73.6783      20224.4     875.4695  14.2353   0.0470    10.37    0.270   9.93   0      30.14     986.9568     96.30622
       599    273.6027     73.9410     14682.19     657.0303  14.5830   0.0486     8.62    0.270 -19.17   0      35.32     1507.838     98.04056
       600    464.2836     69.1471     27973.52     953.4849  13.8831   0.0370    10.03    0.212 -15.50   0      41.16     1610.965     97.51092
       601    723.9669     68.6538     15852.18     743.3564  14.4998   0.0509     8.88    0.551 -32.00   0      27.32     869.8992      96.5504
       602    103.8545     66.1807        78965     675.1987  12.7564   0.0093     8.70    0.199 -12.58   0      169.9     7618.626     111.3085
       603    482.1514     65.0575     38085.72     870.7853  13.5481   0.0248     9.11    0.251 -18.62   0      73.06         3124     101.7181
       604    855.9344     65.3244     10859.67     627.3699  14.9105   0.0627     9.20    0.301  -4.97   0      27.43     1264.396     96.95874
       605    827.4523     64.3182     19747.58     663.5208  14.2612   0.0365     9.08    0.271 -12.90   0      48.38     2096.746     98.63665
       606    280.2324     63.9648     12999.12     807.9816  14.7152   0.0675    10.99    0.435   7.81   0      24.82     899.1163     96.87833
       607    583.3391     55.3318     63944.62     1332.484  12.9855   0.0226    23.04    0.565 -20.61   3      78.86     2345.255     99.71181
       608    568.4998     53.8456     23053.85     1003.591  14.0931   0.0473    14.29    0.152  48.60   3      37.78     1066.505     95.44868
       609    397.7976     61.4539     7671.123     572.8904  15.2879   0.0811     7.73    0.099   4.07   0      19.11     832.7727     96.20267
       610    990.7001     58.0910     15823.03     794.7016  14.5018   0.0545    12.86    0.415  -5.51   0      30.19     1076.944     95.99736
       611    204.0775     50.5947     12783.68     534.2218  14.7334   0.0454    11.07    0.354 -28.48   2      32.06     1336.732      97.6431
       612    819.5577     51.6107     11754.97     664.5613  14.8244   0.0614    10.63    0.440 -16.31   3      25.79     1070.093     97.53602
       613    831.2960     46.3725     39174.29      945.603  13.5175   0.0262    16.34    0.328 -14.69   2      71.09     2882.296     99.92977
       614    620.6765   1014.4980     12288.79     690.6439  14.7762   0.0610     8.21    0.127  34.18  16      22.57     810.7473     95.62763
       615    783.7537     48.0360     6115.799     484.4794  15.5339   0.0860     8.00    0.290 -17.27   0      18.86     900.0195     96.36141
       616    452.5072   1011.0201     41713.01     679.3583  13.4493   0.0177     9.23    0.252  -8.34  16      90.23     3465.887     101.4957
       617     15.7119     42.2026     13872.08     715.2338  14.6446   0.0560    12.08    0.317 -15.23  19      31.07     1082.532     96.79092
       618    580.6947     41.9108     28930.81     895.4036  13.8466   0.0336     9.71    0.344 -17.27   1      50.49     2084.517     98.86243
       619    371.9221   1009.6679     79725.49      762.635  12.7460   0.0104    11.75    0.405  -3.29  16      147.2     5163.737     105.4669
       620    223.9081     42.3646     10557.64     654.6451  14.9411   0.0673     8.73    0.395 -25.51   0      22.64     756.1843     94.97128
       621    981.4165     36.4841     18953.29     671.7011  14.3058   0.0385    10.30    0.113 -72.38   0      39.03     1452.888     97.65667
       622    247.8881     45.4277     50790.62     683.3064  13.2355   0.0146     9.99    0.261 -12.69   0      113.7     4869.241     104.8304
       623    595.1170   1010.5073     8697.486     635.5264  15.1515   0.0794     8.53    0.239  86.20   0      20.27     782.0756      95.8215
       624    193.8890     35.5299     12691.63     608.7733  14.7412   0.0521    10.83    0.355 -19.06   0      31.17     1290.228     96.76048
       625      6.1740   1020.9656     5135.403      392.474  15.7236   0.0830     5.66    0.404  20.46  16      16.59      833.348     96.72391
       626     77.1713     30.3730     16318.51     671.7429  14.4683   0.0447    11.76    0.379 -18.05   0      36.93     1465.846     98.19884
       627    116.3877   1007.4070     8422.757     628.4846  15.1864   0.0810     8.93    0.214 -50.25   0      21.58     873.9366     96.29987
       628    713.6351   1004.1776     11593.02     710.9912  14.8395   0.0666    10.25    0.349 -62.09   0      24.19     956.2272     97.01221
       629    315.1653     31.6693     9703.302     554.8096  15.0327   0.0621     9.28    0.308 -32.08   0      25.21      1146.93     96.94201
       630    932.9657     20.0251     19569.68     203.6967  14.2710   0.0113     4.93    0.149 -22.29   0      178.9     17730.52     130.5222
       631    815.7590    998.0398      22675.1     929.5688  14.1111   0.0445    15.35    0.332 -82.59   0      37.15     1130.236     96.90286
       632    388.1791    998.9809     29172.37     940.5338  13.8376   0.0350     9.81    0.229  -1.67   0      46.84     1658.979     98.64483
       633    632.3922    999.2533     6283.167     526.7098  15.5046   0.0910     5.94    0.095 -61.43   0      17.79     853.1205     96.51089
       634    882.9050    996.3234     25579.74     914.6489  13.9803   0.0388    11.08    0.266  -9.66   0      42.85     1449.065     97.13284
       635    691.6794    988.9411     142608.6     815.6957  12.1146   0.0062     8.75    0.212  -9.49   0      274.6     12626.94     120.4809
       636    663.9380    993.3528     14910.36     767.1434  14.5663   0.0559    10.62    0.316  -9.49   0      27.64     1139.215     96.92392
       637    826.8156    988.0314     13668.59     726.4746  14.6607   0.0577     9.28    0.164 -15.96   0      29.81     1127.044     97.41157
       638    405.5649    986.2985     71857.75     670.0012  12.8588   0.0101     8.96    0.221 -12.59   0        154     6345.293     107.5177
       639    309.5306    987.9237     38296.79      908.191  13.5421   0.0258    14.24    0.416   5.99   0      72.23     2549.791     99.67506
       640    721.2365    981.0106     466268.9     998.3869  10.8284   0.0023    11.73    0.345 -15.18   0      634.4      32572.5      154.378
       641    773.9259    990.8195     9970.527     625.0451  15.0032   0.0681    10.18    0.046 -57.16   0      24.34     904.6385     96.37231
