#   1 NUMBER                 Running object number                                     
#   2 X_IMAGE                Object position along x                                    [pixel]
#   3 Y_IMAGE                Object position along y                                    [pixel]
#   4 FLUX_AUTO              Flux within a Kron-like elliptical aperture                [count]
#   5 FLUXERR_AUTO           RMS error for AUTO flux                                    [count]
#   6 MAG_AUTO               Kron-like elliptical aperture magnitude                    [mag]
#   7 MAGERR_AUTO            RMS error for AUTO magnitude                               [mag]
#   8 FWHM_IMAGE             FWHM assuming a gaussian core                              [pixel]
#   9 ELLIPTICITY            1 - B_IMAGE/A_IMAGE                                       
#  10 THETA_IMAGE            Position angle (CCW/x)                                     [deg]
#  11 FLAGS                  Extraction flags                                          
#  12 SNR_WIN                Gaussian-weighted SNR                                     
#  13 FLUX_APER              Flux vector within fixed circular aperture(s)              [count]
#  14 FLUXERR_APER           RMS error vector for aperture flux(es)                     [count]
         1     43.4979     38.3101     54477.55     1223.684  13.1595   0.0244    21.04    0.486 -24.59   0      68.24     2081.565     101.3112
         2    513.4059     38.3383     88168.95      884.924  12.6367   0.0109    13.92    0.450 -17.71   0      150.5     6107.847     110.9427
         3    363.7419     34.1173     63458.45     849.1086  12.9938   0.0145     8.12    0.153 -20.10   0      133.7     5756.544     109.4895
         4    470.8668     17.7880     48517.95     885.3304  13.2852   0.0198    12.96    0.344  50.07  16      82.81      2793.02     103.6726
         5     77.6807     17.3845      17743.1     695.2166  14.3774   0.0426     8.39    0.130 -23.55   0       42.5     1831.203     101.5422
         6     51.9521     16.8577      7441.84     512.9354  15.3208   0.0749     8.78    0.080 -63.96   0      21.05     903.4702     99.71291
         7    486.6868      8.3603     28978.77     727.0461  13.8448   0.0272     8.68    0.075  -4.90  16      65.76     2511.201     102.5319
         8    882.7744     13.8172      15465.7      507.325  14.5266   0.0356     8.61    0.094  34.90  16      39.19     1751.054     101.8895
         9    411.8254     11.0012     6669.423     520.3693  15.4398   0.0847     6.46    0.484   0.36  16      18.38     872.8744     99.64315
        10    272.3360      8.4393     19668.11     827.6566  14.2656   0.0457    10.63    0.235 -25.29  18      33.83     1311.623     100.3725
        11    275.0034      3.0069     20769.55     193.7904  14.2064   0.0101     0.00    0.001  28.84  19      196.1     20401.13     136.9368
        12    708.7530      7.4441     13347.52     644.7702  14.6865   0.0525    11.79    0.244 -40.80  16      30.22     1212.698     100.4152
        13    676.5054      4.1452     20393.32     639.9687  14.2263   0.0341    11.95    0.284 -38.76  24      45.12     1739.814     100.5416
        14    952.2239      3.0653     110342.1     584.8127  12.3931   0.0058     8.48    0.641   3.07  24      264.5     17897.79     132.9186
        15    838.6080      4.8433     12888.96     490.0431  14.7245   0.0413     9.23    0.158  -5.83  24      34.57     1461.885     101.5066
        16    756.5535      3.1570     5573.048      407.262  15.6348   0.0794     7.87    0.067 -12.07  24      18.56     913.5889     99.73597
        17    435.4641      1.8599     15162.38     373.4027  14.5481   0.0267     8.47    0.689   0.75  24      55.47     3770.131     104.7757
        18    732.3390    980.6298     460478.7     1015.534  10.8420   0.0024    10.88    0.280 -15.81   0      627.5     28694.79     149.8932
        19    195.5626    983.3374     71711.42     766.0575  12.8610   0.0116     8.32    0.070 -21.04   0      152.6     6218.537     110.9281
        20   1003.5452    982.9127     35859.39     617.8852  13.6135   0.0187     9.84    0.095  -2.72   0      84.46      3258.47     104.1752
        21    470.1098    984.5392     14617.84     489.4786  14.5878   0.0364     9.45    0.137 -35.86   0       36.3     1352.418     99.93037
        22    900.8452    982.0021     37767.38     769.0881  13.5572   0.0221     8.46    0.109  -2.73   0      81.78     3325.077     105.0876
        23    505.6007    978.4939     105426.3     790.5239  12.4426   0.0081     9.88    0.186  87.66   0      192.9     8095.281     114.7088
        24    542.8021    980.8637     18108.77     507.1895  14.3553   0.0304    13.09    0.106  40.42   0      45.98     1681.987     101.4718
        25    244.2472    980.6723     22441.07     971.9348  14.1224   0.0470    11.20    0.348 -42.43   2      30.16     853.8712      99.3306
        26    114.7209    980.2189     11529.83     453.9332  14.8454   0.0428    10.69    0.147 -53.68   0      29.84     1114.573     100.1929
        27    608.2617    976.7845     56461.72     716.2222  13.1206   0.0138     8.38    0.098 -18.63   0      124.1     4996.077     108.3946
        28    582.2484    979.9447     8887.475     620.9568  15.1281   0.0759     9.25    0.350 -73.62   0      22.21     837.9592     99.56348
        29    838.1268    987.7171     13333.47      750.324  14.6876   0.0611    11.63    0.189 -45.25   0      28.87      1090.23     99.06237
        30    970.9214    975.1624     67577.77     786.4059  12.9255   0.0126     8.39    0.028  53.50   0      136.8     5763.238     109.9914
        31    212.0385    975.2525     25308.21     986.2737  13.9918   0.0423    10.69    0.054 -22.80   0      32.25     1114.867     100.1936
        32    828.6692    960.3877     285461.6     1093.349  11.3611   0.0042     9.57    0.311 -63.43   0      419.5     20756.87     137.5259
        33    226.7643    968.9712     11344.26     695.0504  14.8631   0.0665     9.59    0.200  87.05   0      23.78     940.5432     100.0653
        34    147.8829    968.3391     13574.39     476.5146  14.6682   0.0381     8.78    0.190 -54.62   0      36.44      1481.24     100.2229
        35     53.5286    965.2256     17512.98     786.4073  14.3916   0.0488    11.67    0.113  75.81   3      33.69      1196.76     100.1121
        36     45.4338    956.8257     24000.49     760.6214  14.0494   0.0344     9.21    0.033 -64.32   2      51.33     1964.362     102.3642
        37    802.3020    962.5797     10778.56     682.2272  14.9186   0.0687     7.64    0.298 -30.84   0      22.93     934.3702     98.70414
        38    409.7294    959.2303     27096.33     664.8755  13.9177   0.0266     8.59    0.033  -0.70   0      63.29     2492.555     103.0118
        39    773.9287    956.7443     15886.67     719.2288  14.4974   0.0492    14.00    0.257  27.01   0      30.75     1163.705     99.76899
        40    985.3547    947.7250      21100.3      894.126  14.1893   0.0460    14.25    0.421  80.50   0      37.16     1381.867     100.5314
        41    896.3310    949.8884     25100.96     846.7218  14.0008   0.0366    14.98    0.045 -28.05   0      50.26     1837.429     101.0274
        42    290.3217    952.2832     12613.36     725.6116  14.7479   0.0625     9.42    0.277 -60.42   0      23.69     904.3287     98.63494
        43    654.6813    951.3405     8200.052     599.8652  15.2155   0.0794     0.00    0.376  84.49   0      21.47     957.7271     99.02866
        44    634.9528    951.4851     6691.815     473.2206  15.4361   0.0768     5.03    0.366 -62.36   0      17.85     834.7405     98.74599
        45    941.7595    946.3901     11216.71     659.4252  14.8753   0.0638     7.22    0.282 -14.06   2      22.39     825.4279     100.0714
        46    571.0443    933.3988      1052529      1065.09   9.9444   0.0011     8.31    0.062 -20.29   0       1153     88710.26     223.4019
        47    444.6511    943.1813     19853.11     904.9729  14.2554   0.0495    10.97    0.091  62.80   0      29.37     1026.015     99.99183
        48    547.7097    941.1524      18928.1     865.4131  14.3072   0.0497    11.61    0.136 -37.92   0       34.8     1259.277     99.71832
        49    281.3831    938.7724     63118.18     737.6408  12.9996   0.0127     8.35    0.048 -21.06   0      135.5     5569.522     110.0779
        50    921.0776    940.7212     13192.67     702.3578  14.6992   0.0578     9.91    0.112 -27.03   0      32.02     1318.042     99.58365
        51    694.7219    939.0563     13670.09     532.2947  14.6606   0.0423     9.41    0.094 -69.35   0      35.15     1409.215     100.0595
        52    806.6748    936.6072      16943.2     627.1086  14.4275   0.0402     9.96    0.124 -62.80   0      39.28     1464.613     100.4521
        53    661.9968    935.5074     60954.96      877.144  13.0375   0.0156     8.38    0.091 -19.47   0      123.1     4810.292     108.0044
        54    614.5329    934.1204     33370.77     820.0618  13.6916   0.0267    10.00    0.195 -69.11   0      67.15     2367.802     102.2136
        55    884.1705    932.5749     18695.57      797.733  14.3207   0.0463     9.52    0.080  82.76   0      38.78      1513.17     101.3575
        56    636.5730    933.9841        21056      640.204  14.1916   0.0330     8.84    0.104 -22.31   0      49.27     1946.312     102.3242
        57    126.2523    933.3853      6897.09       578.92  15.4033   0.0912     8.22    0.257 -81.07   0      19.18     840.4673     99.56921
        58    741.0096    930.4476     19712.32     824.4274  14.2632   0.0454    11.08    0.147  28.67   2      40.53     1589.686      101.529
        59    107.2934    930.5610     15534.08     711.6317  14.5218   0.0498    13.35    0.248 -44.25   0      30.94      985.032      98.5494
        60    959.8004    929.7180     10950.62     453.6431  14.9014   0.0450    10.32    0.145 -35.89   0      29.68     1194.047      100.373
        61     10.3693    926.8660     15191.15     768.5089  14.5460   0.0549    10.93    0.095 -76.41  16      30.38     1094.558     99.87978
        62    759.6335    923.3214     19260.63     943.2184  14.2883   0.0532    13.80    0.288 -84.69   0      31.79     1082.115     99.85146
        63    344.1367    926.7341      6337.26     515.0516  15.4952   0.0883     6.37    0.514 -58.00   0      18.33     744.6838     98.80985
        64    829.6600    924.4511      13244.1     700.4658  14.6949   0.0574    11.28    0.119  88.64   0      30.91     1173.975     100.0603
        65    311.7946    920.5271     92585.56     714.5988  12.5836   0.0084     9.66    0.079 -35.88   0      192.1     7850.436      113.988
        66   1021.2571    913.4501     157347.4     570.8647  12.0079   0.0039     8.66    0.327 -87.79  24        351     22681.48     140.8608
        67    847.9766    918.5042     11937.68     749.9012  14.8077   0.0682    10.45    0.052  69.66   0      23.95     926.1901      98.6853
        68    872.9232    922.2673     17400.19     847.0264  14.3986   0.0529    12.20    0.144  -8.90   0       32.6     1333.355     99.88701
        69      9.7682    901.5863     829536.7     989.6998  10.2029   0.0013     8.55    0.118 -30.30  24      986.8      67786.5     201.1247
        70    267.6736    908.0294     16624.56     519.5712  14.4481   0.0339     9.54    0.118 -30.12   0      42.34     1663.434      101.166
        71    162.0514    906.8854     40411.39     963.7053  13.4837   0.0259     8.67    0.106 -41.25   0      75.81     2814.927      103.203
        72     61.2194    904.4385     38678.49     743.6978  13.5313   0.0209     8.61    0.027 -15.92   0      83.52     3177.294     105.2774
        73    237.9264    900.2089     74898.46     686.8918  12.8138   0.0100     8.53    0.126 -28.11   0      157.5     6223.961     110.9393
        74     99.7240    903.4493      11876.5     684.5513  14.8133   0.0626     9.68    0.108 -77.23   0      29.27     1200.509     99.85279
        75    928.8727    902.1165     7192.767      554.228  15.3578   0.0837     8.15    0.084  45.62   0      19.86     818.3509     98.70827
        76    555.2116    895.3209      44148.3     799.1096  13.3877   0.0197     8.95    0.097 -11.98   0      89.88     3614.622     105.4583
        77     81.1404    893.5269     20022.39     722.3901  14.2462   0.0392     8.69    0.102 -64.32   0      46.93     1872.203     101.6339
        78    847.3220    888.0999     147674.7     817.4531  12.0767   0.0060     8.18    0.063 -18.96   0        278     12271.49     122.0481
        79    977.2851    890.4946     7087.636     467.7206  15.3737   0.0717     9.02    0.405 -71.83   0      20.11     862.4396     99.08033
        80    870.0380    891.0371     10576.99     694.7994  14.9391   0.0713     4.45    0.220 -58.69   0      24.76     1148.167     100.0017
        81    498.1488    888.7809     26815.57     851.1234  13.9290   0.0345     9.10    0.061 -47.63   0      56.18     2182.351     102.5864
        82    397.2090    888.9724     40359.11     923.2522  13.4851   0.0248     8.64    0.110 -25.09   0      78.93      3035.46     104.4593
        83    889.7010    886.0038     89643.52     864.6468  12.6187   0.0105     8.65    0.185 -23.66   0      174.3     7396.365     113.3156
        84    611.6877    885.4904     94429.49     846.3572  12.5622   0.0097     9.29    0.112 -71.82   3      177.1     7171.408      112.626
        85    466.6718    889.3051     13426.22     860.0844  14.6801   0.0696    10.33    0.640  48.52   0      24.15     568.9634     97.85915
        86   1015.7471    883.0937     194560.3     749.0126  11.7774   0.0042     7.94    0.038 -13.84  24      360.7     17712.69     131.7916
        87    100.7261    885.3674     12259.31     625.4089  14.7788   0.0554    11.82    0.183 -62.66   0      29.67     1207.989     100.1376
        88    829.6143    881.2200     35943.77     877.5317  13.6109   0.0265     8.58    0.042 -14.08   0      72.81     2830.062     104.0115
        89    678.6238    884.1631     8818.168     653.4963  15.1366   0.0805     8.93    0.296 -70.10   0      21.09     881.4423     100.1986
        90    376.5002    878.4962     115301.6     731.0024  12.3454   0.0069     8.38    0.089 -15.65   0      231.5     9525.528     116.8229
        91    765.9325    878.8433     25831.43     693.0431  13.9696   0.0291     9.20    0.123  -0.64   0       57.9     2256.668       102.49
        92    439.1706    879.3436     17599.78     902.1837  14.3862   0.0557    11.92    0.167 -29.89   0       27.7     973.9322     99.60493
        93    323.3164    879.2277     7832.236      544.747  15.2653   0.0755    10.24    0.243 -53.19   0      20.33     735.4866      98.7887
        94     45.2073    876.9778     30254.85     759.8497  13.7980   0.0273     9.73    0.157  -6.36   0      60.88     2243.084     102.7209
        95    307.8088    878.1525     10549.34     717.5402  14.9419   0.0739     9.92    0.231 -80.40   0      23.04      796.121     99.73676
        96    654.7623    877.0638     5861.978     541.4575  15.5799   0.1003     6.72    0.233 -77.46   0      16.87     778.1411     99.15718
        97    503.7523    869.8707     36772.24     1058.865  13.5862   0.0313     9.84    0.119 -10.63   0      55.93     1964.138     101.8393
        98    156.0655    859.1735     368007.3      1047.72  11.0854   0.0031    11.63    0.368  36.10   0      519.3     23300.89     141.4787
        99    610.0125    875.2498     39260.07     892.7518  13.5151   0.0247     9.82    0.068 -36.50   3      74.93     2772.465     103.8856
       100    222.9919    860.3590     173808.4     1003.378  11.8998   0.0063     9.12    0.294 -67.06   0      286.4     12826.59     124.3759
       101    625.4320    862.5540     39669.65     904.7719  13.5039   0.0248     8.59    0.052  -3.34   0      78.38     3056.643     104.7613
       102   1019.5798    861.3311     20694.06     594.5322  14.2104   0.0312     8.54    0.090  25.70  24      52.54     2157.862     102.5322
       103    958.2827    860.6039     37710.16     985.7379  13.5589   0.0284     9.44    0.193   5.97   0       66.1     2680.145     103.6834
       104    243.0374    859.6638     69088.01     781.7213  12.9015   0.0123     8.47    0.094 -30.02   0      144.6     5870.205     110.2122
       105    943.0936    860.7271      16170.7     819.3759  14.4782   0.0550    10.51    0.470  32.20   2      28.73     888.1443     98.86884
       106     84.4671    859.1755     15108.41     707.7225  14.5520   0.0509    11.37    0.135 -86.83   0       33.5     1214.049     100.1513
       107     24.7191    858.3014     30364.09     618.0306  13.7941   0.0221     8.68    0.080 -37.10   0      70.29     2627.973     102.5296
       108    388.9562    853.7578     13522.47     737.7869  14.6724   0.0593    12.08    0.153 -82.30   0       29.8     1088.812     99.32904
       109    900.1003    854.9692     11702.84     643.1503  14.8293   0.0597     8.74    0.104 -50.99   0      28.05     1195.349      98.7625
       110    860.0580    852.7091     30794.08     1003.673  13.7788   0.0354    17.59    0.505  -9.28   0      46.45     1315.191     99.84567
       111    704.2498    853.8873     10991.35     489.1622  14.8974   0.0483     9.34    0.031 -60.73   0      28.55     1161.672     99.49561
       112     62.4477    854.3561     6706.905     565.9819  15.4337   0.0916     7.22    0.153 -63.93   0      17.87     734.3976      99.3268
       113    546.2332    844.8093     58865.92     875.8386  13.0753   0.0162    17.99    0.174 -11.61   0      115.3     4257.259     107.3344
       114    635.6018    840.6911     198832.4     1018.932  11.7538   0.0056    10.00    0.278 -54.70   0      323.3      13931.5     125.7416
       115    847.4428    844.6377     15183.17     774.5796  14.5466   0.0554     9.52    0.198  75.70   0      24.57     961.1537      99.8443
       116    163.5952    841.9688     19790.66     925.4366  14.2588   0.0508    13.13    0.188  85.56   1      32.79     910.9123     99.99799
       117   1019.9526    839.3185     6187.637     468.7134  15.5212   0.0823     7.85    0.197  28.50  16      18.48      821.907     98.71645
       118    963.9316    836.8629     27499.34     927.3278  13.9017   0.0366     8.82    0.097 -16.52   0      46.27     1950.859     101.8096
       119    241.9176    833.5700     27125.98     777.2151  13.9165   0.0311     8.77    0.073 -26.02   0      62.35     2418.355     102.5873
       120    472.3958    834.0480     19113.15     700.4589  14.2967   0.0398    14.13    0.335   2.93   0      40.29     1573.126     100.9629
       121    834.0190    827.7593     78176.77      766.228  12.7673   0.0106     8.32    0.021 -77.60   2      162.7     7020.925     113.0348
       122    830.0928    815.4462     20762.94     647.3788  14.2068   0.0339     9.31    0.111   9.92   3      48.25     1698.543     100.4483
       123    582.0635    831.1591     22221.83     954.5096  14.1331   0.0466    11.18    0.161 -57.96   0      33.29     1180.023     100.0741
       124    878.7360    829.0251     15194.25     748.2083  14.5458   0.0535    12.93    0.143 -20.59   0      33.91     1206.516     100.4013
       125    723.2865    828.3864     22316.12     858.5407  14.1285   0.0418     9.13    0.056 -26.43   0      47.05     1892.331     101.4152
       126    179.1802    830.0360     9039.479     625.3091  15.1096   0.0751    10.12    0.102  67.31   0      22.68      915.668     100.2762
       127    703.7551    827.3283     20122.79     544.9595  14.2408   0.0294     9.58    0.109 -24.70   0      48.45      1824.48     101.5271
       128     88.8431    828.7128     16535.75     819.4772  14.4539   0.0538    10.42    0.190 -52.54   0         31      1105.77     99.36784
       129    962.9614    822.8678     32559.62     1059.225  13.7183   0.0353    18.54    0.517 -20.41   0      50.14     1542.411     100.8937
       130    113.6930    833.2432     7185.054     553.0157  15.3589   0.0836     6.22    0.283 -54.87   0      17.71     762.0437     98.30655
       131    431.2790    822.5205     32285.28       802.43  13.7275   0.0270     8.94    0.149 -20.10   0      68.45     2535.595     102.3247
       132    346.5050    823.2018     11945.49      596.813  14.8070   0.0543    10.81    0.077  41.95   0      29.57     1066.986     99.81702
       133    320.7434    819.5919     23295.54     835.8907  14.0818   0.0390    11.04    0.280 -86.31   0      42.29     1601.411     101.2912
       134    466.4427    819.3558     15756.14     811.0493  14.5064   0.0559    10.52    0.131 -31.30   0      30.85     1278.933     99.76311
       135    562.8137    818.9633     13584.77     735.0792  14.6674   0.0588    11.85    0.035  -5.61   0      29.38     1074.254      100.635
       136    637.8475    814.9618     30034.88     1011.474  13.8059   0.0366    10.05    0.116  -9.93   0      46.75     1682.948     100.9449
       137    550.5659    813.5249     20114.47     820.4691  14.2412   0.0443     9.93    0.039   8.93   2      43.39     1643.928     101.1221
       138    226.6781    807.2599     45688.18     831.5574  13.3505   0.0198     8.55    0.076 -18.32   0      94.42     3498.449     104.6974
       139     33.4793    810.4941     7756.828     554.4593  15.2758   0.0776     6.07    0.425  37.89   2      19.67     802.7932     98.94342
       140    519.9451    802.1646     159719.1     791.7371  11.9916   0.0054     8.49    0.088 -33.94   0      297.7     13101.57     124.4478
       141    996.1466    800.8302     94916.22     933.0056  12.5566   0.0107    24.01    0.156  31.75   0      148.1     4905.796     108.2051
       142    973.3870    804.9101     16370.88     727.7081  14.4648   0.0483    13.58    0.020 -46.71   0      38.82     1471.949     100.2019
       143    788.8400    803.3090     15313.07     612.4707  14.5373   0.0434     8.54    0.125 -48.91   0       37.8     1669.898     100.6498
       144    120.5346    815.6812     11795.13     647.3325  14.8207   0.0596    10.70    0.389 -18.28   0      27.39     941.9174     99.26247
       145    595.1130    794.5362       8909.4     664.6994  15.1254   0.0810     9.46    0.346 -77.81   2      22.55     850.3814     98.78199
       146    595.3340    785.0211     11033.25     708.3052  14.8932   0.0697     9.28    0.401  75.91   2      22.81     862.8242     99.62022
       147    394.8353    793.4008      20527.6     737.2227  14.2192   0.0390     9.94    0.133 -29.28   0      43.75     1589.914     101.5295
       148      8.9074    788.5338     10892.06     573.5256  14.9072   0.0572     6.68    0.573  80.87  16      30.84     1325.716     100.1374
       149    299.9288    786.0483     119450.5     816.1559  12.3070   0.0074     9.40    0.192   4.25   0      217.2     8619.626     115.7431
       150    454.6204    787.4448     25687.03     719.5335  13.9757   0.0304     8.20    0.098 -33.14   0      59.36     2339.952     103.1948
       151    665.0389    784.9441     66974.68     874.8852  12.9352   0.0142     8.54    0.104 -10.97   3      128.3     5041.223     108.4892
       152    652.5276    780.2259      78209.7     756.5672  12.7668   0.0105     8.68    0.110 -11.67   3      162.7     6478.269      111.459
       153    720.1281    784.1321     33151.77     1014.156  13.6987   0.0332     9.37    0.108 -10.43   0      54.64     1969.856     101.5888
       154     90.9582    786.0753     8824.433       608.96  15.1358   0.0749     9.34    0.243 -66.38   0      22.25     937.2415     99.52117
       155    926.2734    777.4261     264673.2     808.9948  11.4432   0.0033     8.22    0.073 -10.16   0      452.4     22997.57     141.1803
       156    148.6019    781.3186     22332.48     853.8542  14.1277   0.0415     8.96    0.193 -53.29   0      43.37     1596.898     101.2811
       157    859.4265    780.7155     17008.28     790.5068  14.4233   0.0505    10.18    0.112 -18.70   0      34.84      1336.48     100.1618
       158    521.5693    772.8787     650845.1      954.814  10.4663   0.0016     8.41    0.077 -27.39   3      847.7     53118.62     183.3665
       159    516.9781    757.1874     147148.3     818.9431  12.0806   0.0060     8.44    0.086 -29.52   3      273.7     11808.65     122.0638
       160    329.4648    777.7277     37004.32     648.9427  13.5794   0.0190     8.51    0.052 -32.92   0      83.56     3277.044     104.4723
       161     51.0834    776.9295     18931.21      840.298  14.3071   0.0482     9.96    0.138 -31.53   0      37.16     1397.013     100.0317
       162    815.9030    771.0172     24590.04     960.6639  14.0231   0.0424    12.07    0.129  46.34   0       41.7     1442.339     99.86692
       163    696.0165    771.5014     30117.38      914.161  13.8030   0.0330    16.25    0.078  67.12   3      55.36     1939.186     101.2561
       164    682.1440    763.5191     60639.86     1100.468  13.0431   0.0197    22.02    0.416  -6.15   2      90.08      2473.43     102.4482
       165    202.2550    771.5667      11629.7     542.6409  14.8361   0.0507    11.71    0.064  69.61   0      29.23     1085.923     99.59164
       166    788.2411    770.7369     15339.02     683.7448  14.5355   0.0484    11.16    0.190 -30.86   0      33.82     1177.933     100.0693
       167     69.3174    768.1761     12095.27     732.7939  14.7935   0.0658    10.25    0.187 -53.18   0      24.83     1060.163     99.80149
       168    744.5739    766.5488     10996.93     607.5707  14.8968   0.0600    10.69    0.080 -32.96   0      28.39     1143.642     100.5255
       169    364.0778    759.3051     49982.64     1163.954  13.2530   0.0253    13.41    0.398 -86.57   0      72.92     2528.684     102.8314
       170    873.6287    763.8922     17393.92     826.2222  14.3990   0.0516     0.00    0.405 -24.72   0      33.76     938.1412     98.44121
       171    159.6629    761.8762     27776.82     653.9438  13.8908   0.0256     8.81    0.107 -35.07   0      64.15     2311.996     102.6126
       172     44.3566    758.5957     233249.3     845.6711  11.5804   0.0039     8.48    0.112 -20.70   0      404.2     19557.78     135.9244
       173    303.8190    756.8207     20652.27     935.7175  14.2126   0.0492    10.72    0.262  80.70   2      28.79     895.5999     99.96318
       174     66.0550    757.5252     21873.66     948.7993  14.1502   0.0471    11.08    0.284 -46.17   1      29.24     945.8821     99.27155
       175     88.5499    756.1878     29837.83     1047.197  13.8131   0.0381    15.47    0.392 -11.65   0      43.14     1430.863     100.9078
       176    334.1373    756.2346      11186.2     667.4861  14.8783   0.0648     8.09    0.287 -51.81   0      22.09       849.27     99.32008
       177    886.7762    754.5771     11932.69     707.6485  14.8082   0.0644    11.74    0.144 -70.32   0      27.12     1028.034     100.2638
       178    407.2159    748.6873     24025.46     977.7973  14.0483   0.0442    13.23    0.255 -39.39   2      36.82     1270.333     100.0116
       179     11.3784    750.3030     48560.84     744.9167  13.2843   0.0167     9.57    0.163 -77.20  16      101.7     3967.801     105.4578
       180    553.4536    751.7186     8616.537      584.196  15.1617   0.0736     9.91    0.200 -72.07   0      22.81     906.0963     98.91009
       181    221.9296    747.1602     73282.09       680.48  12.8375   0.0101     8.45    0.104 -18.57   0        156     6250.432     110.9935
       182    276.2805    741.2699     544826.5     919.0956  10.6594   0.0018     8.40    0.078 -28.41   0      754.3     44319.17     171.8034
       183    544.5609    739.7883     16690.79      646.983  14.4438   0.0421     9.42    0.146 -36.07   0      41.62     1630.701     101.8839
       184    420.1495    760.1737     9805.365     688.7401  15.0213   0.0763     9.49    0.281  79.76   0      22.07     877.0587     99.92101
       185    101.8968    730.8162     29064.38       719.67  13.8416   0.0269     8.58    0.086 -27.41   0      64.33     2598.528     102.7253
       186    156.3185    730.5995     27899.68     801.1869  13.8860   0.0312     8.99    0.088 -31.32   0      58.43      2117.82     102.1817
       187    664.2319    730.8028     13018.13     715.5207  14.7136   0.0597    11.52    0.136 -35.43   0      29.38     1064.626     100.3467
       188    454.3568    726.9937     7072.526     594.9544  15.3761   0.0914     8.34    0.446 -56.33   0      18.59     746.4277     99.62345
       189    523.8783    720.1603     52259.12     678.3738  13.2046   0.0141     9.88    0.114 -31.99   2      111.4     4217.624     106.7499
       190    929.8719    725.6643     10101.06     648.8041  14.9891   0.0698     7.54    0.428 -60.64   0      21.41     841.2581     99.03174
       191    340.5902    724.0791     14077.79     479.5544  14.6287   0.0370     9.77    0.146 -41.02   0      36.31     1435.606     100.6528
       192    835.2798    720.2684     15748.48     555.3199  14.5069   0.0383    14.50    0.404 -27.06   0         34     1225.502     99.64131
       193    147.7587    716.7170     77232.67     822.4193  12.7805   0.0116     8.34    0.103 -34.20   0      154.9     6130.083     110.2622
       194     47.8675    719.6436      12995.1     681.9844  14.7156   0.0570     9.18    0.135 -65.16   0       32.4     1283.792     100.3095
       195    214.4738    716.0932      66752.8     841.2826  12.9388   0.0137     8.87    0.134 -12.35   0      130.7     5104.618     108.1278
       196    397.1700    711.8531     96654.65     1088.375  12.5369   0.0122    13.27    0.426  -1.75   0        152     5526.357     109.5008
       197    253.6228    713.5027      12466.5     656.8054  14.7606   0.0572    12.03    0.204 -42.76   0      29.34      1083.83     98.77699
       198    550.1238    710.2200     22352.37     720.3403  14.1267   0.0350     8.74    0.093 -29.07   0      51.19     2025.661     102.2387
       199   1014.3126    701.6700     501622.8     900.9501  10.7491   0.0020     8.15    0.025 -24.33  24      713.3     42696.09     169.6427
       200    791.1085    708.7014     13833.89     524.7662  14.6476   0.0412    10.96    0.209  16.43   0      32.81      1207.28     99.33054
       201    920.9564    712.4644     12570.81     471.7983  14.7516   0.0408     9.30    0.030 -46.78   0      34.01     1460.446     100.7089
       202    359.2024    703.1988     26052.54     752.3896  13.9604   0.0314     8.65    0.131 -22.41   0      58.63     2155.014     102.2644
       203    710.2380    699.1180     74144.95     818.2999  12.8248   0.0120     9.85    0.057 -13.07   0      150.3     5986.362     110.2087
       204    104.5911    700.1675     17073.86      717.741  14.4192   0.0457    12.52    0.176 -87.90   0      35.08     1223.726     100.7064
       205    845.2073    697.0356     38736.13     1083.033  13.5297   0.0304    19.38    0.430 -32.77   0      60.34     1702.061     101.7802
       206    490.1614    698.6800     18932.65     807.8062  14.3070   0.0463     9.85    0.130 -34.97   0      41.76     1622.827     101.0747
       207    364.6429    715.9909     23275.91     742.5903  14.0827   0.0346     9.86    0.161 -37.44   0      51.27     1858.568     102.3909
       208    820.9316    698.0695     18295.15     592.4858  14.3442   0.0352     8.83    0.058 -20.59   0      46.19     1780.149     101.1635
       209    770.5484    699.1952     10655.82     652.0853  14.9310   0.0665    11.12    0.101  77.72   0       24.5     921.8854     99.75488
       210    897.9927    699.4870     5917.735     520.0409  15.5696   0.0954     6.10    0.516  36.35   0      18.25     759.8962     99.11535
       211    410.4300    693.0536     13642.08     770.6608  14.6628   0.0613    11.03    0.133  33.29   0      27.18     1004.851     99.67545
       212    657.3576    689.6349     5786.482     517.4025  15.5940   0.0971     3.64    0.584 -45.08   0      17.33     903.6041     99.71321
       213    700.4956    686.9497     21015.54     730.0746  14.1936   0.0377     8.86    0.071  12.99   0       47.9     1900.381     100.9039
       214   1021.2945    679.1336     39435.26     669.0801  13.5103   0.0184     8.12    0.344 -82.11  25      88.45     4221.566     106.2555
       215    394.4049    681.1453     11514.39     648.2673  14.8469   0.0611    11.04    0.124 -47.05   0      26.81     936.8194     99.78889
       216     17.8073    679.9471       8506.9     634.6796  15.1756   0.0810     9.24    0.162 -50.79   0      20.94     835.2237     99.55724
       217    844.3322    670.4102     66577.12     704.3806  12.9417   0.0115     8.28    0.102 -12.80   0      144.4     5940.194     110.3564
       218    271.7694    669.2438     37591.17     785.3998  13.5623   0.0227     9.03    0.066  -6.01   0      75.45     2680.792     103.9427
       219    694.6210    669.7418      14055.3     626.0612  14.6304   0.0484    10.64    0.128 -20.19   0      34.81     1279.267     100.2992
       220    140.8391    671.0746     9743.444      598.216  15.0282   0.0667     9.78    0.135 -66.44   0      24.19     1036.685     99.74801
       221    355.0786    667.3420     15523.68     563.6039  14.5225   0.0394    12.02    0.206 -49.47   0         36     1287.927     99.78359
       222    552.9697    664.3309      14632.4     676.6198  14.5867   0.0502     8.69    0.062   9.19   0      34.64     1361.075     100.4844
       223    260.6281    662.4923     18890.32      679.035  14.3094   0.0390     9.26    0.054 -56.75   1      40.38     1397.973     99.49716
       224    572.7106    658.2899     20655.03     885.7385  14.2124   0.0466     9.82    0.073 -26.69   0      37.96     1458.284     100.4378
       225    861.7330    659.5000     10490.56     672.2465  14.9480   0.0696     9.56    0.125 -70.04   0      23.65     957.6825      98.7578
       226    301.1270    659.1279     19633.06     923.9501  14.2675   0.0511    11.80    0.137 -63.23   0       30.1      936.061     99.24907
       227    725.8113    656.2002     7600.479     638.5619  15.2979   0.0912     8.75    0.381 -67.38   0      19.06     757.9299     99.11084
       228    486.3663    658.0419     7861.398     585.0474  15.2613   0.0808     7.13    0.102  73.38   0       18.9     773.1878     99.41552
       229    816.4826    651.1212     98109.22     833.8069  12.5207   0.0092     8.55    0.144  -6.44   0        193     7832.726     113.4818
       230    389.4255    655.1501     5945.321     546.4148  15.5646   0.0998     6.74    0.464 -70.97   0      17.26     814.0166     99.77752
       231    941.5704    652.8575     10950.09     685.2213  14.9015   0.0680     9.44    0.193  85.57   0      24.53      1002.96     99.67113
       232    787.6097    648.9301     52825.18     1078.563  13.1929   0.0222    16.06    0.457 -30.49   0       87.1     2965.016     104.0489
       233    613.2360    646.2327     53745.45       1002.2  13.1741   0.0203     9.11    0.122 -28.31   0      94.45     3780.603     106.3203
       234    589.0321    644.7262     89738.84     823.4329  12.6175   0.0100     9.01    0.101 -28.04   0      180.4     7268.204     113.0583
       235    134.8969    647.1019     17522.31     638.9483  14.3910   0.0396     8.98    0.074 -21.38   0      41.94     1589.558     99.66553
       236    638.8342    642.6222     63533.41     853.8455  12.9925   0.0146     8.52    0.120 -22.39   0      124.4     4962.826     108.8181
       237    424.1745    647.3488     9524.133     622.2664  15.0529   0.0710     6.99    0.295  17.95   0      23.24     868.8452     99.90233
       238    297.9333    638.0027     191221.9     854.9059  11.7962   0.0049     8.64    0.114   2.64   2      340.1     15065.72     127.9846
       239    303.3236    621.1859      81475.1     950.3757  12.7224   0.0127    20.85    0.347 -25.68   3      145.8      5323.18     109.3235
       240    834.6270    637.3041     79705.15     701.0058  12.7463   0.0096     8.23    0.092 -18.35   0      169.7     6919.969     111.3988
       241     11.4785    638.3419     15635.02     656.8826  14.5148   0.0456    11.47    0.105 -84.29  16      33.99      1125.33     99.41256
       242    985.2969    639.9915     11606.52     701.8444  14.8382   0.0657     8.23    0.278  10.16   2      25.71     997.2986     99.65823
       243    951.3057    638.3762     16767.34     842.1006  14.4388   0.0545    12.87    0.150   1.41   0      32.57     1220.012     99.35967
       244    702.9044    636.3373      21366.7      730.184  14.1757   0.0371     9.77    0.147 -39.19   0      46.31      1805.83     100.9563
       245    198.7353    636.7181     13398.07      696.683  14.6824   0.0565    10.64    0.127 -62.83   0       32.1     1231.586      99.9235
       246    557.9089    634.9686     18540.87     801.8737  14.3297   0.0470    10.78    0.178 -26.53   0      39.19     1436.935     99.58612
       247    262.9848    634.0385     28224.88     763.6378  13.8734   0.0294     8.97    0.108 -33.17   0      60.99     2259.929      103.278
       248    115.9425    633.9183     24597.84     570.7803  14.0228   0.0252     9.17    0.122 -37.01   0      58.58     2173.526     101.7807
       249     59.8625    628.8047     10673.04     681.2101  14.9293   0.0693     8.62    0.190  -7.13   2      25.19     1060.013     100.0691
       250    340.5693    621.6675     89246.18     984.7173  12.6235   0.0120    22.80    0.435  23.10   0      149.1     5824.423     110.1177
       251    615.9570    623.9856     10735.26     699.6513  14.9230   0.0708    10.07    0.112  80.51   0      24.52     1004.749      100.211
       252    682.8677    623.6533     7013.028     561.3552  15.3852   0.0869     8.06    0.240  44.23   0      18.75     816.9156     99.24601
       253    815.9310    619.2593      21163.2     608.0682  14.1860   0.0312     9.47    0.143 -62.31   0      46.05      1682.75     101.2093
       254    597.2372    620.1061     12544.88     727.4329  14.7538   0.0630     9.60    0.117  11.84   0      23.16     804.3464     98.13183
       255    918.0850    615.6654     24282.27     840.9485  14.0368   0.0376     9.16    0.025 -50.02   0      45.43     1747.461     100.8248
       256    583.9155    615.2729     50678.23     864.4689  13.2379   0.0185     8.65    0.129  -7.67   0      100.9     3895.466     105.3018
       257    744.7961    616.3323     20794.02     824.7255  14.2052   0.0431    10.30    0.166 -28.53   0      39.51     1454.744      100.696
       258    178.6974    618.2822     6365.762     542.9033  15.4904   0.0926     6.10    0.265 -33.67   0      17.71     817.1502     98.70551
       259    906.6383    614.8170     24403.07     962.0123  14.0314   0.0428     9.34    0.065 -87.30   1       34.9      1288.37     101.1174
       260    124.2460    615.2943     11002.76     684.2612  14.8962   0.0675    10.91    0.384 -33.98   0      24.47     973.0125     98.79308
       261    468.0042    611.8574     21866.24      941.005  14.1506   0.0467    12.25    0.049 -86.74   0      31.09     1126.145     100.2192
       262    149.7191    607.0453     173570.8     781.2713  11.9013   0.0049     8.46    0.089 -46.17   0      317.7     14049.23     125.5283
       263    290.0956    603.2557     64206.07     674.4711  12.9811   0.0114     8.61    0.140 -24.61   0      138.6     5452.899     108.6112
       264    389.6296    601.5399     68330.77     764.1785  12.9135   0.0121     8.68    0.111 -27.54   0      141.7     5418.538     109.0315
       265     59.3423    596.8706     140205.9     784.4109  12.1331   0.0061     8.40    0.069 -26.25   3      267.7     11580.69     121.1975
       266     46.7913    585.2661      60326.2     1025.463  13.0487   0.0185    19.21    0.463 -89.23   2      89.42     2232.888     102.4373
       267    591.5825    599.9775     11724.48     684.5009  14.8273   0.0634     7.90    0.340 -36.49   0      21.08     791.2758     99.72571
       268    443.1055    597.8785     11447.99     726.1689  14.8532   0.0689    10.51    0.180 -28.06   0      24.58     915.4349     99.20182
       269    195.5381    596.7405     12246.13     768.5089  14.7800   0.0682     9.88    0.165 -85.62   0      22.02     835.1218     99.28769
       270    956.4861    594.7675     7847.515     581.5994  15.2632   0.0805     9.09    0.190 -46.30   0      20.43     842.6599     99.03495
       271    408.2277    594.2490     11936.71     719.8417  14.8078   0.0655    11.06    0.075  -0.37   0      25.64     849.7064     99.85878
       272    346.1547    591.2346     16427.92     529.6932  14.4610   0.0350    10.30    0.075 -26.39   0      39.61     1491.037     101.0433
       273    858.3340    588.4849     54655.81     707.1807  13.1559   0.0141     8.53    0.112 -14.03   0      118.3     4706.204     107.5364
       274    512.2665    606.1295     170868.3     871.2623  11.9183   0.0055     8.43    0.083 -26.50   0        307     13534.68     124.8079
       275    827.7088    587.2661      16963.9     762.0378  14.4262   0.0488     9.68    0.142 -22.33   0      39.03     1399.668     100.0378
       276    466.9739    585.8879      24206.9     1002.848  14.0402   0.0450    12.09    0.309  62.29   0      33.98     1188.614     99.55714
       277   1022.4000    583.6309     10184.81     494.2349  14.9801   0.0527     6.77    0.316 -86.63  24      26.16     1509.906     101.3502
       278    981.7429    595.0469     11983.44     710.4968  14.8035   0.0644    10.34    0.069   7.59   0      26.18     1098.959     100.1575
       279    450.2784    581.4496     12727.37     734.8141  14.7382   0.0627    10.15    0.216 -44.82   0      25.43     988.5878     99.36927
       280    779.2654    577.3224      22615.8     662.3324  14.1140   0.0318     8.68    0.130  -9.31   0      53.48     2046.279     101.4962
       281    392.3985    578.9725     12000.06     712.3839  14.8020   0.0645     8.32    0.303 -54.00   0      22.97     746.1172     99.62274
       282     13.6350    576.3122     64680.87     777.0005  12.9731   0.0130     8.25    0.099 -30.28  16      135.2     5535.651       109.03
       283    689.2534    575.3796     11149.12     602.0944  14.8819   0.0586    11.27    0.130 -33.42   0      28.02     1079.698     100.1138
       284    667.5780    572.4143      93212.6      791.246  12.5763   0.0092     8.37    0.092 -16.64   0        189     7928.751     114.6123
       285    632.8008    576.6246     15431.11     703.0818  14.5290   0.0495     7.39    0.366   8.99   0      26.49      909.498     99.45779
       286    839.5370    562.3711     39985.34     914.4176  13.4952   0.0248     8.99    0.116 -23.10   2      75.94     2867.936     103.8367
       287    245.7487    568.1973     12450.57     460.2487  14.7620   0.0401     9.18    0.231 -58.55   0      32.17     1361.669     100.4857
       288    524.2498    566.7185      13392.9     613.9423  14.6828   0.0498    10.39    0.098 -17.43   0      32.18     1135.723     99.43633
       289    304.8951    562.2786       142140     782.4086  12.1182   0.0060     8.59    0.114 -23.69   0      272.4     11453.67     120.7375
       290    198.4836    566.0023     11138.19     596.5055  14.8830   0.0582     6.45    0.444 -64.84   2      22.13      828.274     99.54137
       291    648.6931    563.6512     13712.06     769.8124  14.6572   0.0610    10.79    0.225  89.55   0      25.22     833.3949     98.47136
       292    971.5854    564.7575     7712.484     547.1493  15.2820   0.0770     6.22    0.226 -35.06   0      18.05     776.5476     99.69214
       293    640.3594    553.2070     44123.75     1477.213  13.3883   0.0364    21.79    0.623 -44.15   2      47.61     1735.935     101.8558
       294    651.5818    546.5292     19285.32     796.2214  14.2869   0.0448     3.79    0.456  71.58   3      33.39     1870.748     101.8937
       295     30.8405    554.2222     16844.46     890.7921  14.4339   0.0574    12.85    0.053  52.16   0      29.36     979.3346     100.1534
       296    284.5500    550.6740     29385.15     655.5244  13.8297   0.0242     9.02    0.085 -16.00   0      66.44     2381.937     102.5066
       297   1002.8299    547.3090     15330.11     764.1827  14.5361   0.0541     9.59    0.172 -26.22   0      32.37     1224.479     99.10007
       298    882.3890    548.3292     11980.52     719.8556  14.8038   0.0653    11.52    0.391 -16.07   2      25.25      729.548     99.04574
       299    473.7239    547.1427     19514.79     821.9334  14.2741   0.0457     8.82    0.381  76.20   2      27.21     843.3502     99.03654
       300     86.7105    548.0356     8512.799     599.9838  15.1748   0.0765     9.26    0.167 -55.91   0       20.9     873.7024     98.83563
       301    261.0407    538.5864     27581.67      852.899  13.8984   0.0336    18.50    0.453 -75.68   0      48.76     1634.619     101.8926
       302    302.2076    542.3569     8703.449     624.1154  15.1508   0.0779     7.69    0.271  69.94   0      19.98     859.6839     100.1492
       303    941.5770    536.5834     29304.23     905.1274  13.8327   0.0335     9.46    0.104  37.63   0      54.52     2159.027     102.7955
       304    120.6396    538.8364     13974.96     737.9262  14.6366   0.0573    12.99    0.223 -19.95   1      31.78     1174.533     100.0616
       305     28.3227    535.2614     90068.18     778.3947  12.6136   0.0094     8.36    0.087 -34.55   0      183.2     7535.361     113.1217
       306    431.9860    534.2361     21859.28     780.8342  14.1509   0.0388     9.81    0.186 -26.02   0      46.15     1753.371     102.1572
       307    783.4368    529.2130     331746.1     936.1642  11.1980   0.0031     9.22    0.062  74.28   0      503.2      25187.7     145.2173
       308    989.1427    529.2678     36577.57     878.4581  13.5920   0.0261     8.69    0.099   6.82   2      68.61     2779.391     103.6427
       309    982.7424    520.0755     12767.21     643.5263  14.7348   0.0547    12.50    0.307 -68.99   3      28.96     941.4312     99.26136
       310    638.3061    529.2676     20268.23     883.3688  14.2330   0.0473    10.44    0.054  83.50   0      38.72     1432.131     100.3786
       311    116.3572    525.9198     100616.5     808.4141  12.4933   0.0087     8.44    0.126 -22.21   0      197.5     8144.855     114.5736
       312    608.8663    530.2604      6001.05     193.7411  15.5544   0.0351     1.01    0.101  77.43   0      65.81     5461.175     109.3654
       313    619.0461    525.4379     38352.97     743.5983  13.5405   0.0211     8.90    0.072 -30.04   0       81.7     3136.498     104.4228
       314    375.6924    525.1285     39236.38     802.7303  13.5158   0.0222     8.80    0.078 -34.94   0      78.97     2874.505     103.3341
       315    473.0378    521.8582     52554.99     946.2682  13.1985   0.0196     9.15    0.069 -41.36   0      98.87     3782.678     105.8199
       316    567.1862    522.5676     20148.57     755.0499  14.2394   0.0407     9.16    0.147 -53.06   0      43.25     1802.475     102.2663
       317    695.4217    521.0118     12545.88     705.0027  14.7537   0.0610    12.49    0.087  -5.09   0      30.53     1044.875     100.0347
       318   1010.1114    520.6481     7030.039     366.5982  15.3826   0.0566     9.61    0.212  72.00   0      21.19     801.9207     98.67043
       319     78.3036    518.5278     7866.553     612.9861  15.2605   0.0846     7.64    0.380 -56.09   2      20.41     866.8607     98.54857
       320    414.5946    517.9332     10938.55     652.1838  14.9026   0.0648     7.20    0.331  89.89   0      20.01     767.0509     99.13175
       321    225.2191    503.3675      1819851     1242.893   9.3499   0.0007     8.45    0.078 -17.04   0       1593     150340.6     279.1454
       322    888.2490    512.0971     32842.47     765.0108  13.7089   0.0253     9.03    0.116   8.20   0      67.75     2608.816     102.4872
       323    765.8887    503.5653     154239.1     814.3591  12.0295   0.0057     8.91    0.117 -33.10   0      278.2     11562.43     120.9421
       324    470.2122    506.0038     17427.39     812.3419  14.3969   0.0506     9.60    0.112 -54.40   0      33.92     1313.118     100.3759
       325    802.5527    503.3411     15997.69     752.9108  14.4899   0.0511     8.10    0.528 -50.37   0      23.38     801.7746     99.21133
       326      3.1587    503.9954     6278.356     439.2701  15.5054   0.0760     5.87    0.409 -89.98  16      16.55     847.6104     99.85401
       327    298.0052    500.4450     36650.43      934.595  13.5898   0.0277    10.32    0.266 -14.13   2       66.5       2544.5     103.3856
       328    310.3981    500.1678     24067.31     927.2085  14.0464   0.0418    11.38    0.047  66.92   3       39.9     1107.409     100.4436
       329    110.0369    498.8269     15270.71      654.715  14.5404   0.0466     2.97    0.236  -3.98   0      32.41     1081.043     100.3839
       330    502.1278    496.4785     10708.46     572.2844  14.9257   0.0580    11.33    0.156 -26.20   0      26.15     1011.452     99.15188
       331    342.3414    496.7852     10177.52     441.2828  14.9809   0.0471    11.52    0.078  30.32   0      26.48     855.3986     99.60328
       332    166.2978    492.2638     36017.17     855.9263  13.6087   0.0258     8.69    0.125 -21.92   0      74.09     2862.637      103.308
       333    282.6041    490.5633     21377.16     807.6653  14.1751   0.0410     9.92    0.102  -9.15   0      41.36     1527.074     101.3887
       334     58.2265    489.1137     44008.32     950.5722  13.3912   0.0235     8.54    0.037  55.08   0      80.54     3040.906     103.6994
       335    671.1245    503.1509     21543.58     725.6412  14.1667   0.0366     8.90    0.125 -30.63   0      52.19     2016.124     101.6923
       336    933.0789    483.8637     25962.19     588.6356  13.9641   0.0246     9.70    0.073   7.17   0       61.9      2531.92     102.8386
       337    178.2650    484.5397     14533.87     805.7374  14.5940   0.0602    10.14    0.172 -14.19   0      25.73     825.3136     99.26524
       338    441.0227    482.9750      7743.93     609.6555  15.2776   0.0855     7.52    0.254  76.96   0      18.56     813.8113     99.77705
       339    386.4932    481.8671     11535.96     708.4665  14.8449   0.0667     8.46    0.219 -53.76   0      21.97      937.678     99.25277
       340    275.4423    479.4412      25365.5     951.7477  13.9894   0.0407    12.51    0.204  49.47   1      31.67     1063.639     99.27142
       341    730.8918    476.1656     19326.13     551.9523  14.2846   0.0310     9.51    0.100  10.39   0       45.3     1671.041      100.119
       342    608.9948    471.9297      6248.77     321.3217  15.5105   0.0558     4.57    0.111  85.65   0      26.49       2452.4     102.9231
       343    292.0950    470.4241     9391.305      639.199  15.0682   0.0739     9.09    0.257 -78.62   0      22.34     844.5723     98.49715
       344    658.8619    470.5774      5734.33     526.3582  15.6038   0.0997     6.81    0.220 -14.35   0      16.86     702.8415     98.98444
       345    973.1171    467.8489     7852.642     590.7371  15.2625   0.0817     8.81    0.146  -0.37   0      20.61     815.2869     98.70121
       346    330.8499    462.1474     52001.87     892.9963  13.2100   0.0186    10.48    0.341 -30.31   0      93.39     3809.008      106.381
       347    845.0399    462.1954     52395.02     696.9141  13.2018   0.0144     8.36    0.125 -15.41   0      118.9     4949.794     108.7909
       348    693.3326    464.9622     7734.244     544.7061  15.2790   0.0765     8.81    0.328 -28.74   0      20.72     847.7561     99.31661
       349    126.3774    459.4594      62521.6     878.3123  13.0099   0.0153    13.73    0.367  83.37   0        106     3740.693     105.7297
       350     80.2547    462.0690     42340.35     875.3716  13.4331   0.0225     8.51    0.127 -26.00   0      83.82     3304.994     104.5331
       351    248.5302    457.0915     301280.9     833.7927  11.3026   0.0030    13.46    0.090 -32.88   0      494.1     24420.14     143.2654
       352    490.0666    459.5880     6612.823      544.238  15.4490   0.0894     6.20    0.245 -86.07   0      17.46     751.7135     99.09659
       353    158.1640    458.7519     7631.946     604.0986  15.2934   0.0860     8.05    0.553 -68.48   0       19.5     737.9648     99.06505
       354    792.6440    456.8299      9583.23     474.6072  15.0462   0.0538    11.30    0.128  -5.36   0      23.66     827.9498     99.80925
       355    974.1918    456.0555     12665.65     722.8553  14.7434   0.0620     8.24    0.026   3.72   0      26.95     1266.052     100.5359
       356    510.6261    456.6542     6404.736     550.2674  15.4837   0.0933     6.18    0.375  28.69   0      16.87      785.117     99.17316
       357    207.0407    452.5859     12279.01     497.8931  14.7771   0.0440    12.94    0.151 -10.88   0      30.58     1124.624     100.7486
       358    114.0443    448.2820     12250.72     759.7502  14.7796   0.0674     9.81    0.131  84.40   0       24.3     919.1519     98.94009
       359     15.8021    443.7227     39398.79      863.051  13.5113   0.0238    12.78    0.311 -38.72  16      77.61     2998.322     104.1217
       360    408.7415    433.4321     297626.2     860.4683  11.3158   0.0031     8.39    0.056 -49.58   0      487.3     24296.83     143.0696
       361    647.9041    445.0891     17802.23     580.8853  14.3738   0.0354     9.79    0.170 -36.39   0      40.04     1578.435     100.4431
       362    585.8265    446.0407     15654.23     783.3105  14.5134   0.0543    10.05    0.104   9.36   0      25.96     975.1606     100.1439
       363    150.6453    444.3441       7154.9     566.1617  15.3635   0.0859     8.21    0.281  88.38   0      19.25     775.6851     99.42122
       364    598.6656    441.4039     27087.52     1040.828  13.9181   0.0417    10.61    0.169  28.95   0      37.65     1443.141     100.9355
       365     15.0175    462.0702     20335.78     960.3542  14.2293   0.0513    11.78    0.421 -57.52  16       28.8     942.1619     99.80106
       366    936.1777    437.7889     8583.459     629.4118  15.1658   0.0796     8.24    0.149 -82.38   0      21.01     919.0259     99.74836
       367    990.8730    433.5092     21571.77     876.0967  14.1653   0.0441     9.53    0.495  13.82   0      28.21     900.0745     98.89626
       368    785.5236    429.1027     17519.09      684.469  14.3912   0.0424     9.24    0.133 -16.97   0       39.2     1542.379     100.3615
       369    711.2619    423.9328     47599.95     665.8429  13.3060   0.0152     8.50    0.109 -12.28   0      105.2     4198.796     106.7098
       370    225.8036    419.8775     33353.43     780.7506  13.6921   0.0254     8.61    0.148 -38.63   0      73.55      2835.92     103.7666
       371    165.1763    420.9646      12783.5     528.1273  14.7334   0.0449     9.42    0.082 -76.40   0       32.5     1418.228     101.1444
       372    798.2901    421.3637     9823.408     603.8149  15.0193   0.0668    10.80    0.085 -60.15   0       25.2      998.962     99.12325
       373    471.3696    419.2042     26716.99     755.2538  13.9330   0.0307     9.95    0.211 -27.67   0      55.22     1962.473       102.36
       374    434.4597    413.9379     141086.2     826.2195  12.1263   0.0064     9.12    0.104 -11.90   0      263.5     11487.07     121.2429
       375    324.6585    412.2820     54064.73     843.4219  13.1677   0.0169     9.12    0.126 -20.24   0      110.7         4273     106.3655
       376    905.0073    412.4997      13423.7     836.4096  14.6803   0.0677    10.67    0.185  54.75   0      24.09      762.533      99.1214
       377    869.1516    407.4366     24947.93     684.0016  14.0074   0.0298     8.82    0.120 -13.49   0       59.2     2336.817     102.6676
       378    543.9602    406.1050     21831.03     588.1775  14.1523   0.0293     9.22    0.076 -25.46   0      53.24     1930.544     100.7063
       379    693.1275    406.2976     12523.37     522.9198  14.7557   0.0453     9.04    0.114  -0.51   0       32.3       1293.3     99.52717
       380    216.0189    403.8811     21389.87     957.8122  14.1745   0.0486    13.38    0.233 -43.16   2      32.31     1117.443     99.93185
       381    216.1637    394.1610     15840.59     791.8634  14.5006   0.0543    10.94    0.167  85.19   3      32.25     1236.778     100.2029
       382    824.2786    404.1043     8578.599     595.5295  15.1665   0.0754     9.84    0.083  -1.03   0      22.49     975.3734     99.06915
       383    613.3578    403.6111     13028.03     597.2251  14.7128   0.0498     9.69    0.052 -48.72   0      29.46     1256.925     101.0467
       384   1014.5299    394.8967     267404.1     802.2874  11.4321   0.0033     8.06    0.064  -9.04  16      455.9     23660.69      141.678
       385    139.9030    392.4505     167991.9     907.4083  11.9368   0.0059     9.62    0.185  20.10   3      286.8     11365.23     120.3487
       386    134.1727    377.9637        31239     1107.754  13.7633   0.0385    19.61    0.492  -4.51   3      46.75     1785.589     101.9666
       387    449.7954    389.6892      89021.9     812.5958  12.6263   0.0099     8.56    0.155 -22.33   2      177.5     7142.601     112.8055
       388    458.6842    379.3369     26174.16      918.297  13.9553   0.0381    10.34    0.172 -43.81   3      46.24     1700.707     100.7194
       389    637.4871    389.5666     33475.49     652.8525  13.6882   0.0212     8.56    0.153 -12.52   0      75.64     2945.708      103.749
       390    115.9088    388.5534     29015.08     871.9052  13.8434   0.0326     8.79    0.117 -26.06   0      61.64     2334.397     102.1393
       391    475.3539    384.0699     27431.42     905.3967  13.9044   0.0358     9.47    0.078 -35.35   0      52.13      1932.89     101.7695
       392    100.5020    380.8896     22565.63     672.3459  14.1164   0.0324     8.87    0.135 -43.40   0      54.65     2035.789     101.2085
       393    814.6407    381.0228      14129.2     793.9056  14.6247   0.0610    10.51    0.189  51.15   0      26.05     1079.536     100.3805
       394    161.1911    380.2044     19343.05     793.7119  14.2837   0.0446     9.50    0.215 -32.59   0      41.05     1560.381     100.9342
       395    791.7132    379.5159     6394.394     461.6193  15.4855   0.0784     5.80    0.295 -67.62   0      18.67     1498.547     100.5289
       396    952.5943    374.2620     71815.48     828.2269  12.8595   0.0125     8.15    0.081  -8.33   0      148.8      6419.88     111.5801
       397      2.8733    376.8739     7233.831     477.7032  15.3516   0.0717     8.51    0.302 -81.01  24      20.23     888.8795     99.14097
       398    748.9365    376.0563     13549.09     769.7643  14.6702   0.0617    10.19    0.222 -68.53   0      24.83     1009.828     99.95503
       399    320.0565    376.6117     12793.05     708.8697  14.7326   0.0602     8.16    0.237 -61.07   0       21.5     733.7183     99.32524
       400     25.3272    373.4914     26637.38     647.3731  13.9363   0.0264     8.65    0.118 -22.39   0      62.86     2524.838     102.5622
       401    860.4547    375.0132      10877.5     670.3833  14.9087   0.0669     6.66    0.154   5.23   0      23.45     1049.914     100.0461
       402    650.5540    369.4027     44143.61     874.3098  13.3878   0.0215     8.66    0.150  -8.97   0      89.61     3616.654     105.7163
       403    393.0079    372.5154     7062.889     575.5062  15.3775   0.0885     7.58    0.506  18.27   2      21.22     928.6754     99.77034
       404     85.1511    370.0766     9701.753     567.1832  15.0329   0.0635    10.73    0.247 -62.36   0       25.8     1031.427     99.46721
       405    971.1790    365.4402     18509.54     730.2114  14.3315   0.0428     8.77    0.116 -18.08   0      43.46     1765.876     101.9226
       406    365.1946    360.0003     166494.4     759.1948  11.9465   0.0050     8.35    0.105 -20.05   0        313     14130.89     126.1015
       407    483.5966    358.0347     414049.5     876.2927  10.9574   0.0023     8.39    0.092 -21.59   0      624.1        34904     159.5337
       408    540.6807    359.7771     74559.84     708.8427  12.8187   0.0103     8.45    0.094 -13.13   0      156.9     6352.094     111.2014
       409    335.2177    361.7500     29112.33     951.2357  13.8398   0.0355     8.89    0.115 -27.68   0       50.5     1971.624     102.3804
       410    872.4953    357.6055     16170.95     788.5701  14.4782   0.0530    10.34    0.146 -17.38   0      33.33     1265.732     100.2685
       411      2.7404    357.3416     10955.22     432.4944  14.9009   0.0429     8.83    0.449 -88.41  24      35.06     1724.017     101.8292
       412    667.5423    357.7700     14144.55     757.6708  14.6235   0.0582     9.61    0.195 -18.81   0      29.38     1233.458     100.1954
       413    173.1754    353.6892     69827.71     696.8362  12.8899   0.0108     8.46    0.125 -36.89   0      144.2     5839.336     109.6612
       414    739.6206    356.2104     19196.07       833.17  14.2920   0.0471    13.55    0.309   2.61   0      34.42     1247.245     100.2266
       415    255.8879    352.5603      62117.4     1150.139  13.0170   0.0201    20.07    0.428 -31.08   0      95.32         3627     104.9761
       416    844.3680    353.2750     10007.52     686.8604  14.9992   0.0745     9.64    0.058 -54.26   0      21.93     765.3208     99.12778
       417    640.7644    351.1010     30667.24     887.5499  13.7833   0.0314     9.04    0.208 -28.40   0      57.62     2022.577     100.9138
       418    969.2368    347.0621     53836.05     634.0364  13.1723   0.0128     7.97    0.090  -5.45   0      122.5     5344.763     109.1232
       419     87.0944    347.6919     45424.34     753.7915  13.3568   0.0180     8.64    0.125 -27.64   0      95.55     3652.824     105.2866
       420    420.9267    346.7579     12791.92     644.5743  14.7327   0.0547     9.85    0.071 -39.05   0      30.99     1255.558     100.2455
       421    141.8022    344.0790     31276.08     701.5375  13.7620   0.0244    13.26    0.340  63.73   0      60.95     2209.374     102.3851
       422    594.7971    344.6410     19061.97     731.2992  14.2996   0.0417    11.62    0.312 -42.78   0      39.31     1570.984     101.4871
       423    862.5207    343.0657     22489.76     861.6996  14.1200   0.0416     9.18    0.145 -13.91   0      44.35     1719.592      100.762
       424    229.8447    334.8388     203794.8     901.6034  11.7270   0.0048    13.61    0.148  31.29   0      346.5     15717.96     128.9301
       425    618.9897    341.0323     9777.801     180.4397  15.0244   0.0200     0.00    0.048 -62.38   0      119.2     9137.987     117.2142
       426    449.5492    339.9937     8766.883       600.08  15.1429   0.0743     9.51    0.177 -48.51   0      21.92     889.5633     99.68121
       427      8.4606    337.1961     21943.92     811.1325  14.1467   0.0401    13.81    0.341   9.25  16      40.84     1380.984     100.7954
       428     25.0499    334.4271     29811.16     723.6155  13.8141   0.0264     8.73    0.172 -29.64   0      65.23     2517.009      103.584
       429    562.4374    333.6472      19175.4     538.3831  14.2931   0.0305     9.05    0.080   3.17   0      48.81     2005.093     101.9306
       430    812.6652    330.7082      26077.9     739.8371  13.9593   0.0308     8.80    0.135 -18.58   2      59.56     2245.811      101.942
       431    821.5948    320.8581     23689.05     731.8217  14.0636   0.0335     8.82    0.091 -27.55   3      52.31     2142.148     102.4973
       432    256.0167    328.3412     50849.25     900.9133  13.2343   0.0192     8.57    0.115 -26.16   0      101.7      3983.74     106.2508
       433     93.5820    326.9636      12529.4     753.6417  14.7552   0.0653     9.37    0.275 -55.77   0       21.4     892.5518     100.2238
       434    513.0306    319.5107     13417.38     807.0828  14.6808   0.0653    10.49    0.248 -51.25   0      25.28     847.9328     98.77635
       435    377.5775    317.9640     37161.61     823.5537  13.5748   0.0241    13.47    0.389  -3.40   0      70.77     2463.503      103.725
       436    670.1874    319.3776     9616.894     661.9144  15.0424   0.0747     9.47    0.277 -59.12   0      22.67     856.2801     99.60529
       437    968.0671    310.5943     43608.32     734.3447  13.4011   0.0183     8.52    0.098  -9.18   3      99.12      4295.34     106.9153
       438    974.6819    303.0287     47335.28     860.4835  13.3120   0.0197     8.81    0.087 -22.76   3      92.51     3949.179     106.1769
       439    602.6588    308.1453      37189.1     679.2448  13.5740   0.0198     8.96    0.123 -19.53   0      82.03     3217.331     105.1093
       440    184.0147    308.3231     25034.74     729.4918  14.0036   0.0316    14.52    0.416 -36.55   0      49.82     1774.495     101.6788
       441   1019.6659    304.2612     12845.95     441.1402  14.7281   0.0373     8.96    0.109  -1.17  24      36.66     1672.192     101.1856
       442    876.4656    299.0685       117592     903.6293  12.3241   0.0083     8.11    0.081 -13.67   0      222.4     9802.746     117.8163
       443    351.6339    301.4368     10259.38     640.5534  14.9722   0.0678    10.23    0.246 -42.35   0      24.63     1049.335     100.0448
       444    166.1705    293.7234     41397.68     839.2043  13.4576   0.0220     9.44    0.195 -59.12   0      83.44     3382.937     104.9578
       445    694.7003    294.8758     12264.85     592.4321  14.7783   0.0525    11.10    0.133  28.72   0      29.46     1148.463     99.19588
       446      8.2135    291.6362     14718.28     783.0389  14.5804   0.0578    10.75    0.284 -57.05  16      26.45     994.7354     100.4552
       447    830.4963    287.7257     83187.99     761.5851  12.6998   0.0099     8.33    0.124 -12.79   0      172.2     7242.025     112.2926
       448    768.8444    290.0926     23424.31     858.0543  14.0758   0.0398    14.84    0.188  10.97   0      46.26     1717.355     100.4908
       449     66.3570    289.7478     32347.59     791.5291  13.7254   0.0266     8.65    0.145 -27.89   0      70.48      2805.51     103.9578
       450   1022.5902    286.9536     30376.86     417.6832  13.7936   0.0149     7.84    0.498  89.66  24      106.5     7060.288      113.114
       451    423.9013    287.1887     61051.86     793.8478  13.0358   0.0141     8.72    0.154  -9.38   0      124.6      4990.76     108.3835
       452    361.9384    289.6982     13418.15     781.8057  14.6808   0.0633    10.59    0.128 -57.17   0      24.39     907.6304     98.91361
       453    943.1043    288.1388     5092.512     473.8665  15.7327   0.1011     6.05    0.418 -82.11   0      16.23     874.0378      98.8364
       454    906.3550    285.3095     17082.85     705.5156  14.4186   0.0449     9.23    0.122  -8.50   0      39.37     1640.249     100.5829
       455    536.1525    285.4573     14498.77     747.9971  14.5967   0.0560     5.96    0.309  81.20   0      28.94     1539.428      101.152
       456    492.6317    285.7533     12345.37     747.3425  14.7712   0.0657    10.80    0.161 -58.74   0         26     1000.057     100.2004
       457    146.1685    304.5783     9484.594     547.8849  15.0575   0.0627     9.91    0.101 -12.09   0      24.86     1102.917     100.4334
       458    149.1714    281.2911     57596.84     683.1058  13.0990   0.0129     8.34    0.124 -29.07   0      127.2     5093.402     107.8563
       459    969.7720    280.0386     47227.53     641.1296  13.3145   0.0147     7.98    0.109   4.86   0      106.9     4757.458     108.3883
       460    608.0418    277.8845     13054.02     551.7951  14.7106   0.0459     9.08    0.161 -30.23   0      33.55     1334.508     99.88963
       461     10.8262    268.9845      1096363     1049.823   9.9001   0.0010     8.22    0.095 -34.26  24       1187     99237.01     233.8659
       462     78.1756    273.6827     39592.69     658.0375  13.5060   0.0180     8.49    0.151 -33.78   0      90.26     3640.256     105.5135
       463    695.1464    271.6112     35110.05     638.9185  13.6364   0.0198     8.20    0.085  11.39   0      78.77      3126.72     104.6577
       464    521.6976    273.4188     15033.64     760.5823  14.5573   0.0549    12.51    0.268  13.65   0      31.52     1181.699       99.272
       465    470.9771    269.4584     141961.2     753.5933  12.1196   0.0058     8.48    0.111 -14.97   0      272.5     12036.12     122.2678
       466    743.1276    267.2949     10410.67     589.4536  14.9563   0.0615    10.93    0.244 -42.74   0      26.01     936.5877     98.70924
       467    322.3070    263.4614     85969.74     709.6675  12.6641   0.0090     8.27    0.135 -20.12   0      179.6     7663.536     113.3789
       468    394.9733    264.8994      22780.1      750.509  14.1061   0.0358     9.03    0.154 -19.37   0      50.37     1934.539     100.7153
       469    571.0284    266.4257     4025.272     191.4093  15.9880   0.0516     1.02    0.171  87.00   0      50.57     3963.072     106.7096
       470    175.4724    257.2199     156836.6     835.3625  12.0114   0.0058     8.52    0.148 -28.23   0      290.4     13364.14     124.9264
       471    778.6586    262.4413     6214.366     512.3912  15.5165   0.0895     6.50    0.390  23.72   0      17.63     785.2666     99.17351
       472    669.2614    258.0215     19245.13     579.1425  14.2892   0.0327    10.04    0.223 -28.87   0      46.66     1797.643      101.467
       473    930.7955    256.9465     8083.762     613.0666  15.2310   0.0824     9.61    0.172 -89.05   0      21.43      921.303     99.75355
       474    225.1461    249.7379     358977.2     874.9943  11.1123   0.0026     8.28    0.122 -29.97   0      558.3     30637.21     152.9851
       475    439.0092    254.6580     11213.44     738.8893  14.8757   0.0716    10.01    0.174 -53.30   0      23.03     779.1259     99.42909
       476    609.8491    245.8900     249713.5     896.0855  11.5064   0.0039     8.73    0.267  11.73   0      415.7     20659.49     136.9745
       477    400.5208    248.2970     114717.8     765.7095  12.3509   0.0072     8.92    0.117 -16.77   0      227.2     9727.007     117.4424
       478    879.5889    253.0031     5638.256     488.0422  15.6221   0.0940     5.62    0.132  65.66   0      15.89     731.8444       99.051
       479    690.8348    247.5254     54920.09     651.0876  13.1507   0.0129     8.33    0.135 -22.32   0      122.7     5171.568     108.7619
       480    194.6866    244.4157     33002.98     1124.903  13.7036   0.0370    16.29    0.472 -15.49   0      42.73     1422.377     100.3565
       481    647.7154    241.4998     26690.76     577.4386  13.9341   0.0235     8.72    0.083 -32.04   0      62.89     2315.301     101.8342
       482    566.4318    238.9345     26224.46     1185.004  13.9532   0.0491    19.04    0.546  77.51   0      37.25     1065.736     99.81418
       483     71.2729    241.9532     8282.515     604.3433  15.2046   0.0792     6.89    0.241  23.69   0      21.07     930.6419      99.5061
       484    819.1935    237.0804     11024.62     686.2222  14.8941   0.0676     8.81    0.036 -35.79   0      24.29     1011.729     99.95936
       485     96.7241    234.4379     10088.31     701.3526  14.9905   0.0755    11.04    0.233  85.80   0      22.85     793.0345     99.19131
       486    124.9070    231.8953     13393.12     575.6798  14.6828   0.0467     9.71    0.224 -54.21   0      33.16     1207.491     99.86868
       487    735.9346    218.8428      1025634     1054.268   9.9725   0.0011     8.23    0.087 -18.11   0       1136     88744.73     223.1971
       488    421.9729    217.4640     249759.1     922.5971  11.5062   0.0040     9.26    0.203  52.23   0        393     17672.68     132.1285
       489    351.9280    224.0623     28412.02     596.3539  13.8662   0.0228     8.53    0.098 -27.29   0      67.39     2767.846     103.6174
       490   1022.0709    252.0282     22802.66     544.8488  14.1050   0.0259     7.13    0.338 -87.69  24      63.95     3462.443     105.1298
       491    961.6532    223.7435     22739.11     792.1526  14.1081   0.0378    14.30    0.148  14.55   0      48.63     1915.306     102.2553
       492    857.2260    226.2544     8738.263     610.0261  15.1464   0.0758     7.05    0.108 -17.47   0      20.79     997.9192     99.65965
       493    245.8658    219.8498     175197.4     765.3024  11.8912   0.0047     8.23    0.120 -24.23   0      326.9     15530.48     128.5992
       494    468.7689    222.2687     15085.48     631.7552  14.5536   0.0455    10.41    0.138 -39.17   0      34.98     1304.466     100.3563
       495    552.6422    218.1488     34248.16     838.8633  13.6634   0.0266     9.29    0.204 -16.77   0      66.43     2797.089     103.9394
       496    487.0803    218.7393     16108.87     796.1554  14.4823   0.0537     9.67    0.058 -12.03   2       34.3     1263.704     99.72841
       497    942.9178    217.2697     20776.62     768.4186  14.2061   0.0402     8.86    0.179  22.34   3      46.97     2034.658     101.4701
       498    950.1436    209.6014      38565.7      922.085  13.5345   0.0260     9.04    0.086 -47.11   3      74.84     3059.187     104.2544
       499    648.4808    218.1307     9536.066     636.1013  15.0516   0.0724     9.77    0.439 -26.39   0      22.33     856.9825     98.79717
       500     15.3085    217.1584     9295.079     653.6622  15.0794   0.0764     9.58    0.276  51.75   0      22.63     925.7271     98.95518
       501    299.4709    183.4738     28270.17     1038.511  13.8717   0.0399    14.01    0.278  26.68   3      39.52     1518.442     100.5738
       502    303.3232    207.2660     39335.63     692.6422  13.5130   0.0191     8.43    0.125  -0.05   3      87.97     3628.623     104.9796
       503    306.5828    197.0783     66139.35     850.6132  12.9489   0.0140    10.38    0.189 -62.99   3      122.7     4912.514     108.4664
       504    863.3168    209.8316      5683.34     532.6572  15.6135   0.1018     6.47    0.392  34.51   0      16.67     688.2511     98.67997
       505     65.6248    202.8129     35331.48     668.6865  13.6296   0.0206    10.46    0.338 -45.71   0      72.01     2945.444     104.2633
       506    521.6866    200.2722     29021.86     1012.569  13.8432   0.0379    13.49    0.264   9.65   0      46.86     1577.343     100.4406
       507      4.3040    198.3773     19156.45     525.7947  14.2942   0.0298     9.18    0.257 -75.13  24      49.55     1981.515     101.0865
       508    775.8062    195.8040     24083.25     896.3787  14.0457   0.0404     8.92    0.248  21.06   3      42.67     1769.587     101.4042
       509    773.9171    189.4488     36235.23      1126.15  13.6022   0.0338    12.75    0.178  45.85   3      52.32     1752.563     100.8363
       510    385.3737    191.9079     12444.49     636.0881  14.7626   0.0555    10.32    0.177 -27.70   0      29.72     1187.612     99.28553
       511    211.7028    187.6698     57119.71      850.564  13.1080   0.0162    15.16    0.365  42.02   0      97.21     2890.274     103.1094
       512     24.5102    189.7722     16984.74     689.1652  14.4249   0.0441     9.83    0.185 -22.27   0      38.05     1558.344     100.3976
       513    618.1000    187.8100     15241.66     537.9657  14.5424   0.0383     9.31    0.095 -46.79   0      37.79     1550.438     100.6461
       514    952.5754    186.9464     18558.94     552.8484  14.3286   0.0324     9.00    0.177 -27.27   0      44.39     1758.016     101.3782
       515    247.5393    181.5446     29990.48     782.3422  13.8075   0.0283     8.47    0.120  -8.23   3      65.57     2610.506     103.5306
       516    238.4789    172.9231     29324.08     749.8147  13.8319   0.0278     8.25    0.154  -6.64   3      64.73      2614.85     102.5005
       517    155.3097    182.9058     16887.23      839.745  14.4311   0.0540    10.13    0.368 -60.71   0      25.56     818.5645     98.97964
       518    902.9392    178.9628     14982.65     886.5498  14.5610   0.0643    12.75    0.554  40.23   0      26.15     789.9017     99.18413
       519    282.3580    174.7926      99509.7     723.3051  12.5053   0.0079     8.28    0.126 -22.28   0      204.7     9009.021     116.9639
       520    368.0223    168.9755     681835.9     964.2473  10.4158   0.0015     8.30    0.098 -23.13   0      876.8     59170.92     191.0011
       521    170.4203    175.6029     29460.11     937.1404  13.8269   0.0345     8.97    0.119 -18.78   1       46.6     1803.143     101.4793
       522    766.3331    175.6004     12928.63     754.6496  14.7211   0.0634     9.51    0.101 -17.57   0      25.05     1008.075     100.2186
       523    975.9991    175.3780     7037.117     556.5748  15.3815   0.0859     7.98    0.342  26.53   0      20.19     912.5671     99.46481
       524    182.7597    172.2754      21336.2     816.7197  14.1772   0.0416     9.81    0.174 -23.84   1      41.38     1584.949     100.9895
       525    118.0192    169.8360     64378.32     1028.316  12.9782   0.0173    15.09    0.252 -21.99   3      110.1     4310.767     107.6965
       526    104.1889    160.9470     147037.7     887.1809  12.0814   0.0066     8.24    0.108 -22.61   2      274.7     12891.06     124.0628
       527    780.6227    164.2595     25636.03     876.3869  13.9779   0.0371    10.97    0.133  11.86   2      41.66      1073.05     99.83083
       528    146.9261    164.0231     9833.852     642.4895  15.0182   0.0710     8.02    0.466  20.07   0      22.02     800.5816     99.47812
       529    987.2054    159.3009     18633.59     615.8793  14.3243   0.0359     8.43    0.146 -14.68   0       47.5     1931.052     101.7654
       530    930.2759    161.0138      6941.72     536.9468  15.3963   0.0840     5.89    0.378  -1.14   0      17.91     733.3535     99.32441
       531    707.6526    153.7255     233359.9     869.1219  11.5799   0.0040     8.32    0.214   2.94   2      393.6     19700.38     135.5714
       532    686.8575    154.3774     39938.52     662.2126  13.4965   0.0180    10.12    0.265 -24.03   3       85.8     3535.603     105.2879
       533    401.1025    157.6981        17347     670.5795  14.4019   0.0420     9.31    0.097 -21.76   0      40.34     1588.363     99.66281
       534     27.8350    157.1052     19200.83     638.4976  14.2917   0.0361     9.95    0.207 -31.94   0      42.82     1678.872     100.1367
       535    639.1667    154.6947      18281.4     540.4882  14.3450   0.0321     9.04    0.096 -37.69   0      43.92     1786.772     100.3813
       536    616.4733    153.8091     12551.64     543.0269  14.7532   0.0470    13.12    0.506  49.51   0      25.98     911.6309     99.46267
       537    306.2887    149.1961     6970.854     544.3875  15.3918   0.0848     8.49    0.246 -79.64   0      19.71     797.2045     99.20086
       538   1011.1660    192.2107     15894.73     706.0814  14.4969   0.0482    10.80    0.213 -15.94  16      34.96     1323.319     100.9309
       539    861.8192    145.4792      32434.5     756.0876  13.7225   0.0253     8.00    0.114  -9.04   0      72.89     2953.956     104.2818
       540    969.5058    146.7064      5815.79     496.2847  15.5885   0.0927     6.00    0.035  -0.96   0      16.04     950.7482     99.28269
       541    531.8633    143.9897     10254.96      613.871  14.9727   0.0650    11.17    0.130 -37.16   0      25.52     899.6018     99.43518
       542    244.8503    140.9500     15923.64     548.1124  14.4949   0.0374     9.60    0.089 -27.92   0       38.6     1513.058     101.3573
       543    572.2621    140.8665     8639.506     591.0397  15.1588   0.0743     9.15    0.108  22.58   0      21.77     901.4548     99.43941
       544     45.0870    138.0454     34043.48     875.5116  13.6699   0.0279    15.51    0.055  63.94   0      61.52     2450.027     102.3963
       545    405.1595    138.8761     7396.984     570.9678  15.3274   0.0838     7.44    0.210 -18.55   0       19.2      798.027     99.20274
       546     27.8808    132.4933     92662.05     781.7247  12.5827   0.0092     8.21    0.116 -28.12   0      189.4     8217.484     114.7175
       547    369.0572    130.3705     21677.87     783.3491  14.1600   0.0392    15.51    0.197  38.89   0      43.57       1555.9     100.9241
       548    756.9944    132.5685     7535.646     588.3441  15.3072   0.0848     8.05    0.129  58.50   0      18.94     785.8068     99.71324
       549    670.6575    128.6067     76464.35     895.4708  12.7914   0.0127     8.30    0.147 -20.63   0      147.9     6290.419     111.3161
       550    555.5337    130.7086     10222.32     502.3124  14.9761   0.0534    10.84    0.156 -25.66   0      26.56     1035.962     99.20805
       551    802.1401    119.7004     71447.62     872.2175  12.8650   0.0133    18.25    0.116 -26.94   0      139.9     5674.868     109.0746
       552    531.5150    125.7562     9425.485     651.6564  15.0642   0.0751     9.39    0.282 -27.37   0      22.61     994.6943     99.11346
       553    706.1199    120.7003     8854.868     584.2887  15.1320   0.0717     9.56    0.139 -10.72   2      24.82     931.2827     98.69703
       554    257.2262    121.7385        19948     792.1969  14.2503   0.0431    15.26    0.483 -15.48   2      35.67     1416.884     100.8763
       555    325.0960    120.8463     11982.76     704.8212  14.8036   0.0639    11.03    0.317 -44.96   0      25.65      992.575     98.83807
       556    735.2544    116.5785     35394.61     771.8633  13.6277   0.0237     8.44    0.043 -76.69   3      76.58     3327.399     105.0926
       557    745.6152    114.7057     66879.44      1005.84  12.9368   0.0163     9.85    0.217  -4.55   3      113.7     4635.864      107.138
       558    548.9978    111.7079     23681.65     914.7575  14.0640   0.0419    15.70    0.456 -58.89   0      41.08     1393.696     100.5582
       559    147.8806    111.9063     14675.09     497.6423  14.5835   0.0368     8.67    0.117 -14.49   0      39.01     1574.722     100.7009
       560    938.3738    106.7746      31483.2     855.5043  13.7548   0.0295     8.34    0.185 -31.67   3      69.16     3015.616     104.6723
       561    956.8204     93.2004     210545.7      1145.12  11.6916   0.0059    12.04    0.167 -12.27   2      319.9     16890.95     130.9815
       562    584.3754    104.7862     36101.14     812.6221  13.6062   0.0244    17.31    0.472 -63.27   0       65.3     2361.534     102.9826
       563   1022.3392    106.4472     10533.21     366.9439  14.9436   0.0378     6.14    0.340 -89.16  24      38.05     2354.904     102.7076
       564    619.5488    104.9388     21476.91     544.2955  14.1701   0.0275     8.57    0.105 -15.79   0       52.5     2144.486      102.241
       565    419.3350    104.7961     9052.085     622.0939  15.1081   0.0746     6.94    0.457 -35.03   0      19.18     788.6872     99.45094
       566    317.4060    103.7778     10562.23     679.2049  14.9406   0.0698     9.65    0.111 -34.71   0      23.16     779.7123     99.16077
       567     67.9636    103.1399     9091.737     635.9425  15.1034   0.0760     8.07    0.103  80.62   0       19.9     840.2826     99.29951
       568     27.4358    103.3218     8281.484     616.4064  15.2047   0.0808     8.40    0.187 -15.99   0      20.68     909.1893     99.45709
       569    522.8210     99.8348     20418.78     942.0775  14.2249   0.0501    13.09    0.152   6.45   0      32.82     1081.136     100.6505
       570    844.2748     96.6348     47346.21     653.5796  13.3118   0.0150     7.98    0.139 -21.12   0      110.3     4894.292      108.181
       571     46.7397     98.8305     14152.24     620.7277  14.6229   0.0476     8.41    0.169 -27.64   0       37.1     1640.752     100.8498
       572    809.5341     87.1865     665336.4     972.1276  10.4424   0.0016     8.05    0.132 -16.65   0      864.1     60897.94     192.7675
       573    112.0884     90.8170     22425.71     855.4454  14.1231   0.0414    10.56    0.174 -56.61   0      42.12     1621.612     100.8067
       574    700.7158     93.8925      10240.9      639.501  14.9742   0.0678     6.93    0.174  79.52   0      20.13     724.8739     98.76428
       575    539.2361     87.1947     311941.7     836.6935  11.2648   0.0029     8.17    0.112 -19.28   0      508.9     27891.81     149.2101
       576    240.7289     90.3781     64394.81     656.4293  12.9779   0.0111     8.25    0.130 -22.65   0      142.3     6136.455     110.7598
       577    324.2838     89.7721     62175.64     787.3976  13.0159   0.0138     8.64    0.213 -15.04   0      128.6     5331.464     108.8498
       578     98.0982     92.4914     10543.99     677.2249  14.9425   0.0698     8.45    0.467  61.78   0      21.82     753.2603     98.28624
       579     13.5236     89.6749     46389.53     629.2375  13.3340   0.0147     8.08    0.177 -25.75  16      105.4     4563.179     106.7332
       580    987.5898     84.1654     14297.26     759.4813  14.6119   0.0577    11.04    0.109 -46.98   0      29.14     1193.237     100.6376
       581    644.4188     78.2775     7272.507     538.3317  15.3458   0.0804     6.14    0.383 -59.93   0      17.66     794.7109     99.46471
       582    583.5725     74.2819     34702.29      1001.22  13.6491   0.0313    13.98    0.366 -49.60   0      55.55     2152.574     102.2589
       583    906.6811     76.3727     13822.32     759.3392  14.6485   0.0597    10.08    0.070  -0.40   0      25.91     1098.555     99.88888
       584    148.2928     74.9246     24226.37     544.2137  14.0393   0.0244     7.69    0.181 -27.04   0      61.37     2570.309     102.6629
       585    772.1500     72.5500     71086.24     721.7759  12.8705   0.0110     8.07    0.144 -13.96   0      153.4     6832.662     112.6557
       586    895.8741     74.0040     14520.47     762.1874  14.5950   0.0570    11.52    0.179  10.81   0      28.41     1194.349     100.1066
       587    749.2753     73.3057     14729.09     808.2807  14.5796   0.0596    10.47    0.267 -65.57   0       27.5     848.1107     98.77676
       588    284.8024     73.5260     17740.99     858.8889  14.3776   0.0526     8.81    0.130 -19.09   0      33.49     1270.199     100.2787
       589    475.4064     68.9741     25474.13     936.8879  13.9848   0.0399     8.96    0.105 -48.72   0      40.86     1507.944     101.0813
       590    734.9088     68.9590     17140.72     797.2899  14.4149   0.0505     9.10    0.517 -25.87   0       28.2     914.6378     98.92972
       591    115.0861     65.8401      77043.3     680.7525  12.7832   0.0096     8.17    0.090 -22.47   0      165.9     7237.067     112.5208
       592    493.3078     64.7105      40093.1     936.8619  13.4923   0.0254     8.62    0.154 -31.74   2      71.68     2816.593     103.4658
       593    867.1607     65.2045     10226.85     557.8757  14.9756   0.0592     9.74    0.072  39.78   0      26.58     1277.673     100.8281
       594    838.5596     64.2608     21047.22     797.5639  14.1920   0.0412     9.01    0.147  -1.87   0      46.57     1860.423     101.6075
       595    966.8016     74.0988     7901.349     591.8878  15.2557   0.0814     8.80    0.171  10.16   0      21.38     971.5369     99.59946
       596    408.3595     61.4776     5597.919     523.7495  15.6299   0.1016     6.53    0.402 -45.00   0      16.64     774.7941     99.14951
       597   1001.4136     57.8575     13662.69     819.4972  14.6612   0.0651    11.41    0.071   4.82   0      27.08      1112.07     100.1872
       598    579.5577     53.6077     22219.57     980.1132  14.1332   0.0479    10.30    0.228  80.88   3      35.62     1337.542     101.2278
       599    592.4940     55.6057     53873.73     1099.679  13.1716   0.0222     9.37    0.178 -31.36   3      71.26     2726.061     103.5257
       600    602.6765     51.9928     17811.48     823.9033  14.3733   0.0502    13.10    0.226  13.81   3      33.66     1419.487     100.6164
       601    830.0461     51.5484     12376.72     722.7644  14.7685   0.0634    10.42    0.314 -19.01   3      26.09     998.4607     99.92918
       602    842.0561     46.1351     35830.04     912.6511  13.6144   0.0277    15.31    0.213  -7.70   2      69.45     2941.531     104.2548
       603    668.3264     49.4326     14635.49      770.085  14.5865   0.0571    11.84    0.214  19.82   0      29.17     1058.181     99.79697
       604    215.4700     50.2778     12071.04     517.5756  14.7956   0.0466    10.21    0.200  -4.55   0      30.35     1230.017      99.6516
       605    258.8216     45.0616     52263.94      700.703  13.2045   0.0146    11.09    0.222 -24.54   0      113.1      5051.91     108.5116
       606    796.0416     47.6966     6160.922     513.6723  15.5259   0.0905     6.93    0.297  17.74   0      17.14     829.5921     98.19028
       607    591.8724     41.7686     28311.28     915.1759  13.8701   0.0351     9.20    0.108  -7.36   1      48.29     1898.134     101.6919
       608    774.0634   1021.1787     3812.203     313.2472  16.0471   0.0892     4.74    0.198  63.41  16      17.09      1363.85     100.7568
       609     16.6427   1021.2000     4919.002     419.8513  15.7703   0.0927     7.14    0.264 -79.86  16       16.4     716.7086     99.55563
       610    235.9538     42.2392      10029.7     684.9159  14.9968   0.0742     8.98    0.532 -45.80   0      21.12     759.9111     98.84487
       611     26.5026     41.4445     15586.99     798.5252  14.5181   0.0556     8.78    0.099 -67.82   0      30.09     1176.504     98.98998
       612    992.4415     35.9524     17789.53     619.9021  14.3746   0.0378    11.20    0.246  82.78   0      38.25     1583.662     101.2514
       613    174.4757   1015.4576     23244.27     889.4181  14.0842   0.0416    10.97    0.115  84.73  18      35.83     1191.176     99.83154
       614    205.5560     35.0240     11786.25     596.7524  14.8216   0.0550    10.08    0.203 -24.00   0      30.29     1333.871     100.9547
       615    164.2562     34.0658     26069.37     902.8331  13.9597   0.0376     8.45    0.087 -34.33   0      44.99     1813.026     101.5015
       616    326.8079     31.2503     7836.684     543.5187  15.2647   0.0753     9.33    0.375 -38.02   0      22.18     999.0995     99.93063
       617     87.9836     29.9921      15376.3     707.8085  14.5329   0.0500     9.42    0.277 -34.80   0      33.72     1523.438      100.851
       618    418.3125     24.3945     11973.34     711.4351  14.8045   0.0645    11.70    0.398 -17.41   0      27.14      1063.35     99.80875
       619    383.0513   1009.3030     79570.57      872.799  12.7481   0.0119    11.24    0.306  -2.34  16      144.1     4663.541     106.9466
       620    463.8155   1010.6074     40654.98     672.4871  13.4772   0.0180    16.61    0.141 -25.88  16      89.01     3456.296     105.1165
       621    126.6879   1007.3539     7625.034     558.0157  15.2944   0.0795     9.51    0.228 -68.41   0      20.91     795.2667      98.6551
       622    724.7123   1004.0895     7998.589     568.8586  15.2425   0.0772     9.38    0.264 -59.98   0      21.26     969.6993     99.32607
       623    826.9716    997.9941     21520.77     888.2243  14.1679   0.0448    13.20    0.369  89.45   0      36.56     1506.761     101.3432
       624    399.4375    998.3743     28813.98     982.3228  13.8510   0.0370    10.92    0.163  19.40   0      45.56      1636.13      101.896
       625    642.9048    999.2845     7518.129     599.6069  15.3097   0.0866     8.09    0.141 -87.59   0      19.58     799.6506      98.9362
       626    894.0104    996.4066      25784.5     918.9293  13.9716   0.0387     9.44    0.061 -69.15   0      41.92     1569.989     100.9558
       627    674.5287    993.2936     13450.41     772.3396  14.6782   0.0624    11.29    0.211  46.72   0       28.7     1141.513     99.44955
       628    702.8037    988.5584     139227.3     810.1588  12.1407   0.0063     8.22    0.078 -10.03   0      269.6     12278.86     123.1538
       629    416.7661    985.9802     71067.94     679.7401  12.8708   0.0104     8.36    0.093 -25.91   0        152     6226.933      111.427
       630    319.8394    987.3185     37379.16     894.5206  13.5684   0.0260     8.70    0.101  -0.71   0      71.99     2686.064     103.1786
       631    784.7241    990.7739      9656.56     630.8611  15.0379   0.0709    10.16    0.283 -63.28   0      24.02     941.2831      99.5304
