#   1 NUMBER                 Running object number                                     
#   2 X_IMAGE                Object position along x                                    [pixel]
#   3 Y_IMAGE                Object position along y                                    [pixel]
#   4 FLUX_AUTO              Flux within a Kron-like elliptical aperture                [count]
#   5 FLUXERR_AUTO           RMS error for AUTO flux                                    [count]
#   6 MAG_AUTO               Kron-like elliptical aperture magnitude                    [mag]
#   7 MAGERR_AUTO            RMS error for AUTO magnitude                               [mag]
#   8 FWHM_IMAGE             FWHM assuming a gaussian core                              [pixel]
#   9 ELLIPTICITY            1 - B_IMAGE/A_IMAGE                                       
#  10 THETA_IMAGE            Position angle (CCW/x)                                     [deg]
#  11 FLAGS                  Extraction flags                                          
#  12 SNR_WIN                Gaussian-weighted SNR                                     
#  13 FLUX_APER              Flux vector within fixed circular aperture(s)              [count]
#  14 FLUXERR_APER           RMS error vector for aperture flux(es)                     [count]
         1    952.0930     93.4970     215727.8     1284.405  11.6652   0.0065    10.97    0.235  -8.71   2      304.7     13351.88     123.2733
         2     35.9341     39.3332     59757.82      1335.97  13.0590   0.0243    29.03    0.614 -17.77  16      66.95     1350.278     98.96058
         3    508.6819     38.5610     89317.65     883.1241  12.6227   0.0107    14.30    0.464 -12.89   0      146.6     5216.769     107.4741
         4    359.0361     34.3229     66840.52     963.0488  12.9374   0.0156    10.07    0.273  -2.95   0        126     4955.957     107.1648
         5    159.8741     34.1968     19820.71     839.8156  14.2572   0.0460    10.76    0.273  -0.09   0      40.38     1535.344     99.64674
         6    466.2563     18.2483     49929.82     927.9552  13.2541   0.0202    13.40    0.289  42.83  16      79.11     2431.937     101.9273
         7     72.8516     17.7948     16598.33     711.9952  14.4498   0.0466    11.50    0.327   9.00   0      37.07     1476.366     99.77385
         8    481.9092      8.6201     30794.74     799.1021  13.7788   0.0282    10.49    0.256   3.24  16      61.85     2229.667     100.4421
         9    877.7523     13.7294     15405.73     546.8779  14.5308   0.0386    10.64    0.324   3.12  16      36.36     1236.816     98.96352
        10    267.6602      8.7599     18996.54     867.8478  14.3033   0.0496    12.48    0.390   6.91  16       30.2     1129.174       98.716
        11    672.1675      3.9293     20028.52     658.9189  14.2459   0.0357    13.13    0.232 -17.39  24      41.49     1595.377     99.78357
        12    704.0007      7.8486      12303.1     707.8651  14.7750   0.0625    10.76    0.342  -8.36  16      26.04     958.9487     98.32332
        13    947.5344      3.1587       119701     651.7025  12.3048   0.0059    11.18    0.688   2.97  24      256.6     14363.35     125.5404
        14    833.6961      4.9553     13257.19     582.9438  14.6939   0.0478    12.98    0.274   0.69  24      31.96     1076.447     97.53082
        15    752.6505      3.3770     5805.245     416.4723  15.5904   0.0779     5.60    0.257  65.39  16      17.12     782.3182     98.44541
        16    431.5241      1.8576     17170.31     355.6111  14.4131   0.0225    10.57    0.763   1.21  24      56.35     3535.454     102.8486
        17    998.6575    983.2831     38005.03     669.9737  13.5504   0.0191    17.64    0.290   6.10   0       78.6      2972.55     102.3642
        18    465.7917    984.6685     13874.93     585.4162  14.6444   0.0458    11.37    0.189  -2.14   0      31.93     1161.246     98.78982
        19    896.2067    982.3986      37930.3     800.3147  13.5525   0.0229    10.39    0.280   2.64   0      76.52     2948.819       102.82
        20    500.9168    978.7279     107242.3     850.2123  12.4241   0.0086    10.70    0.072  54.12   0      184.4     6843.218     110.6247
        21    538.1130    981.1344     18464.88     591.6198  14.3341   0.0348    14.18    0.277 -10.69   0      42.62     1395.154     98.79999
        22    109.7923    980.7165      11351.5     477.6255  14.8624   0.0457    12.16    0.148  -5.82   0      27.68     956.6837     98.58296
        23    603.5264    977.1259     56351.31     772.4772  13.1227   0.0149    10.06    0.244   4.10   0      114.9     4204.945     105.3127
        24    242.0734    982.0524     9918.431     460.2477  15.0089   0.0504     5.14    0.316  10.84   0      24.97     1545.246     99.40733
        25    966.3691    975.3737     69774.37     889.8805  12.8908   0.0139    11.69    0.179   7.08   0      127.3     4779.744     107.2777
        26    577.1950    980.2925     7793.447     596.3175  15.2707   0.0831     7.44    0.552  31.19   0      19.36     779.8431     97.90844
        27    207.3672    975.7119     21118.81     921.5795  14.1883   0.0474    11.79    0.172  25.32   0      29.36     963.9844     97.80313
        28    824.0828    961.0894       284462     1141.977  11.3649   0.0044    11.36    0.210 -44.17   0      401.8     17407.96     130.7369
        29    221.2067    969.8772     11107.54     662.7567  14.8860   0.0648     7.43    0.066  20.62   0      21.64     803.2114     97.96267
        30    143.3601    968.7887     12975.12     494.4804  14.7172   0.0414    12.98    0.312   6.89   0      31.41     1178.029     99.61689
        31     48.6987    965.8839      13942.6     636.6553  14.6391   0.0496    12.59    0.259  10.41   3      30.69     1009.039     97.64105
        32     40.9101    957.6136     23813.79     707.8768  14.0579   0.0323    11.23    0.219  16.99   2      46.79     1657.841     99.40242
        33    405.0445    959.5333      29014.2     801.0408  13.8435   0.0300    10.15    0.219   5.31   0      58.44     2175.109     101.0954
        34    769.2600    956.7972     14508.96      755.766  14.5959   0.0566    12.91    0.387  28.71   0       28.5     1028.247     98.74781
        35    284.0034    955.0909     11638.43     640.9384  14.8353   0.0598     0.00    0.616 -42.22   0      25.41     1528.898     99.63203
        36    981.4355    948.9436     21257.79     875.9147  14.1812   0.0447    16.13    0.330  54.61   0      34.41     1034.126     98.49693
        37    892.0620    950.0267     27786.96     989.3522  13.8904   0.0387    16.44    0.206  -6.95   0      47.09     1550.629     99.94286
        38    823.6689    945.2043     17065.22     771.8901  14.4197   0.0491     9.63    0.501  15.64   0      27.91     891.9031     98.16822
        39    566.3288    933.7189      1065493     1107.942   9.9311   0.0011     9.84    0.183  -0.00   0       1137     74726.43     207.5905
        40    438.6967    942.6832     18870.96     930.8822  14.3105   0.0536    11.70    0.393  30.85   0      28.95     728.8897     97.25529
        41    916.5954    941.2686     14308.26     771.9229  14.6110   0.0586    11.94    0.275   3.06   0      30.23     1105.904     98.66241
        42    543.3231    941.5541     17891.85     869.0601  14.3684   0.0528    13.06    0.361 -27.24   1      30.64     961.7972     98.06433
        43    276.7527    939.0338      64730.2     814.3197  12.9722   0.0137    10.13    0.223   3.97   0      127.1      4582.38     106.3696
        44    689.6081    939.4288     13891.94     583.1913  14.6431   0.0456    11.60    0.165  -3.15   0      31.56     1170.736     99.07521
        45    802.0616    937.1160     15509.37     611.1012  14.5235   0.0428    13.12    0.221   0.53   0      34.06     1224.739      98.4072
        46    657.3022    935.7365      64335.3     985.8806  12.9789   0.0166    10.07    0.242   7.31   0      116.5       4147.9     104.9413
        47    609.7803    934.7026     35902.06     897.3163  13.6122   0.0271    11.00    0.165 -11.30   0      63.58     2087.733     100.1204
        48    631.8250    934.4464     22023.97      848.902  14.1428   0.0419    15.02    0.242  -4.84   0      45.39     1639.275     100.4043
        49    879.4272    933.1067     23530.88     937.5985  14.0709   0.0433    15.01    0.185 -20.46   0      40.63     1308.145     98.06924
        50    102.1695    931.1426     15286.69     792.2142  14.5392   0.0563    11.95    0.220  -0.11   0      29.03     887.3993     98.15779
        51    737.4146    930.7137     21783.77       909.64  14.1547   0.0453    11.62    0.315  -1.76   0      35.69     1448.766     99.18651
        52    955.3406    930.0722     10598.52     457.7437  14.9369   0.0469    11.98    0.219  -2.70   0      27.33     1032.649     98.49353
        53      5.7196    927.0729     11470.18     612.7972  14.8511   0.0580    11.28    0.199  -0.79  16      26.09     942.2222     97.75255
        54    825.4073    924.7748     13372.45     757.1482  14.6845   0.0615    12.58    0.278  -5.01   0      28.22     1112.596     98.94175
        55    755.6042    923.4583     18683.42     930.8364  14.3214   0.0541    13.07    0.246 -41.01   0      29.91     816.5907     98.25946
        56    307.1271    920.7748     93278.59     781.5998  12.5755   0.0091    12.99    0.209  -2.36   0      179.7     6742.075     110.8881
        57    868.4473    922.6415     19290.81     876.8924  14.2866   0.0494    11.94    0.206  -2.32   0      31.52     1180.476     99.09755
        58   1018.1014    913.6475     228841.9     738.0624  11.6012   0.0035     9.83    0.088   5.45  24      399.8        18210     131.5304
        59    844.3386    919.0617     12119.51      797.869  14.7913   0.0715    10.12    0.197 -58.29   0      21.98     615.2817     97.25794
        60    157.4217    907.3044     42356.94     1004.445  13.4327   0.0258    10.59    0.225   0.39   0      71.13     2403.006     100.8335
        61      6.3226    901.8663     711881.3      896.335  10.3690   0.0014    11.51    0.057 -33.51  24      912.7     52262.24     181.3363
        62    262.8239    908.5450     16734.76     542.6453  14.4410   0.0352    11.81    0.242  -4.59   0      37.96     1361.286     99.24895
        63     56.3931    904.6813      37122.3     821.7917  13.5759   0.0240    10.13    0.204   2.21   0       76.4     2692.128     102.5058
        64    233.2032    900.4459     77180.34     824.9308  12.7812   0.0116    10.21    0.228  -3.58   0      146.7     5334.883     108.2067
        65     95.0809    903.8552     12144.81     668.0101  14.7890   0.0597    11.73    0.095  34.64   0      27.54     959.6569     97.79308
        66    550.5345    895.5251     44249.66     779.8531  13.3852   0.0191    10.35    0.232   1.01   0      84.24     3173.948     103.0637
        67     76.2327    894.0536     25595.41     990.1664  13.9796   0.0420    11.97    0.264  -7.86   0       42.3     1510.562      99.5902
        68    842.6185    888.3234     151403.5     909.0565  12.0497   0.0065     9.88    0.210   3.76   2      262.7     10793.08     119.1205
        69    824.9315    881.6458     36473.27     915.4418  13.5951   0.0273    10.36    0.275   5.62   3       67.4     2503.952      101.832
        70    866.8190    891.3038     12814.61     736.9058  14.7307   0.0625     9.98    0.338 -22.86   0      24.46     902.0491      97.3917
        71    493.4860    888.9904     31288.29     994.0989  13.7615   0.0345    10.87    0.203  -5.54   0      52.99     1730.768     99.83058
        72    392.4688    889.2383     43612.93     1027.824  13.4010   0.0256    10.51    0.241   2.59   0      72.79     2471.118     101.7587
        73    884.9786    886.3184     88150.35     846.6349  12.6369   0.0104    10.00    0.266  -7.11   0      163.5     6423.886      110.234
        74    607.1193    885.7710     90967.71      839.662  12.6028   0.0100     9.98    0.190  -4.32   3        165     6089.188     109.5418
        75    605.8889    875.5161     45821.85     962.1498  13.3473   0.0228    11.11    0.246  -3.66   3      74.78      2519.07     101.6094
        76   1011.1138    883.3680     198513.8     826.7445  11.7555   0.0045     9.66    0.204   2.70  16      343.3     15221.51     126.8791
        77     95.2188    885.9674     10799.91     599.6407  14.9164   0.0603    11.16    0.274  11.78   0      25.47     960.4152     98.85572
        78    675.3961    886.0927     7255.448     569.2596  15.3483   0.0852     6.34    0.237  80.81   0      18.22      802.635     97.96133
        79    371.7172    878.7614     117677.4      814.686  12.3233   0.0075    10.12    0.234   1.78   0      217.2     8240.715     113.4595
        80    761.3948    879.2516     26225.46     807.5481  13.9532   0.0334    11.83    0.317   5.03   0      52.87     1873.825     100.6751
        81    434.2273    879.9169     15668.96     805.3815  14.5124   0.0558    10.18    0.467  -9.82   0      26.08     963.4666     98.06821
        82    318.8769    880.5759     10520.51     707.2925  14.9449   0.0730     8.31    0.647  17.01   0      20.35      701.903     97.72736
        83     40.2579    877.2776     29816.34     829.2571  13.8139   0.0302    12.07    0.317   0.89   0      56.33     1886.011     100.1834
        84    300.6851    878.4698     17945.18     833.8527  14.3651   0.0505     2.42    0.414  12.40   0      25.39     820.7736     97.46977
        85    218.1515    861.2890     180716.4     1112.383  11.8575   0.0067    10.35    0.141 -61.45   2      271.6     10288.58       117.49
        86    238.2038    859.9373     71958.27     880.1281  12.8573   0.0133    10.24    0.236   2.71   3      134.3     4866.792      107.219
        87    498.9268    870.0235     37042.95     1079.616  13.5782   0.0317    11.25    0.298  -4.21   0      54.18     1851.653     100.3656
        88    151.4382    859.4498     372614.8     1098.166  11.0718   0.0032    13.04    0.386  30.06   0      500.1     21511.16     137.8745
        89    582.0372    865.8877     8258.419     642.7888  15.2078   0.0845     7.72    0.243  42.03   0      19.93     808.8132     97.44188
        90   1014.9488    861.8101     22828.32     709.4008  14.1038   0.0337    11.39    0.292   3.71  16      49.62     2013.646     100.9903
        91    953.7126    860.5485     48478.94     1207.322  13.2861   0.0270    11.51    0.327   2.68   0       61.6     2115.953     100.4444
        92     79.3754    859.4835     14359.13     702.0543  14.6072   0.0531    13.16    0.131   0.44   0      30.32     1053.677     98.27704
        93     20.0364    858.6281     31003.72     753.8227  13.7715   0.0264    10.54    0.306  -5.96  16      62.94     2153.261     101.5611
        94    385.1495    854.3552     13057.04     795.6816  14.7104   0.0662    11.90    0.186  46.15   0      25.45     839.1169     98.31155
        95    895.4717    855.2249     11351.54     524.4677  14.8624   0.0502     8.58    0.239   8.50   0      28.17      1218.42     98.92126
        96    854.9924    853.0014     30000.11     965.1837  13.8072   0.0349    17.68    0.575  -6.91   0      45.67     1362.157     99.25095
        97    699.3578    854.4460      10981.8      548.613  14.8983   0.0543    10.55    0.271 -26.66   0      25.51     939.7741     98.27898
        98    541.3009    845.1819     54846.27     823.5182  13.1521   0.0163    10.43    0.252   1.28   0      105.2     3770.583      104.121
        99    630.8968    840.9338     203843.9     1085.727  11.7268   0.0058    11.11    0.201 -41.73   0      309.7     11708.16     120.2047
       100    620.8766    862.9302     43055.39     999.3983  13.4149   0.0252    10.52    0.236   1.97   0      75.44     2472.008     101.2468
       101   1015.5271    840.1122     6264.705      541.864  15.5077   0.0939     6.85    0.514  18.43  16      17.18     685.4105     96.88483
       102    959.8137    837.0491      28919.5     1022.659  13.8470   0.0384    11.04    0.282  10.42   0      43.27      1603.94     100.3243
       103    237.3895    833.9724     31708.93     956.7684  13.7470   0.0328    10.62    0.262  -2.48   0       59.7     2168.222     101.3376
       104    467.7797    834.4634     18947.08     719.1189  14.3061   0.0412    14.69    0.412   7.73   0      39.11     1344.128     99.20966
       105    829.4044    828.1281     80010.68     860.5072  12.7421   0.0117     9.95    0.170   3.17   2      153.2     5699.599     108.4904
       106    825.1993    815.9293     22800.78     728.4358  14.1051   0.0347    10.48    0.280  16.71   3      46.79     1626.911     99.85537
       107    577.8998    831.6567     21708.16     965.2576  14.1584   0.0483    13.28    0.165 -28.81   0      31.41     1033.941       97.699
       108    874.2593    829.5591      16893.8     820.1624  14.4307   0.0527    12.28    0.291  12.42   0      32.96     1261.379     99.01991
       109    718.5455    828.6260     29680.23      993.075  13.8188   0.0363    10.75    0.303   8.79   0      44.35     1659.874     99.93036
       110    699.1987    827.5879     20965.38     614.1893  14.1962   0.0318    11.26    0.274   3.58   0      45.51     1582.261     99.75369
       111    174.4895    830.4221     8315.044     612.6909  15.2003   0.0800     7.96    0.280  33.75   0         20      736.302     97.00414
       112     83.4187    828.8418     20378.68     945.1481  14.2271   0.0504    14.17    0.442  -5.54   0      31.44      1085.16      99.1421
       113    958.3295    822.7120     30993.61     989.4299  13.7718   0.0347    16.63    0.477  -7.67   0      49.11     1431.526     98.88362
       114    426.5094    822.6107     31557.59     781.1691  13.7522   0.0269    10.64    0.263  -7.89   0      63.43     2263.571     101.0363
       115    340.9647    823.9069     11508.84     661.9101  14.8474   0.0625    11.14    0.282   6.14   0      26.06     990.8177     97.33107
       116    316.3034    819.5197     23255.78     931.2523  14.0837   0.0435    12.51    0.106  88.30   0       40.1     1256.481     98.48048
       117    462.1773    820.2408     19786.47     917.7057  14.2591   0.0504    11.82    0.154 -11.86   0      30.35     1159.943     99.31339
       118    558.1472    819.3525     14331.41     798.4987  14.6093   0.0605    12.32    0.260  14.77   0      27.35     950.3646      98.5684
       119    633.0703    815.4469     34478.52     1110.048  13.6561   0.0350    11.44    0.231  -2.36   0      45.31     1579.967     99.74846
       120    114.2282    817.1395     9019.987     617.1921  15.1120   0.0743     7.22    0.274  64.03   0       21.1     825.8568      98.0152
       121    546.1024    814.4123     18348.68     847.1482  14.3410   0.0501    11.50    0.332  -0.17   2      38.07     1456.877     99.46761
       122    545.9990    810.2941     3293.537     234.4287  16.2058   0.0773     0.00    0.133 -15.27   3         29     2082.364     100.8867
       123    222.0269    807.4724     45466.81     897.5592  13.3558   0.0214    10.08    0.216   1.11   0      86.52     3083.951     103.1183
       124     30.1100    810.7061     7203.029     490.4929  15.3562   0.0740     2.55    0.167  56.12   0      19.19     1160.834     98.52454
       125    991.5923    801.0931     93345.66     944.0692  12.5748   0.0110    24.60    0.222  22.97   0      142.9     4304.934     105.7751
       126    515.2070    802.4510     161624.8     817.3387  11.9787   0.0055    10.05    0.197  -1.00   0      283.6     11328.47     120.1376
       127    968.7601    805.0817     16797.02     792.6473  14.4369   0.0512    13.66    0.184  -2.06   0      35.07     1141.847     98.21558
       128    784.3019    803.6262     15650.72      562.261  14.5137   0.0390    11.69    0.235  -2.11   0      35.74     1289.205     98.02534
       129    390.2513    793.9632     17776.72     563.1198  14.3754   0.0344    11.60    0.239  10.79   0       39.4     1349.613     99.22222
       130    591.2343    794.6342     11838.54     733.0559  14.8168   0.0672     8.48    0.352 -59.23   0      24.16     808.2816     98.50533
       131    295.1978    786.3208     122101.7     873.7944  12.2832   0.0078    10.67    0.289   4.16   0      208.6     7765.278     112.9658
       132    450.1313    787.6800     24979.76     718.3052  14.0060   0.0312    14.85    0.274   0.56   0      54.16     1923.237     100.0074
       133    660.0227    785.3168     71439.85     927.6028  12.8651   0.0141    11.53    0.287   0.23   3      124.9     4309.607     105.5384
       134    647.9915    780.5795     81892.59     784.9548  12.7169   0.0104    10.82    0.245   0.04   3      155.7     5642.573     108.6112
       135    715.3010    784.4741     35665.54     1071.445  13.6194   0.0326    10.87    0.258   2.31   0      51.68     1815.244     99.49991
       136     86.3096    786.3437     8545.195     609.5761  15.1707   0.0775     9.78    0.237 -22.93   0       20.4     705.4037     97.20039
       137    921.6450    777.7003     267935.8     860.8948  11.4299   0.0035     9.84    0.208   4.16   0      432.2     19296.71     133.1992
       138    854.9239    781.2673     17167.78     835.2035  14.4132   0.0528    12.06    0.156  26.19   0      33.52     1305.514     98.59357
       139    144.1780    781.3661     20639.15      850.833  14.2133   0.0448    14.53    0.276 -12.19   0      38.46     1420.669     99.90826
       140    516.8983    773.1257     658378.9     999.0754  10.4538   0.0016    10.03    0.196  -0.12   3      828.6     44764.68     171.5305
       141    512.3268    757.5319     154855.8     893.2879  12.0252   0.0063    10.06    0.224   3.98   3      262.8     10334.26     117.7999
       142    324.7274    778.0306     37642.55     690.9311  13.5608   0.0199    10.78    0.201  -3.26   0      77.72     2764.064     102.4109
       143     46.3906    777.3745     16591.52     802.3984  14.4503   0.0525    11.55    0.134  13.52   0      33.05     1133.579     98.98994
       144    691.1251    771.5361     35551.52      1095.49  13.6229   0.0335    17.76    0.270  20.50   3      53.18     1603.624     99.80235
       145    677.6879    763.7609     61361.09     1143.247  13.0303   0.0202    21.01    0.445  -4.22   2         90     2732.186     101.8292
       146    811.3947    771.1446     23559.74     915.7966  14.0696   0.0422    11.49    0.236  21.55   0      41.47     1415.071     99.63412
       147    197.5920    772.3448      11491.5     606.3882  14.8491   0.0573    11.32    0.275   3.50   0      25.81     877.7229     98.40076
       148    783.7855    770.7719     15044.39     748.9956  14.5566   0.0541    12.06    0.209  -9.21   0      30.69     1163.844      99.3223
       149    359.3339    759.6950      50557.1     1175.432  13.2405   0.0252    14.97    0.265  88.76   0      70.41      2175.92       100.58
       150     65.4397    768.6544      10474.9     632.3306  14.9496   0.0656     7.59    0.552 -43.81   0      22.16     760.1035     98.12872
       151    739.9178    766.8398      8742.25     609.6495  15.1459   0.0757     8.56    0.263 -61.66   0      21.88      835.184     97.50336
       152    870.5901    764.0154     18707.86      736.954  14.3199   0.0428    11.30    0.094  -2.03   0      41.01     3755.339     104.5876
       153    155.0278    762.0708     27675.17     626.1099  13.8948   0.0246    11.01    0.268  -3.72   0      59.06     2002.546     100.7067
       154     39.7878    758.8792     236360.1     943.2785  11.5661   0.0043    10.20    0.243  -0.70   0      383.9     16477.41      129.311
       155     84.3578    756.3420     29383.16     1058.473  13.8298   0.0391    16.56    0.447  -4.01   0      41.36     1271.571      99.0433
       156    297.7952    755.4717     20339.14     940.2977  14.2292   0.0502    11.84    0.524  46.75   0      26.94     846.7705     98.06367
       157    881.9282    755.5589     13340.67     719.1602  14.6871   0.0585     9.17    0.261  43.92   0       25.2     1058.489     98.55313
       158      6.9062    750.7320     47735.71     709.1093  13.3029   0.0161    10.15    0.062  10.58  24      94.77     3288.061     103.3151
       159    549.9431    752.1974     9742.082     677.8555  15.0284   0.0756     9.56    0.035 -71.61   0      20.92     671.7504     97.92388
       160    402.3175    749.6456     23476.89     1034.765  14.0734   0.0479    14.39    0.215  -4.47   0      33.93     970.3562     97.81793
       161    217.1806    747.4498     71955.38     724.9689  12.8573   0.0109    10.09    0.246  -0.03   0      143.8     5478.356     108.7477
       162    271.5976    741.5758     551987.5     971.2222  10.6452   0.0019    10.10    0.187  -2.64   0      733.2     38332.79      163.425
       163    539.7473    740.0384     17913.31     709.6641  14.3671   0.0430    11.73    0.232  -1.10   0      38.79     1266.056     99.29363
       164    151.3872    731.0431     33450.75     1005.026  13.6890   0.0326    11.70    0.302   1.82   0      54.72     1794.854     100.7559
       165     97.2907    731.1884     28461.12      768.481  13.8644   0.0293    10.48    0.231  -0.42   0      59.57     2048.352     100.2913
       166    659.5364    731.0206     15021.09     843.9407  14.5582   0.0610    12.04    0.099  18.42   0      27.21     877.3648     98.13456
       167    519.1124    720.2842     54399.34      765.116  13.1610   0.0153     9.99    0.211  -0.98   2      105.3     3727.951     104.2783
       168    449.0341    727.3140     7615.846     617.7311  15.2957   0.0881     8.04    0.343  24.87   0      18.69     710.8798     97.48108
       169    335.7444    724.3270     14592.64     495.2233  14.5897   0.0369    13.20    0.295  -2.74   0       34.6     1290.447     98.82307
       170    830.5846    720.8998     15805.59     678.9259  14.5030   0.0466    13.82    0.429 -15.85   0      32.33     1051.038     98.00521
       171    143.1111    717.0399     76834.46     857.3898  12.7861   0.0121    10.12    0.222  -0.48   0      144.4     5336.644      107.485
       172     42.6573    720.2910     14088.46     772.7024  14.6278   0.0596    13.05    0.301 -10.19   0      28.57     997.0763        97.88
       173    209.9006    716.3639     65818.59     827.3292  12.9541   0.0137    10.75    0.271   1.00   0      123.4     4328.022     104.8344
       174    359.7509    716.2997     23478.16     812.4115  14.0733   0.0376    10.68    0.232  -4.20   0      46.62     1530.787     98.31898
       175    392.6700    712.1579     97115.23     1103.472  12.5318   0.0123    14.61    0.485  -0.18   0      148.1     4806.136     106.8466
       176    249.5623    713.8022     11407.49     600.9567  14.8570   0.0572    11.17    0.212 -19.05   0      26.01       946.74     98.82427
       177    916.1594    712.8448     13337.72     535.1639  14.6873   0.0436    12.47    0.329   8.52   0      31.83     1224.392     98.67104
       178    545.7693    710.4067     24643.98     903.1644  14.0207   0.0398    11.81    0.283  -6.19   0      46.71     1686.828     100.5119
       179   1009.7307    701.9490       510576     970.2576  10.7298   0.0021     9.95    0.172   5.98  16        693     36880.35     161.2308
       180    786.3414    709.0096     13677.67     543.7667  14.6600   0.0432    13.32    0.325  16.12   0      31.02     1103.857     98.92168
       181    354.4482    703.6404     26790.14     739.4423  13.9301   0.0300    11.03    0.245  -0.88   0      55.36     1947.811     100.5831
       182    705.4306    699.4077     73461.09     854.2085  12.8349   0.0126    10.31    0.244   1.36   2      139.3     5193.878     108.1515
       183    695.8522    687.2999     20818.03     694.8217  14.2039   0.0362    12.12    0.290   6.39   3      43.55      1478.84     98.72852
       184     99.9455    700.9432     16908.97     841.3551  14.4297   0.0540    11.74    0.100 -54.92   0      31.11     864.6058     98.63521
       185    840.4291    697.1175     37867.12     1036.035  13.5543   0.0297    20.61    0.396 -26.56   0      58.08     1737.978       99.847
       186    485.3740    699.0731     21208.36     890.6638  14.1837   0.0456    12.02    0.313   9.35   0      38.95     1232.556     98.95374
       187    816.4550    698.3395     17641.72     661.0605  14.3836   0.0407    11.23    0.267   4.38   0      39.96     1543.983     99.92775
       188    765.8420    698.8285      12724.3     767.2194  14.7384   0.0655    10.16    0.040  35.76   0      23.85      794.074     98.47255
       189    404.8483    693.2319     13837.13     807.2908  14.6474   0.0634    10.71    0.032  16.15   0      24.55     799.6979     97.95452
       190   1017.8895    679.3935     54165.15     859.7418  13.1657   0.0172    10.35    0.178 -12.84  24      93.82     3416.387     103.8484
       191    388.9100    680.6254     15853.01     845.7078  14.4997   0.0579    11.43    0.227  40.85   0      26.93     873.5522     97.32518
       192     13.4231    681.3312     7339.747     596.1445  15.3358   0.0882     7.25    0.360  18.51   0      19.03     753.5244     97.84733
       193    839.4713    670.7298      67697.7     741.4327  12.9236   0.0119    17.12    0.284  -1.51   0      135.6     5109.835     107.2478
       194    256.2293    662.6677     17962.77     690.1187  14.3641   0.0417    12.59    0.282 -17.68   3      37.49      1340.54     99.20144
       195    689.6626    670.1861     13795.37      564.983  14.6507   0.0445    13.36    0.252   7.28   0      30.53       1102.8     98.65527
       196    135.7661    671.3520     9933.451     662.3539  15.0072   0.0724     9.95    0.220  38.17   0      23.35      800.181     97.95564
       197    350.2471    668.2001     16046.51      608.093  14.4865   0.0412    13.44    0.209  -8.12   0       34.7     1262.097     99.02156
       198    548.1141    664.5310      16240.6     825.5281  14.4735   0.0552    11.92    0.336  -5.24   0       31.2     1122.525     98.17085
       199    568.0576    658.6954        22750     977.5817  14.1075   0.0467    13.86    0.264  13.92   0      34.94     1175.309     98.02731
       200    299.2651    659.4067     20159.43     991.5514  14.2388   0.0534    13.70    0.418 -27.73   0      29.25     760.5294      97.8636
       201    267.0038    669.4335     40987.04      875.079  13.4684   0.0232    11.74    0.286  15.68   3      73.59     2461.434     102.2484
       202    811.8125    651.3373     101812.4     937.7997  12.4805   0.0100    10.50    0.253   3.97   0      183.3     7002.772     111.4211
       203    411.5416    654.7158     16506.07     878.3998  14.4559   0.0578    10.03    0.497   1.76   0       26.4     704.0101     97.19713
       204    782.8730    649.4887     53623.71     1132.535  13.1766   0.0229    16.00    0.443 -25.96   0      80.73     2656.375     101.6598
       205    938.5475    653.2164     11855.65     696.5794  14.8152   0.0638     8.71    0.147  15.27   0      23.31     865.4476     98.37241
       206    608.7344    646.4567     57595.34     1059.602  13.0990   0.0200    10.99    0.282   5.58   1       89.2     3189.374     103.3504
       207    584.3768    644.9805     90377.48     864.7501  12.6098   0.0104    10.54    0.238  -0.03   0      170.3     6595.275     111.0574
       208    130.2137    647.1709     18528.79     813.4337  14.3304   0.0477    11.64    0.218  -1.51   0      38.37     1284.605     99.59825
       209    633.6395    643.0587     65602.63     932.4853  12.9577   0.0154    12.64    0.335 -12.16   0      115.6     4313.279     105.7931
       210    293.2497    638.2892     196294.6     943.9922  11.7677   0.0052    10.13    0.231   6.90   2      325.3     12986.46     122.5978
       211    298.2138    621.4985     81506.49     1014.551  12.7220   0.0135    10.64    0.353 -18.70   3      136.9     4757.478     106.4985
       212    829.9250    637.5566     80196.77     741.7468  12.7396   0.0100     9.98    0.246  -1.27   0      158.9     6225.879      109.825
       213    946.2600    638.5573     17437.58     900.6256  14.3963   0.0561    12.62    0.265  10.12   0      29.97      1014.58     98.45182
       214      6.7320    638.4081     14412.02     582.2753  14.6032   0.0439    13.20    0.246  24.15  16      31.02     993.0784     98.40218
       215    982.7622    637.6849     11839.84     732.1664  14.8166   0.0672     8.85    0.154  59.55   0      25.36     920.4747     97.70197
       216    698.5359    636.4966     18860.51      615.532  14.3111   0.0354    11.06    0.247  -4.64   0      40.64     1430.036      98.8802
       217    194.1083    637.2522     14922.58     822.7915  14.5654   0.0599    13.04    0.239   6.29   0      29.38     885.4523     97.62047
       218    553.3208    635.4606     19046.99     848.8729  14.3004   0.0484    12.37    0.244   2.58   0      37.54     1236.412     98.43415
       219    258.1490    634.3818     29138.37     873.4903  13.8388   0.0326    10.68    0.249   2.70   0      57.22     1987.963     100.9325
       220    111.0793    634.2197     25646.97      597.654  13.9774   0.0253    10.62    0.267  -5.94   0      56.43     2068.129     101.1128
       221     55.7440    627.5338     11228.96     700.1097  14.8742   0.0677    10.63    0.105   1.14   0      24.37     838.8041     97.77887
       222    335.7080    621.9509     89175.38     970.9947  12.6244   0.0118    15.20    0.462  21.74   0      141.5     4534.682     105.7757
       223    612.0774    623.9352     10551.15     676.2012  14.9418   0.0696     8.15    0.134  76.71   0      21.23     723.1066     97.50958
       224    811.4968    619.4022     20989.43     763.7114  14.1950   0.0395    12.41    0.186 -12.24   0      41.92     1338.579     99.19695
       225    909.0319    615.3172     40617.73     1237.329  13.4782   0.0331    22.26    0.630   4.99   0       47.8     1047.011     98.26163
       226    738.6074    617.1990     21679.73     726.2929  14.1599   0.0364    15.71    0.479 -18.04   0      37.28     1220.722     98.92655
       227    579.7372    615.5977     55116.75     1000.184  13.1468   0.0197    14.14    0.369   8.28   0       93.7     3284.666     103.8112
       228    119.3077    615.7690     11163.62     727.4894  14.8805   0.0708     9.67    0.385  18.89   0      22.79     856.1014     97.01599
       229    145.0316    607.2961     175530.3     843.1325  11.8891   0.0052     9.99    0.174  -3.66   0      302.3     11935.14        120.2
       230    285.3625    603.4062     63775.86     716.0549  12.9884   0.0122    10.79    0.240  -1.02   0      129.1     4752.188     107.2193
       231    384.9882    601.8145      69241.2     813.1761  12.8991   0.0128    10.23    0.244   0.43   0      132.7     4818.457     106.8728
       232     54.6390    597.2359     155987.2     972.5317  12.0173   0.0068     9.88    0.433  17.32   2      254.3     10036.79     117.4469
       233     42.0368    582.1716      46106.3     1148.188  13.3406   0.0270    18.03    0.184 -69.74   3       75.8     2380.638     102.0686
       234    438.5844    598.8710     11894.18     688.1172  14.8117   0.0628     8.51    0.327  -2.73   0      22.22     812.8649     98.25085
       235    463.4099    612.0718     16841.85     828.8459  14.4340   0.0534    11.14    0.094   8.42   0       28.4     956.9635     98.31873
       236    977.7173    595.9241     11004.83     702.8253  14.8960   0.0694     9.62    0.425   6.14   0      23.08     755.8184     97.04986
       237    952.4498    596.0749     6915.841     558.7191  15.4004   0.0877     6.30    0.212 -67.40   0      17.31     711.7042       97.483
       238    402.8149    594.7713     11550.43     724.9172  14.8435   0.0682     9.93    0.058 -14.78   0      23.48     878.4611     98.66712
       239    341.6261    591.5352     15854.53     535.0145  14.4996   0.0366    11.84    0.195  -7.82   0      36.57     1326.788     99.16993
       240    853.5718    588.6245     55051.87     747.2063  13.1481   0.0147    10.45    0.265  -0.25   0      110.7     4184.178     106.0085
       241    507.6073    606.4266     171761.2     915.5572  11.9127   0.0058    10.09    0.215   1.53   0      290.5     11724.29     120.8841
       242    823.3442    587.5835      15629.1     748.3022  14.5152   0.0520    11.63    0.269  -2.59   0      34.51     1292.611     99.35439
       243    462.4192    586.0977     24418.29     1031.186  14.0307   0.0459    12.75    0.162  51.75   0      32.76     900.8517     97.38891
       244   1019.3705    583.6172     14989.13     648.1886  14.5606   0.0470    11.94    0.197  15.16  16      31.85     1227.959      99.4689
       245    444.9237    581.9917      13980.7     809.7502  14.6362   0.0629    11.30    0.386  31.22   0       24.8     879.0563     98.13847
       246      8.9555    576.5565     66089.66     802.6058  12.9497   0.0132    10.09    0.235  -0.55  24      125.3     4512.562     105.7281
       247    774.7085    577.5916     23317.16     742.7758  14.0808   0.0346    12.58    0.286   8.98   0      48.84     1764.868     100.1689
       248    388.1957    579.8992     12322.58     682.5516  14.7732   0.0602     7.76    0.319 -42.60   0      23.76     751.8738      97.8435
       249    684.8535    576.0973     12343.95     723.3657  14.7714   0.0636    10.79    0.366  19.11   0       26.1     978.9514       97.571
       250    662.9261    572.7571     91991.75     910.6964  12.5906   0.0108    10.09    0.231   0.69   0      174.8     6727.181     110.8576
       251    240.7625    568.3066     12469.85     650.3192  14.7603   0.0566    12.19    0.234  -9.74   0      28.75     1171.164     97.75128
       252    519.7877    567.0743     14352.11     739.1461  14.6077   0.0559    12.84    0.299  -2.47   0      29.73      1134.82     98.99279
       253    300.1664    562.4683     143984.2     849.2982  12.1042   0.0064    10.12    0.225  -0.89   0        257     10315.57     117.9851
       254    834.9233    562.7231     39907.61       982.89  13.4974   0.0267    11.50    0.217  -2.19   0      70.02     2532.915     101.1259
       255    638.9752    551.2526     52960.15     1533.894  13.1901   0.0315    21.98    0.579 -36.82   0      51.77     1309.147     99.39221
       256     26.1917    554.7684     14249.72     791.9166  14.6155   0.0604    10.34    0.264  21.92   0      25.37     968.5284     98.87437
       257    279.6883    550.8447     29808.23     860.8853  13.8142   0.0314    10.51    0.248   6.78   0      61.85     2182.204     100.5942
       258    878.0724    549.3562     11541.44     714.0407  14.8443   0.0672    10.39    0.207  -7.03   0      24.44     900.8739     98.18899
       259    998.3538    547.7611     16526.91     827.9725  14.4545   0.0544    12.66    0.287  -2.48   0      31.13     1048.503     98.26508
       260     82.7110    548.8539     7735.969     603.9004  15.2787   0.0848     6.89    0.186  65.95   0      19.28      813.451      97.4527
       261   1014.7925    545.9437     3684.201     170.4596  16.0841   0.0502     1.20    0.111  -3.59   0      47.84     3621.396     104.5458
       262    256.0235    539.2455     27890.88     881.3405  13.8863   0.0343    18.40    0.244 -61.49   0      46.06     1073.041     99.11431
       263    115.8656    539.3743     15243.79     760.2866  14.5423   0.0542     6.40    0.175  10.95   1      32.06      1574.61     99.73625
       264    937.0876    536.8488     30336.44     980.0093  13.7951   0.0351    11.45    0.277  19.92   0      51.97     1874.746     99.89712
       265     23.5940    535.5368     88604.93      781.909  12.6314   0.0096     9.88    0.196  -2.67   0      170.6     6366.444     110.3521
       266   1021.4600    536.4484        12090     385.9068  14.7939   0.0347     9.40    0.138  66.67  24       38.7     1682.432     99.98165
       267    778.7811    529.4908     336166.2     1004.071  11.1836   0.0032    10.28    0.112  20.11   0      484.9     20194.97     135.1098
       268    427.4037    534.2677     24608.49     946.1647  14.0223   0.0418    10.82    0.264  -2.25   0      43.66     1560.413      99.7039
       269    983.0715    527.3717     54880.79     1453.439  13.1514   0.0288    18.45    0.483  53.04   0      61.05     1723.751     100.0755
       270    111.6699    526.1258     101891.3       876.74  12.4797   0.0093    10.09    0.237  -3.28   0        187     7017.285     111.2165
       271    614.4355    525.6899     39085.82     846.5547  13.5200   0.0235    10.18    0.200  -5.19   0      75.71     2617.553      101.573
       272    370.8251    525.3527     37428.41     757.4805  13.5670   0.0220    10.26    0.225   2.22   0      75.15     2735.574     102.8559
       273    562.6647    523.0450     20201.34      770.278  14.2365   0.0414    10.21    0.014  77.28   0      39.59     1438.746     99.42618
       274    468.3645    522.1382     54070.34     977.5273  13.1676   0.0196    10.94    0.185  -6.23   0      93.79     3070.784     103.0893
       275    690.9518    521.3360     14185.84       790.25  14.6204   0.0605    12.19    0.280  15.71   0      28.11     965.4561     98.33836
       276    633.4615    529.2491     24065.11     961.7537  14.0465   0.0434    11.71    0.123  20.17   0      38.03     1296.076     99.09952
       277    220.5667    503.6281      1847641     1280.792   9.3335   0.0008    10.03    0.185  -0.31   0       1583     127976.8     259.8214
       278    883.5177    512.4314     31037.56     782.6855  13.7703   0.0274    10.95    0.294   7.33   0      61.32      2153.01     100.7873
       279    761.3029    503.8152     154188.9     862.6705  12.0299   0.0061    10.41    0.196  -7.83   0        263     10020.04     117.1921
       280    465.7528    506.4812     18155.11     835.4721  14.3525   0.0500     9.72    0.192  12.54   0      33.84     1260.395     98.48951
       281    666.4901    503.2802     23533.91     871.2829  14.0708   0.0402    10.24    0.243  -7.14   0      48.08      1775.88     99.93324
       282    305.7066    502.4098     23383.64     830.6378  14.0777   0.0386     0.00    0.301 -87.49   3      38.25     1857.851     100.3796
       283    293.6366    500.7010     40792.73     1073.139  13.4735   0.0286    19.22    0.495  -4.79   2      60.86       2133.4     99.96346
       284    106.5551    499.0140     13943.44       664.71  14.6391   0.0518    10.86    0.283   5.06   0      30.76     1253.059     99.52625
       285    497.5659    497.3453     9736.752      607.879  15.0290   0.0678    10.00    0.370  13.16   0      23.16     886.8431     97.89046
       286    337.8799    497.0080     10409.23     607.0574  14.9565   0.0633    11.44    0.136 -14.20   0       24.9     936.3535     98.27108
       287    161.8532    492.4867     40095.84     1030.215  13.4923   0.0279    10.89    0.255  -6.36   0      68.62     2329.497     100.9264
       288    278.0665    490.7149     24604.56     914.6313  14.0225   0.0404    12.53    0.174  16.95   3      40.54     1170.298     98.54637
       289    270.3080    479.9096     24743.63     993.9143  14.0163   0.0436    12.87    0.447  23.74   3      30.79     911.0734     97.94671
       290     53.5880    489.6686     45492.06     1037.078  13.3552   0.0248    10.28    0.236   7.37   0      73.59     2513.116     101.8524
       291    928.2961    484.0305     27464.87      672.233  13.9031   0.0266    10.84    0.258   6.02   0      57.75     2123.643     99.94127
       292    173.8000    485.7395     15567.44     838.6638  14.5195   0.0585    10.21    0.459  27.17   0      26.96     966.1826     98.34003
       293    382.8973    480.2430     10471.69     632.3295  14.9500   0.0656     6.74    0.190  -7.44   2      21.56     781.3463     96.84071
       294    726.3475    476.6688     17510.63     552.4924  14.3917   0.0343    10.80    0.289  -3.30   0      40.29     1635.073     99.61249
       295    326.1210    462.6199     51313.57     849.8311  13.2244   0.0180    12.47    0.366 -22.09   0      89.34      3157.65     103.5328
       296    840.3696    462.4109     53960.93     801.6075  13.1698   0.0161    10.26    0.275   1.53   0      110.8     4204.706     106.0525
       297    121.6840    459.5682        64922     1029.996  12.9690   0.0172    15.49    0.237  78.57   0      99.79     2653.395     101.9094
       298    243.9515    457.3321     305544.5     883.4031  11.2873   0.0031    21.47    0.205   2.48   0      474.2     21322.65     137.5635
       299     11.5466    463.4335     16540.93      750.319  14.4536   0.0493     8.48    0.214 -32.39  16      25.56     811.1493     98.24687
       300    787.9246    457.1411     9612.849     653.3238  15.0429   0.0738     9.87    0.263 -24.26   0      21.81      718.845     97.49965
       301    970.2290    455.9488     14262.86     772.7537  14.6145   0.0588    10.52    0.133 -28.25   0      25.01     881.6686     98.40987
       302    202.1986    453.0542     11198.67     467.8989  14.8771   0.0454    11.51    0.131   8.72   0      27.06     964.9102      98.3371
       303     75.5650    462.5052     44286.29     948.8205  13.3843   0.0233    10.49    0.306   1.82   0      78.62     2668.605      101.173
       304     11.6054    443.6506     41078.57     899.3517  13.4660   0.0238    14.52    0.235 -26.01  18      72.22      2585.93     102.2701
       305    580.8879    446.0114     20842.96     881.0024  14.2026   0.0459    10.75    0.409   4.94   0       28.1     800.7551     97.69039
       306    404.0878    433.6182     301048.6     920.5781  11.3034   0.0033    10.11    0.178   0.63   0      465.2     21074.51     136.9626
       307    593.6203    442.2153     30121.88     1115.603  13.8028   0.0402    14.25    0.266  18.61   0       36.4     1118.548     98.95542
       308    643.1232    445.5003        17267     691.7769  14.4070   0.0435    13.22    0.231  13.22   0       36.9     1107.682     97.87039
       309    932.7290    438.7889     8608.426     564.0496  15.1627   0.0712     5.91    0.157  -6.93   0      18.81     763.4337     97.87035
       310    985.5324    434.4056     19229.84     888.6928  14.2901   0.0502    10.13    0.615 -13.50   0      27.04     829.9363     98.02465
       311    780.9929    429.3867     16752.85     693.4907  14.4398   0.0450    13.00    0.314  14.04   0         37     1324.716     99.16518
       312    706.5370    424.2278     48696.72     694.5577  13.2813   0.0155    12.06    0.237  -6.47   0      98.46     3622.301     104.0477
       313    221.1243    420.3041     35513.46      883.304  13.6240   0.0270    10.36    0.238  -5.27   0      69.73      2439.16      101.173
       314    793.1769    421.7189     9844.635      678.851  15.0170   0.0749     9.38    0.340  22.98   0      22.21     741.3053     97.81895
       315    466.7834    419.4041     26514.02     789.6704  13.9413   0.0323    12.08    0.352  -8.70   0      51.95     1943.521     100.5734
       316    160.1219    421.4466     11202.16     546.3228  14.8767   0.0530    11.22    0.293   2.70   0      26.36     1091.014     98.36335
       317    429.7379    414.1986     142323.7     890.8259  12.1168   0.0068    10.02    0.227  -0.59   0      247.7     9844.072     117.2959
       318    319.9935    412.5451     55401.74     919.4202  13.1412   0.0180    12.32    0.270   7.53   0      102.7     3653.219      104.615
       319    904.5230    415.9668     9975.867     509.9983  15.0026   0.0555     3.50    0.419   7.61   2      23.82      853.613     98.07954
       320    864.4700    407.7442     27478.91     746.6721  13.9025   0.0295    10.25    0.249  -0.72   0      58.27     2132.393     100.7408
       321    539.1603    406.5763        23038     648.9987  14.0939   0.0306    10.94    0.245   8.17   0      50.55     1837.132     100.8512
       322    688.7184    406.8701     14213.27      651.929  14.6183   0.0498    10.90    0.217   6.42   0      30.93     1059.645     98.02517
       323    608.9310    404.9193     11811.53     694.6906  14.8192   0.0639    10.56    0.131   3.68   0      25.62     1044.932     97.99105
       324    210.8258    404.5452     23858.71     988.4494  14.0559   0.0450    13.48    0.410 -16.37   0      32.68     986.5602     98.38712
       325    820.0706    404.1729     9070.216     629.7584  15.1060   0.0754     7.98    0.312  37.03   0      21.18      810.218     97.97893
       326   1009.8752    395.2096     266938.4      852.258  11.4340   0.0035     9.93    0.222   3.13  16        433     20351.42     135.9494
       327    135.2892    392.7224     172152.3     962.1766  11.9102   0.0061    11.32    0.282  15.04   3      277.8     10645.97     118.1793
       328    127.9082    378.2557     32601.34      1183.58  13.7169   0.0394    19.36    0.459   1.01   3       45.8     1266.145     98.50278
       329    211.5805    393.9856     15847.77      837.962  14.5001   0.0574    13.12    0.269   7.03   0      30.45     1037.337     98.76873
       330    445.1258    390.0014     124063.2     1123.609  12.2659   0.0098    10.24    0.234  -4.58   2      174.9     6176.334     109.7224
       331    453.9130    379.8499      72904.3     1783.099  12.8431   0.0266    11.95    0.135  -2.55   3      65.69     1519.854     99.08643
       332    632.6503    389.9131     33479.23      738.853  13.6881   0.0240    10.92    0.310   2.28   0      68.08     2444.479      101.185
       333    111.1412    388.7786     31298.92     916.2933  13.7612   0.0318    10.65    0.280  -3.03   1       56.3     2082.591     100.8872
       334    169.4229    387.5317     6169.679     263.2549  15.5243   0.0463     6.76    0.598  43.98   0      36.86      2871.87     102.9035
       335    470.7868    384.5009     33221.93     1056.215  13.6964   0.0345    11.67    0.213  -1.15   0      50.22     1808.515     100.2678
       336    809.9755    381.9502     15082.78     782.2172  14.5538   0.0563     9.47    0.238  42.13   0      25.07     859.4069     98.62322
       337     95.8292    381.2856     23178.24     739.2138  14.0873   0.0346    10.43    0.275   2.63   0       48.9     1815.511     100.0233
       338    156.4046    380.6143     20134.04     859.0867  14.2402   0.0463    11.08    0.299  -9.72   0      37.86     1419.685     99.38259
       339    947.8196    374.4925     72440.02     857.7456  12.8501   0.0129     9.92    0.259   5.07   0      139.1     5161.156     106.8696
       340    855.2709    375.5525     10802.35     704.6128  14.9162   0.0708     8.67    0.142  31.75   0      22.23     808.7592     97.97554
       341    744.4716    377.2224     8613.063      496.427  15.1621   0.0626     5.09    0.279   0.66   0      21.14     909.9985     98.47528
       342     20.4546    373.7456     26156.55     734.8248  13.9560   0.0305    10.66    0.270  -0.55   0      56.94     2046.033     101.3209
       343    645.7749    369.6602     45337.86     952.5008  13.3588   0.0228    10.40    0.280   2.38   0      85.55     3170.304     103.5606
       344    388.0609    371.2273     8267.822     634.6262  15.2065   0.0834     8.53    0.082  -5.29   0       20.6     916.5377     98.49037
       345     79.8822    370.4296     9453.737     698.6006  15.0610   0.0803     9.75    0.427  45.43   0      20.84     745.6699     97.82909
       346    966.4453    365.7489     16921.49     738.1714  14.4289   0.0474    12.57    0.312   0.40   0      38.29     1400.056     99.59987
       347    478.9488    358.3160     420322.3     923.8155  10.9410   0.0024    10.08    0.219  -1.79   0      604.6     29726.15     150.4632
       348    360.5264    360.2810     167916.6     804.6318  11.9373   0.0052    10.08    0.242  -1.89   0      296.7     12024.99     120.5862
       349    330.4962    362.1238     30866.12     1063.706  13.7763   0.0374    13.56    0.262   0.96   0      46.38     1441.972     98.90763
       350    535.9252    360.0795     74163.84      732.813  12.8245   0.0107    10.22    0.250   3.33   0      146.1     5316.511     107.1994
       351    867.7955    358.2728     14934.49     730.4537  14.5645   0.0531    12.18    0.341   3.52   0      31.19     1156.103     98.51363
       352    662.2390    357.7961     15674.95     856.3851  14.5120   0.0593    12.13    0.321  13.36   0      27.53     902.2191     98.72183
       353    734.4611    356.9735     18158.61     820.5128  14.3523   0.0491    13.60    0.377   1.73   0      32.96     1111.113     98.93835
       354    251.3597    352.9186     62469.38     1212.106  13.0108   0.0211     9.14    0.412 -24.40   0      92.38     3295.589      103.079
       355    168.5222    353.8771     70390.77     769.8515  12.8812   0.0119    10.04    0.237  -5.97   0      134.3     4919.418     106.3542
       356    839.7436    354.7241     7995.959      598.577  15.2428   0.0813     7.19    0.494   8.19   0      19.22     802.9265     97.69544
       357    635.9128    351.2881     30854.58     977.4651  13.7767   0.0344    11.00    0.310   1.61   0      52.96     1795.004     99.97672
       358    964.2427    347.2363     55319.06     701.3843  13.1428   0.0138    18.09    0.327  10.41   0      114.4     4515.766     106.4724
       359     82.3108    347.9406     43600.79     737.5533  13.4013   0.0184    10.13    0.253  -1.18   0      89.51     3173.906     102.8103
       360    415.8705    347.3457     10716.94     595.2442  14.9248   0.0603    11.89    0.304  -4.35   0      25.86      854.725     97.81587
       361    137.2807    344.4181     31902.08     733.0508  13.7405   0.0250    13.73    0.208  52.93   0       57.5     1738.167     100.1083
       362    590.5154    344.7769     19809.34     865.0512  14.2578   0.0474    13.70    0.289 -30.81   0      36.74     1172.988     98.28761
       363    857.7448    343.5331     21330.44      875.189  14.1775   0.0446    10.81    0.253   5.97   0      39.22     1434.864     99.15465
       364    225.0563    335.0552     207183.2     962.3203  11.7091   0.0050    10.19    0.219  14.94   0      330.4      14179.9     125.6237
       365      4.7878    337.4843     16824.41     689.7437  14.4352   0.0445    13.15    0.180  17.07  27      35.99     1165.112     98.79871
       366     20.2971    334.7631     30642.13     852.7366  13.7842   0.0302    11.83    0.379  -7.88  18      60.71     2189.639     100.0912
       367    557.8676    333.7201      19085.6       581.86  14.2982   0.0331    10.78    0.271  -0.04   0      43.23     1634.449     99.34892
       368    808.0573    330.9503     25803.75     803.3821  13.9708   0.0338    10.50    0.261   4.01   0      54.29     2065.483     101.1069
       369    251.3119    328.7802     51091.22     910.5116  13.2291   0.0194    10.41    0.261   1.16   0       94.4     3344.426     103.1866
       370     89.9999    327.9209     9814.646     646.3718  15.0203   0.0715     8.62    0.389  15.21   0      22.64     929.0342     98.25415
       371    816.8428    321.1067     23045.93     809.0737  14.0935   0.0381    10.73    0.272  -3.62   0      47.86     1695.082     99.22507
       372    664.0000    321.7534     7042.548      409.258  15.3807   0.0631     1.63    0.222 -42.33   2      21.45     746.5323     97.83109
       373    508.7246    320.6210     12872.18     776.5537  14.7259   0.0655    10.51    0.211  14.89   0       24.7     862.1083     98.36469
       374    372.9189    318.3947     35603.72     800.4686  13.6213   0.0244    18.33    0.418  -0.57   0       64.5      2061.15     101.0971
       375    963.5532    310.8767      43556.5     761.0322  13.4024   0.0190    10.57    0.303   4.10   3      91.25     3457.579     103.6873
       376    970.0726    303.3855     45002.56     911.1396  13.3669   0.0220    10.44    0.243  -0.73   3      85.03     3135.667     103.4845
       377    597.7845    308.4391     38746.81     723.5496  13.5294   0.0203    10.47    0.272   4.68   0      78.31     2882.765     103.4331
       378    179.5251    308.3143      27792.2     993.2993  13.8902   0.0388    15.26    0.403 -30.97   0      47.24     1432.531     98.62186
       379   1015.3570    304.7694     13048.72     485.1979  14.7111   0.0404    12.15    0.362   5.33  16      32.07     1320.025     99.67905
       380    141.5373    305.0850     12251.13     773.0057  14.7796   0.0685    10.98    0.224   7.65   0      23.98     729.9151     97.25768
       381    871.7399    299.2999     114745.3     936.7623  12.3507   0.0089     9.86    0.230   3.67   0      206.5       8212.1      113.172
       382    347.7133    302.2314     10215.46     651.5352  14.9769   0.0693     9.56    0.099  79.55   0      23.04     799.2657     97.68693
       383    161.3573    294.1166     42280.31     1024.988  13.4347   0.0263    11.51    0.119  -4.42   0      75.88     2504.691     101.3202
       384    690.8116    295.0632     13955.32     729.2556  14.6382   0.0568    10.20    0.177   7.89   0      29.18      1192.45     98.86158
       385     61.7603    290.2896     33142.68     907.4584  13.6990   0.0297    10.32    0.252  -1.75   0      64.78      2126.68     100.4687
       386    825.9421    287.9713     82598.22     782.6641  12.7076   0.0103     9.94    0.264  -1.32   0      159.7     6315.724     110.0108
       387    763.9080    290.1305     23974.85     910.9033  14.0506   0.0413    11.49    0.315  -2.43   0      41.97     1553.102     99.42529
       388   1020.1653    287.0734     84351.95     566.8221  12.6848   0.0073     9.98    0.054  56.54  24      197.7     8774.751     114.9787
       389    419.2431    287.5080     60459.12     805.8785  13.0463   0.0145    10.72    0.297   1.20   0      116.8     4120.243     104.6325
       390    356.8851    289.3670     10839.57     685.8704  14.9125   0.0687     9.31    0.236  48.50   0      22.56     789.9407     97.66523
       391    901.3289    285.5103     16479.77     783.4556  14.4576   0.0516    11.58    0.357  -7.47   0      33.94     1346.607     98.95215
       392    533.3915    285.9068      12047.8     731.3401  14.7977   0.0659    10.55    0.358  16.99   0      25.19     837.1944     98.04148
       393    488.5513    285.8474     10412.43     684.7774  14.9561   0.0714     9.26    0.303 -22.57   0      23.16     812.2159     98.24934
       394    144.4173    281.6644     57996.87     820.4236  13.0915   0.0154    10.22    0.268  -0.67   0      116.4     4355.304     105.8833
       395    965.0345    280.4297     46381.43     690.9749  13.3341   0.0162     9.99    0.294   5.66   0      99.03     3903.244     105.4045
       396    602.8239    278.3309     12836.24     628.0094  14.7289   0.0531    12.69    0.317  10.73   0      30.62     1214.707     99.17603
       397      6.9415    269.2388      1009899     978.9982   9.9893   0.0011    10.80    0.066 -17.56  24       1136     77712.27     211.0814
       398     73.3930    273.9698     40452.25     793.6718  13.4826   0.0213    10.21    0.258   1.23   0      82.41     3026.127      103.496
       399    690.5250    271.7087     35757.38     727.1071  13.6166   0.0221    10.07    0.246  -2.59   0      73.19     2663.937     101.6767
       400    517.0721    273.7753     15411.02     738.5894  14.5304   0.0520    12.32    0.303  -4.11   0      31.08     1101.442     98.65214
       401    466.3510    269.7407     144625.2     799.6582  12.0994   0.0060     9.98    0.240   2.69   0      258.9     10414.59     118.1757
       402    737.9379    268.1419     8459.578     600.9268  15.1816   0.0771     8.29    0.466  34.37   0      21.97     857.4776     98.35399
       403    317.5813    263.8174     86046.69      740.902  12.6632   0.0094    10.01    0.294  -2.02   0      167.4      6681.46     111.2337
       404    390.1503    265.0452     22370.87     789.3035  14.1258   0.0383    11.20    0.288  -1.13   0      46.04     1649.673     100.1678
       405    170.8158    257.4860     158747.8     865.3788  11.9982   0.0059    11.01    0.238  -6.67   0      275.1      11159.8      119.382
       406    664.4677    258.3480     19905.02     675.4882  14.2526   0.0369     9.98    0.290   4.56   0      44.43     1750.863     100.1371
       407    220.4815    249.9934     361144.9     916.2834  11.1058   0.0028     9.98    0.222  -7.16   0      537.1     25792.48       144.94
       408    927.0769    257.4613     7348.152     597.2404  15.3346   0.0883     8.53    0.249   6.22   0       19.6     767.7897     97.61367
       409   1019.2631    252.5271     38547.85     727.9788  13.5350   0.0205     9.23    0.136  10.08  24       79.4     3131.892     103.2239
       410    605.2043    246.2028     252774.8     931.9602  11.4932   0.0040    10.33    0.341   9.33   0      398.9     17408.17     130.9366
       411    395.7884    248.6402     115963.4      799.665  12.3392   0.0075    10.12    0.238   0.09   0      214.5     8649.625      115.411
       412    686.0276    247.7899      55519.6     705.1572  13.1389   0.0138    10.01    0.274   2.50   0      113.9     4462.201      106.358
       413    189.5259    244.7293     32634.94     1111.432  13.7158   0.0370    16.00    0.511 -13.45   1      42.03     1360.062     98.98304
       414    643.1611    241.8460     26937.55     616.3953  13.9241   0.0249     9.95    0.261   2.02   0      59.67     2404.573      101.353
       415    562.6867    242.1603     25731.79      1034.63  13.9738   0.0437    12.66    0.290  -4.77   0      37.57     1116.734     98.15744
       416    815.7903    237.8462     10253.09     665.4095  14.9729   0.0705     7.94    0.337 -21.08   0      21.75     893.9803     98.70287
       417     92.2810    236.0774     11197.12     666.7104  14.8772   0.0647     7.64    0.088  18.35   0       22.1     880.9357     97.34242
       418     67.2048    240.9751     9358.174      642.163  15.0720   0.0745     8.14    0.301  18.70   0      20.19     815.5842     98.25714
       419    119.6226    232.3065     15647.91     730.6757  14.5139   0.0507    12.48    0.375  -4.22   0       30.5     1180.125     98.03847
       420    731.2933    219.1097      1038846     1100.687   9.9586   0.0012     9.92    0.201   0.18   0       1119     76587.95      209.743
       421    205.8291    227.6294     7940.461     600.7303  15.2504   0.0822     9.15    0.467  -2.86   0      20.43     762.6182     98.39993
       422    417.2162    217.7427     247067.8     957.5008  11.5180   0.0042    10.75    0.213  34.17   0      373.5     16197.72     129.0207
       423    347.3393    224.3593     27749.65     607.1057  13.8919   0.0238    10.16    0.287  -2.93   0      61.24     2354.379     101.4976
       424    956.6417    224.0032     21850.09     821.5346  14.1514   0.0408    11.13    0.305  12.05   0      43.66     1722.023     100.5914
       425    851.8983    225.9187     8963.069     634.8752  15.1189   0.0769     7.68    0.459  33.43   0      20.39     811.0182     97.17904
       426    241.2055    220.1333       176021     827.6579  11.8861   0.0051     9.96    0.230  -2.15   0      307.4     12948.09     122.9516
       427    464.3152    222.4082     16533.76      824.028  14.4541   0.0541    11.98    0.205  -1.36   0      33.01     1126.352     98.97334
       428    548.0095    218.5476     36558.14     987.4114  13.5925   0.0293    10.71    0.292  -2.91   0      64.29     2232.934     101.4826
       429    482.8172    219.1310     17594.25       871.23  14.3866   0.0538    12.36    0.286 -11.86   0      28.51     978.9198     98.63422
       430    939.1031    217.6496     23364.96     843.8701  14.0786   0.0392    13.40    0.411   2.53   3      44.96      1601.14     99.00966
       431    945.4475    210.0127     39056.07     937.8851  13.5208   0.0261    10.66    0.205  -7.03   3      70.94     2752.321     102.8929
       432    644.8878    218.6509     9526.382     689.2292  15.0527   0.0786     9.44    0.469 -21.50   0      21.52     806.0081     97.43533
       433    294.8018    184.3833     28824.36     1060.814  13.8506   0.0400    16.28    0.367  19.54   3      38.01     1474.314     99.50745
       434    298.9146    207.4673     39806.19     696.3395  13.5001   0.0190    10.67    0.293  -0.32   3      81.86     2870.969     102.1385
       435    301.9226    197.3436     65022.36     864.1173  12.9673   0.0144    10.05    0.112 -14.78   3        115     4157.711     105.2107
       436   1021.9761    208.3156     6015.458     415.0191  15.5518   0.0749     5.58    0.160  23.92  18      17.28     756.8547     97.32062
       437     61.0448    202.9974      36208.5     696.1015  13.6030   0.0209    10.96    0.238 -30.94   0       69.7      2630.57     102.6237
       438    517.1479    200.8106      32040.4     1080.374  13.7358   0.0366    12.90    0.300   4.60   0      47.89     1513.664     99.85877
       439      2.6015    198.5545     8754.904     445.2641  15.1444   0.0552     8.56    0.410 -87.43  24      27.21     1358.169     99.50424
       440    770.7003    192.3706     51374.98     1399.871  13.2231   0.0296    21.22    0.383  66.36   0      57.53     1290.139      98.0275
       441    380.7251    192.8059     12348.25     696.7401  14.7710   0.0613    11.54    0.449  -4.01   0      27.49     1095.962     98.37478
       442    206.8920    188.0454     57296.62     846.0527  13.1047   0.0160    15.08    0.342  33.71   0      92.62     3003.311     102.4325
       443     19.7130    190.0170     16403.14     780.0977  14.4627   0.0516    11.71    0.353  -8.52   0      33.68     1149.181     98.49766
       444    613.2397    188.5741     14429.95     545.2779  14.6018   0.0410    10.46    0.257  -3.79   0      34.49      1366.11     99.78407
       445    947.6246    187.5043     17774.77     543.0807  14.3755   0.0332    11.68    0.325  -9.46   0      40.21      1413.37      98.3128
       446    242.7589    182.0505     30467.33     895.2108  13.7904   0.0319    17.26    0.257   1.02   3       59.7     2194.199     101.3958
       447    233.9693    173.5472     30606.41     851.9622  13.7855   0.0302    11.19    0.294   0.40   3      60.15     2081.456     100.8846
       448    151.5146    183.3889     14729.06       749.77  14.5796   0.0553     8.23    0.121  -0.21   0      25.13     781.4817     97.37811
       449    899.5579    180.3160     12614.71     777.3175  14.7478   0.0669    11.34    0.481  24.72   0      24.22     789.6698     97.39722
       450    277.5584    175.0401     101512.8     800.4493  12.4837   0.0086    10.09    0.263  -0.80   0      190.2     7671.837     112.7776
       451    363.3782    169.2769     687097.3     1004.939  10.4075   0.0016    10.02    0.215  -0.95   0      855.8     50161.25     179.1209
       452    165.9010    175.9356     35510.79     1054.855  13.6241   0.0323    12.48    0.354  -3.76   3      44.63     1529.524     98.84513
       453    177.8818    172.6384     22533.68     892.4641  14.1179   0.0430    12.03    0.283  -9.28   3       40.8     1401.458     99.07805
       454   1006.3129    192.5317     16018.74     803.0484  14.4884   0.0544    12.78    0.427  -6.21  16       31.8     1158.809     98.25481
       455    113.0582    170.1615     68233.75     1094.533  12.9150   0.0174    10.83    0.271  -8.26   3        106     3751.741     104.5798
       456     99.5247    161.2791       153410       979.28  12.0354   0.0069    10.02    0.243   0.20   3      258.2     10191.72       117.08
       457    981.9816    159.4874     21695.08     814.3179  14.1591   0.0408    14.93    0.337   8.19   0      45.33     1773.617     99.92809
       458    925.9037    161.0966     7348.764     624.9781  15.3345   0.0924     7.58    0.298  42.41   0      18.39     677.9889     97.13627
       459    702.9938    153.9982     233799.8     878.9561  11.5779   0.0041    10.06    0.288   3.11   2      376.3     16550.26     129.4389
       460    682.9116    154.3630     42423.48     812.8964  13.4310   0.0208    12.34    0.374 -12.95   3      81.43     2879.134     102.1566
       461    396.6544    157.8747     16910.78     759.0689  14.4296   0.0487    13.73    0.394  -2.24   0      36.25     1381.112     99.03136
       462    634.3185    155.0767     19774.73     735.5123  14.2597   0.0404    10.84    0.296  -5.60   0      42.56     1616.434     99.04475
       463    611.3494    154.1152     13475.61      784.248  14.6761   0.0632    11.66    0.368  54.53   0      26.34     840.8004     97.51646
       464    775.9235    165.4476     16681.33     530.4722  14.4444   0.0345    -0.55    0.252  24.16   0      50.64      6230.52     109.5969
       465    302.3057    149.1887     7209.525     596.0949  15.3552   0.0898     7.17    0.190  76.24   0      18.87       690.15     97.70002
       466    857.1685    145.7745     29282.92     699.4517  13.8335   0.0259    10.32    0.313   0.06   0      64.64     2634.396     102.6321
       467    526.8177    144.1220     10003.51     652.4612  14.9996   0.0708     9.95    0.109 -30.02   0       23.7     964.4728     98.60092
       468    240.1406    141.4995     14648.21     503.0852  14.5855   0.0373    12.08    0.222  -3.29   0      34.18     1223.935     98.13998
       469     40.5249    138.3316     36138.86     924.5714  13.6051   0.0278    17.87    0.226  -4.38   1      58.42      1919.68     100.2597
       470     23.3971    157.6050     17910.87     634.9976  14.3672   0.0385    14.18    0.296   0.71   0      38.41     1459.209     99.47294
       471     23.2427    132.8136     94498.45     829.6883  12.5614   0.0095     9.78    0.232  -0.55   0      176.9     7141.308     112.1693
       472    364.5179    130.5583     20961.95     674.8784  14.1964   0.0350    15.69    0.323  16.38   0       40.6     1390.874     98.79014
       473    666.1417    128.8555     77163.88     929.0042  12.7815   0.0131    10.10    0.288   0.23   0      138.4     5637.247     109.0793
       474    550.9049    131.3167      9415.61     596.9354  15.0654   0.0689     9.90    0.191   8.75   0      22.94     832.4511     97.76411
       475    527.6857    126.1105     9253.422     661.1352  15.0842   0.0776     8.98    0.516  11.28   0      21.39     918.3665     97.96363
       476    797.3666    119.9072     69909.04      944.642  12.8887   0.0147    10.29    0.260  -7.79   0        128     4871.493      106.006
       477    254.8140    121.5929     19357.19     619.9362  14.2829   0.0348    16.41    0.616  -5.66   0      33.67      973.703     98.35741
       478    320.0502    121.6877     10335.09     698.8873  14.9642   0.0734     8.91    0.368 -27.71   0      22.41     867.3632     97.57835
       479    737.2846    115.3317     98122.02     1364.636  12.5206   0.0151    23.46    0.571  -7.25   0      119.5     3468.594     103.4597
       480    544.7654    111.9606     27248.87     1109.743  13.9116   0.0442    16.44    0.457 -50.24   0       37.4     961.5812     98.32941
       481    143.1305    112.2383     15789.06     660.4232  14.5041   0.0454    10.43    0.288   0.55   0      37.39     1466.886     99.49048
       482   1019.2487    106.7040     20070.91     568.6495  14.2436   0.0308    10.46    0.264   6.06  24       48.6     1885.507     99.66027
       483    933.5057    107.1527     32799.05      885.555  13.7103   0.0293    10.21    0.272  -9.27   3      64.38     2458.064     100.9575
       484    171.7971   1016.8118     30740.14     1074.048  13.7807   0.0379    17.63    0.560  27.11  16      36.87     1021.938     98.46881
       485    699.0341    105.8473     4956.465     218.8363  15.7621   0.0479     4.53    0.423  89.81   0      43.79     3835.523     104.7617
       486    311.6190    104.3085     9118.361     673.7871  15.1002   0.0802     8.50    0.348 -19.56   0      20.58     732.2086     96.99455
       487     22.9135    103.2584     9874.792     668.2137  15.0137   0.0735     8.40    0.326  61.62   0       20.5     700.3616      97.1886
       488    518.2117    100.2138     20956.61     946.6654  14.1967   0.0491    12.94    0.380   5.35   0      32.24     1070.609     98.58109
       489    839.4170     96.9722     47734.79     684.7877  13.3029   0.0156    10.07    0.302   2.87   0      101.8     4284.083     106.2225
       490     42.1116     99.0186     13050.55     614.4449  14.7109   0.0511    10.42    0.262 -14.17   0      32.88     1293.456     98.56577
       491    614.8778    105.1091     21479.75     566.9169  14.1699   0.0287    10.35    0.329  -8.44   0      49.29     1928.015     100.0182
       492    804.9088     87.4580       672779     1012.055  10.4303   0.0016     9.91    0.237  -2.79   0      844.1     50728.93     179.4042
       493    534.5859     87.4670     316286.1     898.5821  11.2498   0.0031     9.87    0.230  -1.88   0      489.1      23975.4     141.8785
       494    319.4419     90.1274     60980.19     755.9386  13.0370   0.0135    10.38    0.307  -3.38   0      121.1     4611.515     106.4318
       495    235.9617     90.6746     65477.39     699.0952  12.9598   0.0116     9.79    0.273  -0.70   0      132.4     5269.992     107.8288
       496    107.1225     90.8211     24622.69     950.2933  14.0217   0.0419    12.21    0.271   1.11   0      39.35     1316.492       99.409
       497      8.9313     89.9265     47219.01     645.4021  13.3147   0.0148    10.18    0.283  -2.63  16      98.32     3677.303     104.1678
       498    982.7282     84.4931      14094.9     790.2239  14.6273   0.0609    11.60    0.304  -1.30   0       28.7     942.2313     97.75256
       499    578.8034     74.9995     32625.91     1013.882  13.7161   0.0337    12.41    0.276 -26.91   0      51.52     1645.883     99.89854
       500    894.8654     75.8354     23163.17     976.3431  14.0880   0.0458    11.74    0.442  15.50   2      29.12     808.3868     97.97468
       501    143.7098     75.2663     22554.17     573.0643  14.1169   0.0276    15.15    0.309   5.43   0      53.74     2062.654     100.3237
       502    767.3257     72.8319     71054.69     797.4971  12.8710   0.0122     9.98    0.305   3.79   0      142.7     5711.064     108.7544
       503    578.8951    106.5277      30075.5     871.4927  13.8045   0.0315     9.95    0.271   3.34   0      60.26     2270.883     100.5353
       504    280.0858     73.8015     15256.16     806.0742  14.5414   0.0574    12.64    0.281 -10.25   0       31.7     1146.414     99.28242
       505    470.9554     69.3654     30692.81     1043.246  13.7824   0.0369    12.25    0.331   8.16   0      40.17      1295.73     99.36153
       506    730.8916     70.1199     15787.19     747.4786  14.5042   0.0514     8.22    0.501 -20.62   0      26.24      733.601     97.53403
       507    110.2827     66.1390     78424.93     728.7856  12.7639   0.0101     9.84    0.247  -1.87   0      155.2     6041.033     108.9642
       508    488.6976     65.1782     42246.35     1015.395  13.4355   0.0261    10.36    0.286  -6.77   0      66.76     2514.635     101.0848
       509    862.2366     65.4721     9746.581     664.2557  15.0279   0.0740    10.60    0.368  18.63   0      23.49     848.2333     98.06706
       510    833.8415     64.3473      18854.1     792.4146  14.3115   0.0456    11.60    0.266  -7.29   0      42.12     1621.125      100.103
       511    744.3337     73.5659     19393.24     910.4758  14.2809   0.0510    10.68    0.329  49.28   0       27.9     780.1671     97.90919
       512    997.2885     58.1314     15072.97     806.0226  14.5545   0.0581    11.57    0.478  -8.34   0      28.18     1001.976     97.89137
       513    587.6531     54.6441     69679.77     1418.093  12.8922   0.0221    27.14    0.644  -3.74   0      77.01     2219.722      101.453
       514    835.7694     47.2636     44754.11     1040.055  13.3729   0.0252    18.53    0.565 -20.62   0      64.69     2264.055     101.2951
       515    210.7111     51.1104     11254.34     581.0415  14.8717   0.0561    11.71    0.336   4.65   0      27.65     1132.428     98.45899
       516    663.3434     49.6974      15894.3      798.127  14.4969   0.0545    12.27    0.375  14.65   0      29.28     1085.635     98.08541
       517    254.2495     45.2989     51472.06     816.2214  13.2211   0.0172    10.26    0.277  -1.73   0      103.8     3811.723      103.709
       518    458.8700   1010.9368      40122.3     688.9131  13.4915   0.0186    10.64    0.255   2.62  16      81.19     2807.972     102.5082
       519    587.2126     41.9681     29587.44     976.5031  13.8222   0.0358    11.49    0.304   8.19   1      47.23      1734.79     100.8791
       520    378.3627   1009.5017     79457.38     827.1358  12.7497   0.0113    12.34    0.398   0.55  16      138.6     4623.362     105.4727
       521    987.9723     36.1505     19224.93     745.0311  14.2903   0.0421    12.01    0.176  31.86   0      36.74     1281.723     99.59167
       522    822.3317    997.3850     21404.62     947.4613  14.1737   0.0481    15.26    0.210  77.13   0      34.97     1144.759     98.75188
       523    200.9092     35.6105     13800.75     738.9765  14.6502   0.0582    11.96    0.411  -4.31   0      28.02     1114.405     98.41738
       524    394.3222    998.7764      31231.9     1046.483  13.7635   0.0364    13.82    0.336  12.06   0      43.48     1409.243     99.35871
       525     83.3223     30.5606     14978.84     747.2328  14.5613   0.0542    12.16    0.287  -3.83   0      31.75     1091.725     98.62975
       526    414.8102     24.8748     10310.76     636.3827  14.9668   0.0670     5.46    0.384 -24.30   0      25.73     1048.395     98.79417
       527    889.3845    996.4460     24205.58     935.6741  14.0402   0.0420    11.36    0.208  17.28   0      39.53     1368.672      99.7899
       528    322.3491     31.5670      8634.38     605.3164  15.1594   0.0761     9.59    0.296  -8.10   0      21.79     912.2508     98.21532
       529    640.5073   1000.4781     4618.758     318.1125  15.8387   0.0748     0.44    0.001 -17.40   2      17.24     709.1701     97.47709
       530    670.0724    993.9352     12730.84     756.9556  14.7379   0.0646    11.25    0.269  15.33   0      26.49     1008.032     98.17143
       531    698.0529    988.8775     143503.5      890.395  12.1078   0.0067     9.81    0.242   1.98   0      255.8     10529.85     118.1767
       532    780.0048    991.1198     9746.985     669.1452  15.0278   0.0746     9.01    0.559  38.89   0      22.09     862.1961     98.36489
       533    315.3803    987.7971     36882.87      855.923  13.5829   0.0252    11.84    0.314  11.47   0      67.82     2429.131     101.6648
       534    412.0758    986.2386      72421.4     729.5966  12.8503   0.0109    10.08    0.227  -2.37   0      143.2     5207.701     107.6974
       535    834.1332    987.7313     15236.45     843.2258  14.5428   0.0601    12.09    0.427 -13.63   0      26.14     995.0374     98.14134
       536    727.6686    980.9296     464343.5     1044.603  10.8329   0.0024    12.06    0.325 -10.34   0      609.8     27124.19     146.6581
       537    190.9005    983.7317      71390.4     802.4822  12.8659   0.0122     9.87    0.236   2.34   0      141.5     5321.676     107.2104
