#   1 NUMBER                 Running object number                                     
#   2 X_IMAGE                Object position along x                                    [pixel]
#   3 Y_IMAGE                Object position along y                                    [pixel]
#   4 FLUX_AUTO              Flux within a Kron-like elliptical aperture                [count]
#   5 FLUXERR_AUTO           RMS error for AUTO flux                                    [count]
#   6 MAG_AUTO               Kron-like elliptical aperture magnitude                    [mag]
#   7 MAGERR_AUTO            RMS error for AUTO magnitude                               [mag]
#   8 FWHM_IMAGE             FWHM assuming a gaussian core                              [pixel]
#   9 ELLIPTICITY            1 - B_IMAGE/A_IMAGE                                       
#  10 THETA_IMAGE            Position angle (CCW/x)                                     [deg]
#  11 FLAGS                  Extraction flags                                          
#  12 SNR_WIN                Gaussian-weighted SNR                                     
#  13 FLUX_APER              Flux vector within fixed circular aperture(s)              [count]
#  14 FLUXERR_APER           RMS error vector for aperture flux(es)                     [count]
         1     10.4909     41.4344     41787.98     774.6251  13.4474   0.0201    21.28    0.466 -19.31  24      67.03     1836.584     91.84599
         2    479.4428     41.7325     88253.16     797.1472  12.6357   0.0098    13.92    0.448 -13.69   0      156.2     5144.236     100.5729
         3    329.7661     37.5177      64958.5     850.7117  12.9684   0.0142     8.54    0.206  -0.83   0      134.3     5575.734     101.3267
         4    130.7256     37.3151     26528.23     918.4449  13.9407   0.0376     8.84    0.190  -2.79   0      44.77     1618.541     91.54513
         5    436.8864     20.9737     56251.55     1060.688  13.1247   0.0205    13.69    0.269  41.94  16      87.83     2501.064     93.94463
         6     43.9800     20.7248     15946.12     618.7878  14.4934   0.0421     9.31    0.216  -1.38   0      40.22     1653.003     92.58465
         7     18.8732     20.1261      8118.52     561.8127  15.2263   0.0752     8.45    0.203   0.97   0      21.51     997.3004     90.47652
         8    849.0599     17.1397     14888.91     551.7535  14.5678   0.0402     8.59    0.263  10.20   0      37.98     1547.093     92.56194
         9    452.9196     11.7656     32519.74     788.7918  13.7196   0.0263     9.23    0.275  -2.34  16      69.72     2708.076     94.90817
        10    239.2619     11.7226      15699.8     731.7533  14.5103   0.0506    11.53    0.389 -11.53  16      32.83     1182.005      90.9393
        11    917.8483      4.9685     185534.4     796.6356  11.8289   0.0047    10.98    0.605   0.37  24      336.9     15423.34     121.7833
        12    804.7311      8.1689     15895.42     624.9512  14.4968   0.0427    11.45    0.345   1.62  18      36.58     1367.736     91.64233
        13    675.1003     10.5081     13335.63     705.0127  14.6875   0.0574    10.83    0.204 -21.52  16      27.89     1006.997     90.01408
        14    643.0868      5.9010     25003.04     705.6577  14.0050   0.0307    10.73    0.176 -16.55  24      49.44     1656.079     91.63828
        15    401.6458      2.9365     69957.01     466.2906  12.8879   0.0072     9.77    0.539   0.38  24      191.4     9990.287     110.9849
        16    723.9334      5.7548     6327.606     495.6015  15.4969   0.0851     6.54    0.383   9.67  16      18.41     628.7572     89.79095
        17    382.8202    989.4475     71047.98      666.477  12.8711   0.0102     8.74    0.141  -0.09   0      153.7     6087.292     103.1089
        18    143.0504   1019.8541      26599.3     927.3884  13.9378   0.0379    17.48    0.566  17.47  24      35.32     904.9778     90.97166
        19    698.3868    984.1295     470082.1     1000.061  10.8196   0.0023    10.65    0.300 -10.96   0      637.1     30366.72     147.0497
        20    804.4631    991.1813     14041.72     734.9838  14.6314   0.0568     9.13    0.172  -4.95   0      28.61     1058.278     90.87163
        21    161.6746    986.8561      67607.3     646.8871  12.9250   0.0104     8.61    0.177  -1.84   0        151     5975.208     102.2188
        22    969.7725    986.3058     40216.91     696.4891  13.4890   0.0188     9.37    0.275   6.71   0      88.16     3189.643     95.13523
        23    436.7957    987.7076     13599.83     450.3265  14.6662   0.0360     9.86    0.098   1.93   0      35.93     1316.714      91.5157
        24    867.0595    985.5144     40216.51     757.6719  13.4890   0.0205     9.57    0.250  -0.93   0      84.94     3182.089     95.57797
        25    471.6646    982.0040       104543      778.846  12.4518   0.0081    10.09    0.087  64.21   0      195.1     6892.106     104.6581
        26    508.9812    984.3871     18032.88     540.9994  14.3598   0.0326     9.94    0.197   4.42   0      44.76     1605.853     92.23096
        27    212.3584    984.5827     16715.82     699.0664  14.4422   0.0454     7.94    0.485  80.26   0      27.57     733.5933     90.54247
        28     81.1398    983.7556     11028.53     465.8354  14.8937   0.0459    10.03    0.178  -9.99   0      30.29     1168.248     91.14625
        29    936.8913    978.6834      73462.6     945.7968  12.8348   0.0140     9.45    0.155  11.22   0        137     5137.857     100.3398
        30    574.3492    980.2853     56656.86     757.5294  13.1169   0.0145     9.01    0.189   5.23   0      123.6     4679.634     99.07498
        31    549.2129    983.0828     9161.213     560.2774  15.0951   0.0664     9.59    0.208   0.04   0      24.27     969.1927     90.40588
        32    178.2370    978.6814     10808.94     620.4489  14.9155   0.0623     9.89    0.157  25.87   0      27.21     1032.051     90.56377
        33    794.8630    963.9678     290146.8     1111.651  11.3435   0.0042    10.14    0.195 -60.11   0      423.1     18179.49     126.6492
        34    213.8850    973.6131     12479.49      726.985  14.7595   0.0633     9.33    0.080 -51.14   0       26.3     655.9447     89.61494
        35    114.3726    971.8226     13641.72     468.2829  14.6628   0.0373     9.39    0.160  -1.56   0      36.67     1438.531     92.29499
        36    193.8000    972.1609     11350.15     665.0708  14.8625   0.0636     9.59    0.275 -32.44   0      24.08     873.1017     90.89198
        37     20.0477    968.9957     15205.55     669.6755  14.5450   0.0478    13.82    0.302  59.88   3      34.25     1189.751     91.19985
        38     11.5913    960.5353     22506.71     675.4091  14.1192   0.0326     9.06    0.201  19.80  19      50.46      1909.23     92.97552
        39    375.8584    962.7242     29078.98     679.2361  13.8411   0.0254     9.27    0.175  13.53   0      66.12     2368.842     93.85855
        40    740.6572    960.7147     15968.05     748.1641  14.4919   0.0509    13.53    0.332  40.26   0      31.84     997.2317     90.23321
        41    951.9850    951.9312     27289.08     1025.418  13.9100   0.0408    17.15    0.369  66.63   0      41.53     1058.116     91.11265
        42    862.4197    953.3811      21442.7     750.5573  14.1718   0.0380     9.27    0.189  13.87   0      47.31     1750.328     93.05962
        43    602.2875    956.0068       5913.9     521.3389  15.5703   0.0957     7.26    0.293  30.05   0      17.89     700.2598     89.72726
        44    908.6816    951.2811     19925.48     905.3565  14.2515   0.0493    12.95    0.238  49.64   0      30.58     755.9878     89.37807
        45    410.6840    945.7429     19217.64     860.3862  14.2907   0.0486    12.08    0.328  -0.51   2       31.9      923.945     90.04843
        46    536.8400    936.9579      1063862     1105.799   9.9328   0.0011     8.93    0.235 -10.08   0       1153      83060.3     213.3806
        47    247.5556    942.2844     65651.69     782.9993  12.9569   0.0130     8.86    0.160   1.68   0      138.3     5230.801     100.3314
        48    887.7086    944.3334     21918.67     843.7035  14.1480   0.0418    11.17    0.242  -3.33   0      36.58     1187.049     90.71005
        49    706.4069    946.1149     7786.868     478.2362  15.2716   0.0667     7.05    0.170 -23.61   0      21.99     1314.948     91.75105
        50    661.0111    942.4740     13594.04     543.1908  14.6666   0.0434     9.62    0.213  -2.61   0      35.28     1304.299     91.72467
        51    628.0076    938.9200     61390.29     870.1937  13.0298   0.0154     8.99    0.183   9.19   0      125.8     4874.092     99.96056
        52    773.4556    940.3271     15922.98     570.7639  14.4949   0.0389    11.45    0.289  -9.59   0      39.37      1427.95      91.5519
        53    580.7044    937.5511     34247.56     836.5795  13.6634   0.0265    10.41    0.085 -51.52   0      67.82     2304.354      93.2322
        54    602.6749    937.5820     19942.48     736.8062  14.2506   0.0401     9.89    0.273   0.06   0      49.08     1870.104     93.11605
        55    850.7927    935.8110     16965.89     723.8481  14.4261   0.0463    10.61    0.160  -2.57   0      38.72     1460.495     91.87208
        56     92.6147    936.7997     7259.627     580.6987  15.3477   0.0869     8.55    0.224  12.52   0      19.81     711.4177     89.99994
        57   1007.2783    935.4583     11923.15     672.6553  14.8090   0.0613    10.83    0.320   5.82   0      26.87     878.6458     89.93403
        58    708.2767    933.8129     21867.63     869.9692  14.1505   0.0432    10.11    0.176   4.60   0      40.15     1400.282     91.96219
        59     73.6573    934.1261     14599.59     729.1554  14.5891   0.0542    11.03    0.079 -54.90   0      30.83     934.7993     90.31937
        60    926.2474    933.0328     10931.39     486.5486  14.9033   0.0483     8.06    0.087  -0.77   0      30.06     1285.094     91.67708
        61    726.9069    926.9266     18934.63     910.5523  14.3069   0.0522    14.11    0.291 -74.30   0      32.42     974.7921     90.17667
        62    796.4912    927.7284     14369.05     640.0322  14.6064   0.0484     8.07    0.112  -7.57   0       34.5      1213.07     90.77522
        63    277.7750    923.9924     90799.78     673.9941  12.6048   0.0081     8.72    0.178  -1.26   0      193.7     7949.554     106.9298
        64    989.4069    916.7736     245402.2     802.6622  11.5253   0.0036     8.65    0.165  -2.13   0      425.1     20607.41     131.1013
        65    814.5408    921.9128     8631.387     615.2032  15.1598   0.0774     8.99    0.118 -80.62   0      22.14     853.4294     89.87029
        66    264.1450    916.3862     10298.58     628.1802  14.9681   0.0662     9.59    0.101 -52.42   0      25.41      943.988     90.82751
        67    128.2942    910.2112      44885.5     964.8676  13.3697   0.0233     9.41    0.139  -4.90   0      79.29     2759.281     95.03071
        68    234.0315    911.5146     17361.28     500.6357  14.4010   0.0313     9.43    0.204  -1.68   0      44.68     1615.997     92.01752
        69     27.3043    907.8000     39224.98      828.041  13.5161   0.0229     9.03    0.155  -0.64   0      82.86     3090.471      95.8195
        70    204.0103    903.6664     78383.62     748.7726  12.7644   0.0104     8.98    0.157  -5.74   0      162.3     6098.667      102.707
        71     66.5771    906.7445     12287.54     657.9208  14.7763   0.0581    11.76    0.186  -2.66   0      28.88     994.6153     90.71227
        72    896.3637    905.1478     8144.902     599.6509  15.2228   0.0800     8.27    0.194 -21.57   0      19.96     747.4735     90.09094
        73    521.0507    898.8428     44728.48     721.1793  13.3735   0.0175     9.83    0.216  -4.68   0      93.49     3312.665     96.57282
        74    456.2358    902.9836     3485.809     160.4652  16.1442   0.0500     1.25    0.119  -1.38   0       48.3     3314.944     97.03204
        75    839.7068    925.4936     18054.59     795.7335  14.3585   0.0479     9.92    0.241  17.61   0      35.29      1272.58     91.16538
        76     47.2335    897.0134     28890.46     932.0834  13.8481   0.0350     9.52    0.220  -1.50   0      48.19     1738.658     93.26694
        77    813.4238    891.4888     154250.2     882.3699  12.0294   0.0062     8.92    0.174   2.78   2      280.2      11745.7      114.139
        78    795.8057    884.6513     38248.46     849.3851  13.5435   0.0241     9.89    0.279  10.32   3       75.1     2683.958     95.08172
        79    837.0861    895.0956     26605.68     884.9659  13.9376   0.0361    11.16    0.290  17.48   1      35.07     944.0848     90.34274
        80    464.4183    892.0957     38620.36     985.3726  13.5330   0.0277     9.62    0.193  -4.90   0      62.85     2197.085     92.97034
        81    363.1667    892.3689     38781.84     840.4284  13.5284   0.0235     9.16    0.197   2.49   0      79.12     2903.695     95.83501
        82    855.6553    889.5253     97087.06     932.8029  12.5321   0.0104     9.17    0.222  -8.08   0      178.9     6797.685     104.0314
        83    577.7853    888.8960     90917.34     784.0196  12.6034   0.0094     8.87    0.102  13.22   3      178.9     6847.219     104.1396
        84    576.5477    878.5824     40639.36     785.5547  13.4776   0.0210     9.99    0.240  -1.77   3      80.64     2723.794     95.17689
        85    944.0794    894.0279     6628.917     505.6118  15.4464   0.0828     8.50    0.241 -19.50   0      19.87     746.6412     90.08884
        86    981.8232    886.4646     194524.2     759.0166  11.7776   0.0042     8.66    0.180   1.90   0      360.1     16856.27     124.4287
        87    432.3253    891.6164      13280.5      631.871  14.6920   0.0517     7.23    0.380  73.40   0      26.46      665.644     90.12834
        88     66.9926    889.1825     9677.112     474.5266  15.0356   0.0533     9.40    0.159  -9.86   0      26.51     1008.247     90.74641
        89    645.1910    887.7996     8910.792     614.4133  15.1252   0.0749     9.01    0.153  26.10   0      21.41     731.9584      90.0518
        90    342.5381    881.9761     115589.8     724.4649  12.3427   0.0068     8.73    0.186   0.15   0      233.3     9774.691     110.7411
        91    263.8376    885.4745     8881.518     640.6576  15.1288   0.0783     8.57    0.063  81.91   0      20.67      728.759     90.04372
        92    732.2574    882.3594     26651.66      696.005  13.9357   0.0284     9.57    0.229   2.52   0      59.86     2164.771      93.5981
        93    405.8792    882.8151     9958.299     628.9309  15.0045   0.0686     8.86    0.198  11.20   0      22.64     810.8311     90.25063
        94    289.3810    882.7789      7890.11     575.2454  15.2573   0.0792     7.77    0.493 -33.57   0      20.09     702.7533     90.46503
        95    274.1846    881.6182     10609.37     658.1758  14.9358   0.0674     9.55    0.078 -75.56   0      24.28     950.7758     90.60236
        96    188.7901    864.5558     180599.9     1034.188  11.8582   0.0062     8.87    0.233 -66.60   2      291.2     12116.24     115.6368
        97    209.1253    863.0156     72210.18     808.3405  12.8535   0.0122     9.30    0.223  -2.68   3      147.5     5577.905     101.7643
        98    469.9865    873.3500     40556.04       1069.2  13.4799   0.0286    10.01    0.205  -3.06   0      57.65     2019.034     93.47885
        99    122.2533    862.1632     378625.3     1113.436  11.0545   0.0032    12.52    0.182  37.68   0      525.4     23741.53     136.4264
       100     11.5105    880.4830      33685.3      823.857  13.6814   0.0266    10.15    0.246   5.73  16      63.74     2081.561     93.16032
       101    591.6086    866.0417     42526.33     882.2239  13.4284   0.0225     9.39    0.200  -3.34   0      81.61     2951.134     96.17613
       102    986.0029    864.7607     20813.18     631.9729  14.2042   0.0330     9.37    0.218   5.30   0      52.22     2036.342     93.75552
       103    924.5154    863.7690     37814.53      901.955  13.5559   0.0259    10.67    0.290  -2.12   0      69.44      2298.69     93.68853
       104    908.1014    861.9068     16848.78     823.8787  14.4336   0.0531    13.83    0.487  61.76   0      31.25     694.0142     89.22035
       105     50.7530    862.6796     11573.66     550.3862  14.8413   0.0516     8.40    0.055  44.81   0      30.53     1181.407     90.69592
       106    866.2755    858.4784     10096.27     529.4201  14.9896   0.0569    11.01    0.257   5.19   0      27.98     1058.851     90.14491
       107    826.0150    856.2269      33110.6      967.214  13.7001   0.0317    17.72    0.537  -7.45   0      51.52     1466.345     92.36346
       108    670.9676    857.6595     10568.46     559.8679  14.9400   0.0575    10.98    0.085  16.81   0      26.88     912.3365     90.50588
       109      5.2735    859.0268      6081.27     455.0441  15.5400   0.0813     7.04    0.289 -38.83  16      18.18     702.3899     89.97713
       110    355.4598    857.1208      10610.4     565.7397  14.9357   0.0579     9.49    0.200  -3.26   0       28.8     1142.744     90.59898
       111    418.0363    857.5830     4227.134     174.5841  15.9349   0.0449     0.78    0.173 -87.90   0      57.03     4216.338     99.12084
       112    511.9897    848.3712     52200.15     713.5942  13.2058   0.0148     8.93    0.179  -4.42   0      113.1      4194.52     98.62633
       113    601.6107    843.9503     209636.5     1037.907  11.6963   0.0054    10.92    0.205 -41.49   0      331.2     13762.51     118.6433
       114    814.2892    848.1523     17258.72     785.0822  14.4075   0.0494    10.54    0.231  12.26   1      28.02     833.5386     89.81997
       115    930.2664    840.5442     24293.84     875.6349  14.0363   0.0391    15.15    0.162 -18.04   0      44.77     1579.802     91.92809
       116    986.1381    843.0447     6600.005     534.1224  15.4511   0.0879     8.69    0.364  -8.93   0      18.86     595.5575     89.70689
       117    438.5036    837.5545     18945.04     720.6689  14.3063   0.0413    12.73    0.401   6.35   0      42.16     1319.587     90.55764
       118    208.2110    837.0635     34221.68       914.36  13.6642   0.0290     9.64    0.224  -7.45   0      64.64     2288.159     93.89722
       119    800.2017    831.3303     82150.53     847.5519  12.7135   0.0112     8.77    0.134  12.49   2      165.4     6749.086     104.3471
       120    796.3837    818.7583     22441.35     730.0927  14.1224   0.0353     9.76    0.210   9.74   3      49.82      1791.72     93.16064
       121    548.6387    834.7159      15328.4     768.2537  14.5363   0.0544    12.08    0.266  -7.47   0      29.77     1004.597     90.25176
       122    845.4545    832.4664     15899.11     724.2717  14.4966   0.0495    11.79    0.272   9.81   2      37.49     1323.182     91.53176
       123    689.5970    831.9264     29195.59     911.3037  13.8367   0.0339     9.89    0.232   7.02   0      47.77     1734.309     92.54696
       124    145.7151    833.3260     9521.396     595.5795  15.0532   0.0679    11.18    0.300   1.37   0      24.33     855.6832     89.63123
       125     54.2685    831.8693     18510.79     851.8592  14.3314   0.0500    14.03    0.168   1.40   0      33.44     988.3994     90.45415
       126    670.2717    830.6549     20179.44     569.5709  14.2377   0.0307     9.49    0.190   6.55   0      48.81     1747.767     92.34241
       127    928.9840    826.3710     29470.24     823.3607  13.8265   0.0303    17.15    0.475 -20.51   0      51.64      1545.33     92.55761
       128    397.3793    825.8580     33311.25     823.7538  13.6935   0.0269     9.40    0.213  -9.08   0      68.55     2505.505     94.42183
       129    312.6195    826.9346     9814.679     554.6327  15.0203   0.0614    10.83    0.186   0.59   0       25.2     944.3224     90.82835
       130    287.0915    822.8608      18655.2     599.0549  14.3230   0.0349    11.46    0.152 -73.69   0      39.66     1281.605     90.94665
       131    529.4221    822.5922      12814.6     679.4539  14.7307   0.0576     9.89    0.091 -21.95   0      30.56     1098.041     91.21218
       132    433.1104    823.2512     16294.47     770.6802  14.4699   0.0514    10.26    0.270 -22.42   0      32.31     1054.574     90.37753
       133    604.0396    818.6258     27681.58     930.6091  13.8945   0.0365    10.00    0.229  -7.88   0      47.57     1697.305     92.93003
       134     85.4758    820.2340     8735.575     609.8623  15.1468   0.0758     9.18    0.251 -10.67   0      22.13     841.0546     90.32671
       135    517.4513    817.0350     20617.32     780.4445  14.2144   0.0411    10.48    0.205  15.35   0       43.8     1489.245     91.70393
       136   1020.7781    812.3986     31311.84     472.1516  13.7607   0.0164     8.45    0.097  78.82  24      90.71     3761.511     97.39812
       137    192.8218    810.6051     47579.14     862.7681  13.3065   0.0197     9.06    0.174  -5.93   0      95.53     3585.922     96.98753
       138    485.9778    805.5798     159489.6      762.987  11.9932   0.0052     8.90    0.156  -0.83   0      301.3     13216.75     117.7799
       139    962.4329    804.1208     91028.16     881.6457  12.6021   0.0105    13.70    0.193  21.99   0        149     4196.868     98.40876
       140    939.6968    808.4294     14817.27     594.8336  14.5731   0.0436     9.47    0.208  -0.33   0      38.07     1410.582     90.78572
       141    755.4316    806.8939     16082.67      696.499  14.4841   0.0470    10.12    0.221   1.88   0      37.89     1370.059     90.68422
       142    596.0128    805.2869     6664.089     506.7126  15.4406   0.0826     8.67    0.380 -13.53   0      20.12     836.8085     90.07246
       143    361.1017    797.0043     18540.77     627.6649  14.3297   0.0368     9.32    0.181  -3.13   0      44.01     1612.138     92.24644
       144    561.7868    797.5475     9991.542     615.7056  15.0009   0.0669     9.32    0.207  -9.64   0      25.39     954.9014     90.85482
       145    265.9284    789.4123     121427.6     803.1382  12.2892   0.0072    11.71    0.233   4.15   0      224.3     8371.639     107.8232
       146    631.2797    788.4068     62611.53     732.0635  13.0084   0.0127     9.99    0.174  -5.06   3      131.1     4902.393     100.2443
       147    618.9016    783.6885     84216.52     694.2842  12.6865   0.0090    10.09    0.227   6.30   3      171.1     6535.343     103.0312
       148    420.8543    790.8616     23213.12     560.0961  14.0857   0.0262     9.10    0.224  -8.85   0      57.43     2238.909     94.01191
       149    686.4687    787.4939     26514.71     853.3486  13.9413   0.0350     9.81    0.222   0.35   0      53.92     1938.031      92.5725
       150     56.7394    789.2730      7218.45     521.9072  15.3539   0.0785     7.12    0.416 -73.34   0      19.37     707.3068     89.98956
       151    562.2811    788.0602     9569.926     606.5623  15.0477   0.0688     9.40    0.076  13.62   0      24.09     860.6441     89.88853
       152    892.3776    780.8259     264441.9      800.524  11.4442   0.0033     8.63    0.174   3.97   0      452.2     22605.08     134.6831
       153    115.0671    784.8369      21610.6     823.8591  14.1633   0.0414    11.02    0.224 -35.46   0      42.51     1416.409     91.76295
       154    826.2419    784.3108     15784.05     724.9935  14.5045   0.0499    11.50    0.246  -2.71   0       33.9     1166.633     90.65888
       155    487.5970    776.3286     655691.2     950.9752  10.4583   0.0016     8.87    0.156   0.36   3      849.4     51724.32     176.8832
       156    483.2179    760.6788       154038     808.2471  12.0309   0.0057    10.19    0.174  -1.87   3      279.9     11381.15     113.9904
       157    295.5710    781.2618     37451.16     629.2603  13.5663   0.0182     9.12    0.187   3.48   0      85.84     3054.596     95.50463
       158     17.3094    780.3035     17111.68     760.8823  14.4168   0.0483    10.09    0.178 -14.27   0      37.63     1278.128     90.93796
       159    782.4414    774.4651     27087.88     899.8585  13.9181   0.0361    11.23    0.189  21.73   0      46.66     1463.497      91.8795
       160    662.1043    774.5687     23312.73     669.9666  14.0810   0.0312     9.87    0.196  -0.79   3         50      1703.11     91.51511
       161    648.8824    767.0865     55253.36     889.8274  13.1441   0.0175    16.72    0.502  -2.10   2      91.38     2557.131     94.31338
       162    168.2329    775.0743     10852.38     546.0802  14.9112   0.0546     9.89    0.137 -14.01   0      27.92     1004.246     90.73639
       163    755.0546    774.3980     13664.14     674.0586  14.6610   0.0536    11.22    0.208   1.44   0      32.17     1170.042     91.15073
       164    330.2327    762.7657     55808.71     1214.597  13.1332   0.0236    14.44    0.337 -82.77   0      77.15         2553      94.9997
       165     35.1838    771.6688     11950.62     638.3131  14.8065   0.0580     8.52    0.374 -44.84   0      23.38     861.2244     90.62019
       166    711.0850    769.7559     9220.234     445.6528  15.0881   0.0525     9.45    0.115 -12.44   0      25.61      987.673     90.20914
       167     10.3460    762.2703     249889.5     814.1144  11.5056   0.0035     2.25    0.176 -10.28  24        427     19021.53     127.9798
       168    841.9396    766.6642     22026.41      876.927  14.1426   0.0432    11.87    0.242  14.32   0      33.95     1001.103     90.72852
       169    125.8342    765.1163     26788.29     559.5855  13.9301   0.0227     9.23    0.191   1.71   0      63.89     2399.026     93.93161
       170    386.9650    764.0197     8816.659     567.9272  15.1367   0.0700     5.62    0.205 -88.71   2       22.1      871.002     91.12812
       171    300.4937    761.1854     8689.745     569.8073  15.1525   0.0712     6.90    0.565  47.87   0      21.38     677.9168     89.42533
       172     54.4530    759.3245     29813.38     946.9207  13.8140   0.0345    17.19    0.479   2.44   0      47.06     1522.552     91.78644
       173     31.6242    760.7852     21718.03     798.8442  14.1579   0.0399    10.14    0.454 -14.26   1      30.91     869.6152     90.64123
       174   1016.0438    755.6713     23763.12     929.0607  14.0602   0.0425    16.96    0.482 -66.77  16      37.86     907.2811     90.49319
       175    268.6255    758.3661     24173.26      944.985  14.0417   0.0425    13.05    0.398  50.41   0      31.06     800.3666     90.70992
       176    852.9747    758.1273     18778.41      847.406  14.3159   0.0490    12.27    0.371  10.66   0      29.81     1122.369     91.03178
       177    371.3528    753.8311     19380.59     702.2822  14.2816   0.0394    17.29    0.619 -34.70   0      34.65     848.1174     90.82949
       178    520.4864    755.1287     12697.36     710.2405  14.7407   0.0607    10.56    0.265  18.52   0      25.35       903.09     89.99578
       179    187.9088    750.5764      70385.7     657.1212  12.8813   0.0101     8.93    0.188  -3.54   0        155     6032.743     101.9165
       180    242.2907    744.7514     550440.4     918.9289  10.6482   0.0018     8.77    0.143  -3.68   0      758.7     43743.64     166.0488
       181     24.6560    742.2677     9991.982     607.6249  15.0009   0.0660     7.64    0.334 -81.20   0      20.95     635.6541     89.56347
       182   1018.8113    737.9620     11300.49     593.4884  14.8673   0.0570     7.68    0.125  65.54  16      24.87     936.1395     91.29043
       183    122.3210    733.7285     29039.42     814.5231  13.8425   0.0305    16.46    0.102   7.83   1       60.5     2121.198      93.0211
       184     68.0692    734.3923     28950.44     696.7552  13.8459   0.0261     9.00    0.238  -3.94   0      66.12     2548.093     94.52428
       185    630.6190    734.1403     16867.97     782.8674  14.4323   0.0504     9.70    0.059 -19.70   0      32.57      1148.14     91.09609
       186    420.7656    730.3373     6383.249     505.5014  15.4874   0.0860     6.15    0.333 -48.85   0      18.54     738.1878     90.06751
       187    897.7955    728.8135     8270.802     557.9509  15.2061   0.0733     7.06    0.310  55.55   0      19.47     736.4709     90.06318
       188    306.9668    727.4029     16157.96     639.8094  14.4790   0.0430     9.36    0.108   1.74   0      38.55     1347.867     92.07146
       189    489.9364    723.5034     51301.64     672.0803  13.2247   0.0142     8.98    0.187  -0.18   0      113.3     4302.318     98.20563
       190    801.3455    723.7628     15455.69     643.8391  14.5273   0.0452    12.54    0.346 -32.75   0      34.16     1116.951     91.25928
       191    113.7584    720.2769     75551.33     772.4754  12.8044   0.0111     8.90    0.162  -5.06   0      156.5     6241.639     103.0229
       192     13.8860    723.0238     15067.79     744.9474  14.5549   0.0537     9.90    0.236 -15.48  16      31.57     1117.789     90.53635
       193    330.7939    719.6880     25052.24     809.3486  14.0029   0.0351    15.75    0.112  29.76   0      53.89     1950.019     93.07518
       194    180.5089    719.5162     65598.59     758.0369  12.9578   0.0125     9.59    0.283   0.42   0      134.1     4865.073     99.71999
       195    220.3489    716.9050     11442.92     471.8929  14.8537   0.0448    11.45    0.163 -11.21   0      29.69     1060.393      90.1488
       196   1007.6194    717.1447     12545.69     618.4263  14.7538   0.0535     7.71    0.481   2.29  16      23.27     784.0941     90.42654
       197    887.2245    715.7133     12060.01     416.5763  14.7966   0.0375     8.97    0.198  13.02   0      34.18     1390.037     91.21722
       198    516.3192    713.7565     24203.03     802.2937  14.0403   0.0360     9.97    0.254  -2.72   0      52.62      1811.28      92.2608
       199    510.9736    743.2643     19137.25     696.7072  14.2953   0.0395     9.75    0.227  12.56   0      43.66     1649.448     92.10011
       200    980.4389    705.0392     505255.1     916.7155  10.7412   0.0020     8.66    0.139   5.95   0      713.6     42180.91     164.1638
       201    757.3022    711.6281     12792.55     442.5343  14.7326   0.0376    10.58    0.255  16.00   0      33.62     1172.398     90.18748
       202    325.2354    706.4937     28739.76     795.3343  13.8538   0.0301     9.09    0.195  -2.98   0       61.8     2223.471     92.79839
       203    676.2571    702.5563      75416.8      807.203  12.8063   0.0116     9.24    0.183   0.74   0      153.7     6102.074     102.7146
       204     70.6284    703.4412     15104.56     671.2795  14.5522   0.0483    12.97    0.076  67.94   0      32.98     1091.932     91.43752
       205    456.7210    702.3544     18661.37     719.8169  14.3226   0.0419     9.07    0.119  -7.94   0      42.14     1525.337     91.79333
       206    787.2006    701.4634     20834.63       738.57  14.2030   0.0385     9.59    0.243  12.61   0      46.15     1705.314     92.94962
       207    363.3935    715.3156     93793.14     984.7214  12.5696   0.0114    13.87    0.452   0.51   0      158.5     4889.133     100.2142
       208    736.7686    702.5060     10512.66     628.2576  14.9457   0.0649     9.46    0.288  12.51   0      24.31     811.7139     89.27393
       209    811.1165    700.4357     37004.83     919.8405  13.5794   0.0270    15.23    0.372 -25.56   0      62.52     1722.896     92.28118
       210    376.8455    696.3685     11867.25     679.9451  14.8141   0.0622    11.15    0.081  56.34   0      27.02      976.472     91.15009
       211    535.9333    696.3503     7223.088     558.5082  15.3532   0.0840     8.20    0.104  66.69   0       19.9      739.264     90.07023
       212    666.9045    690.3629     20615.82     729.5241  14.2145   0.0384     8.87    0.191  10.94   1      48.53     1729.871     91.58154
       213    622.8897    693.7154     8164.024      546.972  15.2202   0.0728     6.87    0.166   8.72   0      19.59     701.5575     89.73055
       214    988.9057    682.4320     59428.63     924.1765  13.0650   0.0169     9.49    0.190 -14.84   0      103.5     3752.701     96.47096
       215    359.9432    684.0045     13979.34     725.1853  14.6363   0.0563    11.53    0.239  19.82   0      28.84     997.6089     90.96159
       216    299.7866    684.1661     11127.18     685.3303  14.8840   0.0669     9.23    0.505 -31.99   2      26.72      694.843     90.68771
       217    810.4578    673.8157     67248.58     687.9095  12.9308   0.0111     8.79    0.244  -2.30   0      147.4     5958.844     102.6115
       218    237.8784    672.6293     37116.44     765.4007  13.5761   0.0224    10.14    0.271  12.61   2      77.32     2819.524     95.17467
       219    227.1121    665.9832     18226.13     636.2422  14.3483   0.0379    10.26    0.136  -1.61   3      42.96     1478.027     91.67612
       220    660.5475    673.3364      14822.5     622.7997  14.5727   0.0456    11.97    0.192   0.34   0         36     1194.022     91.21049
       221    107.3044    674.7056     10088.44     586.5056  14.9904   0.0631    10.66    0.225 -18.31   0      25.83     899.9259     90.23158
       222    321.1435    671.1624     15857.72     537.0255  14.4994   0.0368    10.00    0.195 -17.87   0      38.09     1367.633     91.64207
       223    519.0026    667.5741     12781.81     607.7645  14.7335   0.0516    12.18    0.344 -19.30   0      32.31     1206.393     91.48177
       224    828.2404    662.2110     9696.393     634.0547  15.0335   0.0710     9.77    0.117 -16.38   0       23.1     714.2168     90.73625
       225    539.2787    661.8109     19075.33     815.1139  14.2988   0.0464    10.74    0.225 -10.47   0      36.05     1381.123     91.67551
       226    270.9497    662.1710     19543.08     816.5905  14.2725   0.0454    16.01    0.589  -8.47   0      34.23     851.1838       90.595
       227    453.4567    660.8564      6314.17     487.7766  15.4992   0.0839     6.30    0.344  71.72   0      17.95     739.7034     90.55781
       228    380.9764    657.8078     16795.71     752.8054  14.4370   0.0487     9.37    0.508   2.10   2      30.08     757.4166     90.35947
       229    908.8069    656.0667     8997.091     594.4563  15.1147   0.0718     9.09    0.315  12.38   0      22.55     768.1858     90.14318
       230    754.1917    652.2419     58102.21     1136.072  13.0895   0.0212    16.55    0.510 -25.34   0      90.73     3114.591     96.56162
       231    579.7365    649.6430     65562.84     1067.323  12.9584   0.0177    18.87    0.243   1.67   3      99.04       3537.3     96.87353
       232    604.2654    646.2370     69754.16     1007.902  12.8911   0.0157     9.96    0.361 -14.05   2      125.9     4734.062     99.64168
       233    555.1665    648.0533     94517.66     879.4279  12.5612   0.0101     8.90    0.199  -2.76   0      184.2     7463.207     105.8911
       234    101.2949    650.3029     18873.39     734.2358  14.3104   0.0422     9.86    0.196  13.38   0      43.81     1591.995      91.4792
       235    289.4692    651.4164     3273.399     242.0833  16.2125   0.0803     1.18    0.039 -22.71   0      28.65     2239.057     94.01226
       236    782.6213    654.4704     100654.8     842.7808  12.4929   0.0091     9.13    0.250  -2.50   0      195.4     7951.582     106.9341
       237    263.9548    641.3730     199549.4     913.4088  11.7499   0.0050     8.79    0.215  10.41   3      347.6     15640.58     122.3677
       238    268.9705    624.7059     85875.88     989.5747  12.6653   0.0125     9.22    0.377 -22.20   3      151.7     5621.009     100.7764
       239    800.7559    640.6638     80383.31     700.9081  12.7371   0.0095     8.95    0.209  -3.74   0      170.1      7018.43     104.7225
       240    917.5334    641.4194     15563.79     750.9722  14.5197   0.0524     9.94    0.221  16.03   0      31.82      1167.75      91.3857
       241    953.1070    641.3620     11366.13     681.3915  14.8610   0.0651     9.41    0.105   3.92   0       24.6     777.7549     89.18744
       242    669.4700    639.6906     18670.83      546.317  14.3221   0.0318    10.22    0.220  -5.16   0       44.9      1642.38     92.08266
       243    524.6439    638.4380     19210.29     769.4012  14.2912   0.0435     9.78    0.182   0.74   0      40.42     1501.847     92.21285
       244    229.0529    637.5338     30683.96     823.0286  13.7827   0.0291    12.37    0.241  -2.08   0      63.18     2324.311     93.98469
       245     81.8909    637.3293     27048.19     652.1426  13.9197   0.0262     8.71    0.152 -10.07   0      63.86     2432.306      94.0121
       246     26.6035    630.9604     12544.57       692.97  14.7539   0.0600     9.67    0.204   4.26   0      27.29     1088.449     91.42886
       247    306.5244    625.0117     89971.41     902.9189  12.6147   0.0109    21.70    0.460  21.89   0      154.8     5138.514     100.7782
       248    583.0938    626.8691     8516.533      616.053  15.1743   0.0786     9.43    0.174  -5.76   0      21.56     664.4272     89.39104
       249    165.1039    640.3504     12204.27     599.3577  14.7837   0.0533     9.38    0.077   5.83   0      31.31     1094.256     90.23413
       250   1021.9011    620.6183     31645.28      490.564  13.7492   0.0168     9.35    0.424  82.98  24      93.35     4302.348     98.20569
       251    781.8096    622.5375     20652.74       649.91  14.2126   0.0342     9.30    0.127 -32.44   0      46.36     1778.121     92.89127
       252    709.2495    620.1372     23375.83     711.3369  14.0781   0.0330    16.97    0.475 -13.91   0      42.23     1293.553     91.45816
       253    550.0826    618.7330     60591.32     967.9929  13.0440   0.0173    18.42    0.201  -2.35   0        107     3934.992     97.35183
       254    883.8035    618.7450     26126.44     883.6006  13.9573   0.0367    17.76    0.439   6.25   2      46.45     1428.932     92.03297
       255    872.5543    617.8793     21649.47      866.116  14.1614   0.0434    11.73    0.146 -29.13   3       39.4     1113.902     90.76894
       256     91.0890    618.9283     12917.98     687.5234  14.7220   0.0578    10.26    0.245 -17.74   0       26.8     987.9913     90.45312
       257    115.7223    610.4805     176265.1     794.6782  11.8846   0.0049     8.83    0.122  -7.63   0      322.8     13834.32     118.0387
       258    434.2958    614.7081      15939.1     774.1307  14.4938   0.0527    10.32    0.178   6.43   0      31.35      1089.04     90.70667
       259    256.1725    606.5701     67949.87     716.2963  12.9195   0.0114     8.84    0.192  -0.89   0      144.4     5739.206     102.3387
       260    355.5907    605.0440     70212.78     723.8747  12.8840   0.0112    17.02    0.205 -11.48   0      146.7     5731.035     102.3206
       261     25.3951    600.3112     144266.1     793.8193  12.1021   0.0060     8.74    0.158   3.91   3      272.6     11522.59     114.0796
       262     13.1357    588.6799     64794.93     1065.098  12.9711   0.0179    18.86    0.405 -89.88  19      96.14     1970.755      92.8896
       263     55.0573    604.9731      7439.52     478.0711  15.3211   0.0698     5.55    0.279  51.10   0      19.36     694.5061     89.95722
       264    409.8871    601.3933     9973.066      657.956  15.0029   0.0716    10.67    0.051 -38.42   0      23.49     743.6058     90.08118
       265    162.1788    600.1348     6899.445     519.6589  15.4030   0.0818     7.13    0.161 -50.60   0      19.37     792.8486     90.44854
       266    948.6374    598.2393     10485.68     628.2479  14.9485   0.0651    10.62    0.153  12.92   0      26.31     986.8702     90.69286
       267    374.2722    597.8550     12474.59     700.0437  14.7599   0.0609    11.00    0.335  -4.98   0       26.1     898.1906     90.22721
       268    312.4378    594.4028     16148.68     497.8837  14.4797   0.0335     9.65    0.177  -3.97   0      40.63     1487.629     92.41581
       269    824.5140    591.6926     55966.12     712.4839  13.1302   0.0138     8.95    0.238   1.21   0        121     4662.515     99.25727
       270    433.4985    589.5043     23302.95     961.4855  14.0815   0.0448    14.41    0.323  75.71   0       35.3     1014.487     90.03299
       271    478.3249    609.5038     166260.2     815.7263  11.9480   0.0053     8.82    0.166  -1.44   0      306.9     13073.17      116.564
       272    794.2119    590.4664     16853.26     679.1881  14.4333   0.0438     8.24    0.233  -1.00   0      41.24     1577.198     92.16032
       273    990.5482    586.5700     19435.43      740.368  14.2785   0.0414    14.32    0.133 -18.93   0       41.2     1383.312     91.92023
       274    162.9399    585.1688     13454.34     639.7073  14.6778   0.0516     7.76    0.375 -74.71   0      24.94     726.6869     90.03849
       275    416.8130    584.3387     13670.07     756.2312  14.6606   0.0601    10.93    0.188  20.11   0      27.05     970.8289     90.65265
       276    745.4393    580.6218     24860.51     645.4509  14.0112   0.0282     0.54    0.273   5.00   0      61.98     2091.782      94.1235
       277    359.6538    582.2596     13029.73     701.0078  14.7127   0.0584     9.65    0.424  -7.90   0      26.19     817.1218     90.50951
       278    655.6535    578.6511     11900.01     675.0925  14.8111   0.0616     9.97    0.128 -34.62   0      28.48     1050.994     91.33572
       279    633.7515    575.7883     89963.31     801.0698  12.6148   0.0097     8.71    0.199  -2.16   0      187.4     7699.212     106.6027
       280    598.6720    576.8687     15551.98     805.9953  14.5205   0.0563    10.64    0.528  82.73   0      27.02      692.623     89.70792
       281    804.7017    567.0916     50162.96       1136.9  13.2490   0.0246    15.81    0.425 -45.96   0      73.97     2614.535     93.98529
       282    212.5367    571.3059     14384.64     646.0164  14.6053   0.0488     9.86    0.068 -12.78   0      35.38     1271.066     90.92031
       283    490.7312    569.7658      17380.8     762.4048  14.3998   0.0476    11.66    0.279  -8.95   0      36.31     1285.085     91.43712
       284    270.9548    565.6271     145467.9     801.7341  12.0931   0.0060     8.99    0.183  -4.87   0      277.1     12041.39     115.4896
       285    614.8611    566.3942     13149.63     723.4084  14.7027   0.0597    10.42    0.308  13.89   0      23.71     778.1042     90.41148
       286    606.9813    556.3591     26596.04     894.8378  13.9380   0.0365    15.94    0.210  -9.98   3      50.55     1524.752     92.50706
       287    615.9832    550.2015      32520.5     1113.817  13.7196   0.0372    15.12    0.176 -66.84   3       38.4     1028.246     90.79649
       288      1.8758    559.2726     4261.788     254.0581  15.9260   0.0647     0.00    0.535  81.67  24      25.14     2039.656     92.34712
       289    250.6297    554.0013     29835.24     758.1819  13.8132   0.0276     8.82    0.146 -11.48   0      67.95     2627.905     95.17873
       290    847.8651    551.8237     15088.85     790.7296  14.5534   0.0569    11.97    0.468 -14.28   0      27.24     866.3928     90.63315
       291    969.1376    550.7476     18196.75     840.0894  14.3500   0.0501    10.22    0.284  -3.15   0      32.35     1194.157     91.21083
       292    441.5242    550.7055     15804.09     697.9835  14.5031   0.0480     8.24    0.326  76.03   0      25.82     732.3985     89.56368
       293     54.0593    551.4412     9471.934     622.6108  15.0589   0.0714     8.36    0.331   3.15   0      21.84     780.2604     90.17361
       294    945.7050    549.1165     10681.53     652.3338  14.9284   0.0663     8.07    0.360 -56.53   0      21.91     652.8483     89.60709
       295    226.6887    542.4030     28875.79     772.9618  13.8487   0.0291    17.54    0.323 -63.24   0      51.33     1341.651     91.57761
       296    166.2008    569.0436     12933.43     719.5342  14.7207   0.0604     8.63    0.573 -40.98   0      22.91     691.1268     90.43581
       297    908.1091    540.0978     29061.23     871.2163  13.8417   0.0326     9.92    0.220  13.70   0       56.1     2023.304     92.54455
       298     87.0418    542.2112        14651     755.7996  14.5853   0.0560    10.37    0.128  35.18   3      34.02     1307.019     92.20913
       299     82.3471    529.3874     103014.9     819.6402  12.4678   0.0086     9.19    0.181  -5.58   2      203.8     8305.234     107.6831
       300    994.6493    539.5403     26775.96     667.8591  13.9306   0.0271     9.87    0.273   9.76   0       59.7     2083.381     93.40025
       301    749.5414    532.5906     334237.1      945.167  11.1899   0.0031     9.35    0.077  25.83   0      506.8     23607.94     136.2037
       302    398.1303    537.6596     18805.66     721.3867  14.3143   0.0417    11.12    0.232  -0.72   0      44.87     1633.642     92.29941
       303      1.6488    538.1500     4883.546     336.3888  15.7782   0.0748     6.64    0.673  89.82  24       17.8     1023.564     88.33186
       304    953.7928    530.7812     49670.58     1237.202  13.2598   0.0271    16.97    0.481  49.69   0      67.92     1946.404     93.06635
       305    604.7955    532.5601     24689.73     898.6417  14.0187   0.0395     9.53    0.089  25.69   0      39.92     1416.953     92.24184
       306    341.8715    528.6337     38537.48      776.505  13.5353   0.0219     8.94    0.163   6.15   0      81.53     2949.289     95.48405
       307    585.1957    528.8344      36762.8     695.3611  13.5865   0.0205     9.46    0.163  -2.57   0      79.65     2938.907     95.91848
       308    439.2139    525.2355      61521.2     1002.763  13.0274   0.0177     9.42    0.096  -0.00   0      106.1     3888.946     98.36731
       309    533.4675    525.8347     20605.01     752.4963  14.2151   0.0397    10.08    0.053  45.18   0      43.21     1531.437      92.0474
       310    976.3142    523.9929     8154.831      565.724  15.2215   0.0753     9.11    0.046  20.95   0      21.98     759.0863     90.12023
       311    661.5215    524.1725     12854.76     664.7592  14.7273   0.0562    12.18    0.269  -9.84   0      30.53     1104.416     90.98695
       312    191.2656    506.7928      1840895      1242.19   9.3374   0.0007     8.74    0.147  -1.50   0       1595     149213.9     274.9565
       313    854.5015    515.4988     32697.64     721.9566  13.7137   0.0240     9.91    0.258   6.93   0      68.93     2453.723     93.12501
       314    732.0116    506.9248     151795.3     808.9752  12.0469   0.0058     9.24    0.181  -9.93   0      277.3     11578.34     114.3828
       315    264.4888    503.8799     39814.85     943.5152  13.4999   0.0257    10.58    0.330  -3.61   3      65.47     2360.769       93.839
       316    276.6341    503.6003      23251.2     867.8029  14.0839   0.0405    10.09    0.203   6.50   3      35.79     1281.125     91.90657
       317    436.4959    509.2795     24899.02     883.2849  14.0095   0.0385     9.82    0.057 -26.26   0      39.01     1323.395     91.05102
       318     76.8031    502.2065     13204.31     589.5778  14.6982   0.0485    11.24    0.198   7.13   0      30.22     1041.441     90.82951
       319    308.7885    499.7764     12578.85     556.7515  14.7509   0.0481     8.84    0.147  -5.66   2      32.92      1150.86      91.3437
       320    587.4086    502.9943     5493.113     419.5746  15.6505   0.0830     5.66    0.413  -3.93   0      17.27     1234.804     91.31206
       321    468.5893    499.6348      10225.4     568.4907  14.9758   0.0604    10.89    0.273  -6.81   0      25.23     896.9578     91.19283
       322    132.4633    495.5522     33041.29     763.4707  13.7024   0.0251     8.83    0.202  -0.50   0      72.28     2705.949     94.90308
       323    248.9165    493.7651     28251.84     888.4846  13.8724   0.0342    12.13    0.176  23.61   1      46.86      1614.54     92.01393
       324     24.2331    492.4811     40429.03     844.1331  13.4833   0.0227    17.32    0.210  15.14   0      80.33     2924.747     95.42561
       325    637.3224    506.4097     24183.22     816.5369  14.0412   0.0367     9.45    0.266   0.97   0      52.37     1914.849     92.98926
       326    899.8696    486.8740     30283.48     624.0315  13.7970   0.0224     0.00    0.226  -7.94   0      74.17     2264.742     93.60614
       327    786.2796    490.0947     8206.968     538.8978  15.2145   0.0713     6.47    0.375 -15.26   0      19.08     711.3271     89.75529
       328    144.5554    487.9597     15419.89      786.647  14.5298   0.0554    11.06    0.260  14.66   0      28.64     932.9478     90.31472
       329    408.5207    485.4543     10234.02     616.6862  14.9749   0.0654     7.84    0.417 -74.80   0      22.21     683.1147     89.43854
       330    352.4330    484.4965     8282.349     596.0287  15.2046   0.0782     8.53    0.340 -38.22   0      20.38      717.776     89.03446
       331    241.5890    482.7518     27572.37     931.1724  13.8988   0.0367    11.57    0.285  22.26   0      35.79     1095.156     91.44554
       332    697.1611    479.5750     17256.06     486.1165  14.4076   0.0306     8.99    0.226  -2.64   0      45.72     1835.007     93.26619
       333    766.1735    479.6838     2463.533     162.4278  16.5211   0.0716     4.65    0.324  35.51   0      26.83     2141.643     93.30678
       334    578.9866    474.8401     5707.939     451.2209  15.6088   0.0858     5.63    0.723 -39.36   2      19.48     679.3042     90.64877
       335    625.1992    473.8693     6896.944     532.1888  15.4034   0.0838     8.55    0.368 -35.30   0      19.33     690.0482     90.18986
       336    258.7443    474.0372     10111.24      636.796  14.9880   0.0684     9.42    0.382  12.90   0       23.1     799.7551     90.22273
       337    297.1032    465.4649     50254.47     770.7184  13.2471   0.0167    10.90    0.304 -25.28   0       96.9     3429.433     96.16433
       338    811.1010    465.5222     53296.39     752.1522  13.1833   0.0153     8.84    0.243   0.81   0      119.5     4716.705     98.93819
       339     91.7129    462.0994     66974.57     921.2736  12.9352   0.0149    20.11    0.383  57.98   0      108.9     2467.263     93.62848
       340    659.8835    468.0894     6217.713     494.4416  15.5159   0.0864     7.35    0.240 -30.50   0      18.81     792.1818     89.95979
       341    214.5917    460.3996     298193.1     814.7815  11.3138   0.0030     8.72    0.154  -2.35   0      494.3     24736.35     137.9145
       342    123.9474    461.7909      6418.37      508.766  15.4814   0.0861     6.98    0.090 -62.09   0      19.05     857.5198     90.61089
       343    758.6509    460.0451     10066.17     539.6813  14.9928   0.0582    10.64    0.237   0.04   0      25.58     938.7722     90.81447
       344    248.0004    461.8901      5149.23     159.3951  15.7206   0.0336     4.29    0.066 -89.22   0      82.36      5341.62      101.018
       345    941.0654    459.3625     13091.04     685.9813  14.7076   0.0569     9.56    0.081  27.95   0      26.21     871.3784     90.40298
       346    173.0399    455.6840     11902.76     504.7231  14.8109   0.0461    10.41    0.136 -10.29   0      31.97     1177.047     90.68499
       347    374.7785    436.9194     304759.5     893.6782  11.2901   0.0032     8.73    0.070   3.27   0      491.9     24543.53     137.5964
       348    614.3126    448.4978     16294.03     658.4698  14.4699   0.0439     9.83    0.212  17.02   0      39.13     1431.458     91.07948
       349    552.8588    448.8440     22826.61     844.5985  14.1039   0.0402    11.59    0.266  -1.70   1      33.27      978.228      90.6712
       350     46.3089    465.5173     42731.45     861.4902  13.4231   0.0219     9.24    0.255  -2.47   0      84.26     3269.506     96.01469
       351    564.5737    444.8604     33675.79     1076.445  13.6817   0.0347    12.71    0.279  22.95   0      42.29       1235.9     91.55504
       352     28.3089    446.5919     9031.068     618.0226  15.1107   0.0743     7.84    0.332  10.23   0      20.78     698.7666     89.96798
       353    902.4930    440.3194     6484.139     558.2074  15.4704   0.0935     7.70    0.263  -4.43   0      18.72     651.8748     89.60462
       354   1023.0747    439.5234     7184.183     408.5657  15.3591   0.0618     6.45    0.467 -74.04  24      19.39     881.5472     89.69678
       355    957.4754    436.8102     22750.79     899.9837  14.1075   0.0430    11.02    0.436  -1.59   0      30.69      784.987     90.18552
       356    751.8124    432.1735     18026.58      672.268  14.3602   0.0405     9.68    0.247   7.97   0      41.05      1548.07     92.32671
       357    677.4678    427.1241      47449.2     684.5534  13.3094   0.0157     9.39    0.220   2.87   0      105.9     4098.934     97.95832
       358    191.9308    423.3025     35297.71     803.3823  13.6306   0.0247     9.01    0.198  -8.20   0      76.21     2784.215     94.39471
       359    131.3085    424.3718     13767.62     628.5609  14.6529   0.0496     9.28    0.184  -5.97   0      34.33     1257.698     90.64486
       360    764.4581    424.1747     9925.605     627.1702  15.0081   0.0686    10.53    0.210 -12.66   0      24.56     964.2585     90.63618
       361    438.0416    422.4139     26534.16     743.2832  13.9405   0.0304    10.55    0.300 -14.50   0      56.88     2073.889     94.08029
       362    400.4474    417.3399     140657.4     840.5323  12.1296   0.0065     8.77    0.183   0.73   0        265     11284.92     113.6051
       363    290.6566    415.5706     50888.82     714.7149  13.2334   0.0153     9.00    0.214   0.03   0      111.6     4359.732     98.78417
       364    871.7495    415.7061     10113.68     672.8604  14.9877   0.0723     8.84    0.211  -5.82   0      21.95     786.1401     89.45471
       365    835.3560    410.8386     25279.53      639.616  13.9931   0.0275     9.04    0.211   5.13   0      60.65     2243.313     93.78862
       366    510.2085    409.5271     24758.12     663.0435  14.0157   0.0291     9.26    0.194   2.80   0      57.17     2161.943     93.59122
       367    659.7601    409.4716     13951.45     588.0006  14.6385   0.0458     8.85    0.168   0.18   0      34.45     1296.152     91.46462
       368    580.0052    406.8029     14396.14     654.4664  14.6044   0.0494     9.98    0.141 -24.93   0      32.14     1158.315     91.12148
       369    180.6038    407.8314     22307.64     958.9622  14.1289   0.0467    16.25    0.590  -9.78   0      35.77     979.9741     91.15882
       370    790.9028    407.2454     9092.868      591.715  15.1032   0.0707     8.73    0.348 -10.07   0      22.47      795.655     89.23304
       371    980.5613    398.3431     268373.3     821.2668  11.4282   0.0033     8.91    0.175   2.13   0      451.4     22075.77     133.4581
       372    105.9924    395.7664     169965.4     868.8872  11.9241   0.0056     9.46    0.242  16.91   3      297.1     12380.55     116.1551
       373     99.4127    381.1818     33144.93     1029.387  13.6990   0.0337    16.42    0.449   2.61   3      51.57     1552.558     92.09954
       374    182.4487    397.5663     14512.96     738.8554  14.5956   0.0553    10.33    0.085 -67.70   1      30.94     1046.907     90.84318
       375    416.0319    393.0227     89990.27     794.8834  12.6145   0.0096     8.77    0.192  -4.42   2        182      7506.55     106.1911
       376    425.5189    382.7379     66043.78     1324.574  12.9504   0.0218    10.82    0.190  -5.55   3      83.09     1458.069     91.38657
       377    603.4572    392.9522     37376.37     762.6027  13.5685   0.0222    10.01    0.282  -2.90   0      77.63     2942.444     95.69759
       378     81.9593    392.0124     27667.99     765.4652  13.8951   0.0300    15.75    0.156 -18.88   1      61.39     2448.216     94.98026
       379    442.0468    387.5407     60948.64     1017.315  13.0376   0.0181     9.44    0.178 -16.28   2      120.1     1962.498     93.10564
       380     66.5529    384.3612     22036.76     611.2156  14.1421   0.0301     9.06    0.219  -6.39   0      55.13     1999.827     92.96071
       381    781.5529    384.4251      13645.7     739.3318  14.6625   0.0588    10.03    0.136  47.61   0      24.64     836.4323     90.80024
       382    127.1404    383.7020     21941.26     825.9475  14.1468   0.0409     9.99    0.190  -4.39   0      43.32     1694.298     91.97218
       383    918.6704    377.6610     72518.16     818.5537  12.8489   0.0123     8.92    0.213   3.59   0      149.9     6089.529     102.6868
       384    715.8407    379.3533     12575.84     699.2916  14.7512   0.0604     9.38    0.125  16.81   0      25.67     860.8779     90.13317
       385    826.5101    378.0637     10096.91     626.3561  14.9895   0.0674     8.52    0.172 -68.47   0      23.36     859.8951     89.88663
       386    616.5403    372.7037     50228.32      960.424  13.2476   0.0208    10.05    0.287  -0.67   0       92.5     3331.173     95.93182
       387    359.1715    374.4842     8016.113     469.0703  15.2401   0.0635     9.42    0.373  -8.36   0      22.32     912.7159     90.26379
       388     51.9124    373.7307     8644.562     551.1718  15.1581   0.0692     9.33    0.235 -45.48   0      24.41     944.2404     90.09964
       389    937.5468    368.9193     22097.51     813.2594  14.1391   0.0400     9.53    0.246   4.86   0      45.32     1692.818     91.96851
       390    449.6685    361.4268     416234.7     869.4642  10.9517   0.0023     8.72    0.167  -3.89   0      627.2     34607.91     153.3215
       391    331.2108    363.4002     167690.9     750.9389  11.9387   0.0049     8.68    0.184  -3.41   0      318.8     14517.03     119.8969
       392    506.8208    363.1106     75548.73     727.0604  12.8044   0.0105     9.17    0.220   1.46   0      158.9     6202.895     102.2952
       393    301.2510    365.0070     38559.11     1016.631  13.5347   0.0286     9.93    0.258  -6.35   0      55.38     2100.792     93.67741
       394    838.7668    361.2511     15146.39     691.4441  14.5492   0.0496    11.15    0.273   5.79   0      34.47      1177.42     91.16911
       395   1020.3991    359.8360     13876.88     600.9062  14.6443   0.0470    10.83    0.210   0.34  27      34.12     1218.816     91.75236
       396   1010.2025    360.1589     12536.93     693.7596  14.7545   0.0601     9.75    0.243  -1.35  19      25.01     767.2431      90.6269
       397    634.1149    360.9323     14908.25     730.0043  14.5664   0.0532     9.45    0.269   8.60   0      30.61     1157.411     90.63577
       398    139.1987    357.1005     68357.62     693.0469  12.9130   0.0110     8.90    0.179 -10.98   0      145.5     5675.063     101.7654
       399    705.5928    359.5096     19228.55     826.5307  14.2901   0.0467    12.58    0.397  10.32   0      35.09     1160.497     90.88553
       400    221.9845    356.0122     58715.89     1016.276  13.0781   0.0188    13.41    0.402 -24.31   0      98.72      3221.08     96.12879
       401    606.6580    354.4655     37442.66     1013.135  13.5666   0.0294    10.98    0.261  -5.77   0      60.65     1996.667     93.18902
       402    811.5582    356.5002     9165.111      630.389  15.0947   0.0747     9.80    0.262 -11.03   0      22.02     762.9819     88.90302
       403     53.1515    351.1329     43183.98     691.9227  13.4117   0.0174     8.54    0.154  -0.03   0      98.51     3852.594     97.61043
       404    935.2859    350.4580     54633.71     718.2025  13.1563   0.0143     9.69    0.241   4.19   0      122.6     4805.938     99.36429
       405    108.0686    347.3574     31997.11     685.8403  13.7372   0.0233    13.16    0.274  60.60   0      63.13     1920.338     93.00268
       406    386.9456    350.1858     9713.464      474.544  15.0316   0.0531     8.48    0.174  28.96   0      28.38     1154.573     91.35294
       407    561.8008    347.8415     19016.37     740.9809  14.3022   0.0423    10.36    0.258 -27.65   0      41.74     1550.493     92.57029
       408    828.7568    346.4177      23587.7     872.9387  14.0683   0.0402    10.89    0.258   0.83   0      44.76     1569.979     92.61811
       409    584.3292    348.1618     6704.749     509.9719  15.4340   0.0826     7.23    0.056  15.70   0      18.85     773.5873     90.15679
       410    195.8280    338.1344     205252.8     872.4214  11.7193   0.0046     8.80    0.193  17.58   0      352.8     15762.44     122.2349
       411    416.4722    343.1926     9129.987     610.0093  15.0988   0.0726     8.83    0.180 -40.87   0      22.39     839.7731     90.32349
       412    528.6998    336.6841     19505.95     564.4581  14.2746   0.0314     9.39    0.244  -2.91   0      49.86     1872.985     92.17465
       413    779.0716    333.9740      25572.7     647.4005  13.9806   0.0275     9.42    0.208  -4.11   3      60.05     2228.306     93.75224
       414    787.9312    324.2744     23449.13     730.4062  14.0747   0.0338    10.44    0.214 -19.07   3      53.61     1777.122     92.41463
       415    222.1652    331.8669     48540.25     802.3426  13.2847   0.0180     9.23    0.232  -1.81   0      102.1     3874.388     97.66116
       416     59.9762    330.2343     10855.23     644.7735  14.9109   0.0645     8.63    0.078 -70.62   0      22.75     837.6884     90.80339
       417    479.4077    323.6191     13734.48     746.0143  14.6555   0.0590    10.92    0.098  -9.51   0      27.54     998.1526     90.72112
       418    637.6951    322.9179     13969.56     758.4965  14.6370   0.0590    10.58    0.250  13.82   0      26.29     865.1287     90.14389
       419    343.1787    321.4027     31521.76     726.8945  13.7535   0.0250     9.25    0.237  -0.33   0      68.82     2590.339     94.62581
       420    934.9071    313.9024     49359.63     799.8328  13.2666   0.0176     9.90    0.273   5.87   3      101.4     3761.042     96.71802
       421    941.1607    306.3389     41734.06     819.3991  13.4488   0.0213     9.57    0.218  -3.96   3      89.23     3304.356     96.32547
       422    415.7973    316.3139     5023.805     484.9151  15.7474   0.1048     7.28    0.282  62.42   0      17.04     698.3675     90.45401
       423    568.9670    311.4028     36008.76     601.0513  13.6090   0.0181     9.19    0.208   0.92   0      83.28     3181.241     96.49097
       424    150.4319    311.3242     28116.92     937.1838  13.8776   0.0362    13.93    0.422 -34.43   0      49.63     1647.116     92.33258
       425    986.4928    307.6659     12619.49      461.879  14.7474   0.0397     9.48    0.227  -8.13   0      35.13     1481.012     91.68353
       426    112.5922    307.7328     11675.61     650.1508  14.8318   0.0605     9.87    0.343 -26.08   0      27.15     1080.102     90.92619
       427    842.5089    302.3441     114471.8     863.8382  12.3533   0.0082     8.96    0.213   1.55   0      220.4     9121.255     108.7877
       428    318.7551    304.7270     10377.55     639.4727  14.9598   0.0669    10.62    0.287 -18.52   0      25.16     869.5228     90.39831
       429    660.8226    298.5118     13555.85     680.5093  14.6697   0.0545     9.68    0.075  45.93   0      30.84      1094.44     90.47772
       430    132.3945    296.8714     45531.32     982.5035  13.3542   0.0234    10.51    0.172 -52.24   0       84.5     2896.664      95.3587
       431     32.6013    293.2639     32871.71     821.6297  13.7079   0.0271     8.91    0.194   0.41   0      70.24     2657.346     95.01809
       432    796.6221    291.1768     82486.83     719.3687  12.7090   0.0095     8.78    0.218   1.25   0      172.4     7131.282     105.3849
       433    993.3398    289.9071     122698.5     762.1046  12.2779   0.0067     9.44    0.309 -16.82   0        238     9996.312     110.6007
       434    734.6312    293.2901     22292.86     795.5636  14.1296   0.0388     9.55    0.214   1.89   0      45.35     1631.659     91.57769
       435    328.2877    292.9062     8985.674     601.7975  15.1161   0.0727     9.97    0.243 -26.47   0      23.28     919.9291     90.28195
       436    872.9429    288.7462     18688.47     764.9514  14.3211   0.0445    11.01    0.366   2.12   0      39.29     1550.167     92.56949
       437    503.2914    288.4024        12257     701.5405  14.7790   0.0622    11.58    0.140  70.83   0      27.16     894.9168     90.46213
       438    459.3531    289.2620     10627.44     651.4725  14.9339   0.0666    11.04    0.327 -14.36   0      26.63     966.3923     90.64153
       439    115.1696    284.7253     56975.48     721.9922  13.1108   0.0138     8.78    0.206  -1.33   0      126.6     4982.279     100.2062
       440    935.8141    283.5353     44889.73     604.4001  13.3696   0.0146     9.01    0.238   2.49   0      104.3     4114.579     98.21853
       441    574.2502    280.9588     12461.76     555.7164  14.7611   0.0484     9.46    0.205  -5.96   0      32.71      1354.52     91.84903
       442     44.2396    277.0220     42650.34     754.0441  13.4252   0.0192     9.48    0.226   2.50   0      93.85     3784.566     97.90172
       443    661.3592    274.9418     36204.32     667.7783  13.6031   0.0200     9.13    0.178   4.85   0      81.08     3093.836     95.82748
       444   1017.8251    274.7184     49290.24     797.7505  13.2681   0.0176    13.44    0.388  20.63  19      97.29     3617.223     97.06085
       445   1014.6711    263.6587     41020.12     878.0912  13.4675   0.0232    13.99    0.305 -12.42  19      71.64     2295.684     93.91544
       446    488.2353    276.5860     13733.34     673.2667  14.6556   0.0532    11.23    0.391  -7.54   0      31.41      1188.96     91.91768
       447    437.0974    272.8031     142789.3     747.7838  12.1133   0.0057     8.93    0.197   0.90   0      275.9     11974.54     114.9765
       448    709.6409    270.2371     12026.76     650.2736  14.7996   0.0587     5.32    0.150 -37.96   0      27.57      1039.37     90.82433
       449    361.0441    268.0755     23785.73     709.9224  14.0592   0.0324     9.76    0.193   1.26   0      52.24     1902.811     92.95984
       450    288.3679    266.8157     85738.58     673.1017  12.6671   0.0085     8.66    0.220  -4.13   0      182.8      7701.87     106.6083
       451    216.3636    270.9030     7758.616     586.5392  15.2755   0.0821     8.48    0.362  14.67   0      18.77      624.113     88.79505
       452    141.4515    260.6705       158858     799.3613  11.9975   0.0055     8.80    0.205  -9.27   0      296.5      12962.1     116.7242
       453    389.9618    290.4881     60650.27     763.7766  13.0429   0.0137     9.29    0.239  -0.80   0      128.1     4969.872     99.73855
       454    635.6816    261.4047     20651.31     718.9187  14.2126   0.0378    10.60    0.305  -3.60   0      48.99     1751.598     92.82636
       455    191.2456    253.0592     369019.1     886.0205  11.0824   0.0026     8.70    0.163 -10.73   0      567.2     30380.03     146.9208
       456    990.5381    255.5566     46387.96     881.9737  13.3340   0.0206     9.26    0.228  -0.16   0      87.87     3375.502     96.49319
       457    897.6679    259.8664     7756.773      536.665  15.2758   0.0751     8.73    0.240 -18.17   0       21.2     824.9297     90.04249
       458    403.9657    257.6970     10524.99     650.5931  14.9444   0.0671    10.66    0.535  -5.85   0      23.99     753.1732     89.12478
       459    575.8481    249.2636     252392.5     880.8836  11.4948   0.0038     9.75    0.323  11.20   0      419.4     18945.93     128.0172
       460    366.6051    251.7462     113199.2     733.5134  12.3654   0.0070     8.63    0.172  -2.95   0      229.4     9684.662     110.5562
       461    657.0283    250.8692     55327.88     691.1487  13.1426   0.0136     8.86    0.221  -1.39   0      122.9     4893.146     100.0039
       462   1019.1984    251.7450     19364.91     582.5961  14.2825   0.0327     9.41    0.211  -8.38  25      47.56     1722.455     92.51785
       463    160.8796    247.7787     33349.46      1038.99  13.6923   0.0338    14.75    0.494 -15.36   1       41.7     1371.863     91.65256
       464    614.1169    244.9985     27285.31      660.592  13.9102   0.0263     9.27    0.228  -0.98   0      63.63     2408.017     94.41984
       465    533.1351    244.6428     25325.35     1003.869  13.9911   0.0430    11.97    0.137  20.13   2      41.43     1113.027     91.00845
       466     38.5856    243.6583     9854.822      619.213  15.0159   0.0682     9.43    0.296  -5.39   2      24.13     850.5885     90.59351
       467    787.8818    240.6900     12716.58     573.3302  14.7391   0.0490    10.25    0.516   8.44   0      33.72     882.7525     90.18832
       468     63.8838    238.3076     11972.81     699.8808  14.8045   0.0635     9.74    0.270  48.40   0      25.27     781.9405     89.93391
       469     90.7165    235.3301     16257.56     671.6697  14.4724   0.0449    11.63    0.310 -10.28   0      35.18     1275.574     90.93158
       470    702.0116    222.2374      1034202     1071.354   9.9635   0.0011     8.87    0.159  -2.34   0       1134     87351.99      218.206
       471   1003.7626    228.5334     21070.27     516.3344  14.1908   0.0266     9.59    0.301  -2.50   0      53.27     2030.149     93.27064
       472    176.3374    229.9253     11726.28     680.7053  14.8271   0.0630     9.95    0.141  -6.92   0      24.07      790.187     90.19863
       473    824.0071    229.0770     13059.08     739.1514  14.7102   0.0615    10.99    0.312 -22.87   0      24.82      800.436     90.22445
       474    317.7579    227.7943     30519.18     618.8151  13.7886   0.0220    15.92    0.191 -26.97   0      76.33     2582.583     95.07044
       475    211.8378    223.2179     177355.9     790.8342  11.8779   0.0048     8.67    0.197  -2.92   0      331.3     15695.65     122.6491
       476    927.7174    227.0209     20732.95     708.9443  14.2083   0.0371     9.51    0.232  11.21   0      47.34     1803.547     92.47959
       477    435.2903    225.1124     16636.29     704.5186  14.4474   0.0460     9.53    0.156   4.97   0       37.2     1365.617     91.39703
       478    519.0986    221.5694     36098.89      852.683  13.6063   0.0257     9.27    0.277  -8.46   0      69.06     2579.501     93.66629
       479    453.9288    222.1296      14398.1     689.6071  14.6042   0.0520     9.40    0.190 -16.90   0      33.09     1263.007     91.14151
       480    910.3442    220.2337     26518.93     768.7045  13.9411   0.0315    11.63    0.374  -3.00   3       52.3     1819.796     92.51952
       481    916.4687    212.9361     38157.21     891.0148  13.5461   0.0254     9.72    0.223   0.84   3      73.18      2734.29     94.73933
       482    615.9729    221.7217     8127.379     570.5464  15.2251   0.0762     8.93    0.248  -8.27   0      21.06     721.4215     90.02519
       483    265.7063    186.7579     30846.62     994.1302  13.7770   0.0350    14.06    0.336  30.74   3      44.98     1608.825       91.521
       484    270.0293    210.4820     41645.46     667.1625  13.4511   0.0174     9.00    0.185   1.90   3      92.67     3401.851     96.55523
       485    272.8812    200.4924     64009.89     807.3932  12.9844   0.0137     9.05    0.073 -16.07   3      125.7     4810.951     99.59657
       486    992.9489    211.9966     7861.413     611.3358  15.2612   0.0845     8.01    0.431  10.51   0      19.69     728.0482     90.04192
       487    387.9980    220.8095     243016.1     882.8265  11.5359   0.0039     9.22    0.193  38.47   0      394.7     17531.89     125.4817
       488     31.6948    205.9912      38663.6     715.4375  13.5317   0.0201    19.13    0.259 -39.43   0      77.73     2540.865     94.50691
       489    488.0645    203.5147      29078.4     916.6824  13.8411   0.0342    12.14    0.297   2.96   0      50.66     1402.699     91.24876
       490    741.7570    195.5811     46037.22     1204.132  13.3422   0.0284    18.89    0.385  71.34   0      62.94     1351.234     92.07977
       491    977.3262    195.2438     14472.53     660.3406  14.5986   0.0496    10.11    0.234   3.47   0      33.07     1236.572     91.31645
       492    177.7201    191.2100     60097.23     914.7852  13.0529   0.0165    14.90    0.310  37.30   0      104.5      2754.71     95.01978
       493    352.0487    195.2699     11173.81     505.4823  14.8795   0.0491     9.68    0.247 -11.13   0      30.15     1234.735     91.31188
       494    918.3114    190.6521     18303.74     520.4186  14.3437   0.0309    11.42    0.334 -16.73   0      43.27     1542.171     91.59548
       495    617.4959    191.5059     4344.374     334.3859  15.9052   0.0836     3.56    0.438 -18.39   2      16.86     695.4831     89.71516
       496    584.5848    191.4562     14222.53     559.3891  14.6176   0.0427    10.37    0.204  -1.06   0      36.19      1235.84     91.55489
       497    213.6763    185.0536     30595.75     813.6083  13.7858   0.0289     9.37    0.259   3.47   3      64.82     2473.259     94.11105
       498    204.8812    176.4362     30867.75     777.7954  13.7762   0.0274     9.20    0.186   5.47   3      66.89     2490.528     94.38578
       499    122.1373    186.3279      16732.2     804.2821  14.4411   0.0522    10.47    0.346 -48.16   0      26.31     802.0215     90.22845
       500   1014.7533    183.3278     13532.33     484.3724  14.6716   0.0389     9.08    0.219   1.39  16      36.78     1508.974     91.99192
       501    870.8466    183.2577     11711.84     694.2807  14.8284   0.0644     9.77    0.548  15.30   0      24.66     739.8991     90.31539
       502    334.0914    172.3730     682843.9     954.5701  10.4142   0.0015     8.64    0.161  -4.15   0        878     57699.99     184.0437
       503    248.4612    178.1901     102902.1     769.1399  12.4689   0.0081     9.12    0.219  -1.89   0      209.2     8906.355     108.9445
       504    136.8734    178.8285     40129.11     1027.726  13.4914   0.0278    10.20    0.316  -9.55   3      53.08       1914.6     92.98866
       505    148.8417    175.3738     27415.78      872.677  13.9050   0.0346    10.33    0.314 -12.76   3      46.94     1645.033      92.8021
       506    942.9982    179.0482      6356.65     538.1168  15.4919   0.0919     7.74    0.270   1.69   0      18.68     733.1942     90.05491
       507    732.4827    178.4560     13431.63     735.5421  14.6797   0.0595    11.08    0.330   5.69   0      26.94     909.2256     90.01128
       508     83.7719    173.4688     60862.09     954.9189  13.0391   0.0170    10.67    0.258  -0.67   3      110.6      4138.98     98.27498
       509     70.2684    164.4262     154317.1     889.2072  12.0290   0.0063     8.60    0.173   9.67   3      276.8     12169.71     115.3616
       510    747.1351    166.8683     12577.96     652.9942  14.7510   0.0564     8.93    0.310 -13.47   0      27.17     887.1578     90.19942
       511    112.5926    166.7796     10111.66     595.8047  14.9879   0.0640     7.02    0.507 -63.82   0      20.84     679.0239      89.9181
       512    953.7498    162.6447     18944.29     618.1135  14.3063   0.0354     8.94    0.229   7.01   0      46.72     1779.088     92.89364
       513    896.9385    164.2989     7114.271     528.1384  15.3697   0.0806     7.36    0.358  -0.49   0      19.29     758.4138     89.38425
       514    673.6493    157.1207     235421.5     837.4007  11.5704   0.0039     9.33    0.260   5.79   2      396.7     18170.83     126.2862
       515    653.5213    157.5029     42419.38     760.5019  13.4311   0.0195    11.21    0.319  -8.13   3      89.23     3223.538     95.67648
       516    367.1657    160.7410     18473.53     743.7739  14.3336   0.0437     9.92    0.241  -6.97   0       40.2     1452.651     91.85267
       517    605.5410    157.9294     16817.69     547.5552  14.4356   0.0354     8.82    0.214  -6.14   0      42.88     1640.015      92.3151
       518    582.7437    157.3935     10730.48     630.0821  14.9235   0.0638    12.37    0.494  49.24   0       25.6     783.7435     90.42566
       519    550.1740    168.6433     6162.421     493.3041  15.5256   0.0869     7.00    0.292 -19.11   0      18.25     770.0275     90.63388
       520    273.1209    151.6364     6999.974     451.8712  15.3873   0.0701     9.24    0.101  24.96   0      20.75     822.2394     90.27936
       521    828.1382    148.7671     30268.31      582.136  13.7975   0.0209     9.00    0.296  -6.10   0      72.43     2942.162     95.46708
       522    498.1633    146.9357     9424.218     605.6014  15.0644   0.0698    10.36    0.084 -33.31   0      24.83     1030.082     90.80108
       523    210.9438    144.2756     15673.87      515.021  14.5121   0.0357     9.16    0.231 -13.14   0      41.01     1579.889      91.9283
       524    539.5529    144.7533     7421.583      541.617  15.3238   0.0793     8.62    0.222 -26.43   0      21.24     854.6691     90.60374
       525     11.4235    141.5440     32598.85     758.2859  13.7170   0.0253    10.74    0.296   5.98  18      63.29      2270.73     93.85503
       526      1.5490    135.7575     5748.199     374.0479  15.6012   0.0707     7.82    0.651  87.19  27      12.54     972.5953     86.69334
       527    373.0052    142.0033     8488.777     575.4819  15.1779   0.0736     7.55    0.301 -52.55   0      20.74     752.8877      90.1046
       528    335.3390    133.3907     20473.68     684.4225  14.2220   0.0363    10.51    0.251  36.02   0      44.53     1628.147     92.52361
       529    636.8352    131.9838     80963.05     903.0844  12.7293   0.0121     8.97    0.264  -2.47   0      150.2     6199.975     103.5693
       530    521.8666    134.1224     9488.045     503.6346  15.0571   0.0576    10.16    0.247  -9.68   0      25.81      1008.46     90.26149
       531    498.7321    128.9396     10681.97     658.2009  14.9284   0.0669     9.68    0.232  -2.66   0      23.66     843.4334      90.3327
       532    768.1345    122.9001     69737.56     860.9647  12.8913   0.0134     9.36    0.235 -11.65   0      136.8     5287.213     100.2402
       533    225.8819    124.4754     19522.24     589.2186  14.2737   0.0328    16.93    0.607 -10.14   0      37.55     1051.117     90.12541
       534    673.4009    125.0375      8460.01     597.9362  15.1816   0.0768     8.02    0.342  -5.51   0      21.16     799.2526     90.70714
       535    291.4482    124.1993     9982.587      600.347  15.0019   0.0653     9.92    0.235 -13.50   0      24.76     978.5229     90.67194
       536    708.0286    118.4281     90704.32     1154.054  12.6059   0.0138    22.15    0.541  -7.71   0      126.9     3159.034     96.43864
       537    515.4140    115.0360     25568.55     1006.656  13.9807   0.0428    17.20    0.371 -50.06   0      40.68     1040.976     91.55105
       538    114.4062    114.8551     19041.75       749.83  14.3007   0.0428    14.25    0.115 -10.50   0      43.71     1546.807     92.32359
       539    904.5941    109.9973     32281.55      800.473  13.7276   0.0269     9.61    0.250 -12.94   3      69.72      2728.43     94.95689
       540    923.0073     96.5167     208078.6     1095.747  11.7044   0.0057    10.11    0.201  -5.70   2        322     13437.89     118.0198
       541    991.0529    109.5267     23576.83     694.2096  14.0688   0.0320     9.97    0.321  -0.25   0       53.6     2125.219     93.26677
       542    549.7743    109.6780     28176.06     669.1566  13.8753   0.0258     9.18    0.268  -5.64   0      66.02     2588.506     94.62141
       543    585.6378    108.2513     21145.19     512.0953  14.1870   0.0263     8.86    0.201  -6.52   0      53.43     2079.938     93.39188
       544     77.1515    109.2988     15023.03     199.4503  14.5581   0.0144     1.13    0.226 -80.68   0      122.3     12830.67     115.9008
       545    386.8525    108.8177     6263.388     475.2058  15.5080   0.0824     6.04    0.403 -36.41   0      18.46     753.6667     90.35004
       546    283.8110    107.4495      10306.5     659.7382  14.9672   0.0695    10.18    0.207 -16.70   0      24.66     813.7228     90.50098
       547     34.9727    106.3261     6826.022     532.1586  15.4146   0.0847     7.46    0.317 -47.07   0      19.47      724.538     90.03307
       548    489.5376    102.5008     21402.98     862.8748  14.1738   0.0438    12.46    0.363  -0.16   3      37.07     1080.349      90.1991
       549    810.4274     99.9395     47753.13     677.3965  13.3025   0.0154     8.74    0.254  -2.09   0      110.7     4508.074     99.34624
       550     12.9703    101.9004     14565.57     613.8231  14.5917   0.0458     9.69    0.248 -10.31  16      37.46     1566.351     91.17484
       551    775.6469     90.6158     672149.9     976.5112  10.4313   0.0016     8.83    0.204  -6.37   0      861.7     57495.18     184.3873
       552    668.4697    101.7528      9010.24     593.5367  15.1132   0.0715     7.58    0.153 -73.62   0      21.66     597.8173     89.71261
       553    556.0215     98.5946        13929     746.0736  14.6402   0.0582     9.83    0.315 -28.45   1      25.99     777.9009     90.16766
       554     76.0921     94.5747     40404.97     1265.365  13.4839   0.0340    21.16    0.524  -5.92   0      49.08     1360.853     90.90313
       555    505.3021     90.6181     312943.6      825.565  11.2613   0.0029     8.77    0.177  -3.26   0      511.2     26352.64     140.0831
       556    206.8227     93.8006     62886.73      636.658  13.0036   0.0110     8.65    0.192  -1.68   0      141.6     5692.477     101.8043
       557    290.3021     93.1016      59523.2     669.9542  13.0633   0.0122     9.16    0.267  -1.99   0      129.8     5039.339     99.23481
       558    953.7419     87.5939      12788.3     710.2696  14.7330   0.0603    11.02    0.284  -6.34   0      28.57     985.7733     90.93201
       559    872.6615     79.9059     15025.56     720.1948  14.5579   0.0521    10.11    0.414   2.81   1      25.47     900.1222     89.74384
       560    738.1712     75.9862     71598.05     746.7101  12.8627   0.0113     8.98    0.256  -1.67   0      153.5     6333.406     103.6499
       561    114.5456     78.1101     23511.64     517.4078  14.0718   0.0239     8.58    0.263  -5.28   0      59.94     2343.984     93.56384
       562    862.6769     77.0812     14255.82     719.9518  14.6150   0.0548    11.38    0.332   9.26   0      28.74     980.2015      89.9464
       563    715.3032     76.6731     29634.18     990.5319  13.8205   0.0363    12.76    0.356  -0.50   2      36.13     847.3916      89.6102
       564    441.8352     72.1959     26364.55     903.9388  13.9474   0.0372    10.33    0.284  -7.96   0      40.78     1467.974     92.36747
       565     81.0800     69.2439     81907.08     767.2179  12.7167   0.0102     8.74    0.172  -1.30   0      170.9     6912.017     104.2809
       566    251.4373     76.8372     15000.05     709.4304  14.5598   0.0514     9.48    0.347 -14.16   0      34.13     1358.666     91.61982
       567    459.3756     68.0679     38225.78     869.1921  13.5441   0.0247    16.51    0.229  -6.52   0      73.04     2844.654     95.23466
       568    833.5880     68.4741     11529.03     618.9405  14.8455   0.0583    11.63    0.358   3.61   0      27.89     1020.293     91.01825
       569    804.6653     67.5590      18849.7     668.4508  14.3117   0.0385     9.54    0.305   1.45   0      45.87     1813.287      92.7407
       570    558.3301     57.6946     76125.89       1434.9  12.7962   0.0205    26.80    0.557  -5.06   2       83.5     2230.646     93.05235
       571    558.1105     44.9255      30898.6     898.9896  13.7752   0.0316     9.55    0.213  -6.35   3      50.77     1750.777     92.11163
       572    549.8545     78.1484     30432.35     844.6944  13.7917   0.0301    10.88    0.284 -25.66   0      57.69     2086.075     93.87601
       573    376.8367     64.8205     6030.143     423.7713  15.5492   0.0763     4.71    0.309  -5.56   2      17.31     702.4705     90.70683
       574    968.1546     61.2747     13657.64     745.9909  14.6616   0.0593    11.03    0.272   3.44   0      27.81     1076.597     90.91743
       575   1020.2084     62.3700     7679.473     466.5588  15.2867   0.0660     8.29    0.398   2.92  16      21.66     803.1076      90.7168
       576    806.4354     50.3829     44716.04     1014.765  13.3738   0.0246    17.61    0.546 -19.78   0      67.92     2321.836     94.67737
       577    634.5069     52.4672     15079.03     732.3108  14.5541   0.0527    12.95    0.367  13.44   0      32.08     1035.226     90.57173
       578    181.8769     53.5004     11140.53     549.2083  14.8827   0.0535    11.29    0.304  -4.48   0      29.32     936.5723      89.8361
       579    224.8885     48.4379     50894.39     704.6565  13.2333   0.0150     9.14    0.222 -13.51   0      112.7     4388.739     98.40542
       580    662.1572     52.6094      11310.3     226.4366  14.8663   0.0217     4.00    0.342 -55.75   0      100.8     8795.523     109.1164
       581    429.7940   1014.2408     40808.92     707.6324  13.4731   0.0188     9.51    0.242  -4.85  16      88.62     3164.998     96.45271
       582    598.5209   1017.0455     12192.98     617.4078  14.7847   0.0550     7.66    0.236 -12.19  16       24.8      637.722     89.56872
       583    202.4848     44.6681     10071.88     642.7908  14.9922   0.0693     8.98    0.317 -72.74   0       22.6     721.4582     89.53592
       584    958.8604     39.2909     19377.21     732.1448  14.2818   0.0410    10.46    0.124  65.90   0      40.96     1315.396     91.03105
       585    349.2552   1012.7056     75651.16     741.3048  12.8030   0.0106    11.28    0.379   0.61  16      146.3     4880.677     99.31415
       586    172.1106     38.2304     11795.15     605.5844  14.8207   0.0558     9.93    0.220 -18.76   0      30.52     1148.554     90.61355
       587    557.6808   1016.3246     7383.881     521.9793  15.3293   0.0768     6.53    0.206 -47.26  16      18.06     706.5727     89.25233
       588     54.1250     33.6306     16000.84     701.1876  14.4896   0.0476    10.51    0.258 -16.84   0      35.91      1286.56     91.44078
       589    385.1506     27.4423     12287.93     699.1981  14.7763   0.0618    10.66    0.090  17.40   0      28.15     1021.713      91.0218
       590    286.0391    990.7765     33324.82     776.3939  13.6931   0.0253     9.50    0.228   4.15   0      71.14     2602.638     95.11838
       591    743.6927     25.8970     5913.598     532.8005  15.5704   0.0978     6.84    0.340  -8.82   0      16.54     647.1881      89.3472
       592    293.0490     34.5748     9510.812     532.2731  15.0545   0.0608    10.28    0.072  26.00   0      25.48     1038.882     91.30557
       593     93.3044   1010.9529     7579.302     526.2554  15.3009   0.0754     8.57    0.118 -75.11   0       21.7     858.6426     89.63873
       594    691.2595   1007.8058     10401.18     663.9198  14.9573   0.0693    10.00    0.160 -44.51   0      22.95     785.6075     90.43034
       595   1005.5364   1005.7551     8248.722     569.6314  15.2090   0.0750     8.15    0.203 -24.42   0       20.7     774.8895     90.16007
       596    793.1481   1001.0434     24546.62     942.1648  14.0250   0.0417    16.10    0.247  78.04   0      39.89     1012.066      90.9977
       597    365.4325   1001.8836     26842.04     911.9218  13.9280   0.0369    12.09    0.353  12.04   0      45.68      1483.19     91.68892
       598    610.0217   1002.3849      6996.41     543.4634  15.3878   0.0844     7.94    0.252  -8.07   0      19.85     686.4824     90.18088
       599    860.2064    999.4889     24149.72     868.0381  14.0427   0.0390     9.81    0.028  24.12   0       41.3     1394.372     91.70835
       600    668.4816    992.0561     145757.3     873.9178  12.0909   0.0065     9.15    0.346   1.80   0      271.6     11142.77      112.932
       601    641.5729    996.7567     12989.66     730.1593  14.7160   0.0610    10.75    0.082 -35.93   0      26.61     951.8032     91.08856
       602    751.4044    993.8451     10491.69     653.1091  14.9479   0.0676    10.36    0.326 -15.39   0      24.59     830.6284     90.54342
