#   1 NUMBER                 Running object number                                     
#   2 X_IMAGE                Object position along x                                    [pixel]
#   3 Y_IMAGE                Object position along y                                    [pixel]
#   4 FLUX_AUTO              Flux within a Kron-like elliptical aperture                [count]
#   5 FLUXERR_AUTO           RMS error for AUTO flux                                    [count]
#   6 MAG_AUTO               Kron-like elliptical aperture magnitude                    [mag]
#   7 MAGERR_AUTO            RMS error for AUTO magnitude                               [mag]
#   8 FWHM_IMAGE             FWHM assuming a gaussian core                              [pixel]
#   9 ELLIPTICITY            1 - B_IMAGE/A_IMAGE                                       
#  10 THETA_IMAGE            Position angle (CCW/x)                                     [deg]
#  11 FLAGS                  Extraction flags                                          
#  12 SNR_WIN                Gaussian-weighted SNR                                     
#  13 FLUX_APER              Flux vector within fixed circular aperture(s)              [count]
#  14 FLUXERR_APER           RMS error vector for aperture flux(es)                     [count]
         1    494.7102     20.9360     20789.44     592.6798  14.2054   0.0310    10.46    0.141  30.31   0      58.97     1990.715     75.81866
         2    100.8614     19.0680     8884.197     491.2988  15.1285   0.0601     9.34    0.215 -24.85   0       28.9     1005.115     73.18349
         3    510.0089      9.5784       6005.9     435.3785  15.5536   0.0787     8.47    0.208 -61.66  16      20.69     650.9691     72.26705
         4    295.2021     10.8538     4782.527     369.3382  15.8009   0.0839     5.77    0.594  31.28  18      17.68     474.8964     71.51794
         5    975.6676      3.7059     35191.48     393.7976  13.6339   0.0122     7.22    0.349  -1.28  24      125.4     5212.924     85.09281
         6    458.0869      2.0707     12229.08       277.18  14.7815   0.0246     7.90    0.621   0.30  24      61.95     3158.185       79.241
         7    342.0989    987.1190     4539.858     391.9171  15.8574   0.0938     6.31    0.081  66.48   2      19.12     611.3068     71.37077
         8    218.2211    984.9777     22307.65     648.4302  14.1289   0.0316     8.85    0.050 -58.35   0      56.48      1568.71     75.28187
         9    755.6391    981.8760     144820.5     662.9302  12.0979   0.0050    11.82    0.376 -17.71   0      301.2     9527.082        96.07
        10    493.4061    985.7938      5656.86     432.0046  15.6186   0.0829     8.81    0.409  70.32   0       20.3     636.9399     72.03104
        11    923.4082    983.3590        16805     468.3728  14.4364   0.0303     7.71    0.135 -21.79   0      54.99     1928.351      76.5409
        12    528.3533    980.9498     36343.93      587.531  13.5989   0.0176    10.29    0.227  85.69   0      95.61      2988.78     79.27905
        13    993.4503    977.1702     28770.09     477.0529  13.8526   0.0180    16.43    0.109 -65.15   0      87.63      2878.84     78.96325
        14    630.5878    978.1612     6310.488     381.3247  15.4998   0.0656     9.52    0.207 -84.26   0      23.71     772.8754      73.0294
        15    850.8237    962.6666     93610.16     685.6898  12.5717   0.0080    13.25    0.456 -55.52   0      208.8      6439.27     88.62038
        16    171.0048    969.8856     4791.357     313.6206  15.7989   0.0711     8.58    0.304 -74.19   0      20.95      712.197     72.45935
        17    432.1821    960.6502     7560.128     311.2052  15.3037   0.0447     9.25    0.212 -49.43   0      28.61     908.4119     73.26134
        18     68.5210    958.3435     7646.916     460.9149  15.2913   0.0655    10.54    0.281 -71.69   0       26.2     798.6019     72.15677
        19    920.4834    952.1184     8677.962     476.9088  15.1540   0.0597     8.76    0.500  27.21   0       25.9     708.6196     71.87279
        20    304.0586    940.3094     35790.12     589.0813  13.6156   0.0179     7.76    0.078 -42.88   0      104.3     3453.627     80.08389
        21    717.8127    940.4845     5692.444     432.0233  15.6118   0.0824     8.52    0.276 -72.38   0         20      617.241     71.96886
        22    593.5646    934.9203     112841.5     551.8538  12.3688   0.0053     7.60    0.081 -27.73   0      285.7     11249.37     100.0615
        23    684.6364    937.4281     6037.163     438.5618  15.5479   0.0789     8.50    0.062 -76.25   0      20.85     688.0485      72.5745
        24    637.7431    935.9635     7074.734     460.6326  15.3757   0.0707     8.91    0.341  73.30   0      23.42     745.3539     72.37231
        25    982.1152    930.8511     4195.181      360.439  15.9431   0.0933     6.21    0.471 -65.93   0       16.6     543.5074     71.34877
        26     33.7909    928.0610     4702.027     373.0173  15.8193   0.0862     7.29    0.281 -60.93   0      18.19     597.7896     72.09961
        27    334.4604    922.1060     20784.86      479.768  14.2056   0.0251     7.87    0.123 -49.01   0      68.27     2263.748     76.45193
        28    290.5087    909.5841      6874.38     305.0856  15.4069   0.0482     8.70    0.169 -59.96   0      27.65     954.9644     72.64759
        29    185.0242    908.4249     16682.11      547.973  14.4444   0.0357     8.13    0.150 -52.33   0       51.8     1638.188     75.49133
        30     83.9838    905.7520     9465.208     434.0035  15.0597   0.0498     9.23    0.148 -80.54   0      34.07      1098.51     73.84871
        31     33.7602    902.7291     73402.92     599.9682  12.8357   0.0089    10.04    0.330 -20.82   0      175.1     5584.184     86.23931
        32    260.4449    901.8481     57548.61     491.9802  13.0999   0.0093     7.64    0.086 -34.15   0      165.6     5837.037     87.06222
        33    123.4459    903.7234     11625.72     561.4932  14.8365   0.0525     9.37    0.186 -78.13   0      26.03     813.1816     72.39409
        34    577.9066    896.9175     19449.94     495.4647  14.2777   0.0277     8.37    0.106 -30.68   0       61.1     1897.133      75.7206
        35    869.7617    889.5720     27781.79     543.0844  13.8906   0.0212     6.41    0.064 -25.20   0      87.21     3421.171     80.68077
        36    419.7865    890.4240      16676.2     648.0569  14.4448   0.0422     8.36    0.060 -42.18   0      41.25     1317.951     74.33505
        37    104.4345    893.9761     4887.739     332.9514  15.7772   0.0740     4.82    0.271   4.31   0      18.11      724.686     72.68914
        38    634.2177    886.0317     51371.84     586.2766  13.2232   0.0124     8.89    0.300  86.42   0      134.4     4637.991      84.0386
        39    912.3394    887.5189      7790.42     405.9109  15.2711   0.0566    10.91    0.092 -11.24   0       26.6     849.2949     72.31625
        40    124.3167    886.9728     8509.826      509.791  15.1752   0.0651     8.44    0.405 -55.25   0      22.27     601.9444     71.72787
        41    788.1376    880.4398      8355.06     333.2399  15.1951   0.0433    11.36    0.035 -86.67   0      30.96      828.334     72.63242
        42    852.4858    881.7569     5329.399     378.9178  15.6833   0.0772     5.91    0.572   9.83   0      18.42      609.563     71.55887
        43     67.0998    878.7654     8631.299     380.8932  15.1598   0.0479     8.90    0.123 -56.81   0      32.12     1083.254     72.47726
        44    187.3980    867.3467     26700.06      477.517  13.9337   0.0194     8.31    0.110 -15.17   2      82.18     2514.206     77.72885
        45    177.4837    859.8315     13928.58     536.6114  14.6402   0.0418     8.51    0.145   2.48   3      39.49      1193.51      73.5784
        46    245.4034    862.5896       128442     584.2835  12.2282   0.0049     7.62    0.072 -35.82   0      311.9     12616.34     103.1196
        47    647.9855    864.0962     14362.81      488.898  14.6069   0.0370     8.36    0.055 -33.30   0      44.88     1393.714     74.19422
        48    265.7580    861.3368     15873.17     436.5545  14.4983   0.0299     9.63    0.134 -57.79   0      54.01     1631.319     75.10301
        49    981.5231    862.2454     10684.93     533.2932  14.9281   0.0542     9.75    0.156  -6.11   0      31.23     943.0707     72.80071
        50     46.9543    859.8578     4585.539     282.1026  15.8465   0.0668     9.31    0.236  88.84   0      19.95     596.7723      71.9042
        51    881.4818    853.9059     7929.871     529.5106  15.2518   0.0725     8.57    0.323 -15.56   0      17.79     486.4963     71.36113
        52    658.0172    842.2678     20208.91     718.5956  14.2361   0.0386    12.44    0.307 -65.24   0      45.67     1360.743     74.46577
        53    264.5613    835.0532     11445.47      376.185  14.8534   0.0357     8.44    0.151 -38.65   0      41.25     1294.324     74.26278
        54    856.6748    829.2656     15957.43     516.4609  14.4926   0.0351     8.13    0.044 -40.36   0      52.31     1698.873     75.12317
        55    901.5206    830.5347     3341.267     325.5796  16.1902   0.1058     5.05    0.594  45.32   0      14.62     506.8412     71.42589
        56    984.1421    823.8897     10291.46     574.3613  14.9688   0.0606     9.24    0.256 -63.34   0      24.83     671.2067     71.75439
        57     16.3549    824.5313     5835.159      284.327  15.5849   0.0529    10.14    0.207  73.95   0      24.09     719.6063      72.2914
        58    586.2159    820.8646     7174.386     471.8123  15.3605   0.0714     9.19    0.237  88.21   0      22.76     638.2673     72.03523
        59    660.7711    816.0093     8038.953     476.6041  15.2370   0.0644    10.60    0.018 -25.44   0      28.57     912.5837     73.08517
        60    249.6768    808.7204     10395.83     427.2641  14.9579   0.0446     7.57    0.103 -83.70   0      36.98     1219.195     73.28097
        61   1017.7397    802.4971     34805.53       496.92  13.6459   0.0155    13.18    0.363  48.16  24      89.84     2286.908     76.70138
        62    994.9692    804.5047     7169.168     355.5622  15.3613   0.0539     0.00    0.574  59.52   0      31.15     954.0217     72.26264
        63    812.0415    804.6277     6335.877     361.7863  15.4955   0.0620     9.40    0.023  52.13   0      24.57     806.4749     72.94442
        64    543.1429    803.0948      7276.63     414.8994  15.3452   0.0619    10.82    0.284 -84.13   0      25.45     739.5859      71.7781
        65    417.7221    794.4570     9080.251      443.269  15.1048   0.0530     9.74    0.077 -44.30   0      30.05     877.0803     72.40353
        66    324.8869    787.9506     17760.88     431.9656  14.3763   0.0264    14.93    0.009  13.70   0      55.97     1644.878      74.7748
        67    687.6965    786.6294      20788.2     674.5815  14.2055   0.0352     9.18    0.101 -35.14   3      48.97     1339.152     73.46392
        68    675.1395    781.7778     46002.11     523.6039  13.3431   0.0124     7.91    0.082 -27.24   2      134.3     4538.562     83.43822
        69    477.8087    788.9470     4330.362     363.3917  15.9087   0.0911     6.31    0.425 -73.70   0      17.87     706.1458     72.44037
        70    742.6240    785.1232     15244.37     617.4708  14.5422   0.0440     8.83    0.073 -70.70   0      39.15      1239.17     73.90678
        71    544.2158    774.4348     267262.8     631.6265  11.4327   0.0026     7.60    0.058 -28.48   2      532.5      27413.7      132.071
        72    539.6731    758.6460     36987.29     587.7798  13.5799   0.0173     7.85    0.035 -18.26   3      103.2     3268.418     79.90368
        73    948.9645    779.2498     11987.07     489.2088  14.8032   0.0443     8.27    0.051   5.30   0      40.66     1291.583     74.06779
        74    352.0782    779.3285     9912.862     552.7213  15.0095   0.0606    11.68    0.205 -42.71   0      27.89     772.6398     72.07494
        75    718.8647    772.8943        10502     542.8605  14.9468   0.0561     8.60    0.406 -70.91   0      24.24     604.3559     71.54234
        76    702.6263    765.5897      24710.3     761.1286  14.0178   0.0335    11.85    0.364 -18.79   0      52.59     1485.496     74.84555
        77     66.9897    760.2759     66112.95     543.1992  12.9493   0.0089     7.57    0.080 -37.01   0      185.5     6687.997      89.1008
        78    387.9693    760.9684     8306.576     487.4959  15.2014   0.0637     5.38    0.080 -59.79   0      25.01     1483.395     75.02386
        79     34.4075    752.5565     12835.55     453.6582  14.7290   0.0384     7.57    0.145 -64.70   0      41.94     1537.571     75.37163
        80    244.6441    748.6932     51217.45     480.4825  13.2265   0.0102     7.66    0.086 -36.23   0        153     5276.893     84.93826
        81    299.0592    742.8641       142256     568.1165  12.1173   0.0043     8.52    0.092 -33.45   0      338.5      13963.5     106.0471
        82    566.6007    740.5858     4039.301     341.6116  15.9842   0.0918     5.30    0.570 -13.12   0      16.23      556.975      71.7783
        83    179.5003    732.7433       4745.6     385.8094  15.8093   0.0883     6.11    0.016   7.80   0      17.28      579.313     71.26881
        84    125.1747    731.5829     4589.838     404.9702  15.8455   0.0958     8.45    0.411  58.65   0      17.18     499.4766     71.98155
        85    363.3675    726.2334      6062.81     430.6143  15.5433   0.0771     8.66    0.080  39.07   0      21.27     657.0615     72.47739
        86    546.4391    721.5502     34077.22     493.7921  13.6688   0.0157     8.14    0.089 -33.71   0      103.2     3317.689      80.0437
        87    170.5777    718.3532     11223.77     467.8803  14.8747   0.0453     8.28    0.065 -53.23   0      38.63     1172.626     74.07645
        88    419.8958    713.4261     46628.15      655.845  13.3284   0.0153    14.65    0.426  -0.68   0      109.5     2553.153     77.12825
        89    943.5950    713.6132     7972.129     490.8767  15.2461   0.0669     9.16    0.075  66.27   0       25.3     798.0492      72.5376
        90    381.9606    704.8106     13757.65     549.9135  14.6536   0.0434    10.81    0.092 -65.01   0      42.66     1286.553     74.61088
        91    512.8869    700.5106     8540.476     502.9725  15.1713   0.0640    11.65    0.206 -50.08   0      27.69     793.1832     72.33128
        92    733.0488    700.4015     8202.047     457.4223  15.2152   0.0606     7.92    0.119 -29.59   0      26.22     870.2841     72.76357
        93    869.1339    697.1437     11434.38     521.1481  14.8545   0.0495    15.46    0.496 -38.93   0      28.13     542.7743     71.73332
        94    723.1974    688.3017      4263.84     349.7658  15.9255   0.0891     5.39    0.266  36.42   0      15.71     571.7052     71.82492
        95    866.9919    671.8644     40596.46      465.876  13.4788   0.0125     7.29    0.073 -18.42   0      125.8     4575.154     83.53783
        96    163.8264    673.5014     4361.432     337.7531  15.9009   0.0841     5.15    0.255  89.92   0      15.75     578.0529     71.07034
        97    294.2555    670.8770     5919.148     410.8001  15.5694   0.0754     8.71    0.283 -57.81   0      21.98     755.1415     72.21165
        98    838.9063    652.5988     32029.98     519.5054  13.7361   0.0176     7.58    0.062 -27.25   0      98.24     3328.448     80.07424
        99    809.1818    651.5005     8564.069     479.7478  15.1683   0.0608     7.42    0.071  67.90   0      27.88     888.4338     72.43916
       100    635.8974    647.6219     24107.69     470.4344  14.0446   0.0212     7.73    0.096 -47.47   0      77.83     2547.861     77.29191
       101    158.0083    648.4582     8005.912     415.2987  15.2415   0.0563     8.71    0.222 -84.92   0      28.66     935.9465     73.15778
       102    611.7488    646.4033     9096.883     352.8922  15.1028   0.0421    12.76    0.152 -85.73   0      33.62     1144.785     73.61597
       103    661.6265    643.7886     9227.183     495.6633  15.0873   0.0583    10.30    0.178 -45.58   0      31.84     972.3724     73.27086
       104    320.5762    639.6144     55515.79     558.2998  13.1390   0.0109     7.82    0.081 -26.62   0      154.6     5277.457     85.58899
       105    857.0787    638.7294     17535.91     442.1394  14.3902   0.0274     7.69    0.061 -39.23   0      58.19     1855.488     75.41222
       106    725.7957    638.0507     7215.191     447.7535  15.3544   0.0674     9.65    0.072  18.36   0      24.44     758.0211     72.60294
       107    581.2023    636.6309     7789.772     433.9233  15.2712   0.0605     8.26    0.145  65.39   0      26.36     809.4212      72.9536
       108    285.8230    635.7529      14063.5     512.9359  14.6298   0.0396     8.84    0.093 -51.08   0      45.81     1386.792     74.73064
       109    138.8300    635.4239     12863.06     409.5869  14.7266   0.0346     7.73    0.066 -73.38   0      45.23     1473.606     74.99419
       110    364.7330    624.1563     33666.19     520.2207  13.6820   0.0168     7.87    0.097 -23.08   0      101.3     3299.716     79.99265
       111    325.4025    623.0027     42111.26     596.7558  13.4390   0.0154     7.94    0.184 -33.31   0      113.1     3745.412     81.24908
       112    767.8743    617.6074     6214.853     432.2981  15.5164   0.0755     8.88    0.090 -36.63   0      21.96     700.7474     72.04025
       113    606.6140    616.7313     6050.948     354.8467  15.5454   0.0637    10.18    0.303 -27.43   0      22.63     655.6757     72.09013
       114    172.4690    608.5508     85944.74     515.7741  12.6645   0.0065     7.68    0.085 -42.49   0      231.6     8624.369     93.91017
       115    412.2698    603.5283     7530.192     440.1216  15.3080   0.0635     9.70    0.379 -66.25   2      25.22     756.1317     72.21476
       116     82.0907    598.5565     37543.22     554.6899  13.5637   0.0160     8.14    0.136 -18.81   0      111.6     3771.484     80.98092
       117   1003.3963    596.1774     4289.099     378.2934  15.9191   0.0958     1.66    0.526  14.62   0      16.47     615.8796     71.96457
       118     69.4366    590.8256     16143.21     687.2578  14.4800   0.0462    13.93    0.297 -72.73   3      36.29     1027.413     73.62958
       119     69.6622    582.9740      9410.53     515.5887  15.0660   0.0595    10.11    0.369 -59.45   3      27.71      830.955     72.83089
       120    880.9600    590.1011      6219.88     463.9543  15.5155   0.0810     8.64    0.154 -82.59   0      19.18     558.6809     71.00837
       121     36.3223    578.3219     8137.503     437.2817  15.2238   0.0584    10.45    0.274 -58.48   0      30.09     948.4351     72.43636
       122    690.3250    573.9142     41461.54     489.4648  13.4559   0.0128     7.66    0.094 -30.70   0      126.7     4271.182      82.2032
       123    712.0828    576.5309     5090.119     397.4931  15.7332   0.0848     7.47    0.195 -70.47   0      18.68     566.0836     71.42065
       124    327.6043    563.9384      36877.5     467.0308  13.5831   0.0138     7.86    0.098 -29.28   0      113.2     3755.403     81.44711
       125    862.5746    563.5572     7912.954     473.6311  15.2542   0.0650     9.65    0.241  89.76   0      25.55      861.765     73.11648
       126    662.7999    555.6267     5319.947     441.3368  15.6852   0.0901     7.57    0.322  60.12   0      17.82     500.3217     71.98422
       127    307.1719    552.0477     13293.52     477.6568  14.6909   0.0390     9.51    0.104 -50.42   0      42.87     1335.932     74.57581
       128     51.0986    536.9002     17528.58     449.8926  14.3906   0.0279     8.11    0.140 -47.01   0      59.86     1922.794     75.06372
       129    806.2197    531.0613     204759.5     635.4169  11.7219   0.0034     8.10    0.060 -81.40   0      429.4     19331.91      116.988
       130    455.0616    535.7424     7529.984     462.3562  15.3080   0.0667     9.71    0.246 -45.86   0      25.59      818.961     72.79345
       131    398.3226    526.6725     14007.33     472.1705  14.6341   0.0366     8.49    0.125 -36.00   0      48.17     1517.431     74.38641
       132    139.1765    527.6119     10688.61     429.0356  14.9277   0.0436     7.72    0.144 -25.43   0      38.35     1286.865     74.23994
       133    641.6875    526.7181     6171.491     433.0749  15.5240   0.0762     8.82    0.178 -72.31   0      21.56     685.7012     71.99277
       134    495.7349    523.5106     12415.09     520.2473  14.7651   0.0455     8.89    0.092 -46.34   0      41.92     1245.292     73.55025
       135    718.1074    522.0170     4926.487      380.499  15.7687   0.0839     7.89    0.112  77.45   0      19.63     674.6787     71.57229
       136    247.9272    504.9616     564710.7     749.0937  10.6204   0.0014     7.65    0.096 -28.55   0      854.2     55831.73     174.0029
       137    788.2905    505.3710     69824.55     568.3716  12.8900   0.0088     7.55    0.120 -29.76   0      188.5     6692.206     88.64441
       138    493.3549    507.1031     5966.382     438.5251  15.5607   0.0798     8.31    0.230 -70.75   0       20.9     641.6776     71.27351
       139    693.6722    504.4421     4001.011     341.5862  15.9946   0.0927     5.25    0.427  52.73   0      16.28     578.7974     71.84736
       140    319.9844    502.3608     6409.354     479.4481  15.4830   0.0812     8.98    0.213 -82.30   0      20.26     530.1607     72.27011
       141     81.2384    490.8395     12992.64     565.1157  14.7158   0.0472    13.39    0.116 -83.88   0      37.75     1200.019     73.78629
       142    217.1132    486.1199      3802.37     130.1963  16.0499   0.0372     1.00    0.004 -44.17   0      56.78     3555.353     80.37206
       143    103.1459    463.6585       6804.4     400.2048  15.4180   0.0639    10.74    0.261 -58.36   0      25.24     788.1897     72.88743
       144    867.6807    463.6324     7998.115     387.7207  15.2425   0.0526     9.39    0.063  69.95   0       29.2      875.554     72.78003
       145    149.0143    463.3896     13687.62      639.478  14.6592   0.0507    11.63    0.136 -53.82   0      33.86     986.8968      73.1269
       146    354.5738    463.9019      6281.11     441.8315  15.5049   0.0764     8.45    0.145 -51.13   0      20.28     631.2714     71.24033
       147    271.2588    458.5791       117472     549.3666  12.3252   0.0051     7.71    0.122 -31.49   0      293.3     11618.75      100.897
       148    230.5304    453.7916     5335.061     417.1652  15.6822   0.0849     7.65    0.359  49.73   0      19.45     621.2845     71.98164
       149    431.3771    434.8473      58189.4     502.7076  13.0879   0.0094     7.67    0.097 -24.45   0      168.5     6091.069     87.88047
       150    188.0449    422.6357     5462.667     422.1806  15.6565   0.0839     8.05    0.423 -71.82   0      19.77     721.3261     72.48798
       151    248.6251    421.0810      4888.22     375.9021  15.7771   0.0835     7.49    0.165  23.32   0      18.66     658.1151     72.09782
       152    891.5475    409.3411     5062.293     384.1991  15.7391   0.0824     6.85    0.431 -68.98   0      19.07     713.8148     72.46442
       153    567.4575    407.7233     4263.146     349.7653  15.9257   0.0891     6.05    0.421 -33.48   0      16.78     577.5471     71.65052
       154    457.2131    415.2687     8241.732      463.453  15.2100   0.0611    11.25    0.122 -43.64   0      27.78     838.4538     72.66409
       155   1003.5680    394.2810     2871.121     143.8035  16.3549   0.0544     1.96    0.300  36.41   0      35.33     2220.384     76.86494
       156    138.7548    390.0668     15689.68     550.7114  14.5110   0.0381     7.89    0.118 -41.30   0       47.1      1537.79     74.81944
       157      2.2957    386.5305     5362.887     324.8647  15.6765   0.0658     7.83    0.439 -89.38  24      20.69     848.7437      72.1229
       158    184.2087    382.1359      5680.69     414.0243  15.6140   0.0792     8.71    0.452 -54.09   0      21.43     746.1379     72.37477
       159    498.2821    385.7432     9226.518     480.0615  15.0874   0.0565    11.60    0.281 -49.67   0      29.72     801.9489      72.1673
       160    157.6555    379.1203     8674.928     491.9059  15.1543   0.0616     9.87    0.124  -6.91   0      26.96     772.9837     72.07603
       161    975.3858    375.7101     30194.34     506.5536  13.8002   0.0182     7.51    0.092 -10.90   0      95.44       3294.7     79.63158
       162    673.7010    370.9073     17168.44     493.7167  14.4132   0.0312     8.35    0.091 -19.73   0      53.79     1751.042     74.91227
       163    506.2674    359.6593     108899.6     540.0738  12.4074   0.0054     7.52    0.107 -28.05   0      279.3     11447.43     100.5103
       164    387.9111    361.6355      33385.2     447.9014  13.6911   0.0146     7.58    0.113 -28.55   0      107.1     3687.372     80.74451
       165    358.0290    363.2703     9316.234     489.3824  15.0769   0.0570     8.84    0.114  46.66   0      30.17      950.416     73.01343
       166    195.9468    355.2084      36543.8     485.0409  13.5930   0.0144     7.82    0.158 -38.95   0      110.2     3695.042     81.27851
       167    280.2936    352.9118     20249.86     648.2425  14.2339   0.0348     9.22    0.213 -30.19   0      52.59     1539.211     74.63857
       168    663.7425    352.4196     9803.378     502.8553  15.0216   0.0557     7.68    0.135 -43.80   0      30.98     1048.354     73.31765
       169    110.1048    349.1619     5150.675     406.1375  15.7203   0.0856     8.36    0.242 -88.83   0      19.86     634.2153     71.24972
       170    443.7803    348.9430     4064.665     347.6517  15.9774   0.0929     7.43    0.331 -50.55   0      17.71     622.4906     71.98544
       171     48.2311    335.4666     6531.126     438.8177  15.4625   0.0730     7.38    0.273 -76.20   2      23.22     851.2108     72.70397
       172    585.0167    335.3565     5490.757     422.1957  15.6509   0.0835     8.34    0.323 -79.08   0      20.45     707.5904     72.63567
       173    278.7512    329.9698     28614.37     661.7094  13.8585   0.0251     8.20    0.110 -20.97   0      74.48     2379.088     77.68985
       174    399.2083    319.6712     6009.986     443.2558  15.5528   0.0801     8.35    0.333 -63.47   0      20.83     584.9926     71.86695
       175    991.8511    312.0352     7582.014     486.4473  15.3005   0.0697     8.82    0.136 -43.47   3      22.92     767.6602     72.25104
       176    997.9799    303.8953     19446.77     590.9951  14.2779   0.0330     7.97    0.093 -25.44   2      55.59     1798.854     75.05719
       177    899.2134    300.5273     77685.36     560.5037  12.7742   0.0078     7.22    0.071 -26.84   0      211.5     8411.346     93.54128
       178    189.3498    295.6843     5064.053     396.6068  15.7388   0.0851     6.66    0.263  57.17   0      17.43      551.199     71.37327
       179     89.1487    291.5168     10993.78     506.8177  14.8971   0.0501     9.20    0.167 -37.18   0      33.58     1054.539     72.95844
       180    853.1464    289.2970     5639.824     341.6637  15.6218   0.0658     9.66    0.294  64.91   0      22.81     713.6479     71.69592
       181    446.5460    288.8275     14654.98     523.2123  14.5850   0.0388     9.19    0.255   3.54   0      44.56     1337.546     74.20869
       182    929.3093    286.8083     5642.531     430.3924  15.6213   0.0828     7.94    0.280 -50.25   0      19.56     608.6624     71.94177
       183    172.0889    283.1516     13458.11       410.76  14.6775   0.0331     8.19    0.132 -39.34   0      46.58      1462.33     74.21788
       184    992.2543    280.9070       6575.2     477.3574  15.4552   0.0788    10.63    0.152 -87.54   0      23.15     632.4724     71.43814
       185     33.5294    270.6601     336366.1      661.273  11.1830   0.0021     7.43    0.113 -30.67   0      620.1     35313.64     144.7432
       186    493.6912    271.0936     68992.52     517.6916  12.9030   0.0081     7.54    0.116 -20.73   0      192.2     7029.577     89.81391
       187    718.1088    273.2689     8465.709     470.2318  15.1808   0.0603     9.10    0.084 -41.22   2      28.33     845.0002     72.49391
       188    198.3383    258.7482     43637.36      559.041  13.4004   0.0139     7.75    0.149 -30.68   0      126.9     4345.392     82.91038
       189    692.2072    259.4868     7312.412     422.3568  15.3398   0.0627    10.47    0.235  -9.12   0       26.8     839.9164     72.66866
       190    247.9413    251.3692     58135.25     510.8753  13.0889   0.0095     7.56    0.138 -29.94   0      167.9     6188.358     87.65937
       191    423.2492    249.9566     12202.17      462.408  14.7839   0.0412    11.89    0.088 -42.24   0      40.21     1272.474     74.19588
       192    713.4846    249.1586     9302.092     395.5446  15.0785   0.0462     9.46    0.050  25.53   0      33.62     1004.721     72.80309
       193    218.8528    246.1100     9501.663     519.6392  15.0555   0.0594     8.19    0.123  18.62   0      22.72     573.0862     71.44292
       194    670.7836    242.6146     11792.77      474.761  14.8210   0.0437    12.72    0.143 -75.15   0      38.23     1284.369     74.04565
       195    374.5521    226.0906     5608.362     413.9846  15.6279   0.0802     8.01    0.303 -63.81   0      20.62     714.4667     71.89127
       196    758.6190    220.3673     97457.66     528.7338  12.5280   0.0059     7.30    0.108 -26.80   0      258.1     10725.69     99.14445
       197    444.4274    218.4058     54173.07     514.5174  13.1655   0.0103    18.04    0.099  48.52   0      153.8     5135.756     85.21188
       198    491.8162    222.2555     7270.436     437.6221  15.3461   0.0654     9.54    0.542 -85.92   0      26.58     619.0541     72.16661
       199    268.7642    221.7355      13960.6     381.3478  14.6377   0.0297     7.59    0.172 -41.16   0      50.36     1731.515     75.40561
       200    575.9185    219.7617     11667.36     483.3677  14.8326   0.0450     8.05    0.086   2.74   0      39.42     1315.403     73.95395
       201    966.6265    218.2370     5956.112     409.1328  15.5626   0.0746     6.76    0.338  35.24   0      18.94     617.5007     72.35323
       202    326.4853    208.8022     18846.46     525.6884  14.3119   0.0303     8.04    0.093 -36.40   2      59.85     2066.314     76.76941
       203    329.4619    198.9242     12143.49     576.2956  14.7891   0.0515     9.46    0.220 -49.48   3      30.17     908.1407     72.88171
       204     87.4962    205.8203     8269.304     504.2241  15.2063   0.0662     8.59    0.421 -53.81   0       23.1     725.9073     71.73478
       205     26.9169    199.7349     6588.366     429.2827  15.4531   0.0708     9.01    0.265 -58.44   2      22.83     611.2805     71.75744
       206    234.6392    187.9822     9434.453     506.8011  15.0632   0.0583     0.37    0.315  55.14   0      25.72     617.3384     72.54375
       207    641.0574    189.7011     5569.367     427.1259  15.6355   0.0833     8.35    0.021  28.61   0      20.57     607.7984     71.55327
       208    260.9245    174.5013     11370.77     537.4616  14.8605   0.0513    13.17    0.219  -5.64   0      38.69     1271.581     73.44326
       209    140.6679    171.5228     14581.11     625.0247  14.5905   0.0466     9.85    0.191 -47.82   0      36.77     1076.116     73.02563
       210    390.9316    170.6182     7380.598     421.5736  15.3298   0.0620     9.91    0.078 -49.59   0      26.46     842.1984     72.86597
       211   1010.4384    160.6316     7385.415     423.2144  15.3291   0.0622     9.97    0.067 -57.84   0      26.31      849.344     72.88824
       212    127.5480    162.1496      5484.13     413.9164  15.6522   0.0820     6.82    0.141  25.86   0      18.36     589.3139     72.26464
       213     50.7347    158.9618     6771.147     452.9073  15.4233   0.0726     8.62    0.146 -32.57   0      22.73     733.1028     72.33382
       214    730.9623    155.0910     18038.05     523.3594  14.3595   0.0315     7.96    0.147 -34.95   0      53.85     1856.625     75.41564
       215    709.6838    155.4295     6004.672     432.1876  15.5538   0.0782     9.19    0.120 -77.78   0      21.15      619.845     71.78456
       216    884.5162    147.1323     14028.07     479.4516  14.6325   0.0371     7.44    0.039 -48.10   0      46.08     1508.217     74.35826
       217     50.6184    134.1235     55581.32     557.0858  13.1377   0.0109    10.08    0.136 -23.37   0      161.5      6077.62       87.688
       218    693.2402    130.2033     14637.25     483.3326  14.5864   0.0359     8.24    0.197 -29.55   0      47.54     1564.783        75.27
       219    391.5151    130.5131     3915.289     327.0396  16.0181   0.0907     5.08    0.589  45.35   0         15     495.0189     71.38826
       220    824.9043    121.4486     5620.226     414.8259  15.6256   0.0802     8.61    0.108 -67.19   0      21.16     661.8107     71.53142
       221    279.8458    123.0970     4413.634     339.8305  15.8880   0.0836     5.56    0.394  -9.31   0      15.96     586.8087     71.09834
       222    758.6196    117.6470     18917.62     561.9799  14.3078   0.0323     8.06    0.051  14.17   3      56.76     1870.714     76.18814
       223    768.9775    116.1041     27690.87     603.9747  13.8942   0.0237     8.71    0.156  -5.68   3      81.22     2724.514     77.80962
       224     70.1038    100.3744     5948.724     398.8521  15.5639   0.0728     8.60    0.231 -44.53   0      22.81     759.6323     71.64866
       225    867.0412     98.2580     7024.417     382.6552  15.3835   0.0592    10.41    0.166 -15.73   0      27.59      901.212     72.86011
       226    980.4089     93.5719     37894.14     621.3131  13.5536   0.0178     7.15    0.146  -4.72   0      106.6     3811.038     81.60221
       227    832.2787     88.8036     179410.1     575.0212  11.8654   0.0035     7.04    0.079 -17.22   0      410.3     20377.06     119.0011
       228    562.0164     88.7724     119720.4      560.265  12.3046   0.0051     7.25    0.110 -25.22   0      300.8     13253.11     104.7781
       229    347.3472     91.4151     36502.22     505.2841  13.5942   0.0150     7.38    0.167 -21.43   0      111.9     3992.543     82.10617
       230     36.4730     91.3477     19456.94     462.9806  14.2773   0.0258     8.06    0.205 -34.19   0      62.66     2092.148     76.30368
       231     21.3773     92.9827      2573.64     133.3284  16.4736   0.0563     1.32    0.173  20.19   0      39.95     2460.112     77.92651
       232    171.3528     76.5784     11516.81     371.6018  14.8467   0.0350     8.12    0.172 -16.27   0      42.11     1415.038     74.81649
       233    794.9592     74.1419     32611.92     441.2807  13.7166   0.0147     7.43    0.142 -13.79   0      104.6     3773.598     81.32789
       234    137.8493     67.5934     39345.63     462.2814  13.5128   0.0128     7.38    0.108 -24.18   0      121.9     4466.352     83.40738
       235    864.6484     47.8490     4209.374      363.316  15.9395   0.0937     5.68    0.519  61.76   0      17.07     595.9229     72.28542
       236    282.2518     47.0340     5195.927     433.3617  15.7108   0.0906     7.32    0.239 -47.82   0      17.52      614.158     71.95913
       237    614.7852     43.0710      7944.23      456.537  15.2499   0.0624     8.95    0.246 -49.53   0      26.95     927.3582      73.1311
       238    535.5758     40.0298     7166.743     525.9039  15.3617   0.0797    10.93    0.752 -15.23   0      21.04     488.9054     71.94817
       239    386.4753     35.7662     9394.816     416.0581  15.0678   0.0481     7.16    0.091 -30.18   0      33.83     1191.759     73.76084
       240    187.2554     35.4588     5995.512     420.0033  15.5554   0.0761     8.81    0.128 -84.03   0      21.63     694.1632     72.59364
       241    404.3396   1010.7872     37467.75     506.4019  13.5659   0.0147     7.85    0.125 -11.23  16      106.9      3513.95     80.77055
       242    486.5890   1011.5341     5352.313     347.4983  15.6786   0.0705     8.25    0.057  13.14   0      21.32     725.6484     72.31039
       243    151.0308   1009.0028     4171.977     373.6213  15.9491   0.0973     6.32    0.251  89.32   0      16.64      584.681     72.25008
       244    725.4866    990.0377     17395.44     475.9841  14.3989   0.0297    10.11    0.115 -46.11   0      58.95     1934.243     75.64919
       245    439.9547    987.5540     5546.646     414.7856  15.6399   0.0812     9.41    0.400 -79.77   0      20.72     583.1149     72.05334
