#   1 NUMBER                 Running object number                                     
#   2 X_IMAGE                Object position along x                                    [pixel]
#   3 Y_IMAGE                Object position along y                                    [pixel]
#   4 FLUX_AUTO              Flux within a Kron-like elliptical aperture                [count]
#   5 FLUXERR_AUTO           RMS error for AUTO flux                                    [count]
#   6 MAG_AUTO               Kron-like elliptical aperture magnitude                    [mag]
#   7 MAGERR_AUTO            RMS error for AUTO magnitude                               [mag]
#   8 FWHM_IMAGE             FWHM assuming a gaussian core                              [pixel]
#   9 ELLIPTICITY            1 - B_IMAGE/A_IMAGE                                       
#  10 THETA_IMAGE            Position angle (CCW/x)                                     [deg]
#  11 FLAGS                  Extraction flags                                          
#  12 SNR_WIN                Gaussian-weighted SNR                                     
#  13 FLUX_APER              Flux vector within fixed circular aperture(s)              [count]
#  14 FLUXERR_APER           RMS error vector for aperture flux(es)                     [count]
         1     35.4745     38.2746     53041.03     1148.543  13.1885   0.0235    21.92    0.539 -24.50  18      68.22     2022.641     100.5485
         2    356.0898     33.9429     66453.45     920.5649  12.9437   0.0150     8.84    0.325  -9.04   0      130.8     6022.884     108.9774
         3    156.2856     33.9031     17974.99     745.9719  14.3633   0.0451     9.22    0.332 -12.54   0      41.92     1833.604     99.85916
         4    463.2960     17.6365     50673.16     930.7935  13.2381   0.0199    11.94    0.294  38.81  16      83.08     2968.348      101.898
         5     69.7141     17.2686     16976.49     624.6789  14.4254   0.0400     8.83    0.295 -11.12   0      41.29     1843.692     99.88212
         6     44.7189     16.4026     8001.461     565.3003  15.2421   0.0767     8.76    0.402   0.05   0      20.48     904.5722     98.52016
         7    875.1683     13.2080     16695.12     595.6909  14.4435   0.0387     6.31    0.367 -12.16  16      40.16     2039.125     101.3615
         8     28.0100     12.5892     11121.05     670.0149  14.8846   0.0654     7.53    0.559  33.66  16       20.1     714.8507     97.81496
         9    479.0492      8.2061      30378.2     727.6502  13.7936   0.0260     9.67    0.313  -7.95  17      64.02     2736.186     102.6585
        10    404.0072     10.5553     8328.735     616.2512  15.1986   0.0804     7.35    0.312 -11.73  16      20.62     893.5523     98.75948
        11    264.9712      8.0242     17681.14     759.7554  14.3812   0.0467    10.67    0.397 -16.46  16      33.39      1545.98     100.2496
        12    700.8440      7.4633     11179.28     633.9944  14.8790   0.0616     8.25    0.349  -7.74  16      27.39     1339.672     99.25612
        13    668.6380      3.6464     17821.31      565.784  14.3727   0.0345    11.35    0.321 -20.88  24      41.87     1674.216     100.0192
        14    945.1078      2.8975     104637.9     537.6592  12.4508   0.0056     9.31    0.602   0.07  24        251     15097.05     126.2873
        15    830.2761      4.7476     13256.71     552.2516  14.6939   0.0452     9.13    0.298  -7.27  24      34.61     1565.451     99.50972
        16    748.5068      3.0934     5006.388     398.6651  15.7512   0.0865     7.45    0.180 -45.20  24      17.56     847.9362     97.85725
        17    926.1243      1.8935     9722.245      454.719  15.0306   0.0508     6.92    0.643  -0.18  25      19.85     1164.875     97.79287
        18    427.2647      1.6813     10726.54     334.5526  14.9239   0.0339     9.03    0.776  -0.22  24      37.07     2429.351     98.85683
        19    777.1613    990.3076     10937.62     686.3161  14.9027   0.0681    10.04    0.208 -18.07   0      23.82     987.1161     97.64664
        20    168.8456   1015.9543     30022.12     1041.849  13.8064   0.0377    17.78    0.633  24.62  18      37.03     979.6024     98.42819
        21    188.0534    983.2495     70872.55     695.6382  12.8738   0.0107     8.91    0.263  -9.17   8      148.7     6521.986      110.723
        22    995.7327    982.8798     37801.63        635.3  13.5562   0.0183    13.99    0.307   0.68   0      83.85     3425.205     103.4181
        23    462.1833    984.4229      13840.8     491.2011  14.6471   0.0385     9.38    0.148 -25.82   0      34.79     1375.211     99.86175
        24    497.8777    978.3804     106216.9      821.531  12.4345   0.0084     9.81    0.012  61.10   0      188.8     7406.698     112.5244
        25    893.2295    981.8367     38287.97     752.1352  13.5423   0.0213     8.98    0.302  -8.83   0      82.05     3537.674     104.6676
        26    534.7437    980.9113     19634.78     628.7674  14.2674   0.0348     9.21    0.247  -7.87   2      44.89     1797.498     99.77695
        27    106.6330    980.0308     10638.09     459.4585  14.9328   0.0469     9.89    0.178 -39.37   0      28.41     1126.743     99.29466
        28    350.4878    981.0062     10076.33     648.8682  14.9917   0.0699     7.52    0.134  60.27   0      21.17     836.2953     98.09673
        29    236.7829    981.0618     15372.26     726.5507  14.5332   0.0513     8.25    0.280  -5.08   2      28.56     820.3004     98.05967
        30    600.6411    976.6769      56077.5     689.8421  13.1280   0.0134     9.22    0.262  -8.24   0      121.2     5131.306     107.5883
        31    575.2162    979.3704     10000.68     688.8544  14.9999   0.0748     9.15    0.184 -56.72   0      22.18     908.5207     98.79391
        32    203.9275    974.9183     20672.84      858.226  14.2115   0.0451     9.34    0.178  -0.98   0      30.54     1174.035     98.34657
        33    821.0739    960.6047     284558.5     1104.276  11.3646   0.0042    10.20    0.291 -42.50   0      415.1     19941.72     135.1112
        34    218.7221    968.1731      12925.1     794.4824  14.7214   0.0668     9.77    0.256 -58.71   0      22.72     773.6943     97.95159
        35     45.9867    965.0594     14453.27     657.3871  14.6001   0.0494    10.79    0.204  58.91   3      31.36     1277.263      99.3762
        36     37.0808    956.7225     21349.56     652.8047  14.1765   0.0332    14.83    0.271   1.85   2      48.39      1906.66     99.76392
        37    963.5391    975.0262     70281.13     841.5386  12.8829   0.0130    12.29    0.222  -4.57   0      133.4     5455.652     108.5122
        38    401.7162    959.0660     28373.86     710.6793  13.8677   0.0272     9.99    0.255  -1.14   0      61.93     2602.575     101.8509
        39    766.0394    956.5679     14941.04     695.1931  14.5640   0.0505    12.80    0.233  30.38   0      29.83     959.5681     98.64695
        40    282.9872    952.0009     12366.05     648.6641  14.7694   0.0570     8.23    0.147 -26.80   2      26.19     913.3922     98.27519
        41    978.0361    948.1166      22030.1     808.4663  14.1425   0.0399    16.13    0.407  59.40   0      37.49     1151.511     98.55978
        42    888.6680    949.6088     27774.33     986.6416  13.8909   0.0386    16.07    0.370 -18.32   0      47.14     1852.448     100.4234
        43    627.6902    951.6119     7954.192     593.4476  15.2485   0.0810     7.12    0.460   6.52   0      18.52     765.8253     97.39866
        44    933.6192    946.8132     12943.63     772.8312  14.7199   0.0648    10.27    0.181 -46.74   0      25.06     742.7344     97.87973
        45    139.7825    968.3597      14110.3     513.4144  14.6262   0.0395    12.57    0.235  -9.75   0       35.5     1529.743      100.473
        46    563.4446    933.2896      1064607     1077.104   9.9320   0.0011     8.82    0.210  -8.07   0       1147     89334.09     223.0354
        47    436.2910    943.3043     21361.09      954.882  14.1759   0.0485    11.48    0.248   6.76   0      31.32     1048.807     98.32266
        48    539.8099    941.1060     17887.12     831.9883  14.3686   0.0505    13.94    0.449 -28.30   1      32.76     1280.671     99.12093
        49    913.2154    940.7997     15949.59     754.0612  14.4931   0.0513     9.17    0.186  10.86   0         34     1397.536     99.38852
        50    273.7264    938.7041     65110.77      691.869  12.9659   0.0115     8.99    0.279  -6.80   0      135.2     5645.298     107.9455
        51    686.3947    939.0039     13330.14     498.8781  14.6879   0.0406     8.72    0.222   0.29   0      34.36     1503.118     99.62966
        52   1016.5536    939.1282      5825.83     531.0573  15.5866   0.0990     6.46    0.311  60.69  16      16.89     814.9242      98.0472
        53    654.2765    935.4624     60770.67     927.6435  13.0408   0.0166     8.81    0.250  -8.13   0      122.3     5220.889     107.7774
        54    799.0219    936.5355     17060.78     629.9122  14.4200   0.0401    10.32    0.262  -9.25   0      38.98     1532.924     99.95918
        55    606.7418    933.9193     33429.28     801.1417  13.6897   0.0260    10.09    0.094 -50.97   0      66.72      2581.79     101.5477
        56    876.2952    932.2706     21706.92     847.0181  14.1585   0.0424     9.45    0.315 -14.00   2      40.83     1628.368     99.12791
        57    628.5745    934.0400      21346.1     771.0772  14.1767   0.0392     9.65    0.264 -17.61   0      48.88      2067.45      101.425
        58    117.8842    934.0318     7221.469     536.5428  15.3534   0.0807     8.35    0.326 -54.99   0      20.26     892.1776     97.95995
        59    734.2737    930.0302     23019.67     916.9253  14.0948   0.0433     9.79    0.203 -21.12   0      37.72     1445.426     99.49797
        60     99.4704    930.3153     14603.67     677.9685  14.5888   0.0504    12.86    0.424 -21.71   0      30.38     1132.747     98.25111
        61    951.7759    929.5120     11216.87     449.6964  14.8753   0.0435     8.61    0.312 -10.10   0      30.84     1370.427     98.79938
        62      3.1305    926.5603     8821.787       496.82  15.1361   0.0612     9.44    0.298  89.58  24      24.51     1127.313     98.76867
        63    751.7034    923.5082     21437.24     939.7413  14.1721   0.0476    12.54    0.063  61.51   0      32.14     1088.526     98.14877
        64    821.6143    924.2149     11526.92     678.8621  14.8457   0.0640     9.74    0.240 -19.56   0      27.86     1205.032     98.94734
        65    304.2556    920.4348      91129.4     720.5761  12.6009   0.0086    14.50    0.298 -11.60   0      186.2     8177.838     113.8421
        66    865.0589    922.1019     18777.48     839.2608  14.3159   0.0485     9.87    0.235  -9.17   0      33.84     1368.661     98.79532
        67   1015.6052    913.2092     243442.4     776.4171  11.5340   0.0035     8.62    0.210 -11.42  24      418.3     22358.03     139.3039
        68    840.5387    918.5368     10607.91     665.9315  14.9359   0.0682     9.65    0.227  -0.91   0      23.22     940.4019     98.33763
        69    289.2331    912.2090     8098.161     547.7463  15.2290   0.0735     9.15    0.033  16.04   0      22.14     1031.023     99.07533
        70      4.7371    901.2622     532873.3     782.0917  10.6834   0.0016    15.97    0.125 -64.84  24      791.7     47587.74     175.5603
        71    259.7029    907.9186     16068.52     490.9029  14.4851   0.0332     9.01    0.233 -15.46   0      40.35      1660.74     99.46496
        72    154.5223    906.7864     43039.53     980.2133  13.4153   0.0247     9.50    0.259 -12.07   0       75.5      3019.99     103.0318
        73     53.5318    904.3401     40053.35     853.4576  13.4934   0.0231     9.52    0.242  -8.96   0      80.92     3183.777     103.3925
        74    230.2892    900.0942     78365.98     799.2215  12.7647   0.0111     9.38    0.291 -14.80   0      156.2     6733.254     110.6851
        75     91.7504    903.0178     12361.86     658.6487  14.7698   0.0579     8.47    0.180 -22.93   0      28.93     1269.314     99.62045
        76    921.5746    902.0275      6633.71     542.3453  15.4456   0.0888     7.32    0.097 -89.32   0      18.64     887.5883     98.74575
        77    547.4089    895.1614     43285.93     785.8674  13.4091   0.0197     9.52    0.266 -10.00   0      88.65     3621.083     104.8486
        78     73.1789    893.6926     21736.84     825.9571  14.1570   0.0413     8.83    0.268 -15.98   0      47.46     1973.882     99.91695
        79    839.6850    887.9613       152038     863.3362  12.0451   0.0062     8.97    0.246  -7.49   0      274.6      12877.2     122.4405
        80    862.8394    891.1743     11410.62     696.8538  14.8567   0.0663     9.33    0.116 -16.57   0      23.26     950.5573     98.89057
        81    389.5366    888.9275     42060.93       954.34  13.4403   0.0246     9.67    0.268 -10.21   0      77.36     3078.985     103.1619
        82    603.9478    885.4285     89956.51     799.2505  12.6149   0.0096     8.77    0.212 -17.13   3      172.7     7462.072     112.6362
        83    602.4360    875.1023     37867.72     845.9592  13.5543   0.0243     9.56    0.269 -19.44   3      73.96     2711.685     101.3239
        84    969.4243    890.3967     5507.432      491.332  15.6476   0.0969     6.87    0.253 -33.72   0      17.22      834.056     98.35736
        85    882.0418    885.8990     90644.52     838.5004  12.6066   0.0100     9.13    0.312 -13.92   0      173.6     7613.449     111.7793
        86   1008.1872    882.9199     196252.5     780.2491  11.7680   0.0043     8.76    0.260  -6.99  16      354.9     18288.62     132.4985
        87     92.8471    885.4620     13008.84     707.5959  14.7144   0.0591    11.37    0.288 -22.97   0      28.79     1206.177     98.94997
        88    822.0402    881.0448     36955.56     861.7701  13.5808   0.0253     9.29    0.257  -5.09   0      73.23     2965.548     102.6576
        89    671.2048    882.8356     9890.478     619.9934  15.0120   0.0681     9.27    0.290 -81.58   0      26.21     1276.601     99.63708
        90    368.8982    878.3577     116457.7      738.311  12.3346   0.0069     8.88    0.262  -8.40   0        228     10226.42     116.9715
        91    758.1782    878.9166     25918.45     702.4991  13.9660   0.0294     9.66    0.258   2.94   0       55.4     2103.698     100.7315
        92    431.2431    879.0125     14142.36     762.9857  14.6237   0.0586     9.28    0.270 -22.93   0      26.45     1122.333     99.28457
        93    315.3369    879.7421     8004.869     601.1168  15.2416   0.0816     8.52    0.296 -52.31   0      21.36     930.8877     98.58086
        94    299.2290    878.1824     12934.11     680.2932  14.7207   0.0571     3.90    0.308 -51.80   0      26.31      1670.78     100.5322
        95     37.3655    876.9468     31893.88      818.444  13.7407   0.0279    10.82    0.322  -3.18   0      60.68     2215.688     101.2421
        96    647.6055    876.1937     5639.246     501.9073  15.6219   0.0967     6.48    0.392 -58.65   0      17.15     840.5886     98.10668
        97    215.1759    860.8723     180406.3     1077.188  11.8594   0.0065     9.04    0.233 -56.65   2      283.3     12785.77      122.697
        98    235.3097    859.5802     70138.55     814.6999  12.8851   0.0126     8.97    0.283  -9.60   3      143.3     6079.678     108.8562
        99    495.9571    869.7453     37615.24     1072.501  13.5616   0.0310    10.49    0.341  -9.77   0       54.8     2208.339     101.4832
       100    148.5093    859.0915     371304.1     1068.956  11.0757   0.0031    12.24    0.378  28.74   0        512     22242.41     138.9273
       101    490.5060    888.5446     31828.26     929.6979  13.7430   0.0317    10.04    0.282 -17.77   0      58.29     2093.382     100.1884
       102    617.7386    862.5848     40717.25     882.2132  13.4756   0.0235     9.18    0.282  -4.68   0      79.61     3296.583     103.6402
       103   1011.9969    861.2338      22146.1      612.864  14.1368   0.0301     8.42    0.224  -6.32  16      52.72     2302.599     101.9505
       104    950.4680    860.2615      35613.8     892.6747  13.6210   0.0272    10.81    0.360  -7.17   0      65.11     2587.285     102.0729
       105    933.6566    858.2261     14340.39     811.1445  14.6086   0.0614    10.55    0.405  62.48   0      25.78     877.0745     98.19116
       106     76.9266    859.0652     14737.06     722.7484  14.5790   0.0533     9.67    0.091 -29.47   0      31.98     1283.697     98.86412
       107     16.9392    858.1559     32054.26     760.6179  13.7353   0.0258     9.07    0.274 -13.99  16      67.61     2760.749     102.4584
       108    892.2946    854.6936     12452.14     692.4963  14.7619   0.0604     8.30    0.050  -4.23   0      28.65     1229.433      98.7393
       109    380.9935    853.5825     12445.25     707.4149  14.7625   0.0617    10.21    0.186 -40.01   0      28.25     1196.076     98.92677
       110    696.5389    853.8132      11216.4     619.4263  14.8754   0.0600     8.17    0.322   7.46   0      27.43     1245.484     99.04021
       111    538.4482    844.7081     57266.14      843.451  13.1053   0.0160     9.58    0.289  -5.22   0      113.2     4401.436     105.5417
       112    627.9299    840.5397     202274.5      1031.76  11.7351   0.0055    10.32    0.261 -39.64   0      321.9     14622.64     126.0535
       113    840.0540    844.5703     12847.04     751.3901  14.7280   0.0635     9.60    0.143 -26.90   0      23.17     823.1583     97.79968
       114    851.7004    852.8232      30876.9     892.9311  13.7759   0.0314    18.75    0.588 -11.45   0      47.75     1507.222     98.58528
       115    155.4766    841.7571     19255.75     879.6401  14.2886   0.0496     9.27    0.049  79.84   1      32.42       1105.3       98.718
       116   1011.8065    839.3213     6689.325     568.2292  15.4365   0.0923     7.58    0.160 -27.92   0      18.73     776.1741     97.95734
       117    956.2769    836.6653     25541.06     933.0695  13.9819   0.0397     9.95    0.271 -12.58   0      43.72     1786.985       99.753
       118    464.4787    833.8564     19146.23     602.0708  14.2948   0.0342    10.71    0.362   2.21   0      41.43     1724.569     99.61069
       119    234.2611    833.4296     30435.92     861.5655  13.7915   0.0307    10.01    0.313 -17.13   0      62.61     2515.248     101.6558
       120    574.3928    831.1903     19338.97     903.8173  14.2839   0.0508     9.81    0.228  -8.14   0      30.55     1119.581     98.75088
       121    826.4689    827.7044     79128.96     745.3528  12.7542   0.0102     8.90    0.220  -6.40   2      161.2     6846.775     110.4461
       122    821.9886    815.2946      23180.4     762.2556  14.0872   0.0357     9.80    0.231   4.22   3      48.04     1946.817     100.6367
       123    171.1175    829.9944     9585.826     642.6306  15.0459   0.0728     9.88    0.279 -36.14   0      22.89     932.0403     98.58351
       124     80.4154    828.6481     19642.03     865.5277  14.2670   0.0479    11.06    0.283 -23.35   0      34.15     1254.004     99.58552
       125    870.8315    829.0112     15463.07      752.181  14.5268   0.0528     9.28    0.142  -3.05   0      32.78     1468.804     100.0745
       126    715.3447    828.3206      25959.9     938.7507  13.9642   0.0393     9.38    0.276  -1.43   0      43.71     1811.389     99.80859
       127    695.6203    827.1360     20081.75     575.8323  14.2430   0.0311     8.59    0.197 -24.70   0      47.86     2054.007     100.8785
       128    593.3377    828.1309     11630.87       646.39  14.8360   0.0604     7.39    0.304  34.94   0      21.71     752.7016     97.90287
       129    955.5396    822.3026     30320.39     922.9861  13.7957   0.0331    15.35    0.502 -16.40   0      49.76     1591.288     99.30614
       130    423.5204    822.2713     33138.49     811.5831  13.6992   0.0266     9.59    0.285 -12.94   0      66.57     2622.869     101.6396
       131    338.5560    823.1432     10975.71     591.3011  14.8989   0.0585     9.96    0.170  -7.66   0      28.01     1191.152     99.17906
       132    313.1900    819.2510     21953.71     838.5651  14.1462   0.0415    10.58    0.131 -64.54   0      40.83     1502.663     99.89036
       133    458.2715    819.6714     15792.04     748.8016  14.5039   0.0515     8.76    0.306 -30.52   0      31.77     1400.862     99.13309
       134    554.4235    819.0098     16108.79     805.1803  14.4823   0.0543    11.17    0.201   0.48   0      30.62     1128.448     99.03527
       135    111.1596    816.7628     11545.73     698.7686  14.8439   0.0657     9.94    0.213 -31.12   2       26.4     957.0424     98.37608
       136    629.9634    815.1509     22545.63     839.5034  14.1173   0.0404     9.73    0.322 -18.88   0      44.89      1747.65     99.92498
       137    542.3709    813.4606     21666.16      866.059  14.1605   0.0434    10.02    0.238   0.28   2      44.18     1753.962     99.93933
       138    219.0752    807.1226     46204.89     860.4211  13.3383   0.0202     9.13    0.254  -7.82   0      92.02      3617.26     103.5876
       139     26.6967    809.6791     8482.439     639.1838  15.1787   0.0818     9.45    0.491 -35.72   0      19.85     707.5463     97.26257
       140    988.6757    800.6605     93646.14      934.267  12.5713   0.0108    24.50    0.212  23.29   0      144.2     4298.583     105.5676
       141    965.8807    804.5136     16038.79     703.9473  14.4871   0.0477    13.50    0.344 -27.25   0      36.97     1493.081     99.34429
       142    512.3065    802.1037     161547.9     780.1793  11.9792   0.0052     8.96    0.249  -8.29   0      296.1      13504.3      123.599
       143    781.4855    803.1581     15807.63     562.6591  14.5028   0.0387     9.51    0.188 -22.19   0      37.63     1629.981     99.39465
       144    621.3550    801.4994     6936.615     547.2642  15.3971   0.0857     7.17    0.272  -4.14   0      18.15     751.9647     96.55848
       145    587.0856    794.2117      9106.13     653.5413  15.1017   0.0779     8.68    0.205 -36.63   0       21.8     900.9322     97.98026
       146    386.8395    793.3361     19976.43     712.5837  14.2487   0.0387    10.52    0.300 -11.96   0      42.76     1694.455     100.0652
       147    292.2530    785.8594       123227     850.3618  12.2732   0.0075     9.84    0.284   0.38   0      218.9     9069.132     115.8334
       148    446.9255    787.3209     24994.07     604.2742  14.0054   0.0263    15.39    0.305  -9.88   0      56.46     2220.505     100.4763
       149    200.2449    789.6323     4814.677     491.0114  15.7936   0.1108     5.38    0.483 -36.04   0      15.35     736.6122     98.39764
       150    656.9172    784.9131     70010.57     883.1002  12.8871   0.0137    10.09    0.277  -5.83   3      128.9     5236.416     107.5677
       151    644.5148    780.0952     78508.41     713.8464  12.7627   0.0099     9.54    0.256  -6.99   3      161.9     7143.459     111.5242
       152    712.2558    783.8488      29729.6     929.1847  13.8170   0.0339     9.37    0.250 -13.79   0      52.98     2157.951     101.3703
       153    140.6768    781.4744     26385.24     1018.233  13.9466   0.0419    15.16    0.194 -41.86   0      40.89     1539.631     98.92426
       154     83.0500    785.7695      7554.21     555.8032  15.3045   0.0799     7.79    0.125 -67.53   0      20.21       951.73      98.6289
       155    588.0023    784.1751     9265.472      661.538  15.0828   0.0775     9.58    0.315 -27.74   0       22.1      722.743     98.09982
       156    918.7006    777.2264     267606.2     824.0639  11.4313   0.0033     8.88    0.250  -6.58   0      446.3     22933.75     139.4933
       157    851.7068    780.6714     16539.93     789.7513  14.4537   0.0519    12.66    0.317 -17.85   0      34.52     1230.405     98.47675
       158    513.9755    772.7269     661544.4     973.7672  10.4486   0.0016     8.97    0.219  -8.45   3        844     55441.25     185.5893
       159    509.3398    757.0396     151771.8     839.4988  12.0470   0.0060     8.85    0.250  -6.90   3      271.8     12184.03     121.5773
       160    321.8760    777.7250     37508.46     667.2693  13.5647   0.0193     9.19    0.231 -15.62   0       83.2     3347.223     102.9934
       161     43.1460    777.0120     17390.44     799.8497  14.3992   0.0499     9.94    0.239 -14.37   0      35.71     1369.567     99.58707
       162    688.0591    771.0000     28620.83     894.5485  13.8583   0.0339     9.91    0.145  -6.05   3      54.75     2067.009     100.9078
       163    674.7731    763.2614     58984.33     1018.458  13.0732   0.0188    21.56    0.515  -9.51   2      91.89     2881.093     102.9788
       164    808.2430    770.9725     23526.04     939.5518  14.0711   0.0434    11.27    0.255  17.32   0      40.76      1436.36     100.0008
       165    780.2902    770.5624     14820.16      680.923  14.5729   0.0499    11.45    0.316 -21.22   0      31.79     1263.561     98.55324
       166    194.3550    771.2435     11556.43     559.7744  14.8429   0.0526    11.30    0.219 -36.50   0      28.27     1164.842     98.85499
       167     61.3964    768.4371     13673.13     777.2562  14.6603   0.0617    10.52    0.205 -50.05   0      24.62      915.991      98.8111
       168    736.6647    766.0396     10240.65     552.1923  14.9742   0.0586    10.11    0.200 -16.06   0      26.41     1194.796     98.92383
       169    867.0891    763.5186     19175.91      806.855  14.2931   0.0457    10.89    0.164 -24.02   2      36.87     1157.543     98.57368
       170    152.0182    761.6992     27985.79      609.696  13.8827   0.0237     9.62    0.299 -11.06   0      63.15     2596.428     101.5805
       171     36.8527    758.4789     237881.8     879.7303  11.5591   0.0040     9.72    0.283  -8.70   0      398.6     19720.72      134.545
       172    356.3790    758.4968     50373.81      1115.72  13.2445   0.0241    12.07    0.183  88.80   0      72.45     2611.365     101.3566
       173    411.3138    760.1026     10052.77     615.8276  14.9943   0.0665     7.08    0.230  63.26   0      20.91     920.6185     97.75919
       174    296.1953    756.9463     13911.27     766.3316  14.6416   0.0598     9.27    0.231 -26.85   0      26.98     876.9132     98.45634
       175     81.7908    755.6046     29566.85      1017.02  13.8230   0.0374    16.06    0.471  -9.26   0      43.77     1540.099     99.71399
       176     57.7584    757.4215     20177.82     827.1079  14.2378   0.0445     9.89    0.174 -16.72   1      28.58     998.0105     98.99957
       177    327.0061    756.8120     11111.46     701.4247  14.8856   0.0686     8.76    0.275 -30.78   0      22.28     862.6861     98.15786
       178    878.5145    754.4633      15562.8     811.4869  14.5198   0.0566    10.87    0.182  -1.70   0      27.17     978.8228      97.8944
       179    399.2929    748.7744     24622.99     952.2368  14.0216   0.0420    11.56    0.339 -26.97   2      37.53      1278.43     98.32233
       180      4.9980    750.1129     42049.35     662.9325  13.4406   0.0171    10.21    0.119 -76.26  24       92.9     3731.104     104.5887
       181    545.7434    751.4454     11696.57     774.1526  14.8299   0.0719    10.21    0.117  -6.74   0      23.33      731.148     98.11929
       182    214.2955    746.9933     72821.88     696.2748  12.8443   0.0104     9.11    0.271  -8.71   0        152     6691.224     110.8346
       183    268.7225    741.1490     551557.2     937.3612  10.6460   0.0018     8.96    0.225 -10.91   0      748.3     46703.02     174.4112
       184    536.6944    739.4837     18601.95      675.453  14.3261   0.0394     8.80    0.217 -12.10   0      43.35     1604.073     99.59789
       185     49.9688    738.1645     10773.93     641.0172  14.9191   0.0646     6.87    0.020  14.66   0      22.19     947.4644     98.88346
       186    148.3845    730.4929     30584.19     863.8744  13.7863   0.0307     9.76    0.305 -13.57   0      57.01     2164.837     100.6102
       187     94.2751    730.6625     29066.47     717.2993  13.8415   0.0268     9.28    0.265 -15.94   0      63.81     2547.397      101.984
       188    655.8527    730.3488     16444.46     814.1426  14.4600   0.0538    11.21    0.196 -20.53   0      30.49     1132.818     99.30856
       189    445.9308    726.4405     7658.688     619.1747  15.2896   0.0878     7.90    0.317  59.11   0      18.78     766.1844     97.93417
       190    922.6578    725.1488     8979.063      659.463  15.1169   0.0798     8.03    0.499 -31.96   0      19.62     687.8484     98.01894
       191    332.7735    723.9286     15515.75     536.4064  14.5231   0.0375     2.47    0.204 -16.67   0      40.07     2426.261     101.7137
       192    516.3103    719.8986     51419.86     673.9308  13.2222   0.0142     9.20    0.255  -8.73   0      109.4      4392.49     105.2747
       193    827.6578    720.4050     16178.14     605.2785  14.4777   0.0406    11.72    0.342 -20.21   0      34.44     1397.773     99.65142
       194    587.4496    721.8713     7605.059     592.2126  15.2972   0.0846     7.09    0.274  37.54   0      17.05     748.9189     97.89409
       195    140.1343    716.6025     76567.79     793.7913  12.7899   0.0113     9.06    0.278 -12.70   0        153     6502.368     110.6828
       196     39.6255    719.7024     14619.94      763.128  14.5876   0.0567     9.41    0.114 -34.52   0       30.3     1219.751     97.92032
       197    206.9781    715.9455     67191.08     843.0297  12.9317   0.0136     9.63    0.326  -3.11   0      129.6     5412.049     108.4208
       198    356.6579    715.8780     23514.85     710.9623  14.0716   0.0328     8.89    0.208 -12.60   0      50.59     2070.199     100.3962
       199    389.7393    711.6760     97887.25     1077.956  12.5232   0.0120    13.08    0.491  -2.46   0      155.5     6056.081     109.2858
       200    913.1163    712.1348     14037.96     484.6037  14.6317   0.0375     9.82    0.211 -18.68   0      36.06     1446.847     99.23846
       201    245.5608    713.2978      12125.2      652.593  14.7908   0.0584     9.64    0.301   0.49   0      28.36     1164.729     97.79253
       202    542.3055    710.0835     22903.85     782.4573  14.1002   0.0371     9.63    0.268 -12.46   0      49.85     2010.873     100.5219
       203   1006.7943    701.4739     506697.7     939.0176  10.7381   0.0020     8.84    0.187  -4.58  16      705.9     43663.06     170.4038
       204    272.5254    710.5429     8377.362     617.3273  15.1922   0.0800     8.87    0.134   5.29   0      20.57     780.0457     97.69944
       205    782.9482    708.3327     13391.86     576.5921  14.6829   0.0468     9.52    0.207  -8.72   0      32.94     1424.609     99.45041
       206    351.5292    703.1050     28051.91     778.9394  13.8801   0.0302     9.14    0.281 -16.58   0      58.93     2376.049     100.8276
       207    702.4871    698.9498     76218.89     833.7988  12.7948   0.0119     9.10    0.293  -9.95   0      148.5     6397.983     109.7569
       208     96.4991    699.8799      16407.5     778.8938  14.4624   0.0516     9.96    0.053  83.92   0      32.61     1207.734     98.15878
       209    837.5600    696.8457     36773.31     991.3496  13.5862   0.0293    16.21    0.449 -25.90   0      59.28      1837.01      100.128
       210    482.3549    698.4703     18693.64        785.4  14.3208   0.0456    11.11    0.289 -11.01   0      39.62     1518.508     99.66476
       211    203.8571    700.5970     8664.668     585.9732  15.1556   0.0734     6.92    0.406 -34.32   0      20.22     861.2942     98.42028
       212    889.6474    699.4726     7046.567     581.9902  15.3801   0.0897     4.67    0.290  65.49   0      18.58      871.668     98.17865
       213    813.2677    697.7552     18330.16     579.6625  14.3421   0.0343     9.31    0.280 -10.16   0       42.6     1753.013     100.1981
       214    763.3369    698.6716     13756.97     762.0148  14.6537   0.0602     9.74    0.156 -20.57   0      25.36     986.7631     98.44472
       215    562.4691    692.8434      6264.67     521.3228  15.5078   0.0904     7.05    0.172 -85.50   0       18.3     855.2272     98.14059
       216    402.5764    692.8372     12919.12     740.9144  14.7219   0.0623    10.34    0.105 -10.16   0      25.94     993.4564     99.25253
       217    648.4703    689.9252     6894.765     564.8552  15.4037   0.0890     6.96    0.071   5.40   0      18.27     770.4273     97.67707
       218    692.4589    686.4111      20922.5     707.3702  14.1985   0.0367     9.80    0.286 -15.87   0      45.66     1989.149     100.9911
       219   1015.4429    678.5667      61148.4     905.6622  13.0340   0.0161    11.50    0.188 -23.36  24        106     4481.729     106.4528
       220    385.4979    680.7223     12779.96     741.7522  14.7337   0.0630    11.39    0.142 -39.23   0      27.45     974.1137     97.88348
       221    323.3412    681.2579      7349.38     542.6451  15.3344   0.0802     6.12    0.205 -36.38   0      18.88     895.1603     98.76318
       222      9.9510    680.3928     7587.797     579.9549  15.2997   0.0830     8.66    0.299 -19.65  16      19.61     834.7409     98.35894
       223    836.5499    670.3168     68366.95     689.1595  12.9129   0.0109    11.48    0.309 -12.57   0      143.3     6370.257     109.6994
       224    264.2032    669.0974     39134.53     826.0026  13.5186   0.0229     9.66    0.249  -2.07   2      76.14     3034.457     103.0637
       225    253.2524    662.1864     19002.35     761.0088  14.3030   0.0435    10.67    0.299 -11.76   3      40.12     1610.472     100.1353
       226    132.8867    671.0322     9988.468     630.4691  15.0013   0.0685     8.88    0.150 -37.22   0      24.18     1018.388     98.25233
       227    686.7310    669.7399     13570.55     555.9145  14.6685   0.0445    10.16    0.230  -6.08   0      33.67     1327.861     99.22907
       228    603.7112    670.1080     7896.627     592.3246  15.2564   0.0815     7.73    0.131 -48.92   0      19.13      694.303     97.49978
       229    347.1609    667.4984     17551.39     635.2479  14.3892   0.0393    10.20    0.234 -21.82   0      37.95      1532.28     98.64304
       230    957.5778    668.6963     16867.89     216.4065  14.4323   0.0139     1.31    0.042 -54.06   0        137     15564.87     127.1264
       231    545.0147    664.1461     15301.96     709.2529  14.5381   0.0503    10.12    0.294 -16.32   0      34.06     1394.011     99.64285
       232    853.7572    659.5031     11073.04      724.304  14.8893   0.0710    11.17    0.446 -49.53   2      22.76     883.0432     97.13568
       233    849.4751    654.1799     6221.414     273.1842  15.5153   0.0477     5.76    0.540  38.96   3      35.48     2909.414     103.0413
       234    564.9064    658.3701     23601.48     941.6519  14.0677   0.0433    10.13    0.355 -14.74   0      37.55     1445.709     98.44337
       235    299.7291    659.2468     22787.15     1074.834  14.1058   0.0512    13.69    0.166 -34.09   2      30.84     927.9924     98.30895
       236    413.1151    655.5402     17594.68     840.4951  14.3865   0.0519     9.18    0.419   8.11   2      27.88     871.5168     97.64497
       237    380.8420    656.1129     5760.481     494.0983  15.5989   0.0932     6.98    0.422 -72.34   0      18.14     846.9091     97.58768
       238    808.9352    650.9377     100830.4     875.4769  12.4910   0.0094     9.46    0.317  -5.69   0        191     8180.622     113.6181
       239    780.0902    648.7192     54667.54      1073.68  13.1557   0.0213    16.32    0.538 -25.70   0      86.33     3089.847     102.9325
       240    933.9759    652.2792     11033.42     658.1901  14.8932   0.0648    10.64    0.196   2.84   0      25.05     886.9847      98.2141
       241    605.8662    646.0086     58287.49     1055.445  13.0861   0.0197    11.39    0.320  -0.50   3      91.87      3571.91     104.2422
       242    630.6755    642.6324      65794.5     957.9334  12.9545   0.0158     9.28    0.411 -16.93   2      121.8     5180.883      107.693
       243    581.4329    644.5479     90785.72     861.5751  12.6050   0.0103    10.33    0.267  -3.87   0      176.3     7493.632     112.4679
       244    127.1690    646.8035     18410.22     708.4078  14.3374   0.0418     9.03    0.132 -20.16   0      41.06     1706.192     100.6122
       245    416.4137    646.9021     9112.146     469.9493  15.1009   0.0560     5.56    0.225 -19.52   0      23.32     1544.511     99.46188
       246    290.5319    637.9362       195054     891.5875  11.7746   0.0050     9.19    0.280   1.32   0      337.3      15871.8     128.0823
       247    827.0833    637.0980     79756.88     728.7194  12.7456   0.0099     9.16    0.274  -9.43   0      164.1     6907.577     110.5712
       248      3.9171    638.0001     12699.33     578.5798  14.7405   0.0495    10.93    0.105 -84.18  24      29.27     1162.849     99.37727
       249    978.8918    637.5222     11546.25      757.918  14.8439   0.0713    10.16    0.315 -50.53   0      24.78     881.5325     97.93524
       250    943.4357    638.2805     15398.63     771.8634  14.5313   0.0544    11.73    0.200 -10.74   0      30.66      1143.81     98.80662
       251    695.5709    635.9752      20325.1       586.04  14.2299   0.0313    15.08    0.386 -14.02   0      44.71     1752.607      100.717
       252    550.2490    634.7947     20505.48     824.0355  14.2203   0.0436    10.57    0.239 -22.92   0      40.32     1595.494     100.1013
       253    255.1173    634.0126     32173.94      863.537  13.7312   0.0291     9.18    0.281 -10.92   0      62.43     2595.567     102.0913
       254    108.0745    633.8875     26219.61     593.8431  13.9534   0.0246     9.53    0.247  -7.38   0      59.61     2427.046     101.2008
       255     51.7886    627.2965     11404.01      699.656  14.8574   0.0666     9.87    0.127 -12.09   0      25.72     1061.449     98.61699
       256    332.9099    621.5723      88127.2     955.0507  12.6372   0.0118    12.38    0.459  21.24   0      148.5     5966.122     108.6188
       257    295.7357    620.7655     80744.41     938.8029  12.7322   0.0126    10.64    0.444 -21.37   1      143.6     5873.869     109.1457
       258    190.9945    636.8394     12875.77     615.8095  14.7256   0.0519     9.37    0.259 -20.27   0      31.95     1271.975     99.62653
       259    608.1020    623.1927      10640.4     676.6386  14.9326   0.0691     8.64    0.277  18.76   0      21.54     912.1322     98.27228
       260    808.1431    619.0140     21322.34     590.8621  14.1779   0.0301    15.16    0.160 -40.27   0       47.5     1937.612     100.8751
       261    588.9682    619.8134     11844.16     691.3532  14.8162   0.0634     9.08    0.214  40.79   3      23.04     945.5209      99.1427
       262    576.3399    615.0654     50439.29     904.4155  13.2431   0.0195     9.30    0.250  -2.77   2       99.9     4029.794     105.2357
       263    909.7692    615.2577     28893.88     1018.152  13.8480   0.0383    12.17    0.272  -1.38   2         46     1659.075     99.72332
       264    898.9027    614.0970      24951.1      947.505  14.0073   0.0412    11.04    0.329 -19.06   3      36.86     1357.265     97.97283
       265    735.3144    616.5827     23039.69     688.4183  14.0938   0.0324    16.52    0.561 -16.04   0      39.86     1489.411     99.33589
       266    116.9736    615.4080     11755.58     700.7024  14.8244   0.0647    10.12    0.265 -35.09   0      24.87     1006.733     98.75555
       267    459.6654    611.4398     18195.72     842.2091  14.3501   0.0503    10.06    0.098 -24.69   0       31.7     1190.059     98.91294
       268    142.1692    606.8734     175602.3     800.7358  11.8887   0.0050     8.95    0.222 -12.83   0      313.6     15116.05       126.94
       269    504.6922    605.9387     169775.5     870.2462  11.9253   0.0056     9.10    0.223 -11.41   0      301.3     13810.66     124.1611
       270    282.4901    602.9235     65478.86     691.9899  12.9597   0.0115     9.56    0.258 -10.07   0      138.1     5891.934     108.7039
       271    382.0320    601.3248     70491.73     760.9467  12.8797   0.0117     9.21    0.277 -10.34   0      141.8     5947.765     109.2994
       272     51.7527    596.7645     145004.5     818.7495  12.0965   0.0061     8.87    0.237  -3.20   3      264.9     12645.12     122.4362
       273     38.7697    589.7755     30462.24     798.6666  13.7906   0.0285     9.80    0.336 -25.11   3      60.56     2582.958     102.5736
       274     38.7928    581.6524     38616.55     939.0336  13.5331   0.0264     9.72    0.254 -16.84   3       72.1     2915.253     103.0542
       275    435.3821    597.8923        14164     784.0881  14.6220   0.0601     9.12    0.319 -19.74   0      26.39     1139.055     97.99963
       276    187.4423    596.8032     8460.882      621.573  15.1815   0.0798     8.05    0.317  41.05   0      20.04     846.6151      98.6514
       277    974.3304    594.7892     11753.97     700.7019  14.8245   0.0647     8.55    0.237   2.02   0         26      1196.79     98.92841
       278    949.2419    595.6581     6943.854     548.4586  15.3960   0.0858     7.37    0.350  -2.56   0      19.08     830.9556     98.08436
       279    399.4560    594.7134     14178.47     764.7056  14.6209   0.0586    10.56    0.432   4.46   0      26.25     1063.561     98.09094
       280    338.3087    590.7716     15275.95     511.3836  14.5400   0.0364    10.16    0.240 -11.47   0      36.78     1351.051     98.49005
       281    850.7333    588.0927     56936.29     754.2956  13.1115   0.0144     9.28    0.324  -8.34   0      117.3      4983.21     107.0314
       282    459.1502    585.5121     29031.06      1074.94  13.8428   0.0402    13.49    0.146  74.15   0      35.15     1114.859     98.20972
       283    157.0897    590.5599     9097.687     611.2181  15.1027   0.0730     7.68    0.351   2.69   0      20.28     864.6439     97.62897
       284     92.0456    590.9171     6310.489     532.4919  15.4998   0.0916     6.03    0.330  21.89   0      17.44     801.5668     97.48203
       285    819.4683    587.1514     15309.74     634.4454  14.5376   0.0450     9.16    0.271  -6.71   0      36.75     1614.821     99.88416
       286   1016.3621    583.0709     17250.04     710.7958  14.4080   0.0447     8.25    0.190  -1.21  16      36.26      1507.42     99.63948
       287    187.9474    582.9144     11669.25     689.4047  14.8324   0.0642     8.00    0.288 -17.78   0      23.43     749.4474     97.36044
       288    441.8742    581.5809     14704.09     747.5987  14.5814   0.0552    10.08    0.238 -34.56   0      26.52     1076.407     98.65146
       289      6.4728    575.9991     62217.96     719.6094  13.0152   0.0126     9.55    0.229 -12.51  24      130.3     5556.793     108.4834
       290    771.8567    577.1253     22806.12     615.2343  14.1049   0.0293     9.76    0.321  -5.37   0         51      2159.12     100.8565
       291    624.5773    577.3763      19210.5     881.1113  14.2912   0.0498     9.39    0.298  64.59   2      29.23     768.8176     98.47201
       292    878.6238    603.4570     5509.036     493.9826  15.6473   0.0974     5.78    0.587 -35.92   0      15.85     662.1593     97.69246
       293    681.1909    575.1459     12236.42     711.9468  14.7809   0.0632    11.21    0.133 -65.61   0      27.67     1100.919     98.97208
       294    660.0502    572.2537     93424.92     869.8081  12.5738   0.0101     9.05    0.278 -10.74   0      184.3     8317.868      114.578
       295    823.8671    571.9352     9664.444     666.5894  15.0371   0.0749    10.09    0.179 -16.16   0      22.68     857.0724     97.87846
       296    238.2527    567.9821     12658.14     554.3652  14.7441   0.0476    10.89    0.236 -39.53   0      30.78     1278.391     99.37878
       297    516.9515    566.2117     14064.03     678.7499  14.6297   0.0524    11.12    0.293 -13.59   0      31.43     1281.113     99.64737
       298    297.3729    562.0533     143624.1     796.5395  12.1069   0.0060     9.34    0.268 -11.88   0      267.4     12280.88     121.7582
       299    192.3439    565.9047     12354.09     753.8432  14.7705   0.0663     8.77    0.319  -0.71   0      23.13     658.2007     96.87806
       300    831.9814    562.2647     35860.93     829.8344  13.6134   0.0251    14.37    0.290 -12.76   0      72.04     2982.009      102.948
       301    964.6776    564.3267     7554.939     551.0859  15.3044   0.0792     6.23    0.213  54.69   0      18.72      788.989     97.45269
       302    640.2220    563.5170     11414.77       682.66  14.8563   0.0649     8.77    0.072 -88.92   0      23.58     961.0146     98.11952
       303    636.3508    550.0329     54057.81     1553.579  13.1679   0.0312    22.67    0.628 -43.58   0      51.07      1025.39     98.53386
       304     23.5510    554.0106     14488.23      780.009  14.5975   0.0585    11.58    0.135  -7.89   0      28.82     1079.135     98.92204
       305    276.7393    550.3389      27959.5      766.239  13.8837   0.0298     9.08    0.259 -13.42   0      64.66     2649.132     102.2105
       306    874.1710    548.2685     12641.19      713.907  14.7455   0.0613    11.30    0.438  -6.91   0      25.66     1048.805     98.58785
       307    466.0605    546.9658     23881.46     962.2891  14.0548   0.0438    10.45    0.242 -69.62   0      28.51     746.6902     97.88892
       308    436.4047    548.5670     7859.912     587.8859  15.2615   0.0812     7.23    0.196   2.22   0      18.96     830.6388     98.61459
       309     79.3703    547.5403     8307.681     574.5846  15.2013   0.0751     9.65    0.441 -37.27   0      21.19     894.3752     97.96504
       310    971.8028    545.6801     11548.17     731.6256  14.8437   0.0688     8.56    0.242 -49.61   0      21.77     743.9776     98.14899
       311    253.0881    538.9183     27625.03     806.8079  13.8967   0.0317    18.24    0.347 -68.86   0      49.69     1202.863     98.67812
       312    994.5050    547.3341      19110.2     836.2344  14.2968   0.0475     9.38    0.299 -18.46   0      32.13     1428.273     98.93235
       313    111.1434    538.0805     15596.19     746.1222  14.5175   0.0520     7.74    0.041  73.77   3      34.12      1451.17     98.98494
       314    933.8127    536.1768     29447.46     920.6465  13.8274   0.0340     9.53    0.233   6.03   0      55.33     2186.378      101.434
       315     20.7347    535.1193      90218.2     768.5164  12.6118   0.0093     9.02    0.272 -10.21  16      180.7     8018.969     113.2943
       316   1019.6875    535.9711     21389.37     505.1273  14.1745   0.0256    14.29    0.177   7.53  24      55.13     2279.974       100.87
       317    775.8959    529.0662       336664     964.2576  11.1820   0.0031     9.22    0.108  -0.75   0      498.1     24919.36     143.0573
       318    424.0878    534.0663     22663.34     849.5828  14.1117   0.0407     9.55    0.231  -9.04   0      45.47     1852.807     99.90286
       319    981.6160    528.9990     38887.71     987.8776  13.5255   0.0276     9.49    0.253  -7.29   0      67.11     2812.777     102.5737
       320    630.3506    529.1837     24537.42     948.0945  14.0254   0.0420     9.67    0.116 -11.01   0      39.02     1538.495     100.2327
       321    108.7355    525.6992     102254.7     852.4301  12.4758   0.0091     9.26    0.294 -12.96   0      195.5     8534.121     113.8654
       322    367.9769    524.9713      40667.2     808.8611  13.4769   0.0216     9.17    0.268 -12.36   0       80.2     3343.802     104.2458
       323    611.3019    525.2387     37345.99     757.9034  13.5694   0.0220    10.70    0.207 -11.55   0      77.46     2957.837     101.8746
       324    559.2893    522.5883     20736.68     730.9109  14.2082   0.0383    10.77    0.095 -38.49   0      42.57     1633.709     99.40318
       325    465.3849    521.7175     55699.96      980.485  13.1354   0.0191     9.52    0.238  -8.45   0      99.12     3964.006     105.0936
       326    687.1618    521.0433      13729.9     730.5182  14.6558   0.0578     9.80    0.175   9.04   0      30.21      1298.99     99.42587
       327   1002.3267    520.3157     8125.001     506.9095  15.2254   0.0678     9.36    0.321 -23.25   0      22.21     990.3017     97.65405
       328    974.4187    519.7858     14661.24     753.6729  14.5846   0.0558    11.99    0.296 -23.62   0      29.35     1040.625     98.56899
       329    407.0048    519.7115      8348.63     487.3158  15.1960   0.0634     0.00    0.380  53.07   2      20.33     1155.765     98.83411
       330    880.5313    511.8128     33028.38      817.163  13.7028   0.0269     9.80    0.301  -1.11   0      65.82     2712.599     102.3515
       331    217.6895    503.1799      1847999     1253.944   9.3332   0.0007     9.08    0.212  -8.16   0       1590     153639.9     280.9315
       332    758.2980    503.3236     153334.8      822.647  12.0359   0.0058     9.68    0.254 -15.83   0      272.3     12018.04     120.8352
       333    462.3262    505.9292     18499.92     837.6285  14.3321   0.0492    10.74    0.197   2.79   0      33.59     1203.532     98.67966
       334    663.4202    502.9315     23866.54     808.9824  14.0555   0.0368     8.95    0.247 -14.31   0      51.94     2170.833     101.3992
       335    304.0729    501.8074     20749.96       832.77  14.2075   0.0436     0.00    0.565  48.52   3      36.39     1119.557     98.75082
       336    289.9699    500.3565     37597.41     1039.112  13.5621   0.0300    18.80    0.518  -6.26   2      63.68     2687.948      102.806
       337    684.8981    499.4353     15194.12     808.9666  14.5458   0.0578     8.83    0.290  56.74   0      25.69     753.4807     96.83206
       338    102.4642    498.6708     14470.08     686.5347  14.5988   0.0515    10.00    0.266   6.32   2      30.66      1169.45     98.60114
       339    494.5773    496.4764     11448.61     622.6644  14.8531   0.0591    11.16    0.313  -7.74   0      27.73     1166.485     98.85876
       340    334.5836    496.1032     10347.93      541.494  14.9629   0.0568     9.20    0.229 -33.03   0      26.29     1128.175      97.9744
       341    159.0099    492.0077     40252.67     974.8912  13.4880   0.0263    10.43    0.344  -9.21   0      72.13     2919.007     102.8088
       342    274.9946    490.2015     23085.07     858.8646  14.0917   0.0404    10.49    0.179  -2.48   0      41.49     1491.863     99.60399
       343     50.5866    489.1230     41594.17     950.1157  13.4524   0.0248     9.15    0.259  -7.45   0      76.86     3184.619     103.6466
       344    794.4155    503.5890     17476.71     911.9786  14.3939   0.0567    10.78    0.294 -40.84   0      24.76     849.6584     98.12769
       345    925.3489    483.7475     26385.17     638.4005  13.9466   0.0263     8.79    0.226  -4.02   0      61.51     2628.711     102.6749
       346    170.0221    484.7068     16297.47      802.798  14.4697   0.0535     9.98    0.224 -29.17   3      28.66     1062.746     97.82251
       347    433.6050    482.5619     7292.297     493.4814  15.3428   0.0735     5.44    0.150 -73.04   0      17.85     836.5222     98.62814
       348    378.4866    481.6109     11529.58     691.2498  14.8455   0.0651     8.34    0.349 -29.34   0      21.96     786.4071     97.71424
       349    267.1746    479.2443     21218.47     862.9211  14.1832   0.0442     9.21    0.140  -6.81   0      32.54     1354.248     99.81403
       350    722.7782    476.2052      18215.7     577.3609  14.3489   0.0344     8.71    0.225  -7.08   0      44.05     1797.084      100.298
       351    282.7886    471.5904     10758.54      685.305  14.9206   0.0692     8.64    0.406   3.71   2      23.25     920.6729     98.29202
       352    651.1882    470.3261     6170.836     549.3278  15.5241   0.0967     7.28    0.400 -39.82   0      18.34     803.3895     98.28648
       353    323.2732    462.0026     52894.98     882.3908  13.1915   0.0181    11.75    0.420 -26.12   0      92.47     3895.338      104.945
       354    964.9428    466.7374     7184.789      544.977  15.3590   0.0824     7.25    0.255 -17.43   0      18.38     844.1082     98.38058
       355    837.4314    461.9327     55186.38     779.3145  13.1454   0.0153     8.99    0.307  -7.61   0      119.3     5192.588     107.7177
       356    684.5825    465.2686     5835.141     518.6244  15.5849   0.0965     6.45    0.291  79.34   0      18.06     809.8395     98.30138
       357    118.5851    459.2311     63380.52     856.6045  12.9951   0.0147    13.98    0.263  86.97   0      103.8      3032.77     103.5655
       358     72.5985    461.9782      43135.8     911.2153  13.4129   0.0229     9.51    0.297  -9.85   0      82.12     3404.708      103.877
       359    241.1348    456.9016     307203.5     867.1277  11.2814   0.0031    20.99    0.236  -4.14   0      485.2     25545.58     144.0487
       360      7.6432    461.3567     14883.46     700.7854  14.5682   0.0511     9.48    0.460 -46.25  16       25.7     960.8306     97.85262
       361    149.1361    458.8947     8324.392     577.9892  15.1991   0.0754     9.47    0.127 -15.89   0      21.02     736.1739     97.32944
       362    964.0059    459.9957     14464.52     184.3637  14.5992   0.0138     4.21    0.003 -52.24   3      157.5     13980.77     124.8909
       363    966.3085    455.5512      11503.4     714.4589  14.8479   0.0674    10.65    0.258 -12.97   2      25.64     980.5555     97.89843
       364    482.1981    459.6273     6242.915     474.0993  15.5115   0.0825     4.78    0.402 -41.69   0      17.06     769.2333     98.47297
       365    784.2628    456.5838      10829.4      664.044  14.9135   0.0666    10.55    0.428 -14.70   0      24.28     990.5554     98.45348
       366    198.8457    452.1194     11984.85     509.9189  14.8034   0.0462     9.99    0.142  -1.39   0      29.86     1267.598     98.56255
       367    106.7118    448.2459     13066.29     753.1917  14.7096   0.0626    10.41    0.077 -15.38   0      24.89     997.9755     97.93887
       368      8.2871    443.1418     40548.24     664.3856  13.4801   0.0178    10.94    0.352 -23.25  18      78.62     3137.373     102.7836
       369    639.9777    444.7865     18199.19     661.6471  14.3499   0.0395     9.63    0.185  -3.47   0      40.17     1661.842     100.2519
       370    577.0432    445.1870     16013.69     792.8996  14.4888   0.0538     9.93    0.215 -18.67   0      26.48     938.8115     98.86357
       371    590.0518    441.2017     33584.61      1123.97  13.6846   0.0363    12.19    0.276  24.92   0      40.49     1387.837     99.36634
       372    401.0156    433.1876     305413.4     889.7004  11.2878   0.0032    10.68    0.271 -13.55   0      482.9     26219.04     145.4668
       373    928.7053    437.0228     7654.965     599.8975  15.2901   0.0851     8.63    0.387 -26.32   0      20.57     804.0327     97.21957
       374    982.9717    433.2186     20654.14     880.7429  14.2125   0.0463    10.05    0.442  -2.93   0      28.05     957.5845     98.90672
       375    777.4532    428.9578     17378.25     710.8368  14.4000   0.0444    10.19    0.236  -2.58   0      38.89     1586.539      100.081
       376    703.6674    423.8645      47514.5     656.9017  13.3079   0.0150    10.39    0.264 -11.24   0      103.3     4292.887     105.5553
       377     79.1720    424.6102     5583.334      445.377  15.6328   0.0866     5.22    0.398 -40.57   0      15.82      795.881     98.26911
       378    217.8372    419.7836     35851.82     824.3074  13.6137   0.0250     9.54    0.317 -17.22   0      72.96     3030.852     103.8131
       379    790.2673    421.1623     11560.86     698.7735  14.8425   0.0656     9.80    0.129 -36.92   0      25.11     961.2964     98.38591
       380    157.2214    420.6820     11966.34     544.5754  14.8051   0.0494     9.53    0.256 -32.23   0      29.33     1268.455     99.09291
       381    464.2068    418.7333     28239.77     805.3617  13.8728   0.0310    13.30    0.439 -18.84   0      55.11       2099.9     100.9819
       382    426.7660    413.7569     140827.3     843.5242  12.1283   0.0065     8.97    0.258  -9.68   0      258.7     12214.94     121.8495
       383      9.6716    419.5588     11140.65     222.3745  14.8827   0.0217     2.79    0.136  -3.41   0      95.61     10076.34     117.5712
       384    317.1150    412.0128     55896.89      824.291  13.1315   0.0160     9.48    0.303 -12.99   0      110.7     4562.334     106.1339
       385    897.1803    411.7396     13190.03     750.6248  14.6994   0.0618     9.02    0.264 -32.15   0       23.5     715.6963     97.81693
       386    861.5161    407.2555     27786.86     742.8295  13.8904   0.0290     9.23    0.299  -8.28   0      60.88     2555.364     101.4885
       387    535.9575    406.0297     22177.42     593.3951  14.1352   0.0291     8.94    0.203  -8.80   0      52.44     2248.073     101.8289
       388    685.0753    405.6758     12776.33     572.9417  14.7340   0.0487     8.93    0.316 -14.90   0      32.25     1447.132     98.71152
       389    605.3331    403.4377     13464.65     640.9529  14.6770   0.0517    11.21    0.258 -14.14   0      30.01     1160.998     98.84615
       390    207.7970    403.8796     21791.31     946.7468  14.1543   0.0472    13.30    0.397  -9.87   0      32.51     1148.917     99.08224
       391    816.5066    402.8302     9143.569     640.4389  15.0972   0.0761     9.06    0.385 -53.16   0      22.34     837.8163      97.0298
       392   1006.9783    394.6667     268462.3     838.4326  11.4278   0.0034     8.91    0.243  -5.67  16      446.9     24303.36     142.6255
       393    132.4094    392.2520     171311.7     927.9871  11.9155   0.0059    10.82    0.304   9.22   1      285.2     12244.89     121.9053
       394    208.3084    393.8464     17158.11     836.4844  14.4138   0.0529    11.12    0.098 -29.57   1      31.41     1092.957     98.15903
       395    451.0626    379.0690     67206.55     1441.823  12.9315   0.0233    10.87    0.288 -17.68   3      76.83      1626.13     99.90988
       396    442.1691    389.5182     123788.6     1034.081  12.2683   0.0091     9.30    0.293 -10.10   2      198.7     7720.493     112.9254
       397    629.6693    389.2727     35663.89      739.079  13.6194   0.0225     9.80    0.326 -13.91   0      75.19      3153.95     103.0739
       398    569.9615    389.4387     11503.29     263.0542  14.8479   0.0248     4.99    0.510 -33.29   0      86.75     8441.731     114.3678
       399    108.1514    388.2211     31804.58     863.4398  13.7438   0.0295     9.32    0.303 -12.36   1      61.14     2635.035     102.6889
       400    467.8885    384.1024     30904.38     953.7349  13.7750   0.0335     9.80    0.213  -3.31   0      51.74     1902.352      99.7541
       401     92.5674    380.9115     23977.33     714.7723  14.0505   0.0324     8.77    0.248 -13.01   0       54.3     2209.685     100.7115
       402    153.2840    380.0853     19160.34     782.2042  14.2940   0.0443    10.26    0.291 -17.20   0      40.33     1566.929     99.51309
       403    806.9459    380.2899      14254.8     812.7284  14.6151   0.0619    10.57    0.063  33.02   0      25.25      749.217     97.35989
       404    124.5987    377.7608     32655.45      1090.77  13.7151   0.0363    18.29    0.465  -3.34   1      48.59     1675.269     100.5423
       405    945.0328    374.0369     73688.22     832.3248  12.8315   0.0123     8.94    0.281  -6.94   0      145.7     6552.625     110.7859
       406    741.0300    375.6381     13098.11      757.522  14.7070   0.0628     9.55    0.310 -58.84   0      23.41     813.3267     98.30945
       407    312.3570    376.0385     12241.75     707.3494  14.7804   0.0628     8.07    0.449 -50.98   0      21.34      721.658      98.0973
       408     17.5913    373.2936     26305.63     739.7337  13.9499   0.0305     9.16    0.298 -13.38  16      60.41     2452.112     101.7715
       409    852.3180    375.0308     10442.18     680.4202  14.9530   0.0708     9.36    0.401 -14.53   0      23.69     894.8912      98.2324
       410    642.9633    369.1535     46281.76     898.2979  13.3365   0.0211     9.43    0.305  -9.10   0      90.26     3827.489     104.7979
       411    385.3710    371.3392     7886.985     564.0983  15.2577   0.0777     9.38    0.176 -70.18   0      21.04     916.7848     98.01701
       412     77.6485    370.6176     9551.203     600.6154  15.0499   0.0683    10.02    0.247 -28.95   0      24.06     1119.098     99.27716
       413    963.4639    365.1260     18674.81     760.0526  14.3219   0.0442     9.28    0.250 -11.13   0      42.22     1870.522     100.4643
       414    476.0402    357.8694     418937.2     890.8199  10.9446   0.0023     9.00    0.251  -9.02   0      618.3     36684.53     160.9895
       415    357.6169    359.8085     167033.9     767.4504  11.9430   0.0050     8.91    0.278  -9.23   0        309     15223.16     127.1316
       416    327.1750    361.5172     28433.27     951.0891  13.8654   0.0363     9.51    0.226 -10.52   0      48.36     1979.482     100.7105
       417    533.0441    359.5785     76492.74     715.9448  12.7909   0.0102     9.06    0.286  -9.02   0      156.9     6951.155     111.8342
       418    864.8311    357.3613     17542.14     763.1429  14.3898   0.0472    10.31    0.316   0.72   0      35.57     1500.272     99.88491
       419    731.9136    355.8728     18008.56     855.2335  14.3613   0.0516    12.62    0.234 -14.62   0      32.79     1281.992     98.33057
       420    660.0237    357.3922     14656.27     754.5369  14.5849   0.0559     9.75    0.358  -8.58   0      30.65     1270.879      99.3616
       421    165.6212    353.4059     69156.51       702.55  12.9004   0.0110     9.04    0.278 -14.48   0      140.1     5965.588     109.3365
       422    248.3575    352.3653     62591.96     1156.091  13.0087   0.0201    10.92    0.456 -24.33   0      96.04     3736.006     104.8486
       423    836.4907    353.1797     10329.18     676.5341  14.9648   0.0711     9.23    0.162  40.31   0      22.82     926.0327     97.50436
       424    632.6418    350.9471     31995.43     912.0181  13.7373   0.0310    10.09    0.352 -15.24   0      56.77     2314.207       101.72
       425    961.3685    346.7119      56572.9     667.8931  13.1185   0.0128    16.99    0.285  -2.35   0      124.8     5618.315     108.3716
       426     79.4401    347.4829     44232.98     742.5889  13.3856   0.0182     9.05    0.287  -9.40   0      94.74     3993.521     104.6596
       427    413.0748    346.8918     10429.79     457.9323  14.9543   0.0477    10.86    0.205 -13.08   0      27.16     1111.397     98.20171
       428    133.7245    343.8676      32535.3     727.4269  13.7191   0.0243    13.70    0.306  64.30   0      60.32     1950.427     100.3851
       429    587.4888    344.4063     18584.54     746.1577  14.3271   0.0436    11.07    0.451 -25.47   0      39.23     1628.965     99.91633
       430    854.6731    342.9985     20453.02     782.5797  14.2231   0.0416     8.99    0.234  -7.96   0      43.56     1817.647     100.3446
       431    222.1814    334.5255     206845.5     915.5037  11.7109   0.0048     9.44    0.220   4.67   0      342.2     16517.17     129.6259
       432    441.7474    339.4840     7762.818     582.2698  15.2750   0.0815     8.39    0.158 -33.68   0      19.56     772.2112     97.41356
       433      3.5832    337.1540     12862.84     575.2499  14.7267   0.0486     8.97    0.067 -60.58  24      33.17     1532.621     100.2194
       434     17.1771    334.1599     33085.73     768.6077  13.7009   0.0252     9.83    0.349 -15.57  16      66.92     2832.016      103.124
       435    554.7670    333.1860     20347.09     580.4528  14.2287   0.0310     8.80    0.283 -12.93   0      47.98     2021.945     101.5803
       436    804.9238    330.4203     26630.75     691.4933  13.9365   0.0282     8.89    0.226  -9.62   0      59.89     2544.083     102.2324
       437    248.4273    328.1672     51248.67     884.1841  13.2258   0.0187     9.88    0.300  -8.68   0      99.52     4111.284     105.9058
       438     57.9341    329.5788     5507.521     204.1273  15.6476   0.0403     2.77    0.271  77.42   0      48.34     4499.245     106.4902
       439     86.6812    326.9738      13828.2     742.0733  14.6481   0.0583     8.53    0.247 -37.22   0      23.34     910.1945     98.26779
       440    813.9600    320.7068     23376.13     735.2907  14.0781   0.0342     9.20    0.266  -6.48   0      52.42     2269.349     100.3269
       441    483.3154    322.2716     6849.946     229.6128  15.4108   0.0364     3.44    0.442 -35.15   0      54.06     5065.565     106.9623
       442    505.4087    320.0043     14788.42     826.4159  14.5752   0.0607    11.90    0.332 -23.29   0         27     942.9617     98.34355
       443    662.8682    319.7461     11020.46     718.8598  14.8945   0.0708     9.62    0.212  52.32   0       23.2     866.9467     97.90139
       444    370.3361    317.8482     34218.49     701.4669  13.6643   0.0223    18.40    0.539  -2.20   0      65.94     2294.098      101.418
       445    960.3065    310.2628     45545.41     789.0063  13.3539   0.0188     9.44    0.323  -4.46   3      99.01     4303.821     105.3313
       446    966.7577    302.8087     47187.75     906.4829  13.3154   0.0209     9.75    0.274  -8.12   3      89.71     3744.352     105.3635
       447    594.9481    307.9781     36378.58     620.2278  13.5979   0.0185     9.20    0.262 -10.09   0      81.13     3493.178      104.321
       448    176.4220    307.7740     28919.09      1001.35  13.8470   0.0376    14.96    0.501 -32.29   0      47.66     1715.354     100.6329
       449    138.4503    303.9934     12057.64     648.5561  14.7968   0.0584    11.49    0.168 -37.87   0      27.46      1063.84     98.88689
       450   1011.8946    304.2433     12929.72     507.7753  14.7210   0.0426     8.85    0.280 -11.39  16      34.12     1560.258     98.97163
       451    868.8439    298.7816     115309.3     886.6205  12.3453   0.0084     8.75    0.270  -5.01   0      219.6     10346.16      118.533
       452    344.6440    301.3629     11154.27      677.775  14.8814   0.0660    10.53    0.333 -28.15   0       24.7     1019.242     98.78434
       453    158.5542    293.3360     41913.61     935.6547  13.4441   0.0242    10.56    0.192 -47.95   0      80.34     3009.273     103.0082
       454    822.9742    287.4628     83735.71     794.1989  12.6927   0.0103     8.99    0.298  -7.02   0      168.2     7532.923      112.779
       455    760.6157    289.6229     23792.06     842.1693  14.0589   0.0384     9.61    0.294 -15.45   0      45.11     1831.054     100.8939
       456     58.8328    289.6410     35060.68     858.9935  13.6379   0.0266     9.04    0.272  -8.55   0      71.66     3089.364     103.6896
       457      2.4736    291.1127     7543.247     480.1907  15.3061   0.0691     7.36    0.484 -89.72  24      19.22     887.4272     97.41434
       458   1018.4454    286.6208     106619.4     623.8549  12.4304   0.0064     8.41    0.148 -15.93  24      229.9     11793.08     121.2756
       459    416.3383    286.9762     60483.79     711.7623  13.0459   0.0128     9.38    0.327  -7.02   0      124.2     5448.235     108.4967
       460    354.2755    289.2552     10927.91     668.9743  14.9037   0.0665    10.17    0.127 -11.90   0      25.42     1052.029     98.33011
       461    898.2922    284.9108     17683.17     777.5889  14.3811   0.0478     9.28    0.195   2.51   0      38.07     1645.959     99.69342
       462    484.7567    285.6619     11254.73     675.8799  14.8717   0.0652     9.78    0.233 -14.64   0      25.14     1059.894     98.61341
       463    528.7853    284.6285     11862.97     723.6503  14.8145   0.0662    10.49    0.275  -5.15   0      24.91     935.3272     98.85556
       464    687.0264    294.5955     14986.38     721.0184  14.5608   0.0522    10.56    0.220 -17.96   0      31.99     1280.377     99.38332
       465    141.5685    281.1400     57881.74     729.9576  13.0936   0.0137     9.13    0.310 -12.04   0      124.1     5548.565     108.4662
       466    962.0110    279.8506     47674.41     687.0681  13.3043   0.0157     9.04    0.321  -4.21   0      104.4     4674.652     106.8639
       467      5.0837    268.6227     832031.3     868.4329  10.1997   0.0011    12.45    0.100 -56.37  24       1046     80586.85     213.9364
       468     70.4695    273.4647     41117.74     705.5515  13.4649   0.0186     9.31    0.321 -12.90   0      89.02     3784.362     104.4547
       469    513.9001    273.0022     15303.69     779.4096  14.5380   0.0553    12.93    0.283  -4.09   0      32.27     1294.698     99.15308
       470    463.4695    269.2294     144351.5     775.9953  12.1014   0.0058     9.08    0.293  -5.61   0      269.2     12656.92     122.4581
       471    735.2255    266.8479     10585.93       683.34  14.9382   0.0701     9.17    0.304 -49.46   0       23.2     930.3875     98.84421
       472    386.7659    264.5028     24370.72     762.6104  14.0328   0.0340     9.64    0.273 -12.29   0      50.31      2008.42     99.73402
       473    314.7451    263.1909     86700.83     711.8799  12.6549   0.0089     9.11    0.300 -12.16   0        177     8211.448     114.1382
       474    687.4688    271.3200     35481.05     629.3043  13.6250   0.0193     9.02    0.243  -7.76   0      78.04     3258.141     103.0503
       475    167.9108    257.0329     156329.1      796.067  12.0149   0.0055     9.05    0.296 -12.78   0      287.2     13822.08     123.9715
       476    771.5278    261.3494     6167.974     543.3528  15.5246   0.0957     6.67    0.275 -35.69   0         17      815.646     97.78223
       477    599.7130    277.7334     13605.33     548.8386  14.6657   0.0438     9.45    0.259 -17.84   0      34.36     1578.117     99.53864
       478    661.1522    257.7747     20541.86     684.7393  14.2184   0.0362     9.13    0.257  -9.10   0      47.77     2014.871     101.3071
       479    217.6132    249.5356     365499.8     889.6424  11.0928   0.0026     8.99    0.254 -13.36   0      555.1     32275.53       154.64
       480    922.6853    257.0320     8213.536     588.0225  15.2137   0.0777     8.59    0.173   0.88   0      21.27     1015.081     98.24467
       481   1016.7204    251.8451     45782.13     813.5129  13.3483   0.0193     8.68    0.280  -9.00  24      87.37     3946.147     104.8061
       482    430.9520    254.4993     9939.793     681.2113  15.0066   0.0744     8.91    0.503   3.00   0      21.29     682.4372     96.39469
       483    392.9032    248.2180     116168.3     781.1824  12.3373   0.0073     9.03    0.287  -9.35   0      224.8     10258.52     117.2567
       484    683.0906    247.2365     56907.41     706.0117  13.1121   0.0135     8.91    0.297  -8.32   0      122.7     5369.605     107.6063
       485    602.2117    245.6544     252624.7      906.864  11.4938   0.0039     9.06    0.382   6.72   0        413     21993.11     138.8954
       486    186.4729    244.0525     34748.43     1092.999  13.6477   0.0342    14.09    0.489 -16.61   0      44.64     1647.912     99.69788
       487    640.1291    241.3485     26361.28     610.1608  13.9476   0.0251     9.01    0.285  -7.43   0      62.14     2706.779     102.0832
       488    559.6104    241.7375     18315.73     837.5786  14.3429   0.0497    13.20    0.393 -10.72   0      34.25      1128.96     98.77245
       489     63.6057    240.6691        10034     699.2109  14.9963   0.0757     9.56    0.349 -16.69   0      21.18     792.6756     97.99562
       490    811.4926    236.3426     10186.57     646.8918  14.9799   0.0690    11.21    0.278  -9.96   0       24.8     882.4138     97.67033
       491     88.5942    234.1859     10373.58     669.7613  14.9602   0.0701     8.21    0.244 -26.02   0      22.16     856.2039     98.14285
       492    557.2644    232.6831     14055.38     741.2628  14.6304   0.0573     9.66    0.277  18.51   0      25.38     867.7939      97.6363
       493    116.8506    231.7176     14922.77     637.3865  14.5654   0.0464     8.98    0.275 -31.56   0      33.92     1384.222     98.83111
       494    728.3669    218.6043      1039836     1068.816   9.9576   0.0011     8.91    0.235  -7.14   0       1131     94345.01     228.5418
       495    202.2195    226.4193     8526.293     640.2198  15.1731   0.0815     8.55    0.297 -29.36   0      20.19     850.8051     98.66105
       496    849.0359    226.2701     10985.51     663.1138  14.8979   0.0656     8.59    0.347   2.52   0      22.03      942.026     98.34138
       497    828.8848    226.0977     7660.706     574.3286  15.2893   0.0814     6.77    0.200 -30.06   0      18.63     807.9772      97.2288
       498    414.3603    217.2446     247221.4     937.3863  11.5173   0.0041     9.85    0.183  29.46   0      384.5     17623.27     131.1533
       499    344.1439    223.9076     28337.66     584.6905  13.8691   0.0224     9.09    0.306  -9.66   0      66.33     2914.143     102.2888
       500    953.6548    223.5030     23007.49     758.7707  14.0953   0.0358     9.51    0.346  -4.66   0      47.48     1951.461     99.86593
       501    238.2518    219.6537     176826.7     806.7668  11.8811   0.0050     8.95    0.272  -8.52   0      321.5     16347.91     129.5305
       502    461.2026    222.0093     16493.72     762.8306  14.4567   0.0502    10.81    0.255 -16.92   0      34.93     1378.114      99.3441
       503    479.3420    219.4087     15435.23      774.407  14.5287   0.0545    12.66    0.192 -84.22   0      34.78      1380.52     99.61206
       504    545.1379    217.8419     36269.93     901.5721  13.6011   0.0270     9.42    0.332 -10.31   0      67.75     2885.579     102.7349
       505    935.1406    217.0494     21108.89     760.7802  14.1888   0.0391     9.96    0.331   8.43   3      47.51     2111.016     101.0069
       506    941.9681    209.4584     42223.53     986.0003  13.4361   0.0254    10.37    0.131 -35.14   3      73.66     3022.057     102.7827
       507    641.5013    218.1231     10126.03     659.8582  14.9864   0.0708     9.11    0.495 -21.96   0      22.78     941.2271     97.53977
       508      6.9768    216.8837     8769.307     575.9017  15.1426   0.0713     8.59    0.393 -32.75  16      21.67     969.0391      97.8717
       509    291.8830    183.3885     26107.92     936.0012  13.9581   0.0389    13.10    0.416  16.76   3      41.69     1839.748     100.3946
       510    295.4951    206.9991     40318.59     726.2684  13.4862   0.0196     9.22    0.287 -10.49   3      87.73     3776.925     104.6882
       511    298.7358    196.7419     64561.02     851.5688  12.9751   0.0143    11.02    0.157 -13.48   3      119.1     4998.164     107.3067
       512   1018.4705    207.9222     9252.824     569.2536  15.0843   0.0668     8.26    0.339  21.14  16      21.46     934.2515     97.79088
       513    130.2963    206.7410     6698.625     464.5846  15.4350   0.0753     3.00    0.498 -22.11   0      16.97     946.3499     97.81899
       514     58.0425    202.4881      35630.3     670.5345  13.6205   0.0204    10.88    0.355 -34.15   0       72.3     2913.389     102.2872
       515    513.7426    199.9086     29637.21     1004.117  13.8204   0.0368    12.85    0.333   0.85   0      47.99     1561.782     99.23859
       516    461.9067    198.9955     6098.869     476.7763  15.5369   0.0849     5.40    0.731 -39.50   0      16.35     664.1613     97.69711
       517    768.3368    195.3502     28272.08     970.7504  13.8716   0.0373    10.51    0.237 -37.63   3      48.13     1952.492     100.6495
       518    766.1186    188.1705     29321.35     1007.291  13.8320   0.0373    10.45    0.218 -15.50   3      46.14     1702.901     100.0844
       519   1003.5125    191.5506     17707.51     812.0873  14.3796   0.0498    12.69    0.464  -5.38   0      34.34     1292.999      98.6211
       520    377.5895    191.8504     11925.78     625.9747  14.8088   0.0570     9.26    0.241 -19.91   0      28.91     1262.559     99.34256
       521    204.0548    187.5734     58578.91     889.0082  13.0806   0.0165    15.27    0.337  32.88   0      95.89     2645.187     102.2017
       522     16.1272    189.3309      17894.8     778.4896  14.3682   0.0472     9.18    0.274 -24.45   0      37.77      1630.03      99.6571
       523    659.5226    190.3472     5795.516     490.1353  15.5923   0.0918     6.07    0.212 -80.29   0      17.19     749.8407     97.62915
       524    944.5781    186.7807     19428.27     559.4721  14.2789   0.0313     8.96    0.328 -13.83   0      43.83     2083.736     101.4614
       525    610.2134    187.7914     15505.57     623.0968  14.5238   0.0436     8.79    0.230 -12.09   0      37.12     1577.535     99.79928
       526    239.5052    181.6379     33725.61     904.5458  13.6801   0.0291    14.11    0.254 -11.67   3      64.48     2688.621     101.2722
       527    230.8415    172.7470     31503.47      848.874  13.7541   0.0293    10.32    0.307  -3.92   3      64.08     2674.014     102.5208
       528    147.4963    182.2767     14820.37     774.2265  14.5729   0.0567     9.03    0.359 -29.67   0      25.07     920.0715     97.75791
       529    897.5978    180.1996     11319.58     747.4429  14.8654   0.0717     9.98    0.338 -16.41   0       24.5     961.4504     98.38627
       530    274.6979    174.5585     104026.6     805.6757  12.4571   0.0084     9.12    0.286  -8.22   0      202.5     9261.645     115.0817
       531    174.4820    172.1811     27090.89     960.3317  13.9179   0.0385    13.17    0.472 -13.64   3       42.8     1714.427     100.1105
       532    759.6429    174.9753     13600.17     752.4858  14.6661   0.0601    10.15    0.275 -26.65   0      23.98     830.6549     98.61462
       533    968.9330    175.0944     6765.477     544.8021  15.4243   0.0875     6.39    0.279  -5.05   0      18.46     894.4647     97.69836
       534    360.4734    168.8143     686420.6     971.5267  10.4085   0.0015     8.98    0.248  -8.94   0      869.9     62094.89     193.7008
       535    110.1261    169.8831     66960.72      1073.85  12.9354   0.0174    10.03    0.313  -9.43   3      108.8     4505.912     105.5193
       536     96.6569    160.7915     149234.5     903.9813  12.0653   0.0066     8.99    0.267  -7.25   3      269.6     13332.94     123.9172
       537    138.6630    164.7432     8586.837     568.9876  15.1654   0.0720     6.26    0.204 -37.39   0      19.85     763.9435     98.19522
       538    979.4661    158.8650     19457.66     621.3932  14.2773   0.0347    12.11    0.290  -7.01   0      46.68     1995.491     100.4871
       539    922.2840    160.8474     8250.502     609.8336  15.2088   0.0803     7.57    0.379   9.46   2       21.1     807.7716     97.49648
       540    700.1514    153.5051     237220.5     870.6084  11.5621   0.0040     8.91    0.347   0.39   2      390.7     19958.72     134.7528
       541    671.4963    156.9520     9347.845     195.4268  15.0732   0.0227     1.15    0.199  -7.51   3      90.21     8408.835      113.615
       542    679.0455    153.9517     39594.18     662.0903  13.5059   0.0182    11.71    0.394 -14.19   3      84.99     3663.526     104.6914
       543    393.3976    157.2623     16898.98     683.5291  14.4303   0.0439    10.72    0.336 -12.55   0       38.3     1562.261     100.0259
       544     19.9444    157.0895     18123.04     655.6747  14.3544   0.0393     9.25    0.309 -32.35   0      40.14     1755.009     99.68012
       545    631.2260    154.3325     18445.28     645.7562  14.3353   0.0380     8.17    0.281 -19.87   0      43.95      1977.25     100.7054
       546    607.9338    153.2473     12699.84     684.0427  14.7405   0.0585    11.86    0.512  46.15   0      27.12     856.9539     98.14458
       547    298.7598    148.2721     7497.678     393.5026  15.3127   0.0570     9.86    0.388 -18.85   0       20.8     865.4108     98.16417
       548    774.6870    164.9823     19581.17     673.8478  14.2704   0.0374     0.53    0.492  36.47   0      44.13     2177.629     100.8982
       549    854.3039    145.1887     33498.46     750.6865  13.6874   0.0243     9.48    0.326  -5.56   0      70.98     3111.846     103.2343
       550    523.8359    143.6329      9760.12     553.1758  15.0264   0.0616    10.76    0.200  -6.46   0      25.29     966.4501     98.92709
       551    236.8865    140.6816     16425.88     548.8173  14.4612   0.0363     9.26    0.262 -18.90   0      38.68     1717.029     99.85531
       552    564.9739    141.0785     8962.312     603.6453  15.1189   0.0731     8.44    0.266  -9.88   0      22.33     1042.987     98.57444
       553     37.7999    138.1566     35807.93     905.0688  13.6151   0.0274    10.09    0.384  -5.90   1      61.54     2619.952     102.6555
       554    162.5785    175.2571     29933.51     940.4066  13.8096   0.0341    10.20    0.305 -15.97   3       46.6      1744.36     100.1785
       555     20.3280    132.3300     95766.28     786.9238  12.5470   0.0089     8.95    0.294  -9.97  16      187.7     8705.755     114.6637
       556    749.3594    130.9775     9242.771     639.4542  15.0855   0.0751     5.01    0.276 -72.95   0      21.05     763.3934     98.45949
       557    663.2079    128.3721     78589.85     925.6742  12.7616   0.0128     9.26    0.314  -5.66   0      146.5     6574.914     110.8316
       558    360.9578    129.7228     19443.29     646.1073  14.2781   0.0361    10.44    0.309  10.94   0      40.32     1573.347     99.78974
       559    546.9604    130.4250     9460.668     528.9212  15.0602   0.0607    10.65    0.287 -19.56   0      24.95     1095.369     99.22282
       560     88.9717    130.7213     4405.302     326.2533  15.8901   0.0804     4.66    0.551 -35.30   0      22.69     2022.193     100.8068
       561    524.4388    125.0443     11646.43     645.3848  14.8345   0.0602     3.42    0.288 -15.69   0      28.21     1739.708     100.1679
       562    979.5192    123.2506       5418.2     503.1063  15.6654   0.1008     6.55    0.314   2.67   0      16.57     830.3752     97.54916
       563    794.4831    119.3741     69827.31     842.9661  12.8899   0.0131     9.28    0.301 -16.13   0        135     5830.109     108.8148
       564    248.9330    121.5034     13844.55     596.7939  14.6468   0.0468     8.62    0.209 -17.09   3      35.02     1607.178      99.3425
       565    257.6949    119.9911     12894.05      743.545  14.7240   0.0626    11.81    0.335  -7.89   3      26.53     1009.455     98.49709
       566    698.0399    121.2182     7285.026     555.6931  15.3439   0.0828     7.36    0.428 -39.40   0      18.26     811.8686     98.83585
       567    316.9923    120.5776     10708.11     682.4247  14.9257   0.0692     9.85    0.202 -27.39   0      24.07      953.471      98.6329
       568    727.1054    116.3991     30692.02     721.4424  13.7824   0.0255     8.39    0.144  13.37   3       72.5     3348.188     103.7533
       569    737.4716    114.5395     77043.24     1070.508  12.7832   0.0151    11.34    0.385  -4.13   2      118.5     5085.625     107.4918
       570    541.3315    111.5120     24933.24     969.9683  14.0081   0.0422    16.00    0.475 -53.90   0      39.22     1171.904     98.34164
       571    140.1598    111.7982     16085.89     653.9709  14.4839   0.0442     9.23    0.258 -12.28   0      38.89     1709.005     100.6186
       572    930.5504    106.5234     35199.25      922.773  13.6337   0.0285     9.46    0.306 -14.81   3      66.79     2770.532      102.225
       573    949.2356     92.9305     215226.1     1197.222  11.6678   0.0060     9.79    0.238 -10.34   2      316.5     16199.05     128.8644
       574   1016.7974    106.1410      21602.3     619.0217  14.1637   0.0311     8.98    0.302   4.71  16      51.85     2297.549     101.6828
       575    575.7677    106.1512     30017.39     763.4368  13.8066   0.0276     8.72    0.310  -7.28   0      64.43     2840.808     102.6358
       576    611.8111    104.6686     21154.42     614.6238  14.1865   0.0316     8.94    0.296  -9.40   0      50.58     2256.979     101.3348
       577    309.5655    104.2612     9918.103     626.2885  15.0089   0.0686     9.01    0.381 -21.06   0       23.5     1094.494     98.69312
       578     60.6817    102.8177      8487.54     602.3839  15.1780   0.0771     8.64    0.298 -18.55   0      21.56     1073.408     98.64455
       579     19.5367    102.7944     7664.716     564.0087  15.2888   0.0799     7.61    0.344 -23.98   0      21.26     1030.541     98.81033
       580    515.4101     99.4535     20132.84     904.0168  14.2402   0.0488    13.14    0.490   1.57   0      31.58     1134.315     99.04873
       581     39.0932     98.6361     15365.02     739.0192  14.5337   0.0522    10.63    0.372 -14.79   0      36.86     1533.712     98.64633
       582    836.5989     96.2909     49358.34     655.5508  13.2666   0.0144     8.88    0.309 -11.12   0      110.4     5125.081     107.5752
       583    802.0201     86.9365     674079.5     984.0125  10.4282   0.0016     8.82    0.275  -8.50   0      856.7     62739.82     194.3217
       584    581.3696     94.2916     14270.47     766.4381  14.6139   0.0583     8.98    0.439 -32.79   0      25.67     774.4509     96.88126
       585    103.8363     90.6168     24676.82     937.0479  14.0193   0.0412    11.32    0.112 -32.82   0       42.8     1633.782     100.7081
       586    232.9979     90.2291     65815.32     659.2545  12.9542   0.0109     8.68    0.319  -9.64   0      141.9     6708.259     111.3395
       587    531.7205     86.9786     314902.8     850.1605  11.2546   0.0029     9.01    0.264  -8.33   0      503.8     28665.27     149.2397
       588    316.6822     89.6275     59660.73     673.8042  13.0608   0.0123     9.31    0.350  -8.71   0      126.4      5636.77     108.6508
       589      6.2900     89.3930     44126.52     567.1195  13.3883   0.0140     9.07    0.273 -13.45  24      103.1     4700.914     106.6753
       590     92.1579     91.5139     13520.25     758.5098  14.6725   0.0609     9.06    0.251 -48.73   0       24.4     806.0878     97.49256
       591    979.2117     84.4077     15451.98     761.6636  14.5275   0.0535     9.56    0.331 -20.56   0      29.26     1205.373     98.94813
       592    410.5561    105.1507     9449.136     626.1183  15.0615   0.0720     8.29    0.339 -23.23   0      20.66     854.9831     98.40571
       593    576.0214     73.8401     35050.63     1063.398  13.6383   0.0329    19.39    0.408 -48.49   0      53.32     1950.611     101.1628
       594    140.8202     74.5813      23382.9     559.9117  14.0778   0.0260    14.61    0.327  -5.64   0      57.43     2590.158     102.5896
       595    898.2870     76.1737     15237.94     738.0963  14.5427   0.0526     6.72    0.402  -7.61   0      27.15     1117.994     98.21698
       596    764.5095     72.3130     72832.74     804.1665  12.8442   0.0120     8.95    0.301  -5.96   0      150.6     6925.987     111.0801
       597    959.4557     73.9090     8395.157     584.7534  15.1899   0.0756     8.11    0.360 -30.51   0      20.69     946.9267     97.82033
       598    887.1798     73.2338     11900.61       659.48  14.8111   0.0602     5.87    0.261   6.33   0      26.41      1259.22     99.59742
       599    741.0082     73.4574     15140.69     773.4771  14.5496   0.0555     9.49    0.141 -21.95   0      26.25     945.5372     98.61462
       600    276.9350     73.3918     13050.71      665.785  14.7109   0.0554     9.70    0.377 -18.02   0      32.64     1476.855     99.56974
       601    468.0826     68.7612     28311.54     1007.063  13.8701   0.0386    10.55    0.300  -4.30   0      39.34     1629.187     99.39284
       602    107.4682     65.7095     79008.06      694.542  12.7558   0.0095     8.65    0.291  -8.77   0      164.7      7468.75     111.7187
       603    727.7494     67.8442     17090.25      736.897  14.4181   0.0468     8.08    0.071  41.45   0      27.96     1029.709     98.80842
       604    830.6577     63.8916     19814.91     742.1476  14.2575   0.0407     8.70    0.266  -0.90   0      46.04     2047.895     100.3457
       605    859.0416     64.8799     12674.18     706.5651  14.7427   0.0605     9.75    0.319  -5.36   0      26.01      1156.75     98.57185
       606    282.9968     64.0583     10581.02     683.3383  14.9387   0.0701     8.59    0.318 -12.63   0      22.02     946.5834     98.61703
       607    992.7247     57.7731     14392.82     758.7711  14.6046   0.0573     8.24    0.235  -4.15   0      26.93     1078.104     98.65537
       608    485.7129     64.5368     41238.89     972.4399  13.4617   0.0256     9.50    0.331 -11.58   0      69.31     3014.563     102.5117
       609    586.6965     54.5051     63468.62     1344.703  12.9936   0.0230    22.07    0.624 -17.25   2      75.16     2217.913       100.73
       610    571.9359     52.7583     22967.96     982.2166  14.0972   0.0464    13.26    0.218  68.05   3      35.86     992.6064     98.45821
       611    822.2418     51.2387      11724.4     708.1056  14.8273   0.0656     9.54    0.306 -24.00   1      24.33     1028.689     98.54147
       612    207.4815     50.1040     12151.11     592.8547  14.7885   0.0530     9.00    0.266 -29.48   0      30.22     1238.107     98.49453
       613    660.1499     49.1165     15367.69     796.0013  14.5335   0.0563    11.48    0.375  -2.35   0      29.03     1062.854      98.0893
       614    834.3963     45.8952     39550.01     957.8395  13.5071   0.0263    11.17    0.333 -13.66   0      67.85     2935.701     102.8457
       615    251.3093     44.9649     51693.22     729.8192  13.2164   0.0153     8.27    0.292 -10.67   0      111.8      4779.66     106.1073
       616    788.5217     47.3374     5831.606     482.0955  15.5855   0.0898     6.28    0.306 -56.35   0      16.98     844.7327     97.84981
       617    727.8478   1021.3918     6395.271       448.71  15.4854   0.0762     4.63    0.118  25.27  16       18.7     1062.193      99.1468
       618     18.2548     41.5965     13477.49     678.5535  14.6760   0.0547     8.22    0.298 -14.11   3      30.65     1284.075     99.39178
       619    584.0686     41.3686     29329.34     929.7891  13.8317   0.0344     9.68    0.334  -7.55   1      49.15     2065.005     100.9033
       620    505.6906     38.1063     86793.98      828.838  12.6538   0.0104    13.40    0.519 -15.40   0      151.3     6179.973     109.5431
       621    227.4091     42.4438     10074.51     626.3452  14.9919   0.0675     7.22    0.402 -26.56   0      21.11     826.1055     98.60413
       622    415.8057     39.2731     7239.849     554.4987  15.3507   0.0832     7.52    0.087 -37.84   0      18.44      729.089     97.58083
       623    984.7277     35.8030     20332.68     741.4263  14.2295   0.0396    11.96    0.056  38.42   0      38.82     1310.516     99.18933
       624     10.0862   1020.6629     5109.473     433.2451  15.7291   0.0921     4.56    0.323 -44.89  16      16.66     844.7764     97.58271
       625    197.4257     35.2457     13556.84     669.8669  14.6696   0.0537     8.12    0.167 -10.42   0      31.12      1415.21     99.95274
       626    624.0432   1014.2230     9670.922     609.2924  15.0363   0.0684     6.71    0.258 -42.98  16       20.5     689.4716      98.2887
       627     80.1753     29.7370     16140.74     691.8214  14.4802   0.0465    10.84    0.398 -28.18   0      34.78     1404.494     99.66675
       628    411.4401     24.0024     12549.49     689.6948  14.7534   0.0597     6.69    0.170 -20.79   0      29.05     1086.481     99.20246
       629    769.6215     21.3365     6471.181      525.155  15.4725   0.0881     0.00    0.326 -72.56   0      18.78     1008.804     98.76032
       630    455.9814   1010.5179     39779.87      663.139  13.5008   0.0181     9.05    0.297  -4.75  16      85.95     3625.956     104.3599
       631    933.2657     19.9953     19833.78     231.0884  14.2565   0.0127     5.54    0.402  -2.11   0      179.6     17794.01     131.8455
       632    318.7604     30.7930     9066.517      563.416  15.1064   0.0675     9.23    0.254  15.15   0      23.12      1060.23      99.1423
       633    375.4002   1009.1634      80492.3     804.7076  12.7356   0.0109    11.91    0.424  -3.66  16        144       5140.3     108.0915
       634    724.7415    980.5110     469596.8     1023.552  10.8207   0.0024    11.91    0.367 -13.26   0      627.8     29580.56     150.2801
       635    119.7860   1007.0650     7176.658     568.4241  15.3602   0.0860     7.51    0.175 -57.00   0      19.77     887.3032     98.21484
       636    716.6801   1003.9280     10067.68     670.6315  14.9927   0.0723    10.89    0.230 -89.56   0      23.79     912.7234     97.74083
       637    818.6707    997.5316      22804.6     968.1219  14.1049   0.0461    14.55    0.344 -88.68   0       36.3     1165.438     98.59188
       638    391.3330    998.4036     29867.92     987.1237  13.8120   0.0359    10.95    0.281  -3.53   0      44.19      1596.81     99.84316
       639    886.3171    996.1008      27503.6     935.6427  13.9015   0.0369     8.89    0.067 -30.42   0      42.94     1699.691     99.29131
       640    635.1815    999.0110     6540.445     523.9407  15.4610   0.0870     7.51    0.154  58.24   0       18.9     842.3972     98.11087
       641    667.0742    993.1675     16368.29     827.6393  14.4650   0.0549    11.64    0.217 -28.83   0      28.91     1076.633     98.65199
       642    695.1179    988.4918     145672.4     873.6954  12.0916   0.0065     8.82    0.292  -7.71   0      267.5     12602.23     122.1429
       643    409.0268    985.8757     72555.73     721.0588  12.8483   0.0108     8.87    0.249 -11.10   0      150.9     6485.344     110.4116
       644    312.5772    987.3749     38758.42     887.6112  13.5291   0.0249    11.74    0.367   3.38   0      71.69     2878.819     103.2271
       645    830.0223    987.6465     15117.55     791.8188  14.5513   0.0569    11.52    0.292 -11.81   0      29.15     1112.567     99.26221
