#   1 NUMBER                 Running object number                                     
#   2 X_IMAGE                Object position along x                                    [pixel]
#   3 Y_IMAGE                Object position along y                                    [pixel]
#   4 FLUX_AUTO              Flux within a Kron-like elliptical aperture                [count]
#   5 FLUXERR_AUTO           RMS error for AUTO flux                                    [count]
#   6 MAG_AUTO               Kron-like elliptical aperture magnitude                    [mag]
#   7 MAGERR_AUTO            RMS error for AUTO magnitude                               [mag]
#   8 FWHM_IMAGE             FWHM assuming a gaussian core                              [pixel]
#   9 ELLIPTICITY            1 - B_IMAGE/A_IMAGE                                       
#  10 THETA_IMAGE            Position angle (CCW/x)                                     [deg]
#  11 FLAGS                  Extraction flags                                          
#  12 SNR_WIN                Gaussian-weighted SNR                                     
#  13 FLUX_APER              Flux vector within fixed circular aperture(s)              [count]
#  14 FLUXERR_APER           RMS error vector for aperture flux(es)                     [count]
         1    493.9217     20.8769     21115.35     614.1946  14.1885   0.0316    10.42    0.228  -7.29   0      59.44     1897.959     75.43571
         2    100.2786     18.8701     8090.892     410.8133  15.2300   0.0551    10.30    0.188 -11.88   0      29.49      941.183     72.68697
         3    508.4521      9.7227     6263.644     463.0463  15.5079   0.0803     8.89    0.297 -12.23  16       20.3     672.6935     72.03541
         4    295.0576      9.0660     4675.026     356.3466  15.8255   0.0828     5.63    0.536 -17.55  16      16.31      559.337     71.87017
         5    974.6762      3.5039     34927.28     382.4698  13.6421   0.0119     7.79    0.393  -1.84  24      125.1     5033.217      84.5187
         6    457.1161      1.9454     10773.53     269.9541  14.9191   0.0272     8.90    0.683  -1.02  24      52.56     2594.958     77.68597
         7    217.2953    984.7086     24137.21     713.4533  14.0433   0.0321     9.18    0.108 -14.56   0      55.93     1513.061     74.63971
         8    527.3748    980.8360     36350.71     537.7075  13.5987   0.0161    10.04    0.234  79.83   0      95.72     2847.083     79.12457
         9    922.3773    983.1770     16155.25     519.8447  14.4792   0.0349     8.16    0.144 -17.06   0      54.83     1782.472     76.00516
        10    492.0943    984.7429     5267.793      301.964  15.6959   0.0623     9.74    0.301  -2.50   0      19.97     620.9544     71.48489
        11    992.6109    976.7749     27969.78     454.9032  13.8833   0.0177    13.84    0.061 -37.75   0      86.63     2925.023      79.1731
        12    629.9382    977.8577     7190.774      442.837  15.3581   0.0669     9.78    0.204 -51.85   2      24.64     785.9739      72.7742
        13    850.0074    962.4061     92235.25     681.9491  12.5878   0.0080    12.67    0.436 -54.25   0      207.2     6115.837     87.69836
        14    170.2833    969.3445     4975.934     352.6259  15.7578   0.0770     8.29    0.119  82.58   0      20.86     770.6053     72.15164
        15    680.0267    968.1451     2986.574     126.1915  16.3121   0.0459     0.93    0.084  86.39   0      49.74     2814.597     78.67934
        16    431.2148    960.1014     7931.226     415.7606  15.2516   0.0569    11.22    0.195  76.06   0      27.95     783.0743     72.19091
        17     67.0330    957.8700      8091.99     530.2265  15.2299   0.0712    10.68    0.170   5.82   0      24.69     714.8513     72.36028
        18    917.7560    951.3923     11672.69     603.8369  14.8321   0.0562    10.46    0.267  58.84   2      27.97     527.3041     72.15437
        19    303.0858    940.2183     35673.21     580.2444  13.6191   0.0177     7.95    0.081 -29.76   0        104     3417.088     80.22813
        20    716.5094    940.1524     5945.289     410.4704  15.5646   0.0750     9.57    0.050  -7.59   0      21.56     627.7698     71.70031
        21    592.7093    934.7207     113124.5     539.8378  12.3661   0.0052     7.78    0.084 -24.53   0      287.5     11048.05     99.52473
        22    683.4567    936.3563      6279.88     425.5864  15.5051   0.0736     8.92    0.020 -11.17   0      22.47     699.9724     72.50512
        23    636.1494    935.6691     6651.731     444.1248  15.4427   0.0725     9.98    0.123 -34.71   0      22.59      684.408      72.2646
        24    981.4450    930.7728     4714.175     369.7457  15.8165   0.0852     8.78    0.046  54.48   0       19.2     651.6423     72.54495
        25    438.8762    987.2059     5951.143     403.6574  15.5635   0.0737     9.28    0.159  83.21   0      22.38     708.2354     72.14746
        26    333.5594    921.9533     20553.97      485.971  14.2178   0.0257     7.85    0.103 -17.77   0      68.33     2237.837      76.8149
        27    976.7932    921.2946     4238.996     136.2884  15.9318   0.0349     1.03    0.078 -53.12   0      61.02     4226.902     82.65831
        28    184.1688    908.0135     17128.92     545.0137  14.4157   0.0346     8.47    0.143 -41.63   0      53.52     1662.673     75.64608
        29    289.7375    909.1775     7000.891     299.8151  15.3871   0.0465     8.98    0.072 -27.14   0      28.37     905.2147     73.14564
        30     82.9596    905.6947     8878.199     344.2217  15.1292   0.0421    10.47    0.085 -60.49   0      32.37     887.6253     72.13569
        31     32.7625    902.4561     72073.42     580.1564  12.8556   0.0087    10.17    0.343 -19.55   0      176.4     5793.053     86.85783
        32    259.5168    901.6143     57631.45     487.6073  13.0984   0.0092     7.73    0.089 -20.18   0      167.9     5730.304     86.69348
        33    121.6804    904.2772     10518.96      554.895  14.9451   0.0573    10.35    0.227 -17.65   0      26.41     725.1924     71.81554
        34    576.9797    896.4170      18683.4     485.0954  14.3214   0.0282     8.48    0.133 -25.51   0      58.73     1787.075     76.01892
        35    418.9648    890.3651     17493.98     672.2283  14.3928   0.0417     8.78    0.073 -26.06   0      40.01     1235.264     74.35088
        36    869.0549    889.2447     28524.66      527.202  13.8619   0.0201     6.71    0.111  -6.97   0      90.02     3398.197     80.51993
        37    520.1570    890.1769     4656.421     373.4437  15.8299   0.0871     6.07    0.317 -75.49   0      16.65     588.0913     72.34558
        38    911.4449    887.0945     8708.066     397.4287  15.1502   0.0496     8.05    0.201 -24.89   0      29.05     935.1823     72.47704
        39    122.6346    886.5533     8648.983     519.8989  15.1576   0.0653     8.14    0.192  51.32   0      23.26     671.6997     72.22461
        40    633.3763    885.8709     51899.35     600.5887  13.2121   0.0126     8.95    0.288  84.82   0        135     4628.922     83.92186
        41    787.6166    880.0781     7986.559     322.8161  15.2441   0.0439     8.98    0.134 -22.95   0      30.73     944.3861     73.07765
        42     66.5305    878.3520      8856.01     409.5461  15.1319   0.0502     9.03    0.041 -57.93   0      31.31     962.4573     73.13383
        43    186.5520    867.1376      27257.2     499.6194  13.9113   0.0199     8.05    0.134 -27.95   2      82.92     2764.955     78.53582
        44    176.5204    859.3846     13247.82     493.2055  14.6946   0.0404     9.19    0.125  32.69   3      39.92     1251.551     73.83913
        45    244.4321    862.3378     128392.2     598.3469  12.2287   0.0051     7.89    0.084 -25.51   0      312.3     12015.81      101.847
        46    647.2430    863.8460        14478     470.7589  14.5982   0.0353     8.56    0.030  -4.51   0      46.89     1461.101     74.85292
        47    980.5494    861.9830     9847.996     494.4501  15.0166   0.0545     8.14    0.090  54.34   0      32.42     1107.774     73.77233
        48    264.7762    860.8809     15898.39     465.5215  14.4966   0.0318     8.67    0.138  -8.80   0      51.82     1571.837     75.00365
        49     46.4186    858.2411     5292.994     320.9141  15.6907   0.0658     8.86    0.227 -10.96   0       21.3     725.2236     72.77511
        50    657.0216    842.5205     18094.67     646.1279  14.3561   0.0388     8.97    0.123 -69.70   0      46.27     1336.844     74.28818
        51     75.5635    843.5963     3819.392     231.8625  16.0450   0.0659     2.56    0.317 -34.46   0      30.08     2060.596     76.83231
        52    263.4572    834.9540     11876.59     413.7414  14.8133   0.0378     9.96    0.237 -26.77   0      39.89     1114.828     73.79406
        53    856.0220    828.9867     14025.55     508.7884  14.6327   0.0394     8.47    0.172 -14.76   0      49.63     1596.207     75.26202
        54     14.9489    824.1482     5651.158     265.6066  15.6197   0.0510     9.55    0.297 -28.93   0      23.55      815.642     73.05694
        55    983.3621    823.1159     9754.691     554.5819  15.0270   0.0617     9.96    0.252 -41.41   0      25.48     672.3589     71.84151
        56    950.5378    823.1301     3802.146     140.5819  16.0499   0.0402     1.10    0.154 -13.42   0      54.87     3536.561     80.73788
        57    584.5344    820.1824     9336.207     558.7723  15.0746   0.0650    10.86    0.183 -56.89   0      25.33     683.1049     72.26049
        58    659.6457    816.0705     8051.566     429.7717  15.2353   0.0580    11.14    0.127 -55.72   0      28.26     917.5907     72.99427
        59    248.3702    808.4362     11652.29     473.8053  14.8340   0.0442     9.08    0.125 -32.44   0      35.83     1116.762     73.98775
        60   1017.0084    802.3317     35979.65      512.447  13.6099   0.0155    13.64    0.368  43.71  24      89.62     2391.033     77.44617
        61    994.5984    804.5345     7207.623     350.1212  15.3555   0.0528     0.00    0.572  67.30   0      33.05      1245.46     74.19529
        62    811.0687    804.3004     7351.958     326.6441  15.3340   0.0483    11.02    0.139 -38.97   0      26.86     839.0703     72.17503
        63    541.8213    803.1794     7535.211     423.8083  15.3073   0.0611    11.70    0.281 -40.12   0      25.58     721.7409     72.76423
        64    416.9930    794.3389      9532.48     485.0979  15.0520   0.0553    10.99    0.150 -17.64   0      31.41      1059.14     73.62235
        65    323.9358    787.7582     18190.68     459.1467  14.3504   0.0274    14.74    0.066   9.46   0      57.16     1662.477     75.27781
        66    686.8395    786.0211     19907.63     651.0411  14.2525   0.0355     8.84    0.158  -5.23   3      49.27     1561.918     75.52667
        67    674.2685    781.5127     44816.39     488.7457  13.3714   0.0118     7.80    0.088 -18.43   2      134.6     4475.915     83.00657
        68    741.8138    785.0297     19574.74     719.7501  14.2708   0.0399     9.86    0.136 -20.15   0      41.29     1137.105     74.05022
        69    476.9688    787.7790     3978.703     372.1001  16.0006   0.1016     5.95    0.480 -24.64   0      16.95     580.5447     72.32188
        70    948.1431    778.8242     12368.84     485.7115  14.7692   0.0426     8.60    0.059  -8.40   0      40.26     1276.629     74.10373
        71    543.2817    774.1944     268034.4     624.7225  11.4295   0.0025     7.74    0.083 -18.56   2        536     26348.39     130.0591
        72    538.7467    758.5737     36773.64     597.1651  13.5862   0.0176    17.41    0.141   8.71   3      103.2     3235.204     79.88507
        73    351.3753    778.9917     9574.548     532.8179  15.0472   0.0604     9.10    0.159 -50.67   0      29.01     876.6894     73.05695
        74    718.5101    771.8335     10227.89     555.4006  14.9755   0.0590     8.46    0.484 -45.55   0      23.87     526.2126     71.18304
        75    702.1088    765.0388      24195.7     755.4982  14.0407   0.0339    12.92    0.424 -17.96   0      51.61     1216.431     73.54256
        76     66.0644    759.9370     64699.96     521.0515  12.9727   0.0087     7.64    0.103 -25.73   0        184     6759.873     89.19641
        77    387.6209    760.4816     6572.899     369.9501  15.4556   0.0611     0.00    0.270 -73.47   0      23.58     1465.779     74.68159
        78     33.2887    752.2586     12795.26     437.0605  14.7324   0.0371     8.40    0.176 -54.22   0      43.45     1309.485     73.82957
        79    243.6477    748.4915     52520.27     480.9113  13.1992   0.0099     7.84    0.101 -24.71   0      155.6     5200.535     84.96743
        80    298.0898    742.5780     142701.9     565.1865  12.1139   0.0043     9.14    0.131 -28.37   0      341.3     13516.94     104.7468
        81    566.7306    740.7422     4281.086      380.577  15.9211   0.0965     6.58    0.471 -55.10   0      17.12      594.833     71.98233
        82    178.0196    731.4823     5929.903     458.3647  15.5674   0.0839     8.37    0.207  54.94   0      19.17     565.4951     71.88964
        83    124.0228    730.8401     4556.867     397.6728  15.8533   0.0948     6.98    0.465  76.06   0      17.35     562.6374     72.26558
        84    362.9850    725.0849     6077.688     450.0391  15.5407   0.0804     9.45    0.176  41.15   0      21.46     648.6566     71.95953
        85    545.5669    721.2857      33945.4     520.9495  13.6730   0.0167     7.86    0.064  -7.15   0      102.3     3329.738     79.98029
        86    169.5810    718.1589     11884.78     508.5137  14.8125   0.0465     9.59    0.151 -42.02   0      38.61     1086.078     73.89344
        87    419.0260    713.2816     46698.27     652.9326  13.3267   0.0152    13.88    0.466   0.16   0        111     2892.047     78.90275
        88    942.8246    713.5441     7630.202     491.3165  15.2937   0.0699    10.04    0.045 -51.36   0      23.73     642.4351     72.13247
        89    381.0638    704.4620     12878.56     508.9577  14.7253   0.0429     8.92    0.077 -27.25   0      43.52     1298.769     73.98432
        90    731.9626    700.6456     8604.652     482.5114  15.1632   0.0609    10.36    0.151 -40.16   0      26.92     793.7469     72.60765
        91    867.5996    697.6443     10046.42     497.3387  14.9950   0.0538    13.56    0.629 -35.56   2      27.06     656.2993     72.55954
        92    512.0003    699.7759     6999.796     420.2326  15.3873   0.0652    10.63    0.241 -37.27   0      25.07     742.7822     72.44795
        93    866.1263    671.5919     40327.26     455.7393  13.4860   0.0123     7.61    0.117 -16.79   0      126.6     4391.037     83.10838
        94    293.8022    670.1730      6986.05     493.8357  15.3894   0.0768     9.08    0.193 -51.41   0      21.37     701.9758     72.70247
        95    838.1392    652.3092     33261.77     511.9181  13.6951   0.0167     8.00    0.087  -8.61   0      99.73      3160.11     79.32211
        96    808.0509    651.3219     8606.986     491.0623  15.1629   0.0620    11.17    0.103 -56.51   0      27.99     722.5848     72.19265
        97    635.0036    647.2384     23585.39     477.3202  14.0684   0.0220     7.99    0.129 -23.28   0      76.74     2466.846     78.02476
        98    156.7534    648.5954      8151.87     419.2038  15.2219   0.0558     9.97    0.095 -71.31   0      27.62     810.3744     72.85036
        99    610.9208    646.0866     8113.311     337.6078  15.2270   0.0452    12.15    0.084  77.68   0      29.71     922.3994     72.62821
       100    660.5893    643.7957     9926.807     499.3719  15.0080   0.0546     9.90    0.124 -42.92   0      32.28     997.8796     73.24383
       101    319.6123    639.2700     55178.93     550.0393  13.1456   0.0108     7.99    0.095 -22.52   0        156     5245.774     85.41381
       102    856.5057    638.4931     16912.96     441.5592  14.4295   0.0284     8.06    0.135  -8.71   0      57.51      1797.17     75.49984
       103    725.0441    638.0387     7014.179     454.3447  15.3851   0.0703    10.69    0.151 -85.98   0      23.48     723.5082     72.38746
       104    580.1055    636.1564     8609.623     484.6654  15.1625   0.0611    10.88    0.173 -89.82   0      27.17     737.5079      71.8545
       105    284.6505    635.3699     13827.03     506.6502  14.6482   0.0398     8.56    0.141 -25.69   0      44.85     1473.688     74.89113
       106    137.6886    635.1378     13570.82     376.0735  14.6685   0.0301     8.44    0.137 -26.02   0      46.75     1436.487     74.21949
       107    363.8849    623.8622     34310.82     521.1089  13.6614   0.0165     8.12    0.148 -13.30   0      104.3     3350.346     79.86532
       108    324.3185    622.6643     41328.69     590.1456  13.4594   0.0155     8.08    0.178 -23.63   0      115.7     3795.665      81.2935
       109    766.9212    617.6846     7221.155     407.7882  15.3535   0.0613    10.66    0.109 -50.26   0      24.56     698.1133     71.72979
       110    606.2462    616.5970     6170.991     433.6022  15.5241   0.0763    10.02    0.098 -26.35   0      22.36     638.4478     72.31201
       111    171.4988    608.3062     86218.23     523.7739  12.6610   0.0066     7.82    0.109 -29.73   0      230.5     8282.633     92.69666
       112    411.2773    602.7808     7574.188     452.3303  15.3017   0.0649     7.92    0.021 -80.14   2      25.59      754.585     72.67611
       113     81.1502    598.2614     36829.66     535.3246  13.5845   0.0158     8.20    0.132 -21.87   0      111.8     3635.229     81.01514
       114   1002.7551    595.9601     4463.292     362.9631  15.8759   0.0883     2.92    0.087 -38.57   0      19.04     933.6707     72.85415
       115     68.5113    588.0374     19556.54     682.1395  14.2718   0.0379    18.28    0.552 -86.80   0      40.99     810.3258     72.27665
       116    879.8040    588.4017      4620.79      408.889  15.8382   0.0961     7.47    0.391 -75.34   0      17.68     583.3087     71.94593
       117     35.7789    577.5599     9592.443     526.9348  15.0452   0.0597     8.18    0.231 -58.88   0      28.81     924.5281     73.39488
       118    711.0156    575.9384     5162.541     466.9832  15.7178   0.0982     8.42    0.307 -52.13   0      18.45     520.1677      71.7462
       119    689.4006    573.6246      42020.7     509.7044  13.4413   0.0132     7.96    0.110 -19.23   0      126.1     4227.175     82.65906
       120    861.1849    563.5639     8554.039     513.8178  15.1696   0.0652    10.35    0.157 -18.74   0      25.08     711.2579     72.92197
       121    326.6307    563.6265     37084.14     479.3834  13.5770   0.0140     7.93    0.161 -20.50   0      114.8     3901.058     82.09615
       122    306.4367    551.6155     12949.89     406.7271  14.7193   0.0341     8.66    0.105   2.00   0      43.57     1340.512     74.85746
       123     50.2066    536.7012     17580.66     439.5419  14.3874   0.0272     8.25    0.133 -28.11   0      60.59     1968.718     76.19678
       124    805.3580    530.7573       204987      639.366  11.7207   0.0034     8.26    0.050 -77.06   0        429     18719.42     115.6045
       125    454.0146    535.2503     9254.192     558.1179  15.0842   0.0655    10.84    0.126 -73.50   0      26.15     703.8629     72.51731
       126    397.3921    526.2159     15902.39     570.6277  14.4963   0.0390     8.95    0.175 -23.92   0      49.48     1432.621     74.58061
       127    138.0034    527.4551     10508.34     448.4204  14.9462   0.0463     9.10    0.182 -36.16   0      36.28     1107.239     73.77068
       128    640.4626    526.8718     5297.149     410.1113  15.6899   0.0841     7.48    0.297  83.26   0      19.63     678.3975     72.24569
       129    494.8058    523.1054     11622.38     411.9212  14.8368   0.0385     8.50    0.153 -29.00   0      39.46     1210.275     73.89995
       130    716.9496    521.7917     5760.608     427.7484  15.5988   0.0806     8.25    0.359 -65.27   0      20.27     676.9089     72.43279
       131    246.9650    504.7274     566513.2     744.5739  10.6170   0.0014     7.80    0.099 -21.75   0      858.9     55091.02     173.0677
       132    787.4723    505.0158     69386.69     521.0988  12.8968   0.0082     7.97    0.123 -24.96   0      190.4     6791.346     89.58682
       133    492.1753    506.8934     6134.479      443.078  15.5306   0.0784     8.87    0.157  64.53   0      21.06     655.2279     71.59378
       134    693.3893    503.2943     4874.973     395.2307  15.7801   0.0880     6.16    0.337   4.87   0      17.74     557.5927     71.86465
       135    319.3990    501.8098     5885.774       435.05  15.5755   0.0803     9.59    0.083 -16.65   0      21.19     633.5094     72.10434
       136     80.1556    490.7292     11210.81     527.6323  14.8759   0.0511    12.76    0.139 -53.29   0      36.38     1070.169      73.4678
       137    148.0807    462.4475      13339.5     647.1384  14.6872   0.0527    14.87    0.343 -83.68   0      33.44     899.7612     72.55733
       138    102.1704    463.6071     6323.453     378.1436  15.4976   0.0649    10.11    0.047  43.30   0       25.3     794.9473     72.99252
       139    866.9698    463.4107     8200.855     449.5697  15.2154   0.0595    10.35    0.271  16.53   0      27.54     803.5246     73.01923
       140    354.1086    463.3965     6543.509     500.6087  15.4605   0.0831     9.96    0.167 -24.65   0      20.29     481.2072     71.62267
       141    270.4009    458.2769     119036.5     546.7794  12.3108   0.0050     7.74    0.112 -20.53   0      297.2     11681.13     101.0974
       142    247.9993    461.8930     5909.831     131.3508  15.5711   0.0241     0.00    0.062  86.31   0      93.76     5979.963     87.34554
       143    229.2298    452.9700     5301.886     416.8245  15.6889   0.0854     8.33    0.246 -66.03   0      19.67     617.1213     72.43672
       144    430.4686    434.5329     59441.62     504.5173  13.0648   0.0092     7.90    0.118 -19.98   0      171.3     5939.554     87.08115
       145    187.4765    422.5814     4879.873     424.8381  15.7790   0.0945     8.27    0.386 -59.55   0      18.49      569.221      72.0941
       146    247.8899    421.3366     5633.455     421.1433  15.6231   0.0812     8.85    0.309 -56.97   0      20.23     587.6666     71.57308
       147    456.4854    415.1110     7674.383     465.9764  15.2874   0.0659     9.65    0.102 -36.02   0       27.1     924.1752     72.82452
       148    890.7953    409.6100      5585.54     410.2711  15.6323   0.0798     5.30    0.203 -81.00   0      20.67     702.5289     72.32156
       149    565.6829    407.1202     4749.244      413.179  15.8084   0.0945     7.08    0.433  64.80   0       17.5     506.9542     71.12153
       150    239.3976    405.9080     6081.336     451.5796  15.5400   0.0806     7.96    0.227 -47.22   0      19.03     528.4489     71.77242
       151    137.7026    389.7466     15431.16     577.0892  14.5290   0.0406     8.85    0.147 -39.40   0       46.5     1392.488     73.89714
       152    183.3190    381.6598      6166.01     448.5399  15.5250   0.0790     9.84    0.224 -42.05   0       21.7     660.1453     71.80286
       153    156.7672    378.7826     8508.184     493.1311  15.1754   0.0629    11.35    0.171 -38.82   0      26.56     765.6247     72.90117
       154    497.4719    385.1383     9710.592     512.9787  15.0319   0.0574     9.95    0.111 -11.19   0      29.96     960.0611     73.12639
       155    974.4958    375.4700     29108.36     476.3158  13.8400   0.0178     7.68    0.130 -15.99   0      93.85     3094.298     78.95782
       156    672.6211    370.5521     17226.31     504.7487  14.4095   0.0318     8.78    0.148 -21.23   0      55.41      1790.93     76.03044
       157    505.4132    359.3331     109311.6     541.4424  12.4033   0.0054     7.76    0.138 -16.57   2      279.6     10947.16     99.43369
       158    496.1890    353.3465     3286.049     168.9562  16.2083   0.0558     2.79    0.335 -43.91   3      38.97     2563.204     78.12756
       159    387.0965    361.2343     33777.93     447.8387  13.6784   0.0144     7.91    0.122 -23.97   0      107.9     3470.553     79.85998
       160    357.2520    362.6876     9190.146     491.3322  15.0917   0.0581     8.78    0.200 -57.25   0      30.12     943.2579     72.69345
       161    194.9825    354.9012     36411.58     459.8562  13.5969   0.0137     7.90    0.146 -18.95   0      111.1      3614.98     80.61487
       162    762.9135    356.9863     4093.205     369.3638  15.9698   0.0980     5.87    0.296  89.32   0       15.4     496.7183     71.47805
       163    279.7384    352.6087     18088.45       573.92  14.3565   0.0345     8.56    0.144 -23.84   0      52.83      1574.94     75.19777
       164    662.8118    352.3404     9815.853     471.4545  15.0202   0.0522    11.85    0.060 -20.60   0      30.93     873.0069     73.04549
       165    109.4360    348.8150     5629.658     430.1048  15.6238   0.0830     9.06    0.312 -55.10   0      20.91     676.4795      72.8135
       166    443.0363    347.5547     4934.489     397.0159  15.7669   0.0874     7.25    0.234 -14.85   0      18.37     572.9749     71.91328
       167    618.9625    341.0450     8275.486     137.9202  15.2055   0.0181     4.52    0.141 -38.11   0      116.2     7620.086     91.51367
       168     47.0354    335.9327     6308.171     384.5013  15.5002   0.0662    10.79    0.304 -31.86   0      24.71     741.4912      72.4439
       169    584.1125    334.3204     4956.013     397.9008  15.7622   0.0872     8.90    0.216 -57.01   0      19.36     544.5456     71.43602
       170    277.7661    329.7734     29943.51     680.5138  13.8092   0.0247     8.75    0.173 -18.16   0      74.71     2406.748      77.8495
       171    398.3866    319.5684     8055.546     515.6192  15.2348   0.0695     9.56    0.112 -34.68   0      22.72     685.0869     72.84036
       172    990.9006    311.5529     7126.178     471.6292  15.3679   0.0719     9.84    0.169 -68.05   3      22.53     639.5435     71.15509
       173    997.0793    303.9311     16794.86      534.593  14.4371   0.0346     7.82    0.141 -17.88   2      53.32     1781.008     75.26708
       174    584.5641    303.5384     8429.771     177.7017  15.1855   0.0229     1.03    0.359 -69.94   0      89.97     7137.822     90.30804
       175    898.1991    300.3053     77628.57     546.0594  12.7749   0.0076     7.57    0.097 -17.12   0      213.2     8248.709     93.06175
       176     88.5683    291.0103     10254.85      480.409  14.9727   0.0509     8.37    0.093 -17.96   0      34.53     1138.744     74.05525
       177    445.5965    288.6406     14042.63      483.634  14.6314   0.0374     8.82    0.189  -3.44   0      43.75     1386.642     74.81217
       178    852.5494    289.0857     6171.258     396.8503  15.5241   0.0698     9.11    0.274 -59.98   0      23.02     752.9658     72.09606
       179    927.6519    286.7657     4827.141     414.0603  15.7908   0.0932     7.62    0.168  -2.19   0      18.29     586.8542     71.95713
       180    170.9158    282.8017     13454.43     376.0031  14.6778   0.0303     8.81    0.183 -22.39   0      47.25     1557.271     75.32874
       181    991.6983    280.6146     6070.432     397.6656  15.5420   0.0711     9.88    0.299  85.96   0      22.19     591.1264      71.7776
       182     32.5841    270.3633     335775.5     649.9669  11.1849   0.0021     7.48    0.111 -22.16   0      624.7     35896.83     145.9831
       183    716.9930    273.0047      8818.24      450.652  15.1365   0.0555     9.74    0.166 -70.87   0      29.25     895.2453     72.92467
       184    492.8476    270.7024     68757.82     505.2762  12.9067   0.0080     7.79    0.132 -17.54   0      193.1     6831.956     89.06892
       185    197.4259    258.5169     42841.96     563.0733  13.4203   0.0143     7.83    0.194 -22.34   0      125.9     4213.679     82.45387
       186    691.4293    259.0675     8438.541     483.1516  15.1843   0.0622    10.92    0.187 -26.07   0      27.87     781.2259     72.56844
       187    247.0417    251.0759     58122.11      512.115  13.0891   0.0096     7.80    0.166 -22.30   0      167.2     5964.779     87.30602
       188    422.4890    249.4370     11431.56     396.3667  14.8547   0.0377    11.11    0.123 -35.40   0      39.47     1218.909     73.55021
       189    712.4799    248.8333     9356.441     366.9605  15.0722   0.0426     9.87    0.194   4.26   0      34.05     994.1077     73.23212
       190    218.4834    245.5421     10105.31     604.3954  14.9886   0.0650    10.05    0.255 -27.31   0      23.41     546.2797     71.44154
       191    669.6465    242.6449     11746.75     451.3587  14.8252   0.0417    12.77    0.165 -50.33   0      39.39     1226.287     74.13654
       192    373.9876    225.0493     4796.253     320.5621  15.7977   0.0726     9.61    0.339 -44.41   0      19.59     580.7241     72.13036
       193    757.5280    220.1680     98104.63     532.8264  12.5208   0.0059    12.55    0.194 -17.12   0      258.8     10432.54      98.2504
       194    492.0187    220.0593     3775.834     222.6622  16.0575   0.0640     4.36    0.019 -52.20   2      24.32     1526.739     74.86687
       195    443.5884    218.1062     55282.45     538.6135  13.1435   0.0106    17.48    0.056   2.12   0      153.4     4982.871     84.71138
       196    267.8028    221.3391     14061.38     433.7385  14.6299   0.0335     8.31    0.187 -25.81   0      48.77     1555.615     75.13934
       197    574.9440    219.2525     12255.98     522.1379  14.7791   0.0463     8.14    0.076 -17.75   0      38.81      1270.42     74.45826
       198    964.7745    217.8167     6468.531     411.6035  15.4730   0.0691     6.68    0.080  24.80   0       19.9     678.5448     72.62919
       199    325.6114    208.3747     18757.74     507.4922  14.3170   0.0294     8.26    0.086 -27.86   2      59.02     1748.836     75.72152
       200    328.9798    199.0659     10520.61     556.1444  14.9449   0.0574    11.87    0.135 -73.85   3      28.42     784.0212      72.7681
       201     86.7455    204.5744     6969.933     455.8468  15.3919   0.0710     7.99    0.527 -64.58   0      20.78     633.7159     72.10499
       202     26.4397    199.8018     7425.616       495.44  15.3232   0.0725    10.51    0.134  76.54   0      23.37     729.7684      72.7893
       203    466.4237    199.8948     2364.081     163.5231  16.5658   0.0751     5.03    0.311 -85.51   0      27.86     1840.269      75.2617
       204    640.7202    189.8383     6063.937     426.2855  15.5431   0.0763     6.96    0.422 -64.80   0      19.31     634.8146     72.10845
       205    232.1514    186.6468      8422.44     558.4005  15.1864   0.0720    11.12    0.648 -19.87   0      25.69     588.5605     72.15504
       206    260.0270    174.2274     14099.68     586.7017  14.6270   0.0452    13.66    0.172  -6.91   0      41.59     1238.185      74.3598
       207    139.9211    171.2696     13613.95     594.1511  14.6650   0.0474     8.65    0.119 -40.65   0      35.31     1064.519     73.07159
       208    390.1589    170.4433     6759.196     451.9207  15.4253   0.0726    10.62    0.204 -16.89   0      25.76     825.2898     72.32369
       209    126.6904    161.7274     6665.613     458.7294  15.4404   0.0747     8.70    0.091  66.58   0      20.89     669.2302      71.8316
       210   1009.3594    160.4797     7328.337        449.9  15.3375   0.0667     8.15    0.176  -2.65   0      25.72     857.9667     72.80839
       211     50.4242    158.5036     6494.016     424.0682  15.4687   0.0709    11.05    0.204 -48.21   0      22.94     515.2783     70.95287
       212    729.9373    154.8617     17907.38     489.7147  14.3674   0.0297     8.09    0.136 -26.49   0      54.46     1810.611     75.54029
       213    708.4350    155.6462     5734.943      424.479  15.6037   0.0804     8.36    0.062 -72.10   0      19.94     675.1907      72.2356
       214    883.8790    146.5975      13504.9     422.0959  14.6738   0.0339     8.11    0.226  -3.15   0      46.33     1618.128     75.14379
       215     49.7133    133.8383     55799.02     545.2301  13.1334   0.0106     9.29    0.147 -11.82   0      160.8     5815.883     86.59773
       216    692.4198    129.8864     14939.04      505.093  14.5642   0.0367     7.83    0.172 -11.69   0      48.09      1626.18     74.79811
       217    824.0493    120.9198     6323.237     447.8458  15.4977   0.0769     8.35    0.418 -10.17   0      20.66     630.8829     71.71017
       218    757.7108    117.3363     19100.85     534.9244  14.2974   0.0304     8.50    0.163 -13.81   3      58.06     1847.935     75.46889
       219    767.7277    116.0265     29189.03     622.2119  13.8370   0.0231     8.36    0.207 -10.45   3      81.25     2810.619     78.66785
       220     69.1277    100.2420     6220.424     428.8023  15.5154   0.0749     8.78    0.202 -27.80   0      22.12     746.0456     72.45818
       221    866.1951     98.3021     6779.634     415.1306  15.4220   0.0665     8.10    0.257  -2.18   0      25.84     868.8364     72.84232
       222    979.4516     93.3837     38878.95     606.6036  13.5257   0.0169     7.33    0.119  -2.14   0      110.4     3930.703     82.00919
       223    831.3134     88.5801     179218.6     570.0314  11.8665   0.0035     7.25    0.114 -14.78   0      411.3     20093.54     118.2751
       224    346.4601     91.1415      35993.8     489.6097  13.6094   0.0148     7.87    0.186 -23.49   0      110.4     3849.976     81.95461
       225    561.0676     88.5889     120535.3     567.3146  12.2972   0.0051     7.58    0.143 -19.23   0      301.2     12871.69     103.7393
       226     35.6182     91.0207     19836.57      457.693  14.2563   0.0251     8.06    0.162 -23.63   0      65.62      2111.45     76.98259
       227     88.3969     89.8594     3063.044     172.7198  16.2846   0.0612     1.61    0.205 -35.13   0      40.52     2498.328     77.93861
       228    170.3330     76.1562     12665.13     428.9827  14.7435   0.0368     9.32    0.235 -13.62   0      43.97     1314.222     74.21893
       229    793.9465     73.9451     32305.78     432.9024  13.7268   0.0146     7.44    0.156  -9.19   0      105.7     3782.924     81.76846
       230    136.9471     67.2584     40240.25      465.485  13.4883   0.0126     7.62    0.117 -22.95   0      123.3      4505.08     83.75162
       231    863.9858     48.1078     4239.436     384.1803  15.9317   0.0984     6.95    0.220 -70.92   0      16.14     545.7499     71.43986
       232    281.5520     46.8344     4844.311     385.4389  15.7869   0.0864     6.40    0.564 -66.35   0      17.45     539.1374     71.80626
       233    613.8809     42.5928     7749.464     464.5222  15.2768   0.0651     9.90    0.153 -13.08   0      26.77     825.3381     72.89703
       234    535.9927     39.4041     7863.401     526.8472  15.2610   0.0728    10.67    0.585 -32.45   0      22.44     555.4236     71.85779
       235     66.1172     37.4512     8855.394     482.6295  15.1320   0.0592     7.47    0.280 -85.23   0      23.34     548.7119     71.44927
       236    385.5381     35.4689     9594.831     460.1783  15.0449   0.0521     8.98    0.209 -20.66   0      33.23     1071.954     73.47332
       237    186.3406     35.0702     7010.328     442.7444  15.3857   0.0686     6.64    0.071 -28.69   0      21.89     730.8126     72.41039
       238    403.4373   1010.5795     36959.05     512.8811  13.5807   0.0151     8.52    0.185  -5.66  16        107     3466.544     81.05564
       239    486.0164   1011.1779     4665.879     368.7767  15.8277   0.0858     8.16    0.318 -79.99   0      19.28     679.9924     72.63372
       240    724.5597    989.8605     18097.49     476.8868  14.3560   0.0286    10.16    0.113 -18.64   0      59.52     1900.949     75.99437
       241    341.3942    987.8243     4936.015     415.7917  15.7666   0.0915     7.50    0.301 -62.09   0      18.86     635.4794     72.30268
       242    754.6827    981.7035     147231.6     673.2676  12.0800   0.0050    11.82    0.378 -17.29   0      304.7     9843.155     96.59061
