#   1 NUMBER                 Running object number                                     
#   2 X_IMAGE                Object position along x                                    [pixel]
#   3 Y_IMAGE                Object position along y                                    [pixel]
#   4 FLUX_AUTO              Flux within a Kron-like elliptical aperture                [count]
#   5 FLUXERR_AUTO           RMS error for AUTO flux                                    [count]
#   6 MAG_AUTO               Kron-like elliptical aperture magnitude                    [mag]
#   7 MAGERR_AUTO            RMS error for AUTO magnitude                               [mag]
#   8 FWHM_IMAGE             FWHM assuming a gaussian core                              [pixel]
#   9 ELLIPTICITY            1 - B_IMAGE/A_IMAGE                                       
#  10 THETA_IMAGE            Position angle (CCW/x)                                     [deg]
#  11 FLAGS                  Extraction flags                                          
#  12 SNR_WIN                Gaussian-weighted SNR                                     
#  13 FLUX_APER              Flux vector within fixed circular aperture(s)              [count]
#  14 FLUXERR_APER           RMS error vector for aperture flux(es)                     [count]
         1     17.4819     40.2045     51848.59     1012.913  13.2132   0.0212    21.34    0.484 -20.62  26      71.22     1837.743     93.43737
         2    966.6895     37.8824     19271.53       740.05  14.2877   0.0417    14.88    0.176 -85.09   0      41.32     1463.943     92.04305
         3    337.1476     36.1678     65494.34     849.5348  12.9595   0.0141     9.39    0.297  -8.23   0      136.2     5551.497     101.8541
         4    138.3473     35.8824     23315.53     814.0133  14.0809   0.0379     8.71    0.217 -14.95   0      47.06     1812.819     92.66147
         5    444.3857     19.8405     53589.18     952.3785  13.1773   0.0193    12.86    0.272  33.87  16      86.16     2614.891     95.77318
         6     51.6199     19.3959     16552.73     625.4562  14.4528   0.0410     8.93    0.243 -14.76   0      43.03     1670.162     92.79016
         7     26.1400     18.5700     8398.565     556.6575  15.1895   0.0720     8.87    0.351 -34.77   0      22.67     821.7727      90.4435
         8    856.6161     15.2821     15210.39     576.9954  14.5446   0.0412    12.11    0.099  -9.46   0       39.3     1424.638     92.18684
         9      9.2147     13.8893     11929.12     665.9044  14.8085   0.0606     9.62    0.463  17.11  16      21.22     684.8432     89.85228
        10    460.3434     10.4500     30396.86      720.739  13.7929   0.0258     8.88    0.285 -10.62  16      68.79     2730.782     95.58488
        11    385.9339     12.7173       6077.2     494.4669  15.5407   0.0884     6.65    0.378  85.86   0       17.9     749.2482     90.01504
        12    245.9174     10.1825     17762.39     811.7786  14.3762   0.0496    13.33    0.467 -11.42  16       32.8     1257.325     91.77342
        13    812.5419      6.6475     15000.74     538.1284  14.5597   0.0390     9.79    0.209 -17.27  18      37.19     1349.317     92.00095
        14    682.9650      9.2046     12782.77     664.5292  14.7334   0.0565     7.95    0.137 -41.08  16      27.66     963.3533      91.5284
        15    925.0922      4.0465       165087     716.2723  11.9557   0.0047    12.67    0.642   0.52  24      327.7     14713.39     120.0237
        16    650.7158      4.7818     23040.65     651.2174  14.0938   0.0307     9.92    0.169 -32.99  24      50.63     1787.068     92.83748
        17    731.5612      4.7166     6301.595     469.2592  15.5014   0.0809     7.90    0.125 -22.04  16      19.78     769.1125     90.06518
        18    408.5995      2.3664     44822.11     409.7003  13.3713   0.0099    10.24    0.656   0.43  24      139.3     8069.334     107.7378
        19    812.4919    989.7886     13987.03      728.599  14.6357   0.0566    11.02    0.093  -6.10   0         28     1059.481     90.79494
        20    148.4470   1017.7243     22973.94     828.0995  14.0969   0.0391    13.81    0.223  50.89  18       37.8     1060.023     91.04023
        21    705.6824    982.8552     468203.9     986.6659  10.8239   0.0023    10.21    0.355 -12.39   8      637.7      32901.2     150.7224
        22    758.8856    992.2887     9869.227      653.428  15.0143   0.0719    10.58    0.126  -6.23   0      24.32     887.2484     90.60789
        23    168.9697    985.5091     67675.95     646.3434  12.9239   0.0104     9.05    0.229  -8.03   0        152     5719.477     101.3568
        24    976.7187    985.0093     40703.04     692.6718  13.4759   0.0185    10.07    0.337  -2.87   0      88.45     3356.072     96.83149
        25    444.3881    986.3362     14330.01     572.7896  14.6094   0.0434     8.76    0.153 -19.56   0       37.4     1333.655     91.96226
        26    874.3295    984.0809     40575.98     766.3534  13.4793   0.0205     9.58    0.297  -4.90   0      85.38     3156.549     95.90065
        27    478.9631    980.6739     103516.4     774.1277  12.4625   0.0081    10.07    0.020  89.09   0      195.9     6761.445     104.5191
        28    516.8372    982.9280     19356.22      589.072  14.2829   0.0331     9.16    0.185 -25.26   0      46.67     1773.838     93.04375
        29    219.4015    982.4973     19009.07     793.4807  14.3026   0.0453     9.83    0.221 -34.79   0      29.02      751.335     90.51169
        30     88.9290    982.2599     11708.14     482.3294  14.8288   0.0447     9.79    0.184 -28.63   0      31.69     1128.111     91.45287
        31    581.7853    978.9739     56209.34     714.2331  13.1255   0.0138     8.96    0.225  -3.42   0      125.4     4898.763     100.8279
        32    944.2595    977.2985     73669.61     932.5124  12.8318   0.0137     9.39    0.184  -0.89   0      138.2      5238.55     100.7139
        33    557.5187    981.4688     9395.491      599.259  15.0677   0.0693     9.99    0.206 -26.37   0      23.98      823.895     90.20331
        34    186.3793    977.0273     15800.02      742.725  14.5034   0.0511     8.62    0.219 -28.91   0      28.22     1187.943     92.08438
        35    802.1370    962.7233     292942.2     1139.555  11.3330   0.0042    10.57    0.214 -58.44   0      427.3     17758.67     126.1863
        36    200.8530    971.1341     12761.34     742.5416  14.7353   0.0632    10.66    0.338 -27.32   0      24.27     707.1552     90.40069
        37    122.0878    970.3665      13016.2     449.6528  14.7138   0.0375     9.60    0.216 -14.00   0      36.11      1321.48     91.44841
        38     27.8018    967.1127     15384.05     702.7017  14.5323   0.0496    10.34    0.180  27.46   3      33.77     1130.595     91.45905
        39     19.0387    958.9045      24014.7     757.0445  14.0488   0.0342     9.80    0.213   2.39   2      51.98     1697.078     91.89574
        40    222.2098    972.5450      10070.6     615.9366  14.9924   0.0664     8.19    0.292 -73.74   0       23.4     783.5399     90.83699
        41    383.4069    961.3613     27002.96      616.783  13.9215   0.0248     8.97    0.189   2.24   0      65.31     2480.657     95.22148
        42    748.1242    958.5842      16400.2     764.2452  14.4629   0.0506    11.88    0.202  41.34   0       33.6     1041.887     91.48109
        43    959.6454    950.4152     25699.16     985.8848  13.9752   0.0417    16.81    0.366  72.92   0       39.8     1057.945     91.76298
        44    869.9637    952.0648     25358.31     842.0274  13.9897   0.0361    10.42    0.210  -5.96   0       50.3     1717.369     92.90572
        45    915.6194    949.7451     17362.34     822.5234  14.4010   0.0514    11.77    0.173 -31.64   0      30.73     957.6785     91.27164
        46    409.5825    950.7777     10997.98     551.7208  14.8967   0.0545     7.68    0.153 -42.66   3      25.91     1558.128     92.99355
        47    417.6949    944.8113     18375.22     894.4778  14.3394   0.0529    14.30    0.453  -9.25   2      31.41     891.8903     90.86393
        48    544.1832    935.6485      1067138     1091.521   9.9294   0.0011     9.16    0.276 -13.61   0       1157     86117.09     216.9878
        49    895.3650    942.4954     26561.12     944.7336  13.9394   0.0386     2.40    0.087 -48.30   0      41.27     1400.982     91.16051
        50    254.7925    940.8223     65066.86     754.7178  12.9666   0.0126     8.99    0.232  -5.39   0      139.7     5367.437     101.6609
        51    668.7589    941.2538     14107.59     529.4385  14.6264   0.0408     8.67    0.163 -27.23   0      36.32     1466.201     92.52924
        52    635.4277    937.7234     62158.79     865.4617  13.0162   0.0151     9.49    0.236  -7.47   0      126.8     4960.605      100.527
        53    610.3649    936.1355     22230.08      763.076  14.1326   0.0373     9.48    0.195  -5.48   2      50.66     1876.073     93.29314
        54    781.0781    939.0480     16090.25     604.5502  14.4836   0.0408     9.13    0.218  -6.39   0      38.95     1507.706     92.15105
        55    588.2316    936.3271     33952.28     830.4397  13.6728   0.0266    10.31    0.137 -27.05   0      69.78     2544.807     94.90827
        56   1007.8710    939.8657     3132.876     231.3898  16.2601   0.0802     1.55    0.206  62.88   0      32.85     2257.093     93.98109
        57    858.2766    934.7210     20186.09     772.5803  14.2374   0.0416     8.60    0.181   6.55   0      42.33     1677.018     92.08727
        58    100.3277    935.2253     7922.924     588.4253  15.2528   0.0807     8.94    0.261 -33.12   0      20.87     761.6392     90.53756
        59   1015.5776    933.5492     13860.64     680.5568  14.6455   0.0533    11.96    0.204 -44.86  16      31.76     1064.373     91.77889
        60     81.4754    932.5058     14778.57     731.8824  14.5759   0.0538    12.48    0.251 -20.90   0      30.94     999.5494      90.6448
        61    715.9910    932.4363     25835.94     926.7824  13.9694   0.0390    10.11    0.266  -4.94   0      39.54     1390.696     92.58344
        62    933.8567    931.8118     10726.14     402.9095  14.9239   0.0408    10.50    0.218  -2.92   0      31.15     1162.847     91.78111
        63    803.5168    926.2610     16279.87     772.8664  14.4709   0.0516    13.48    0.176   0.04   0      34.04     1246.595     91.26212
        64    733.5412    925.6011     18915.14     854.6793  14.3080   0.0491    13.53    0.223  72.32   0      34.67     1012.337     91.40765
        65    285.0934    922.7504     90821.25     684.2514  12.6045   0.0082     8.92    0.237  -8.78   0      193.5     7694.566     105.9024
        66    847.3510    924.1615      20495.2     857.0423  14.2209   0.0454    10.03    0.188  -6.69   0      36.07     1268.956     91.80222
        67    996.7145    915.4819     245547.7     797.5659  11.5247   0.0035     8.86    0.230  -8.86   0      426.6     20847.78     131.4639
        68    822.1746    920.5186     8792.375     601.8005  15.1397   0.0743     9.18    0.128 -23.86   0      22.22      795.358     90.62216
        69    271.5808    914.5943     8270.437     540.4325  15.2062   0.0710    10.10    0.227  -0.29   0      22.49     735.4714     90.47184
        70    135.2969    909.0740     47377.92     991.4291  13.3111   0.0227    10.91    0.274  -8.79   0       79.6     2712.177     94.60757
        71    241.7336    910.1598     17102.73     493.9279  14.4173   0.0314     9.69    0.183 -10.26   0      44.79     1537.041     92.46353
        72     34.5279    906.5222     40763.43     857.8882  13.4743   0.0229     9.76    0.229  -7.72   0      83.38     2971.942     95.46215
        73    211.2771    902.3403     76793.75     743.4728  12.7867   0.0105     9.32    0.229 -13.83   0      160.4     6042.695     102.7286
        74     73.8805    905.0941     11393.79     599.0916  14.8583   0.0571    10.25    0.302 -17.54   0      29.29     1068.435     91.06123
        75    904.3943    904.0581     9221.883     619.2154  15.0880   0.0729     9.27    0.295  19.49   0      22.63     807.1785     90.89612
        76    528.5126    897.4410        42967     635.8544  13.4172   0.0161    10.11    0.275  -9.23   0      93.16     3389.679     96.45155
        77     54.4195    895.7755     27281.81     914.4924  13.9103   0.0364    10.71    0.288  -8.15   0      47.08     1759.853     93.48525
        78    820.7108    890.2252     157031.5     884.4027  12.0100   0.0061     9.07    0.201  -6.96   2      283.6      12119.6        115.2
        79    803.4062    883.2517     38941.26     856.1111  13.5240   0.0239     9.88    0.265   6.51   3      76.41     2792.765     95.73215
        80    844.6876    893.5157     23979.25     879.0325  14.0504   0.0398    11.49    0.273 -15.38   1      32.58     813.4617     90.42262
        81    370.7342    891.0221     37107.44     804.1823  13.5763   0.0235     9.42    0.257  -7.75   0      80.55     2971.299     96.15506
        82    863.0441    888.2316     94119.82     890.1588  12.5658   0.0103    10.25    0.279 -11.86   0      179.6     7112.353     105.6998
        83    585.4990    887.6147     93100.47       797.92  12.5776   0.0093     9.18    0.126   5.54   3      180.8     7067.859     104.7607
        84    584.4007    877.2510     44159.11     822.5129  13.3874   0.0202     9.99    0.197 -16.25   3      83.13      2849.64     95.63545
        85    472.0147    890.9225     35504.11     946.2968  13.6243   0.0289    10.46    0.229 -17.52   0       61.1     2133.849     94.15485
        86    951.7335    891.6122     5858.592     487.5909  15.5805   0.0904     7.45    0.291 -14.25   0      17.93     731.5124      90.4619
        87    439.9382    890.8786     17327.32     792.2994  14.4032   0.0497     9.30    0.386  43.35   0       28.4     661.2283     89.79253
        88    989.1830    885.2175     195735.6     752.9254  11.7708   0.0042     8.88    0.243  -7.09   0      364.3        17279     125.3194
        89     74.4244    887.4700     10000.48     558.3051  14.9999   0.0606    10.17    0.077  -3.93   0      27.17     1009.593     91.40083
        90    653.5454    886.7902     9815.304     673.4662  15.0202   0.0745     9.81    0.097 -69.80   0      22.04     701.1846     90.63071
        91    349.7717    880.6251     117136.2     716.5386  12.3283   0.0066     8.89    0.236  -6.69   0        237     9947.321     111.6292
        92    739.6802    881.1580     27765.09     726.8069  13.8913   0.0284     9.85    0.231  -4.09   0      59.94     2087.772     93.57073
        93    271.6114    883.3306      11091.9     673.8969  14.8875   0.0660     8.78    0.467 -35.40   0      21.83     793.3846     90.61721
        94    413.2256    881.5938     10613.48     624.1832  14.9354   0.0639     9.91    0.161 -34.86   0      25.13     900.0879     91.12813
        95    298.1780    880.9138      7085.72     484.7433  15.3740   0.0743     9.79    0.436 -74.44   0      22.42     828.0454     90.21377
        96     18.9367    879.1820      32745.4     811.8755  13.7121   0.0269     9.82    0.283  -4.93  16      65.72     2366.534     94.48041
        97    281.9863    879.9884     11551.62     644.6202  14.8434   0.0606     9.35    0.141 -35.95   0      24.63     866.7341     90.80099
        98    629.2195    878.6831     5797.879     504.3317  15.5918   0.0945     6.06    0.244 -10.43   0      17.47     754.9822     90.52084
        99    196.1110    863.1973     180445.1     1019.304  11.8591   0.0061     9.22    0.251 -58.02   2      292.7     11831.73      115.017
       100    216.3818    861.6913     72391.72      814.093  12.8508   0.0122     9.59    0.238  -9.34   3      148.6     5588.639     101.2822
       101    477.2323    871.8771     38269.55     1022.411  13.5429   0.0290    10.24    0.237  -9.86   0      59.87     2046.331     93.70699
       102    129.4023    861.2673       374165     1022.242  11.0673   0.0030    11.95    0.356  29.60   0      526.7     23526.01     136.3409
       103    599.0065    864.8526      41441.5     880.3926  13.4564   0.0231     9.57    0.257  -6.62   0      82.03     3050.278     96.34155
       104    561.7320    868.0688     6827.777     527.3566  15.4143   0.0839     8.24    0.098  22.21   0       19.9     757.5995      90.2821
       105    993.4493    863.6811      23582.9     700.6163  14.0685   0.0323     9.46    0.239  -4.30   0      55.67     2164.006     93.51887
       106    928.4933    862.2123     49056.55     1120.927  13.2733   0.0248    21.76    0.632   2.13   0      66.47     1726.498     92.68909
       107     58.6617    861.2171     11471.05     532.4868  14.8510   0.0504     9.08    0.061  20.22   0      29.78     1159.611     91.53112
       108      2.2893    859.9658     8212.161     321.7635  15.2139   0.0426     7.44    0.516 -86.61  24      33.11     1789.395       92.604
       109    832.6889    855.1724     33445.19     935.1909  13.6892   0.0304    18.52    0.620 -13.00   0      52.17     1749.999     92.50726
       110    874.0925    856.9428     12119.07      578.658  14.7913   0.0519    11.75    0.411 -13.72   0      29.42     1040.678     90.74786
       111    678.7451    856.0306     10054.57     466.3418  14.9941   0.0504    11.95    0.125 -21.22   0      27.47     920.4799     90.69121
       112    363.3771    855.3802     12256.21     632.7173  14.7791   0.0561     9.46    0.184 -22.68   0      31.28     1230.681      92.1898
       113     37.0781    855.9388     4794.865     462.5743  15.7981   0.1048     6.30    0.456  86.55   0      16.98     666.8936     89.80687
       114    519.5537    847.1618     53365.58     719.5188  13.1818   0.0146    10.64    0.199  -1.47   0      114.9     4407.783     99.26926
       115    608.8959    842.6688     208175.8     1023.304  11.7039   0.0053    10.11    0.259 -40.24   0        332     14431.83     119.6748
       116    822.5825    846.5383     12937.84     697.1546  14.7203   0.0585     9.25    0.332 -12.76   0      25.89     1004.425     91.14497
       117    137.3545    844.3710     20127.27     864.6738  14.2405   0.0467    13.03    0.015 -32.86   1      33.82     898.9484     91.36833
       118    993.6001    841.4901     7334.987      534.881  15.3365   0.0792     7.69    0.155   0.49   0      19.75     840.6695     90.73573
       119    938.1640    838.7772     26918.47     883.5652  13.9249   0.0356     9.49    0.201  -7.28   0      47.41     1747.272     93.69167
       120    215.5130    835.7517     33119.92     915.9422  13.6998   0.0300    10.10    0.249  -8.52   0      64.44     2190.913     93.58424
       121    446.1143    836.2544     18053.43     538.3873  14.3586   0.0324    13.32    0.378   1.76   0      42.47     1514.938     91.92795
       122    556.0953    833.5414     17564.41     790.9667  14.3884   0.0489     9.24    0.122 -16.52   0      31.93     1074.164      90.5872
       123    804.1679    817.6166     22687.49     713.6576  14.1105   0.0342    10.40    0.177  12.96   3      50.31     1821.624     93.63531
       124    711.4273    834.0178     8427.288     572.3833  15.1858   0.0738     7.99    0.199  30.56   0      20.12     793.0635     91.10458
       125    852.6303    831.1477     14054.25     646.3603  14.6305   0.0499    11.39    0.275  -4.83   0      34.08      1131.29     91.46077
       126    697.1236    830.5167        24359     817.0235  14.0334   0.0364     8.95    0.199   2.34   0       48.3     1755.212     92.28005
       127     62.9804    830.6967     20516.89      863.493  14.2197   0.0457    10.22    0.125 -37.12   0      35.14     1078.744     90.59869
       128    153.6113    831.6878     8757.055     578.2956  15.1441   0.0717     8.98    0.320 -27.04   0      23.01     915.6094     90.67899
       129    807.5150    830.0256     80360.95     799.1545  12.7374   0.0108     9.10    0.231  -5.01   2      166.7      6672.37     103.8992
       130    936.4031    824.8473     30509.32     876.3015  13.7889   0.0312    16.41    0.500 -19.26   0      53.65     1578.197     92.56464
       131    677.7811    829.2324     21217.78      659.048  14.1833   0.0337     8.86    0.130   1.13   0      49.51     1906.998      93.8423
       132    404.8073    824.4597     31042.84     687.0783  13.7701   0.0240     9.04    0.263 -15.35   0      70.19     2702.539      95.5177
       133    320.2914    825.1984      11351.9     589.7482  14.8623   0.0564     9.71    0.185 -37.08   0      29.78     1085.057     91.34581
       134    511.9617    824.7285     4809.376     436.6866  15.7948   0.0986     7.06    0.299  44.51   0      17.13     742.9128     90.49054
       135    295.0192    821.4576     20458.91     706.6987  14.2228   0.0375    11.87    0.219 -79.20   0      42.06     1339.438     91.97655
       136    440.4158    821.8666     16158.18     759.0774  14.4790   0.0510    11.18    0.237 -24.18   0      31.11     1136.882     91.47466
       137    536.8443    820.8342     12652.15      671.952  14.7446   0.0577    10.66    0.154 -45.97   0      30.84     1086.469     91.59178
       138    611.5626    817.1872     29076.78     923.9835  13.8411   0.0345     9.32    0.198  -6.46   0      50.15     1781.336     93.77427
       139     93.1795    818.3543     9442.423     594.6329  15.0623   0.0684    10.00    0.244 -35.55   0      23.62     916.7591     91.41263
       140    524.9181    815.7121     19180.54     721.0483  14.2928   0.0408     8.67    0.134   4.17   0      45.15     1672.574     92.55677
       141   1022.5883    812.2879     4561.074      299.457  15.8523   0.0713     7.43    0.410 -61.54  24      19.88     1140.147     91.24003
       142    200.1534    809.4133        47399     833.4467  13.3106   0.0191     9.15    0.214  -8.44   0      97.79     3509.021     97.64512
       143    493.2315    804.3685     160517.1     748.1707  11.9862   0.0051     9.19    0.222 -10.90   0      304.4     13239.16     118.1413
       144    947.4565    807.0741     16845.24     714.1276  14.4338   0.0460     8.94    0.203 -14.22   0      38.01     1390.955     91.86266
       145    763.1903    805.7410     16600.63      586.119  14.4497   0.0383    12.45    0.112 -15.91   0      42.49     1523.328     92.66945
       146    603.6350    803.9512     6588.408     511.2368  15.4530   0.0843     8.57    0.350 -52.21   0      19.91     736.0291     90.47324
       147    368.5413    795.4805     19110.55     547.0031  14.2968   0.0311    10.25    0.199   0.38   0      45.58     1589.312     92.11163
       148    569.2368    796.2239     9479.787      596.509  15.0580   0.0683    10.47    0.194  -8.37   0      24.98     872.1159     91.54415
       149    273.1711    788.0763       123323     822.8165  12.2724   0.0072    12.69    0.281   2.39   0      226.2     8472.439     108.1756
       150    428.2486    789.5435     24154.58     612.1201  14.0425   0.0275     9.44    0.255 -12.86   0      58.77      2227.43     94.38047
       151    969.7437    802.8080     92685.36     888.5453  12.5825   0.0104    13.73    0.187  21.63   0      149.8     4328.467     99.31107
       152    638.8440    786.9844     59382.66     697.1852  13.0659   0.0128     9.37    0.212 -12.98   3      130.4     5109.604     101.3021
       153    626.5612    782.5193     84451.16     703.7359  12.6835   0.0090     9.52    0.224   0.37   3      172.3     6590.606     104.1469
       154    693.7534    786.2557     31013.82     898.3007  13.7711   0.0315     9.60    0.209 -18.17   0      56.85     1964.274     93.74464
       155    569.7176    786.4828      9517.39     585.2637  15.0537   0.0668     5.25    0.218 -44.51   0      25.46     1154.059     91.03138
       156     65.3671    787.8607     7704.833     557.3698  15.2831   0.0786     8.76    0.158   3.59   0      21.35     779.8406     90.58324
       157    899.6368    779.5867     268101.2     803.2771  11.4293   0.0033     9.09    0.228  -5.29   0      456.3     22795.14      135.445
       158    122.4028    783.2753     23857.77     872.0351  14.0559   0.0397    11.44    0.290 -31.39   0      44.01     1601.687     92.62229
       159    833.6472    783.0802     16898.88     714.1447  14.4304   0.0459     9.66    0.162   4.88   0      37.76      1304.28     91.40565
       160    494.8983    774.9960     656920.4     944.9647  10.4562   0.0016     9.13    0.217  -9.74   3        852     53126.87     178.8838
       161    490.5642    759.3081     151426.4     810.2684  12.0495   0.0058     9.26    0.240  -3.86   3      279.8     11220.62     113.0208
       162    302.9742    779.8409     37860.46     640.9841  13.5545   0.0184     9.25    0.227  -8.35   0      87.11      3259.69     97.06306
       163     25.3775    778.8580     19322.02     791.4716  14.2849   0.0445     8.80    0.128 -26.70   0      39.29     1469.081     92.29633
       164    789.7053    773.0541     26518.11     925.7526  13.9411   0.0379    11.16    0.136  12.44   0       45.6     1349.599     91.27562
       165    670.1898    773.2883     24269.09     712.6067  14.0374   0.0319    10.25    0.175  -1.47   3      53.85     1982.332     93.07631
       166    656.3638    765.6728     54081.83     821.2092  13.1674   0.0165    15.79    0.482  -8.22   2      92.28     2756.721     95.41438
       167    762.7029    772.6469     14114.16      667.481  14.6259   0.0514    11.67    0.223  -8.95   0      33.02      1138.57     90.74864
       168    175.9776    773.4948     10645.96     565.4734  14.9320   0.0577    10.32    0.068 -44.44   0      28.39     978.7376     90.34747
       169    337.7348    761.3494     55479.66     1187.987  13.1397   0.0233    13.86    0.317 -83.17   0      78.52     2697.593     95.27344
       170     44.0449    770.0828        11106     689.3562  14.8861   0.0674     9.64    0.145  -2.07   0      22.27     749.0816     90.01462
       171    718.7321    768.1515     10181.72     593.9827  14.9804   0.0634    11.31    0.071  31.17   0      27.61     1033.925     91.21851
       172    849.5381    765.2752     20485.69     846.6257  14.2214   0.0449    11.11    0.104  12.27   0      33.91     1135.189     91.47046
       173    133.3618    763.8450     27051.76     566.1838  13.9195   0.0227     9.85    0.227  -6.65   0      65.94     2256.912     94.21634
       174     17.7136    760.7668     255495.2     948.1568  11.4815   0.0040     9.04    0.405  -5.55  18      412.7     18666.58     127.6374
       175    393.5292    762.3077     8226.355     596.0312  15.2120   0.0787     8.62    0.230   8.84   0      21.15     722.8007     90.19446
       176     61.6622    758.2947     29133.68     987.7994  13.8390   0.0368    17.19    0.449  -7.97   0      44.26     1233.218     91.22879
       177    276.5432    757.8984     21631.17      916.118  14.1623   0.0460    13.22    0.323  32.43   0      31.93     863.7742     90.30373
       178   1021.6917    756.8504     11727.42     545.9617  14.8270   0.0506     8.18    0.297 -80.44  24      29.24     1358.328     91.53994
       179    307.8235    759.0837     11571.38     691.9177  14.8415   0.0649     9.21    0.300  -8.69   0      23.33     692.2991     89.87114
       180    860.8243    756.6450     15816.54     767.6912  14.5022   0.0527    11.23    0.166 -22.51   0      29.27     928.9513     91.44293
       181    372.7696    756.2178      10752.6     663.8345  14.9212   0.0670    10.29    0.252 -23.10   3       24.3     843.5298     91.23038
       182    380.9886    750.7217     16493.21     794.1573  14.4567   0.0523    13.03    0.269 -17.48   2       34.1     1143.183     91.49032
       183    528.7526    754.2336     12079.37     683.2155  14.7949   0.0614     9.03    0.260  -6.87   0      26.34     838.6783     90.73074
       184    195.2886    749.2491     72877.98      665.891  12.8435   0.0099     9.03    0.254  -8.41   0      158.7     6054.246     102.5381
       185    249.6039    743.4248     553632.9     919.7877  10.6419   0.0018     9.12    0.201 -11.69   0      760.8      44265.2     167.3791
       186    518.5775    741.8988     18278.81     701.2695  14.3451   0.0417     8.82    0.177 -10.28   0       43.2     1619.699     91.70418
       187     32.2871    740.3423     11249.56     632.3557  14.8722   0.0610     7.99    0.347 -23.34   0      23.09     775.8184     90.08209
       188     75.6288    732.9235      28076.7     678.7845  13.8791   0.0263     9.49    0.237 -15.05   0      66.12     2464.631     94.71608
       189    638.2748    732.9572     14294.63     694.4104  14.6121   0.0528    10.72    0.131 -55.29   0      32.77     1114.493     91.41902
       190    129.5838    732.7113     31780.18     890.4365  13.7446   0.0304    15.61    0.315   0.71   2      61.46     2225.185     93.66743
       191    121.1346    718.9088     76050.48     791.6494  12.7972   0.0113     9.31    0.239 -14.70   2      157.1     5884.493     102.1612
       192    428.3269    728.1265     7062.538     566.9726  15.3776   0.0872     8.38    0.029  49.61   0      20.06     759.5746     90.28707
       193    314.6453    726.0042     15666.59     602.5535  14.5126   0.0418     9.87    0.171  -9.70   0      39.54     1408.295      92.3869
       194    904.7715    727.3012     8564.792     574.3718  15.1682   0.0728     7.24    0.156 -36.80   0      19.51     683.9468     89.35499
       195    497.2976    722.1564     52278.44     688.4526  13.2042   0.0143     9.23    0.227 -11.06   0      115.1     4322.185     98.17361
       196     21.3756    721.7577     13585.86     685.3364  14.6673   0.0548    12.49    0.355 -19.61   0       31.5      1161.97     92.02026
       197    187.7856    718.1598     65342.38     809.3872  12.9620   0.0135    10.03    0.299  -6.88   0      133.4     4948.734       101.16
       198    370.5578    714.0072     96537.24     1009.249  12.5383   0.0114    14.81    0.476  -2.56   0      158.4     4788.997     100.5802
       199    227.9380    715.2280     11528.95     555.9431  14.8455   0.0524    12.08    0.215 -22.64   0       29.9     1066.784     91.05711
       200    895.0814    714.3299      13144.4     444.7589  14.7031   0.0367     8.73    0.165  10.49   0      37.68     1343.759     91.50377
       201    524.0320    712.5424     25446.14     844.0241  13.9859   0.0360    15.69    0.280   2.36   0      51.76     1761.959     92.77599
       202    254.3980    713.2037     10320.34     632.8982  14.9658   0.0666     9.12    0.373 -53.18   0      23.26     850.6908     90.76083
       203    987.7413    703.7696     507822.2     905.3408  10.7357   0.0019     8.85    0.187  -4.92   0      718.8     42894.49     165.2392
       204    765.2651    710.7523     13360.09      473.837  14.6855   0.0385    10.38    0.274   2.12   0      34.97     1311.096     91.90649
       205    332.6475    705.3147     28305.84     799.6135  13.8703   0.0307     9.42    0.256  -9.23   0      60.05     2187.978      93.5771
       206    683.4982    701.2939     73106.04     749.7762  12.8401   0.0111     9.62    0.273 -10.97   0        152     5869.162     101.9097
       207     78.7574    702.5065     15474.85     718.3373  14.5259   0.0504    11.29    0.089 -82.31   0      33.86     1073.396     90.58527
       208    818.4547    699.0764     38227.63     933.9809  13.5441   0.0265    15.45    0.384 -22.89   0      64.68       1867.5     93.03418
       209    464.2666    700.7023     18672.93     753.9698  14.3220   0.0439     9.14    0.145 -11.54   0      42.43     1498.177      91.8865
       210    795.1105    700.0535     19423.71     692.0931  14.2792   0.0387     8.56    0.197 -14.51   0      47.45     1697.183     92.37741
       211    744.6725    700.9557     11021.36     669.7466  14.8944   0.0660    10.41    0.281  18.09   0      25.39     1061.215     91.28648
       212    872.6821    701.3152      6829.22      537.768  15.4141   0.0855     6.76    0.287 -79.39   0      18.94     749.1398      90.2608
       213    338.2889    718.2041     23309.24     735.2811  14.0812   0.0343     8.95    0.236 -12.51   0      52.55     1997.217     93.58779
       214    545.2518    695.7181      7372.33     546.1797  15.3310   0.0805     6.81    0.405  58.88   0      19.47     658.1793     89.78481
       215    384.7089    694.7441     11645.61     644.6533  14.8346   0.0601    10.34    0.057 -13.40   0      27.71     922.4029     90.45116
       216    674.4713    688.9371     21810.68     715.7061  14.1533   0.0356     9.43    0.193  -1.49   0      48.04     1649.412     92.73933
       217    809.0510    722.6011     17058.35     634.4399  14.4202   0.0404    13.95    0.443 -23.92   0      37.03     1233.514     91.71443
       218    996.3842    681.0074     60162.11     924.4288  13.0517   0.0167    10.43    0.264 -22.87   0        107      4175.47     98.73596
       219    367.1643    682.9687     14032.86     740.6885  14.6321   0.0573    12.25    0.353   2.51   0       29.1     1002.367     91.62522
       220    306.5328    682.9325     8149.381     595.0709  15.2222   0.0793     7.78    0.261  -4.85   0      19.81     772.3542     90.31924
       221    817.7294    672.5642     66848.07     669.6508  12.9373   0.0109     9.41    0.289  -7.98   0      147.2     5862.645      102.546
       222    245.3158    671.4153     37410.21      768.306  13.5675   0.0223     9.85    0.258  -0.93   2      77.14     2703.557     95.28767
       223    234.7031    664.4789     18971.36     681.4483  14.3048   0.0390     9.50    0.115 -24.24   3      42.53     1502.014     91.89599
       224    668.5731    671.8596     13443.57     536.4377  14.6787   0.0433    10.26    0.116  -8.97   0      35.01     1141.438     91.72808
       225    115.1180    672.8394     9848.686     621.2329  15.0166   0.0685     9.94    0.211 -53.16   0      24.01     856.8419     90.28629
       226    585.5971    671.4742     12111.83     641.3691  14.7920   0.0575     8.25    0.440 -36.24   0      22.34     838.7802       90.731
       227    328.9624    669.6723     16539.52     617.4216  14.4537   0.0405     9.34    0.138 -25.79   0      39.01     1436.169     92.21526
       228    527.0123    666.5765     13108.09     639.1248  14.7062   0.0530    12.79    0.098   0.94   0      32.61     1221.028     91.92506
       229    275.2935    661.1821     21689.93     965.0574  14.1594   0.0483    14.90    0.452  12.44   2       33.7     892.3547     90.12991
       230    546.5519    660.5170      23525.2     881.4348  14.0712   0.0407    10.32    0.288 -11.92   0      38.83     1357.821     91.53868
       231    835.4586    661.2011     9421.102     608.4503  15.0647   0.0701     8.09    0.263 -29.97   0      21.62     762.7451     90.54033
       232    363.8933    657.9235     5793.521     469.0131  15.5926   0.0879     8.27    0.380 -64.99   0       18.9     700.5384     89.89197
       233    789.8736    653.2432     100999.9     844.0048  12.4892   0.0091    10.12    0.316  -5.84   0      199.6      8045.92     107.2757
       234    700.3738    658.2137     6487.911     495.7753  15.4697   0.0830     6.16    0.224  64.32   0         18     719.8244     90.67744
       235    386.9347    655.7100     15277.73       783.97  14.5399   0.0557     9.88    0.268  18.97   0      27.75      612.253     89.66848
       236    916.0361    654.2891     9932.712     594.8203  15.0073   0.0650    10.07    0.291  -4.12   0      24.81     890.4568     90.37086
       237    761.6252    650.9058     55496.41     1092.695  13.1393   0.0214    15.58    0.552 -25.80   0      90.83     3409.644     96.26849
       238    586.6407    648.3564     63505.18      1023.14  12.9930   0.0175     8.58    0.282  -5.82   1      103.4     3788.841     97.38757
       239    562.3331    646.8802     93473.09     851.1446  12.5733   0.0099     9.47    0.255  -8.47   0      184.4      7317.46     105.3008
       240    108.8031    649.3030     18933.55     711.6824  14.3069   0.0408     9.74    0.185 -15.75   0      43.62     1543.791     92.48013
       241    611.6671    644.9679     68596.65     938.9829  12.9092   0.0149    11.01    0.404 -16.99   0        128     4862.069     100.3039
       242    271.2798    640.1558     197493.8     865.7665  11.7611   0.0048     9.06    0.220  -3.41   3      349.2     15230.59     121.3651
       243    276.6127    623.1664     83093.33     939.5392  12.7011   0.0123     9.66    0.419 -22.76   3        153     5934.677     103.3513
       244    808.1015    639.4382     80792.41     705.7029  12.7316   0.0095     9.03    0.270  -8.24   0      173.7     6842.691     103.8448
       245    925.2954    640.3005     14323.01     734.7654  14.6099   0.0557     9.86    0.172   2.71   0      30.51     1110.272     90.67775
       246    960.5255    639.6323     11704.37     703.8777  14.8291   0.0653     9.48    0.086  83.29   0      25.81     924.7974     90.94621
       247    676.8588    638.3398     19829.21     568.1773  14.2567   0.0311    10.01    0.220 -18.96   0      47.94     1842.437     93.68581
       248    172.3978    638.7994     12436.08     627.5027  14.7633   0.0548     9.45    0.141  -6.84   0      31.46     1149.724     91.50656
       249    532.1671    637.0560     17784.04     708.1906  14.3749   0.0432     8.82    0.152 -10.28   0      41.85     1436.933     91.97633
       250    236.5190    636.3273     30715.76     819.4667  13.7816   0.0290    10.47    0.305  -7.97   0      62.93     2298.531     93.84522
       251     89.3789    636.0959     26208.36     595.4459  13.9539   0.0247     9.46    0.234 -12.13   0      63.25     2229.698     93.44134
       252     34.1422    629.3943     13005.44     685.1439  14.7147   0.0572    11.09    0.373  -9.15   0       28.1     941.2493     91.23073
       253    313.6968    623.7318     91116.38     913.3803  12.6010   0.0109    14.52    0.439  20.88   0      156.2     5011.503     100.2003
       254    590.7915    625.9508      9744.63     628.2946  15.0281   0.0700    10.18    0.212  59.85   0      23.75     807.7358     90.89751
       255    656.8117    625.2752     6217.116     498.9956  15.5160   0.0872     7.30    0.251 -35.10   0      18.64      734.145     90.71333
       256    789.7650    621.3054     21360.06     663.2898  14.1760   0.0337     9.80    0.178 -40.47   0      47.45     1721.815      91.9569
       257    570.5745    621.9306      18750.7     812.0553  14.3175   0.0470    10.94    0.424  -9.36   1      26.67     844.7529     90.74596
       258    557.6008    617.5185        54923     939.2161  13.1506   0.0186    18.63    0.229   1.65   0      105.7     3839.251     98.18513
       259    892.7862    617.4640     20617.79     732.9373  14.2144   0.0386    10.31    0.041 -27.01   2      44.36     1424.838     92.18732
       260    882.1523    616.6270     29399.03     1047.781  13.8292   0.0387    13.74    0.420  -2.94   3      40.51     1305.197     92.37333
       261    716.2541    618.7434     21840.93     630.0204  14.1518   0.0313    18.04    0.585 -12.77   0      41.82     1141.188     91.96892
       262     98.4335    617.5563     12481.27     706.4868  14.7594   0.0615    11.72    0.293  10.55   0       27.5     822.7328       90.935
       263    123.0651    609.2130     177422.8     773.6228  11.8775   0.0047     9.11    0.194 -15.14   0      326.4        13976     119.1788
       264    485.7172    608.2310     168768.3     825.2581  11.9318   0.0053     9.26    0.212 -10.25   0        308     12980.03     117.0748
       265    263.5224    605.3023     66041.72     656.8351  12.9505   0.0108     9.21    0.264  -9.28   0      145.8     5507.902     101.3199
       266    363.0132    603.6127     69013.84     720.6079  12.9027   0.0113     9.28    0.241 -11.42   0      147.4     5576.586     101.9101
       267     32.7611    599.0372     143722.4     773.7559  12.1062   0.0058     9.09    0.240  -8.16   3      273.8     11335.61     114.0325
       268     20.7171    587.2249     65930.26     1101.426  12.9523   0.0181    19.79    0.378 -85.62  19      95.17      1891.37      93.3304
       269    417.5351    599.2838     8887.318     592.5522  15.1281   0.0724     9.62    0.315 -37.74   0       22.5     823.8196     90.44865
       270    956.6801    597.1205     14308.42     785.1027  14.6110   0.0596    10.78    0.029 -16.74   0      28.81     997.0832     90.39361
       271    170.0450    598.3956     8060.286     613.3893  15.2341   0.0826     9.90    0.193  11.53   0      20.19     682.1036     90.58285
       272    381.6489    596.3085     13228.68     709.8583  14.6962   0.0583    12.24    0.394  -9.07   0      27.42     976.3398     90.58659
       273    319.9447    593.1740     16251.24     510.1087  14.4728   0.0341    10.02    0.139  -3.74   0      40.17     1430.029     92.20013
       274    831.7748    590.4541     56660.13     698.6818  13.1168   0.0134     9.55    0.295  -5.97   0      123.4     4693.059     99.92026
       275    440.8539    588.3469     27921.74      1055.37  13.8851   0.0410    15.16    0.161 -86.53   0      36.55     1082.599     91.82402
       276    442.2279    613.2258     17465.78     801.3842  14.3945   0.0498     9.08    0.208 -38.09   0      29.96     1052.106     91.74851
       277    802.0175    589.2067     17597.96     697.8782  14.3863   0.0431    13.68    0.173 -19.04   0      41.16     1437.248     92.21792
       278    998.3380    585.1937     17956.82     709.0284  14.3644   0.0429     9.82    0.225  -6.42   0      39.72     1367.675     92.28692
       279    424.0024    583.5275     12866.62     724.4328  14.7263   0.0611    11.29    0.231 -17.11   0      26.48     863.4981     90.79289
       280    931.3127    597.5239     6965.262     548.0375  15.3927   0.0854     7.95    0.166  47.01   0      19.22     707.1873     89.90878
       281    753.3770    579.1534     22045.02     689.7454  14.1417   0.0340     9.45    0.245  -9.60   0      52.91     1899.463     93.82405
       282    606.6947    579.4409     18003.37     841.3588  14.3616   0.0508    10.04    0.310  66.91   2      29.16      637.394      89.2365
       283    366.5615    580.8367      11975.2     668.4133  14.8043   0.0606     8.35    0.449 -18.59   0      24.38     800.1779     90.63425
       284    663.2061    577.3292     11467.08     589.7926  14.8514   0.0559     9.88    0.192  -1.94   0      30.17     1154.315     91.51797
       285    641.0581    574.5317     91323.66     781.2584  12.5985   0.0093     9.27    0.255  -8.68   0      189.7      7528.32     106.1735
       286    812.2010    565.9510     45974.46     1067.073  13.3437   0.0252    16.04    0.489 -46.81   0      74.84     2516.887     94.84139
       287    219.9807    570.2077     13696.67     603.6497  14.6585   0.0479     9.84    0.176 -29.35   0      34.17      1246.95     91.74773
       288    498.3357    568.4969     18791.07     803.8318  14.3151   0.0465    10.66    0.320 -21.92   0      35.68     1265.724     91.30974
       289    278.1977    564.3629     145209.6     779.1895  12.0950   0.0058     9.37    0.242 -11.90   0      279.8     11731.81      115.205
       290    174.5401    567.4594     9942.527     616.7889  15.0063   0.0674     8.47    0.109 -27.21   0      21.64     849.9104     91.24627
       291    622.7104    565.4877     11714.78     684.7156  14.8282   0.0635     9.97    0.131 -58.05   0      23.58     756.1447     90.27844
       292    946.3550    565.5391     6881.408     551.0295  15.4058   0.0870     7.38    0.539 -18.91   0      18.94     662.3695     90.28802
       293      5.1389    555.8648     13135.38     616.1673  14.7039   0.0509    12.35    0.106 -36.67  18      30.73     1027.288     91.20197
       294    617.8292    552.0345     57508.21     1528.738  13.1007   0.0289    23.54    0.625 -42.67   0      54.56     1013.153     91.65197
       295    258.0645    552.5305     29701.41     744.7366  13.8181   0.0272     9.40    0.251  -8.26   0      68.45     2418.017     94.36945
       296    856.0468    550.3403     12067.51     714.1598  14.7960   0.0643    11.31    0.222  -9.73   0      25.82     815.6519     90.67304
       297    976.8335    549.2421     16816.73     751.1992  14.4356   0.0485     8.82    0.218 -19.07   0      32.42     1206.699     91.88963
       298    449.2714    549.3199     19742.38     810.9666  14.2615   0.0446     9.77    0.073 -73.70   0      28.27     740.3054     89.99245
       299     61.6641    549.8770     8861.138      576.416  15.1313   0.0706     9.08    0.096 -69.48   0      22.95     847.8665     90.50905
       300    234.3002    541.0576     27820.26     727.5866  13.8891   0.0284    18.52    0.273 -53.51   0      51.61     1435.907     91.49027
       301     94.9941    541.0110     12846.62     662.0433  14.7280   0.0560    10.51    0.231  -5.67   0      32.12     1202.168     91.63673
       302      4.0071    537.2222     57081.39     518.4498  13.1088   0.0099     8.53    0.257 -82.11  24      155.9     7121.101     105.5086
       303   1002.1535    538.1722     27785.91     743.4064  13.8904   0.0291     9.24    0.267   0.85   0         62     2337.895     94.88013
       304    915.6343    538.3527     28920.55     851.4955  13.8470   0.0320     9.32    0.179   6.08   0      58.05     2136.968     93.92656
       305    756.8544    531.3128     333813.7     926.3304  11.1912   0.0030     9.37    0.094  -1.27   0      509.5     23962.35     136.5801
       306    405.9479    536.2043     18100.64     658.8143  14.3558   0.0395    10.16    0.266 -14.92   0      42.68     1605.205     92.87003
       307    963.0873    531.1443      38792.9     916.7441  13.5281   0.0257     8.81    0.198  -4.06   2      71.04     2838.411     95.14371
       308    956.9059    522.0960     16675.26     785.7875  14.4448   0.0512    12.44    0.155  73.22   3      31.19      942.368     90.74604
       309    723.2729    534.0747     5067.104     419.9963  15.7381   0.0900     5.32    0.501 -38.39   0      15.75     711.7726     90.16666
       310    612.1517    531.1302     25059.68     896.1746  14.0026   0.0388    10.32    0.045  47.00   0      42.36     1384.019     92.08664
       311     89.6434    527.9528     102624.9     799.9355  12.4719   0.0085    11.20    0.274 -15.77   0      204.5     8136.704     107.6741
       312    592.5543    527.5690     37556.67     733.6507  13.5633   0.0212     9.30    0.227  -4.57   0      80.45     3052.449     96.57658
       313    349.2612    527.2701     37796.68     768.4203  13.5564   0.0221     9.19    0.188 -13.24   0      81.23       2914.5     95.78947
       314    541.0565    524.6066     20061.33     686.6735  14.2441   0.0372    10.73    0.111 -64.94   0      43.52     1530.872     92.68795
       315    446.4196    523.9593     57750.95     941.6682  13.0961   0.0177     9.62    0.186 -13.51   0      104.5     3739.127     98.17924
       316    669.0651    522.6695     14675.78     703.2615  14.5835   0.0520     8.70    0.114 -27.49   2      33.42     1240.034      91.4885
       317    984.6332    522.5875     8253.517     520.5679  15.2084   0.0685     9.62    0.109 -15.36   0      23.69       957.77     91.75655
       318    388.9490    519.5266     6791.619     542.8828  15.4201   0.0868     6.95    0.150 -44.34   0      18.52     730.9295     90.21494
       319    198.6076    505.5033      1845844     1236.423   9.3345   0.0007     9.28    0.205  -9.13   0       1595     144650.9     271.2955
       320    862.0576    514.1258     33179.87     769.2189  13.6978   0.0252     9.31    0.201   5.06   0      70.21     2544.613     94.67384
       321    739.1905    505.6568     151876.2     785.3788  12.0463   0.0056     9.19    0.242 -18.06   0      280.5      11786.4     115.1202
       322    444.0945    507.9769     20019.25     821.9092  14.2464   0.0446    10.79    0.137  20.18   0      36.52     1161.927     90.80712
       323    776.9691    505.9048     17970.95     795.2775  14.3636   0.0481     9.25    0.430 -38.12   0      26.79     703.8582     89.40562
       324    667.8808    503.5235     12671.92     764.5873  14.7429   0.0655    11.33    0.462  56.89   0      25.53     738.1312     89.74017
       325    272.0808    502.4663     37046.85     891.1578  13.5781   0.0261    10.86    0.367  -4.13   3      68.71     2457.369     94.22911
       326    284.5597    502.3685     21570.49      916.103  14.1653   0.0461    10.78    0.033 -29.81   3       34.2     1126.325     91.93217
       327     84.4015    500.9492     12774.74     615.1336  14.7341   0.0523    12.16    0.466  25.79   0      28.82     899.4756      90.8829
       328    476.2205    498.4127      10295.2     577.9412  14.9684   0.0610     9.99    0.213 -29.08   0      27.08     990.6451      91.3537
       329    316.5372    498.5619     10132.12     561.3297  14.9857   0.0602     8.80    0.096   2.55   0      27.65     1002.723     91.14072
       330    140.1297    494.1410     35993.14     859.2086  13.6095   0.0259     9.76    0.298 -19.72   2      74.95     2757.162     95.41544
       331    152.3164    487.2126     15179.94     815.8265  14.5468   0.0584    11.27    0.183 -14.26   3      28.57     809.3898     90.65734
       332    256.7189    492.4790     24137.79     821.0239  14.0433   0.0369     9.81    0.137  -0.41   0      44.14     1475.814     91.58935
       333     31.8095    491.3806      41032.7     863.1139  13.4672   0.0228     9.54    0.197  -5.51   0      78.81     2860.868     95.66213
       334    645.0741    505.1401     24926.28     817.8595  14.0084   0.0356     9.51    0.218 -12.69   0      53.44     1794.822     92.85646
       335    907.0765    485.5664     29254.91     587.2409  13.8345   0.0218     9.00    0.174  -7.79   2      70.36     2366.405     94.48009
       336    359.6611    483.8255     9508.646     645.6193  15.0547   0.0737     8.60    0.189  56.11   0      22.06     752.6049     90.75956
       337    249.2478    481.3996     26347.35     918.4954  13.9482   0.0379    12.27    0.138   0.23   0      35.58     1072.268     91.31399
       338    416.4891    483.6407     9657.385     578.6494  15.0379   0.0651     7.29    0.383  11.01   0      21.27     804.3709     90.15411
       339    704.8553    478.1684     17275.16     479.1949  14.4064   0.0301     9.12    0.157 -24.52   0      45.48      1751.34     92.98878
       340    583.8663    473.0080     9195.405     611.0939  15.0911   0.0722     7.88    0.312 -62.91   0      19.62     680.9536     90.33479
       341    266.5300    472.2530      8266.45     565.4975  15.2067   0.0743     9.30    0.434 -19.03   0      22.25     802.6042     90.39532
       342    632.0330    472.1137      6704.64     548.9403  15.4341   0.0889     7.23    0.377 -35.31   0      18.82     698.1329     90.13228
       343    304.3200    464.2831     52921.72     757.6663  13.1909   0.0155    13.03    0.426 -23.51   0      97.32     3256.524     95.90632
       344    947.3953    469.0294     8916.706      574.511  15.1245   0.0700     7.82    0.236 -23.88   0      20.45      851.352     91.24986
       345    818.4714    464.2201     56287.39      784.543  13.1240   0.0151     9.46    0.276  -6.43   0        123     4933.588     100.6864
       346     99.8180    461.5945      63036.6     805.3044  13.0010   0.0139    13.83    0.273  88.31   0      110.4     2967.925     95.91615
       347    667.3192    467.0721      6629.74     512.3385  15.4463   0.0839     8.41    0.236 -38.91   0      19.37     715.1844     89.92899
       348    221.9447    459.1389     302003.2     827.6832  11.3000   0.0030    10.11    0.221  -6.39   0      494.7     24218.09     137.4897
       349     53.6700    464.1709        42783     840.8035  13.4218   0.0213     9.85    0.326 -14.79   0       85.3     3125.315     96.28835
       350    248.0092    461.8891     5239.939      160.213  15.7017   0.0332     4.30    0.070 -89.14   0      81.77     5352.652     101.1905
       351    766.4970    458.6375       9751.2     545.1384  15.0274   0.0607     9.21    0.150 -34.60   0      27.18     945.9686     90.01897
       352    131.3955    460.5745     6288.143     510.0174  15.5037   0.0881     7.70    0.461 -13.59   0       18.7     743.2801     90.73621
       353    948.2170    457.9332     10805.56     614.4056  14.9159   0.0618    10.03    0.384  -4.74   0      26.12     1073.189     91.31628
       354    180.5394    454.1672     11436.28     499.1505  14.8543   0.0474    12.50    0.208 -12.25   0      29.38         1031     91.21121
       355     88.9451    450.4147      13708.2     705.3109  14.6575   0.0559    11.29    0.118 -25.25   1      27.29     887.2205     91.09603
       356    621.7484    447.1152     17178.07     597.5822  14.4126   0.0378     8.65    0.115  -0.72   0       42.3     1577.039     92.08135
       357    560.3422    447.5647     27144.95      913.245  13.9158   0.0365    12.25    0.302 -15.66   3      34.39     916.0243     90.92428
       358    572.6790    443.2180     32103.59     1040.404  13.7336   0.0352    11.39    0.210  27.95   2      40.78     1315.818     92.15912
       359    382.0960    435.6028     300185.9     860.6893  11.3065   0.0031     9.29    0.139 -12.85   0      491.6     23805.38     136.6436
       360    124.6809    446.1973      6359.25     527.1547  15.4915   0.0900     8.62    0.188 -74.21   0       18.6     608.9516     90.39912
       361     35.9154    445.7470     9274.781     636.8903  15.0817   0.0746     8.71    0.273  52.07   0      20.03     672.0762     89.81998
       362    911.4678    439.3874     8662.564     617.2161  15.1559   0.0774     8.76    0.233  -2.62   0      19.99     662.9698     90.28953
       363    965.0322    435.3167     23891.07     882.7861  14.0544   0.0401    10.90    0.265 -17.94   0      31.55     917.4042     90.68349
       364    759.1030    430.9735      18788.4     736.8981  14.3153   0.0426    10.31    0.245  -0.67   0      41.63     1515.542     91.44568
       365    684.8778    425.9488     46978.96     645.0692  13.3202   0.0149     9.05    0.286 -10.29   0      107.6     4214.158     98.60031
       366    593.1505    428.7805     7676.752     569.1703  15.2871   0.0805     7.38    0.335 -76.64   0      19.07     650.3812     90.74793
       367    772.4201    423.3208     10109.02     497.4325  14.9882   0.0534    11.22    0.332   3.73   0      27.36     1043.917     91.48613
       368    199.3054    421.9515     36400.21      765.114  13.5972   0.0228     9.64    0.263 -17.01   0      78.93     3021.385     95.34747
       369    445.0882    421.1577     26717.33     690.4808  13.9330   0.0281     9.51    0.312 -20.65   0      58.84     2116.192      93.4026
       370    138.8480    422.7609     14387.39     654.1506  14.6050   0.0494     9.31    0.235 -12.11   0      34.33     1249.125     91.51109
       371    407.6409    416.0443     141356.4     816.9957  12.1242   0.0063     9.41    0.238  -8.60   0      267.2     11063.09     113.2924
       372      3.6065    421.9554      5396.25     390.0657  15.6698   0.0785     5.65    0.127 -63.18  16      16.47     684.1205     90.58791
       373    298.1043    414.3463     51485.17     749.1379  13.2208   0.0158     9.60    0.263 -10.04   0      111.6     4090.082      97.8617
       374    879.7416    413.7213     14906.46     842.4985  14.5666   0.0614    11.08    0.241 -60.91   0      24.27     624.2584     89.69891
       375    842.7225    409.4073     26339.72     629.0024  13.9485   0.0259    12.26    0.286  -6.77   0      63.14     2430.648     94.63451
       376    517.5722    408.1832     24625.43     628.3827  14.0215   0.0277     9.59    0.226  -5.91   0      57.74     1973.014     94.00204
       377    667.2432    408.0433     13092.54      637.382  14.7074   0.0529     9.89    0.183  -7.34   0       32.9     1089.655     90.87045
       378    587.3619    405.7611     13720.48     610.9622  14.6566   0.0484    12.76    0.250 -27.23   0      31.35     1029.781     91.20818
       379    188.3882    405.7898     26111.26     1016.437  13.9579   0.0423    15.81    0.529  -4.02   2      37.87     931.7553     90.96359
       380    190.1730    395.7396     15630.68     748.6217  14.5151   0.0520    10.91    0.121 -32.93   3      32.16     1000.078     91.37717
       381    799.5303    405.6785     9496.081     591.8497  15.0561   0.0677    10.11    0.204 -21.46   0      24.08     782.2881     90.09842
       382    987.9733    396.9626     268238.3     809.5037  11.4287   0.0033     8.76    0.222  -5.04   0      456.2     23724.65     136.9958
       383    113.3034    394.5569     173354.2     886.7135  11.9027   0.0056     9.75    0.272   8.60   3      298.7     11729.41     114.0394
       384    106.3901    379.5620     32990.32     1041.663  13.7040   0.0343    18.27    0.534  -2.15   3      49.92     1377.828     92.79116
       385    423.3008    391.7620     93492.51     849.8459  12.5731   0.0099     9.29    0.270 -17.49   2      183.8      7169.81     104.5583
       386    436.8849    381.8737     43862.59     410.5205  13.3948   0.0102    10.65    0.523   8.08   3      220.1     24338.82     137.0434
       387    610.5308    391.6813     36491.46      759.322  13.5945   0.0226    17.62    0.407 -11.46   0      78.16     2949.476     95.40865
       388     89.5110    390.4333      29772.3     802.1066  13.8155   0.0293     9.01    0.260 -14.38   1      62.88     2364.706     94.00535
       389    449.2887    386.4176      31563.5     948.2778  13.7520   0.0326    10.20    0.181 -14.44   0      54.22     1826.439     92.93382
       390     74.0816    382.9861     22273.06      641.512  14.1306   0.0313     9.63    0.284 -14.75   0      55.64     1966.608     93.27598
       391    789.7995    382.0655      14121.4     801.1275  14.6253   0.0616    12.02    0.283 -46.78   0      28.35     826.3276     91.18752
       392    135.0320    382.1508     21801.69     805.3713  14.1538   0.0401    10.00    0.265 -18.92   0      42.99     1528.133     92.44164
       393    926.1675    376.2283     74885.42     837.6053  12.8140   0.0121     9.03    0.265  -5.76   0      151.9     6220.902     103.7653
       394    723.5343    377.8266     13021.89     708.2281  14.7133   0.0591     9.25    0.350 -49.72   0      24.64     855.2426     90.77222
       395    834.7836    377.2272     9818.901      621.222  15.0198   0.0687    10.31    0.373 -28.96   0      24.21     910.4432     91.39693
       396      2.2122    374.9601     8127.335     323.4224  15.2251   0.0432     7.51    0.555 -87.53  24      32.62     1911.915     94.09021
       397    623.9524    371.4389     48348.85      916.694  13.2890   0.0206    10.06    0.296  -7.27   0      93.99     3429.345     96.77441
       398    367.2936    373.0513     8249.771     486.4299  15.2089   0.0640     9.91    0.307 -19.56   0      21.46     748.0815     89.76537
       399     59.3850    372.2980     9672.821     566.0624  15.0361   0.0636    10.85    0.198 -17.32   0      25.94     995.8331     90.63548
       400    945.1503    367.4550     20077.29     748.4904  14.2432   0.0405     8.91    0.172 -16.50   0      45.12     1723.926     93.16012
       401    456.9446    360.1554     421085.2     870.6541  10.9391   0.0022     9.27    0.231 -10.47   0      631.5     34251.05     153.1792
       402    338.4971    362.1497     167837.7     744.4567  11.9378   0.0048     9.08    0.251 -10.45   0      319.3     13817.63     118.3154
       403    514.0020    361.8478     74921.41     701.4423  12.8135   0.0102     9.29    0.263  -8.76   0      160.7     6347.983     103.6161
       404    308.4557    363.7054      38556.4     1043.939  13.5348   0.0294    10.12    0.289  -4.04   0      53.99     1881.705     92.59106
       405    846.7379    359.5024     16696.38     700.7565  14.4434   0.0456    11.32    0.355  -7.89   0      36.18     1297.713     91.38933
       406    641.5627    359.5785     17294.21     821.1553  14.4052   0.0516    11.44    0.280  -4.95   0      33.07       1137.8     92.20139
       407    146.6070    355.7704     69704.74     686.1481  12.8918   0.0107     9.40    0.239 -15.43   0      146.9     5675.609      102.564
       408    713.5186    358.2408     19919.33     851.0463  14.2518   0.0464    13.69    0.334  -2.42   0      36.21     1034.068     90.73131
       409    229.2183    354.7406     59505.93     1009.699  13.0636   0.0184    14.04    0.447 -26.32   0      99.15     3015.653     96.02917
       410   1017.8940    358.4343        11640     573.6575  14.8351   0.0535    11.67    0.330   4.26  16      26.71     863.8629     89.81144
       411    818.5586    355.2692     10081.44     649.2458  14.9912   0.0699     8.91    0.193 -37.80   0      22.06     769.8976     90.55829
       412    614.0176    353.0635     33297.18     899.4949  13.6940   0.0293    11.48    0.296 -10.06   0      61.41     2074.938     93.77635
       413    942.8307    349.0436     55508.95     645.4958  13.1391   0.0126    10.76    0.266  -4.60   0        126     5083.645     101.2438
       414     60.6025    349.7065      44876.9     701.1927  13.3699   0.0170     9.39    0.251 -12.76   0      99.91     3783.116     97.82867
       415    115.5243    346.0867        32533     729.0572  13.7192   0.0243    13.51    0.237  66.29   0      63.21     1869.269     92.79983
       416    395.0122    348.9794     9706.123     479.0761  15.0324   0.0536     9.53    0.221 -22.72   0      27.83     1036.711     91.46823
       417    568.9615    346.5593     18764.55     718.6063  14.3167   0.0416    11.17    0.345 -33.28   0      40.55     1450.714      92.2511
       418    836.4579    345.0967     21039.77     779.2614  14.1924   0.0402     9.68    0.201   8.96   0      45.99     1603.818     92.14742
       419    203.1100    336.8751     204785.8     846.9842  11.7218   0.0045     9.24    0.209   8.73   0      353.9     15558.37     121.7954
       420    424.5703    341.2446     8877.376     611.8824  15.1293   0.0749     9.75    0.268 -27.62   0       22.8     895.8387      91.3606
       421      2.2340    336.1326     8674.229     353.2852  15.1544   0.0442     8.05    0.572 -87.83  24      34.86     1941.509     93.45242
       422    536.3387    335.3788     19792.46      557.325  14.2588   0.0306     9.31    0.284 -14.30   0      49.52     1793.247     93.09115
       423    786.5039    332.5492     28545.26     742.1458  13.8612   0.0282     9.77    0.269  -6.80   2      61.94     2156.217     93.26244
       424    795.7136    322.5716     24681.48     737.9625  14.0191   0.0325     9.48    0.239 -13.15   3      54.33     1945.969     92.98748
       425    229.3997    330.4800     48491.88     770.1385  13.2858   0.0172     9.11    0.262  -9.09   0      103.8     4015.764     98.36766
       426     68.2707    329.4042     10976.12     678.7766  14.8989   0.0672     9.94    0.239 -29.52   0      23.42     831.8062     90.71352
       427    487.3398    322.4105     13035.92     710.5773  14.7121   0.0592    10.49    0.215 -16.92   0       27.3     968.8449     91.29945
       428    351.3100    320.2488     34419.28     644.0814  13.6580   0.0203    13.25    0.458  -0.77   0      70.99     2414.658     94.12604
       429    644.2561    321.6237     12820.81     690.7245  14.7302   0.0585     9.69    0.309 -13.04   0      25.66     946.1134     90.99946
       430    942.6216    312.2563     50327.09     797.5493  13.2455   0.0172    10.31    0.259 -10.06   3      105.8     3950.878     98.21764
       431    949.0906    304.6410      37768.4     737.4849  13.5572   0.0212     9.41    0.268   1.70   3      88.12      3322.92     96.29412
       432    576.3228    310.0257     35299.33     600.7545  13.6306   0.0185     9.11    0.209  -9.29   0      83.49     3153.261     96.35429
       433    158.0609    309.9455     28707.65     911.2032  13.8550   0.0345    16.06    0.511 -37.01   0      50.53     1850.864     93.46928
       434    993.8710    306.1681     13342.08     494.4422  14.6869   0.0402     9.29    0.305 -10.09   0       36.8     1495.832     92.36219
       435    120.2290    306.0744     11429.07      646.295  14.8550   0.0614    10.21    0.165 -38.08   0      26.72     935.1489     90.97207
       436    849.9084    301.0732       113298     849.9233  12.3644   0.0081     9.05    0.261  -7.34   0      223.3     9512.525     109.9364
       437    326.6492    303.3953     10034.67     562.2772  14.9962   0.0609     7.97    0.257 -21.76   0      26.54     949.3677     91.00758
       438    139.7677    295.8562     45012.64     960.7737  13.3667   0.0232     9.99    0.190 -34.52   0      83.54     2921.581     95.57451
       439    803.9728    289.7551     86516.33     765.5076  12.6573   0.0096     9.12    0.260  -6.49   0      176.3     7314.559     106.1337
       440     40.0337    291.9098     31277.27     787.1873  13.7619   0.0273     8.97    0.259 -15.75   0      69.88     2647.278     94.45154
       441   1000.7886    288.4998     126118.9     758.4011  12.2480   0.0065     9.04    0.369 -18.44  16      243.4     10763.62     112.8867
       442    742.3568    291.8963     20601.41     743.4474  14.2153   0.0392     9.53    0.246  -9.48   0      45.09     1560.994     91.55857
       443    336.0626    291.3636     8472.258     600.7574  15.1800   0.0770     8.83    0.338 -31.49   0      20.83     797.9221     90.62859
       444    880.4094    287.2645     16968.46     704.7891  14.4259   0.0451     9.43    0.230 -12.17   0      38.69     1487.399     92.34143
       445    466.6987    287.7676     12977.69     741.1131  14.7170   0.0620    10.76    0.184 -21.12   0      27.13      922.139     89.95879
       446    510.8022    287.2145     11110.98     654.7072  14.8856   0.0640    10.55    0.148  33.13   0       25.9     804.6162     90.64538
       447    668.9275    296.7531     12575.08     626.6689  14.7512   0.0541     9.56    0.143  32.91   0      30.56     1048.503     91.25482
       448    122.4384    283.4719      57881.3     696.6956  13.0937   0.0131     9.58    0.289  -9.76   0      130.7      5138.65     100.9287
       449    943.3416    282.0845     45652.51     611.9501  13.3513   0.0146     9.11    0.291  -6.44   0      107.9     4254.756     98.46888
       450    581.9114    279.6147      12214.5      457.805  14.7828   0.0407     9.88    0.244 -11.77   0      33.28     1247.186     91.26359
       451     51.5428    275.7447     42576.36      712.999  13.4271   0.0182     9.80    0.272  -9.96   0      95.01     3570.766     97.78873
       452    444.4173    271.5315     144260.1     737.9753  12.1021   0.0056     9.21    0.249  -8.01   0      279.5     11900.74     115.3457
       453   1022.2524    272.9962     19235.75      522.165  14.2897   0.0295     7.68    0.158 -87.59  27      59.48     2911.204     96.01292
       454   1021.0251    263.1472     43633.03      866.362  13.4005   0.0216    14.71    0.383 -49.76  27      65.33     2273.746     94.25694
       455    717.2514    269.1604     9989.875     608.6627  15.0011   0.0662    11.07    0.247 -39.76   0      26.47     1024.101      91.4369
       456    295.6494    265.5590     85215.97     670.9157  12.6737   0.0086     9.45    0.300 -10.80   0      181.9     7320.061     105.9363
       457    368.4103    266.8674     23151.63     702.0577  14.0885   0.0329     9.67    0.269 -18.96   0      52.63     2088.892     93.81016
       458    148.7689    259.3802     159064.5     793.0689  11.9961   0.0054     9.52    0.279 -12.23   0      297.9     12930.64     117.5463
       459    668.7499    273.6103     37165.38     659.4998  13.5747   0.0193     9.47    0.259  -7.12   0      83.55     3096.615      96.4508
       460    397.3001    289.3276     62853.32     754.7858  13.0042   0.0130    10.19    0.288  -5.92   0      131.1     4829.265     99.11707
       461    643.0706    260.0492     20585.44     585.7721  14.2161   0.0309     8.71    0.211 -12.69   0      51.45     2010.472     93.61998
       462    198.5440    251.8304     368990.3      877.407  11.0825   0.0026     9.21    0.228 -13.76   0      568.9     29541.86     145.8731
       463    905.2341    259.0491     8222.135     546.5333  15.2125   0.0722     8.46    0.173  13.10   0      22.22     954.0923     91.01939
       464    998.0962    254.1508     48668.02     950.0369  13.2819   0.0212     9.49    0.270  -2.39   0      89.09     3540.927     96.57793
       465    411.5806    256.8708     10621.86     637.3708  14.9345   0.0652    10.32    0.363  10.90   0      23.78     803.0595     90.88582
       466    373.9346    250.4171     115177.5     733.5131  12.3466   0.0069     9.17    0.243  -9.27   0      231.9     9711.891      110.749
       467    583.2527    247.9373     251929.3     870.4378  11.4968   0.0038    10.06    0.332   5.31   0      422.7     19524.23     129.3271
       468    664.3014    249.4929     56488.92      684.192  13.1201   0.0132     9.23    0.292  -8.15   0      126.3     4893.058     99.70908
       469    495.0698    275.2018     13084.49      658.767  14.7081   0.0547    11.79    0.290  -5.48   0      30.89     1134.536     91.71098
       470    168.4014    246.3843     35384.83     1064.295  13.6280   0.0327    16.49    0.546  -7.18   1      44.92     1433.794      92.2094
       471    621.4168    243.5379     28151.32     666.4452  13.8763   0.0257     9.38    0.259  -9.66   0      67.64     2588.732      95.0134
       472    541.2202    243.6634     19395.32     854.8069  14.2808   0.0479    11.48    0.167  12.66   2      35.58     1011.653     91.16299
       473    539.7445    234.7511     14155.49     739.2275  14.6227   0.0567    10.75    0.100  59.10   3      27.02     987.2137     91.34516
       474     46.6648    242.2462     9930.987     631.0035  15.0075   0.0690     8.74    0.296 -40.09   0      22.68     925.5063     90.94798
       475    794.1706    238.9035     11980.08     581.4711  14.8039   0.0527    10.63    0.154  38.43   2      32.42     934.4531     89.98989
       476     70.7857    236.8161      11469.1     694.2841  14.8512   0.0657    10.14    0.205 -69.66   0      25.05      841.143     90.73692
       477     98.7618    233.8155     14833.96     655.9982  14.5719   0.0480     9.13    0.237  -9.89   0      34.96     1300.139     92.60069
       478    271.0785    234.3257     5605.997     453.2909  15.6284   0.0878     5.74    0.192 -56.79   0      16.32     719.8533     89.69387
       479    709.3773    220.8457      1037412     1052.111   9.9601   0.0011     9.17    0.225  -6.54   0       1139      87510.7     218.4426
       480    184.3749    229.4586     12520.83     700.1932  14.7559   0.0607     9.98    0.240   4.92   0      24.35     811.8214     90.66344
       481   1011.3096    227.0728     20800.25     519.6544  14.2048   0.0271     8.71    0.282  -6.62  16      53.93     2117.051     93.40469
       482    831.7502    228.0624     10982.77     690.1194  14.8982   0.0682    10.30    0.314 -25.64   0      23.34     979.0054     91.08157
       483    395.3423    219.4920     247272.1      899.317  11.5171   0.0039     9.66    0.162  31.72   0      397.6     16952.88     124.3704
       484    325.7275    226.1086     28174.27     549.7485  13.8754   0.0212     5.09    0.231  -9.29   0      72.01     2933.342     95.37021
       485    935.8085    225.4908     21779.54      707.907  14.1549   0.0353    14.41    0.302  -9.74   0      50.21      1928.32     93.42033
       486    219.1834    221.9673       178340     792.3004  11.8719   0.0048     9.29    0.272 -10.04   0      332.2     15135.29     121.9163
       487    443.0066    224.1241     16874.44      719.551  14.4319   0.0463     9.15    0.200  -6.50   0      37.43     1362.817     91.79301
       488    461.3541    220.9017     18308.89     779.8876  14.3433   0.0463     8.63    0.164  -5.93   0      32.91     1195.901     90.64778
       489    917.6855    219.0517     26472.42     833.7272  13.9430   0.0342    10.90    0.324  -6.30   3      51.54     1850.507     92.75386
       490    924.0953    211.4693     43403.38     968.4415  13.4062   0.0242    10.36    0.184  -6.10   3      78.13     2833.133     94.89769
       491    623.0813    219.8390     9684.582     591.9221  15.0348   0.0664    10.62    0.250  -2.22   0      25.28     942.5629     90.74653
       492    273.2261    185.3669     27685.58     923.6412  13.8944   0.0362    11.73    0.123   2.76   3      42.63     1559.108     92.99594
       493    277.5943    209.1067     42761.71     697.3337  13.4224   0.0177     9.54    0.297  -9.58   3      92.73     3449.112     97.04961
       494    280.4997    199.0726     64400.47     793.2057  12.9778   0.0134     9.87    0.207 -24.07   3        125     4535.786     98.44183
       495   1000.2931    210.2113     9038.233     591.6738  15.1098   0.0711    10.58    0.138  24.61   0      23.25      816.674     90.67561
       496    838.1066    210.8900     5580.666      509.702  15.6333   0.0992     6.76    0.196  59.16   0      17.09     716.9781     90.17979
       497     39.1797    204.9187     38185.27     714.7078  13.5453   0.0203    11.22    0.312 -35.16   0      78.05     2744.173     95.61671
       498    495.4032    202.3717     32653.64     1035.718  13.7152   0.0344    18.41    0.364  -0.47   0      51.63     1368.786     92.52964
       499    526.1398    220.2395     35347.48     851.2576  13.6291   0.0262    10.62    0.341 -13.51   0      71.02     2638.572     95.13255
       500    750.8481    197.2670     25579.73     886.3539  13.9803   0.0376    10.97    0.323 -16.70   3      47.86     1760.715     93.01169
       501    748.1837    190.3727     28974.21     936.4749  13.8450   0.0351    14.97    0.189  -0.66   3      46.51     1682.132     93.29611
       502    985.2172    194.0293        15857     735.2398  14.4994   0.0504     9.74    0.264 -19.84   0      33.36     1255.766     92.25163
       503    359.6313    193.7557     12409.06     612.2879  14.7657   0.0536    11.89    0.267  -8.52   0      29.93     1058.938     91.76543
       504    184.9411    189.9502     61066.08     920.4441  13.0355   0.0164    16.31    0.299  30.38   0      104.1     2803.643     95.52608
       505      1.9597    191.4377     5125.578     357.2575  15.7256   0.0757     7.07    0.599  89.92  24      18.77     1066.876     91.30057
       506    926.2307    189.0512     19882.55     591.1537  14.2538   0.0323    10.21    0.326 -23.51   0       44.8     1578.867     92.56628
       507    641.6884    191.3485     4516.816     450.2886  15.8629   0.1083     6.57    0.487 -82.54   0      16.39     700.7332     89.89246
       508    623.4334    191.5481      6645.69     507.9985  15.4436   0.0830     7.70    0.090  -1.08   0      18.91     745.1232     90.49609
       509    592.3445    189.9725      15639.4     577.1643  14.5145   0.0401     9.43    0.211 -16.58   0      39.68     1502.191     92.37783
       510    129.4707    184.8892     20111.53     847.8342  14.2414   0.0458    10.71    0.526 -57.58   0      27.47     812.4282     90.17442
       511    221.3041    183.5513     31785.19     821.7898  13.7444   0.0281    10.26    0.259  -3.99   3      68.13     2455.841     93.98976
       512    212.2401    175.1829     30779.38     780.6776  13.7794   0.0275     9.50    0.182  -3.06   3      66.27     2477.634     95.44691
       513   1021.3113    181.8972     10264.42      402.649  14.9717   0.0426     7.83    0.016 -30.68  24      33.31     1525.676     91.95449
       514    877.7636    180.9003     13370.11     747.9351  14.6847   0.0608    11.92    0.605  27.13   0      25.98     728.4996     89.22002
       515    255.6572    176.9156       103124     774.7285  12.4666   0.0082     9.41    0.278  -9.73   0      209.7     8654.192     108.1474
       516    341.4212    171.0827     684906.8     949.9225  10.4109   0.0015     9.22    0.226 -10.63   0      879.5     56253.29     182.6915
       517    144.7874    177.2875     41939.84     1068.292  13.4434   0.0277    12.05    0.356 -14.88   3      52.17     1825.269     92.93095
       518    156.8977    174.0633     26250.62     854.0349  13.9522   0.0353    10.95    0.265 -16.14   3      46.98     1672.984     92.31786
       519    740.4756    177.1803     14108.62     759.1942  14.6263   0.0584    11.56    0.359  -0.10   0      26.45     910.0192     91.15289
       520    950.5533    177.0919     6463.825     483.3058  15.4738   0.0812     7.65    0.178  -8.05   0      19.91      875.043     90.33209
       521     91.1166    172.1942     62173.82     961.3706  13.0160   0.0168     9.97    0.330  -9.50   3      112.1     4200.507     99.01781
       522     77.5372    163.0635     148255.7     866.2893  12.0725   0.0063     9.24    0.245 -10.08   3      276.8     11850.51     114.8612
       523    755.3015    165.9884     16013.68     774.2217  14.4888   0.0525    10.46    0.129  36.14   0      29.36     906.3033     90.89998
       524    556.8802    167.0997     6552.863      511.221  15.4589   0.0847     6.06    0.497  -8.89   0       16.9     691.0737     89.62092
       525    121.1013    165.5790     9133.594     566.8249  15.0984   0.0674     6.99    0.400  20.65   0      21.36     723.8807     89.70407
       526    681.0355    155.7327     235314.2     834.7955  11.5709   0.0039     9.61    0.307  -1.63   2      399.8     18284.95     127.1306
       527    661.2008    156.1174     44185.52      707.268  13.3868   0.0174    10.30    0.344 -13.00   3      91.58     3427.709     97.22784
       528    961.1802    161.0191     18587.21     533.4408  14.3270   0.0312     8.21    0.187 -12.29   0      48.91     1947.072     93.93931
       529    905.1990    162.6589     7197.777     538.9535  15.3570   0.0813     9.14    0.230  42.76   0      20.93      746.101     90.74327
       530    375.0355    159.4577      17346.1     706.4822  14.4020   0.0442     9.40    0.297 -15.96   0      40.14     1381.672     92.08085
       531      3.4467    158.8222     11553.97     443.9454  14.8432   0.0417     8.64    0.274 -66.70  24      36.35     1583.474     93.05547
       532    613.0731    156.5253     17749.81     590.3333  14.3770   0.0361     9.00    0.271 -11.47   0      43.44     1715.208      92.6614
       533    590.4464    156.0090      12412.6     684.1373  14.7653   0.0599    12.73    0.549  42.51   0       27.2     825.2235     91.18477
       534    375.0086    170.5999     8098.466     180.3106  15.2290   0.0242     0.84    0.182 -89.67   0      90.91     7564.487     106.2509
       535    835.8369    147.3653     30149.17     617.9412  13.8018   0.0223     8.96    0.259 -10.69   0       72.5     2798.707     95.74625
       536    281.5700    150.1648     6534.382     482.1905  15.4620   0.0801     9.26    0.356  -3.52   0         20     825.5563     91.18559
       537    505.8973    145.8137     9923.785     547.2404  15.0083   0.0599    10.56    0.301 -12.50   0      27.26     1068.495     91.06138
       538    218.7959    142.9193     14572.96      466.166  14.5911   0.0347     9.28    0.188  -9.79   0      38.88     1456.296     92.50491
       539     18.8400    140.2443     36260.53     859.9243  13.6014   0.0258    11.35    0.314  -1.88  19      65.15     2341.221     94.18432
       540      3.8622    134.3339     57120.39     519.5351  13.1080   0.0099     8.56    0.261 -79.53  26        157     7321.437     105.7297
       541    547.4085    142.7927      8239.92     541.4446  15.2102   0.0714     9.30    0.454 -24.51   0      23.01     968.6271     91.05566
       542    380.4062    140.3967     7834.396     579.8484  15.2650   0.0804     9.11    0.062 -22.49   0      20.94     779.1277     90.58144
       543     98.7607    137.0265     2977.046     160.4634  16.3155   0.0585     1.25    0.096   4.77   0      39.67     2933.906     96.29722
       544    644.2422    130.6353     80701.86     898.5278  12.7328   0.0121     9.11    0.300 -10.56   0      152.8      6209.82      103.527
       545    343.0771    132.1337     21369.52      665.796  14.1755   0.0338    11.27    0.238  17.32   0      44.11     1405.764     91.65764
       546    529.5690    132.5148     9129.207     534.6068  15.0989   0.0636    10.71    0.117 -18.60   0      26.46     1082.066     91.09524
       547    506.6075    127.2015     10654.26     644.3038  14.9312   0.0657    10.03    0.243  -8.29   0      24.82     935.4821      90.9729
       548    775.3871    121.6225     69909.59     833.5979  12.8887   0.0129    10.06    0.317 -16.58   0      139.2     5563.479     102.0983
       549    231.7606    123.5383     19856.17     749.9034  14.2553   0.0410    13.99    0.481 -15.45   2      36.94     1319.394       91.927
       550    715.5333    117.1728     93770.63     1148.451  12.5698   0.0133    23.78    0.582  -9.76   0      129.7     2988.397     95.96464
       551    299.0388    122.5508     10310.06     644.1823  14.9668   0.0679    10.69    0.221 -70.48   0      24.84      891.762     90.86361
       552    680.0092    124.0264     9015.086     551.9089  15.1126   0.0665     7.10    0.162  65.27   0      21.03     888.7589     91.09987
       553    523.3279    113.6318      25122.3      962.415  13.9999   0.0416    14.61    0.400 -56.36   0      40.74     1160.677     91.53377
       554    121.8002    113.9442     18276.81     742.7364  14.3452   0.0441     9.42    0.296 -11.84   0      42.41     1669.128     92.78763
       555    912.4074    108.7230     33214.89     815.4138  13.6967   0.0267     9.74    0.311 -18.47   3      71.33     2764.622      95.4332
       556    930.4185     95.1179     211434.5     1105.268  11.6871   0.0057    10.46    0.233  -8.06   2      325.7     13901.47     119.0366
       557    557.5143    108.1841      28827.2     657.4639  13.8505   0.0248     9.24    0.218 -26.64   2      66.97     2589.228     94.78088
       558    562.1346     97.1698     12433.25     721.9967  14.7635   0.0631    10.52    0.348 -20.34   3      26.24     808.5307     90.65519
       559    998.2972    108.3505     23567.65     671.5182  14.0692   0.0309     8.95    0.292  -4.85   0      55.83     2253.002       93.498
       560    593.3470    106.8381     20695.69     503.3488  14.2103   0.0264     9.49    0.260  -9.49   0      53.38     2076.013     94.01514
       561    416.6807    107.6959     3397.794      300.424  16.1720   0.0960     1.64    0.173 -42.46   0      17.43     1578.524     92.08501
       562    291.4368    105.7765     10584.68     636.4871  14.9383   0.0653    10.33    0.261 -39.17   0      24.91     882.4859     91.56989
       563    394.4917    105.7447     8068.307     551.5189  15.2330   0.0742     7.16    0.497 -24.28   0      19.35     739.6816     89.99088
       564     43.2296    104.5865     7627.343     562.2902  15.2941   0.0801     8.91    0.346 -41.58   0      20.68      796.778     91.11384
       565      3.1697    104.9716     4601.829     345.8796  15.8427   0.0816     6.74    0.127 -85.85  24      17.63     869.8873     91.29602
       566    497.1013    101.5024     18300.29     802.3121  14.3439   0.0476     9.94    0.300  -0.56   0      33.05     1139.169     90.26006
       567    817.8366     98.5593     48664.25     692.8826  13.2820   0.0155     9.24    0.297  -7.45   0      111.7     4702.699     99.94218
       568     20.8292    100.5906     16140.28      642.795  14.4802   0.0433     8.60    0.230 -19.82   0      39.95     1602.475     92.86336
       569    783.0275     89.2684     677592.6     970.1368  10.4226   0.0016     9.08    0.256 -10.45   0      867.5      58336.9     185.3851
       570    675.2667     98.2882     9866.117     610.4357  15.0146   0.0672    11.69    0.537 -82.91   0      22.87     601.6199     89.64153
       571    512.6685     89.2606     313392.8     819.3812  11.2598   0.0028     9.07    0.241 -10.03   0      514.1     27003.95     141.8639
       572    214.0541     92.4174     65551.45     662.5494  12.9585   0.0110     9.33    0.278  -8.81   0      144.6     5971.009     103.0015
       573     83.2181     93.0074     38747.18     1273.204  13.5294   0.0357    21.42    0.553  -3.80   0      47.41      1130.26     91.45821
       574    297.5831     91.8695     60585.89      696.782  13.0441   0.0125    10.05    0.338  -9.61   0      130.5     5058.694     100.9684
       575    961.3226     86.1432      15850.2     780.5926  14.4999   0.0535    10.95    0.338  -6.59   2      31.59     1060.573      91.0416
       576    617.9965     79.1828     7633.118      574.003  15.2932   0.0817     7.93    0.254 -45.97   2       20.5     752.8221     90.51543
       577    557.5628     76.5138     30477.45      861.618  13.7901   0.0307    11.29    0.368 -34.86   0      55.63     1928.378     92.94447
       578    122.0562     76.7701     24032.29     533.6819  14.0480   0.0241     8.95    0.269 -13.51   0      60.86      2354.02      94.4503
       579    880.4297     78.2365     13963.53     727.8303  14.6375   0.0566    10.29    0.273  -0.02   0      25.81     917.6505     91.41484
       580    745.5759     74.6412     70664.38       708.72  12.8770   0.0109     9.43    0.322  -6.07   0      155.2     6465.598     104.2999
       581    870.0160     75.6460     14039.23     706.2031  14.6316   0.0546    11.52    0.358  16.29   0       28.7     1146.157     91.98119
       582    258.5052     75.4490     14590.83     683.2394  14.5898   0.0509     9.12    0.249 -11.01   0      35.11     1359.364     91.29993
       583    941.5772     75.8317     7358.061     516.9693  15.3331   0.0763     8.62    0.194  20.30   0      22.12     986.1512     91.58499
       584    723.2060     74.9862     21310.42     852.7192  14.1785   0.0435    11.43    0.342   3.17   0      31.45      882.569     90.84061
       585    449.6620     70.9099     28177.41      922.561  13.8752   0.0356     9.87    0.223 -19.62   2      43.49     1559.479       92.038
       586     88.4378     67.9255      80275.2     681.5535  12.7385   0.0092     9.09    0.254 -12.15   0      171.7     7108.301     105.2706
       587    709.0986     70.7043     14663.69     661.8297  14.5844   0.0490     6.62    0.088  12.12   0      27.29     888.8016     90.12095
       588    841.4222     66.5894     10591.22     628.6007  14.9376   0.0645     8.98    0.190 -19.12   0      25.88     1041.191     91.47935
       589    812.3931     66.0182      18732.1     669.8796  14.3185   0.0388     9.35    0.256 -11.58   0      47.74      1854.22     93.23989
       590    264.6707     65.9543     12445.56     704.1169  14.7625   0.0614     9.20    0.340 -11.94   0      24.35     847.1686     90.75201
       591    383.8950     62.6095     4953.513     439.2931  15.7627   0.0963     5.34    0.423  81.06   0      16.08     693.7327     90.36694
       592    565.7225     57.3611     62578.38     1207.389  13.0089   0.0210    22.89    0.555   4.91   2      79.45     2551.333      94.9239
       593    577.6468     53.8969     15347.42     719.0685  14.5349   0.0509    10.38    0.206  -0.40   3      33.85     1260.947     91.05461
       594    975.2619     59.8926     14692.07     752.7689  14.5823   0.0556     9.04    0.156  -6.12   0       29.1     1142.608     91.00278
       595    467.0876     66.6511     38863.33     882.2441  13.5261   0.0247     9.22    0.243 -16.97   0      71.19     2633.504     94.65298
       596    813.7932     49.0462     45920.92     1015.957  13.3450   0.0240    17.93    0.590 -20.73   0      68.64     2338.553     94.88171
       597    642.5253     51.1942     15184.83     757.3231  14.5465   0.0542    11.66    0.363   5.34   0      29.81     1141.686     91.24387
       598    189.5180     52.1998      12118.2     517.9885  14.7914   0.0464     8.45    0.092 -20.19   0      31.14     1212.842     91.90482
       599    565.5925     43.4002     28470.32     865.5838  13.8640   0.0330     9.13    0.243 -11.21   1      50.56     1881.228     93.30569
       600    436.9769   1012.7283     42522.06     730.6484  13.4285   0.0187    10.00    0.304  -5.66  16       93.1     3442.458     97.26231
       601    486.9277     40.3352      86577.2      793.269  12.6565   0.0100    14.67    0.488 -14.66   0      155.8     5161.708     100.7607
       602    209.8875     44.3477     10125.61     676.8554  14.9864   0.0726     9.37    0.202 -49.29   0      21.83     737.6545     89.98576
       603    356.5880   1011.3708     76327.09     726.7354  12.7933   0.0103    11.17    0.399  -2.45  16        149     5391.135     101.7139
       604    232.5022     47.0962     50066.96     681.2421  13.2511   0.0148     9.21    0.275 -14.24   0      113.8     4366.546     98.50166
       605    606.9691   1015.8171     10404.38     575.0992  14.9570   0.0600     6.89    0.555   2.13  16      22.99      709.441     90.89573
       606    179.7862     37.1525     11330.81     553.8636  14.8643   0.0531     9.07    0.176 -18.47   0       30.9     1292.929     92.34314
       607    565.1528   1014.9631     6803.013     517.7971  15.4182   0.0827     3.50    0.176 -24.23  16      19.01     927.7477     90.95358
       608     62.0059     31.9920      16702.2     722.5724  14.4431   0.0470    10.92    0.284 -13.87   0      36.26     1307.829     91.89841
       609    392.7782     26.3605     10210.29     607.8335  14.9774   0.0647    10.05    0.243  -3.88   0      26.25     1054.749     91.75506
       610    750.6710     25.0670     5018.061     434.2491  15.7487   0.0940     5.73    0.185  35.04   0       16.3     753.3371     90.27137
       611    580.1007   1012.8114       8495.9     625.1878  15.1770   0.0799     8.94    0.308 -66.17  16      20.23     671.0821     90.30995
       612    917.9165     22.2553     7364.433      597.561  15.3322   0.0881     8.60    0.175 -16.18   0       18.2     666.9641     89.80704
       613    300.2969     33.2029     9437.323     512.5017  15.0629   0.0590    10.67    0.361 -18.32   0      25.51     938.7886     90.98116
       614    131.7276   1012.3548     10490.81     646.8228  14.9480   0.0670     8.47    0.052  24.36  16      21.25     757.8712      90.5281
       615    101.5726   1009.2804     9382.573      624.623  15.0692   0.0723    10.08    0.169 -55.55   0      23.62     874.8457     90.82129
       616    699.1740   1006.3060     10741.09     664.6652  14.9224   0.0672    10.01    0.225 -11.21   0       24.6     911.9631     90.17934
       617   1014.3055   1004.3412     7132.176     479.0123  15.3669   0.0729     9.56    0.284 -22.55  16      20.89     774.1152     89.83126
       618    801.0902    999.8350     23992.33     887.8223  14.0498   0.0402    12.57    0.340  83.08   0      41.04      1290.61     91.37167
       619    372.8053   1000.6079     27303.29      895.506  13.9095   0.0356    11.60    0.355   2.58   0      46.48     1603.379     92.62644
       620    617.0299   1000.7306     7500.751     512.7247  15.3122   0.0742    10.20    0.225 -21.54   0      19.42     596.8921     90.12305
       621    868.2606    998.2789      23325.3     841.4785  14.0804   0.0392     9.46    0.245  -1.36   0      43.17     1432.672     91.72434
       622    649.2729    995.1007     17410.23     807.5712  14.3980   0.0504    11.55    0.318 -27.05   0      29.75     1044.416     90.02116
       623    676.0849    990.8015     144127.4     821.1492  12.1031   0.0062     9.04    0.266  -7.45   0      274.8     12017.59     115.7674
       624    390.1255    988.1317     70739.58     658.4587  12.8758   0.0101     8.82    0.228  -7.74   0      155.8     6147.113     102.9594
       625    293.3871    989.3893     30857.62     674.8031  13.7766   0.0237     8.97    0.236  -4.14   0      70.29     2617.058     95.08113
