#   1 NUMBER                 Running object number                                     
#   2 X_IMAGE                Object position along x                                    [pixel]
#   3 Y_IMAGE                Object position along y                                    [pixel]
#   4 FLUX_AUTO              Flux within a Kron-like elliptical aperture                [count]
#   5 FLUXERR_AUTO           RMS error for AUTO flux                                    [count]
#   6 MAG_AUTO               Kron-like elliptical aperture magnitude                    [mag]
#   7 MAGERR_AUTO            RMS error for AUTO magnitude                               [mag]
#   8 FWHM_IMAGE             FWHM assuming a gaussian core                              [pixel]
#   9 ELLIPTICITY            1 - B_IMAGE/A_IMAGE                                       
#  10 THETA_IMAGE            Position angle (CCW/x)                                     [deg]
#  11 FLAGS                  Extraction flags                                          
#  12 SNR_WIN                Gaussian-weighted SNR                                     
#  13 FLUX_APER              Flux vector within fixed circular aperture(s)              [count]
#  14 FLUXERR_APER           RMS error vector for aperture flux(es)                     [count]
         1    949.0154     93.4930     198859.3     1102.144  11.7536   0.0060    10.02    0.222  -7.23   2      309.2     15197.29     126.4752
         2    764.1343     72.7519     68015.93     686.3242  12.9185   0.0110     8.75    0.313  -4.64   0      148.6     7021.115     111.2807
         3     35.5355     38.5095     48372.71     1004.339  13.2885   0.0225    21.60    0.526 -24.08  18      65.89     1963.642     99.90337
         4    505.3287     38.4982     88726.21      867.064  12.6299   0.0106    14.16    0.534 -14.63   0      152.3     5698.119      107.584
         5    355.6947     34.3695     65839.31     895.0524  12.9538   0.0148     8.97    0.315 -10.49   0      133.8      5876.94     107.9611
         6    411.0307     24.6499     12476.11     683.0581  14.7598   0.0595    10.44    0.092 -25.27   0      28.66     1103.016     98.71822
         7    462.8712     18.0169     49889.72     814.8857  13.2550   0.0177    12.82    0.276  43.56  16      84.06     2820.084     102.5952
         8     69.9249     17.4261     16703.96     703.1758  14.4430   0.0457    10.99    0.385 -16.79  16      39.72     1643.597      99.6949
         9     44.5403     17.0056     7285.343     560.0052  15.3439   0.0835     8.80    0.232 -12.94   0      19.72     829.7299     98.08703
        10    874.5212     13.7178     15941.11     608.9094  14.4937   0.0415    10.78    0.354  -7.08  16      39.53     1644.834     98.91329
        11     27.7045     12.1435     13086.48     751.1448  14.7079   0.0623     9.51    0.476   7.83  16      20.46     725.8128     96.77863
        12    478.6546      8.5920     28017.61     572.9073  13.8814   0.0222     9.24    0.351  -7.61  16       64.9     2742.814     102.4239
        13    403.9825     10.9411     9133.276     580.1008  15.0984   0.0690     6.81    0.325  20.87  16      19.02     835.3669     97.83504
        14    264.5561      8.2551     14764.99     527.3107  14.5769   0.0388    11.26    0.380 -14.35  16      32.51     1299.346     99.16918
        15    700.7282      7.5338     11611.37     450.1332  14.8378   0.0421    11.83    0.360 -18.28  16      28.28     1228.035     98.47969
        16    668.6456      4.4391     14127.13     488.6897  14.6249   0.0376    10.51    0.364 -15.64  16      37.65     1736.193     99.64552
        17    944.1329      3.1945     103872.7     584.7474  12.4587   0.0061     9.38    0.660  -0.96  24      249.1     16211.06     128.6882
        18    830.6259      5.3845     10383.08     430.3297  14.9592   0.0450     8.42    0.366   0.43  16      31.68      1587.32     100.0867
        19    749.4663      3.8262     3910.642     242.6992  16.0194   0.0674     6.55    0.505   0.75  16      13.07     767.1351     97.67641
        20    427.2260      2.1203     8184.942     313.8416  15.2175   0.0416     8.00    0.641   1.47  24      33.89      2237.13     101.0389
        21    408.7570    986.2046     71309.94     683.6263  12.8671   0.0104     8.89    0.252 -13.19   0      150.8     6623.435     110.9347
        22    312.3149    987.6053     35355.58     763.8252  13.6289   0.0235    12.83    0.366  -0.53   0      71.53      2824.53      102.605
        23    830.6592    987.6245     12540.45      720.991  14.7542   0.0624     9.96    0.218 -25.97   0      26.26     1062.009     98.36013
        24    724.3911    980.9245     453487.8     994.4885  10.8586   0.0024    10.99    0.378 -13.64   0      618.9      33343.2     156.0384
        25    187.7585    983.6368     70182.22     675.6078  12.8844   0.0105     8.80    0.257 -12.30   0        152     6513.464     110.2391
        26    995.5270    983.2203     36447.99     632.1127  13.5958   0.0188    16.55    0.329   1.77   0      80.72     3286.409     103.3722
        27    462.4675    984.4901      12176.7     461.8044  14.7862   0.0412    10.28    0.122 -43.46   0      32.46     1248.104     98.26209
        28    893.0276    982.2941     36643.04     716.8723  13.5900   0.0212     9.46    0.340 -12.08   0      79.65     3169.627     102.1029
        29    497.7083    978.7394     103317.1     811.4573  12.4646   0.0085     9.98    0.019  78.57   0      188.1     7360.148     111.5062
        30    535.0317    981.3027     17460.31     528.4711  14.3949   0.0329     9.00    0.262 -15.22   2       42.1     1743.333     98.87709
        31    106.9038    980.3684     10888.42     427.5707  14.9076   0.0426    10.28    0.263 -19.22   0      28.48      1105.36     97.39965
        32    238.0320    980.0018     12363.94     591.3292  14.7696   0.0519     6.35    0.538 -66.79   0      22.88     793.6517       98.268
        33    963.1730    975.3568      65558.1     804.8547  12.9584   0.0133    12.52    0.230 -11.01   0      128.9     5519.854     108.6502
        34    600.2144    977.1168     54397.85     656.5782  13.1610   0.0131     8.91    0.246  -9.59   0      120.6     4996.498      107.066
        35    575.1775    979.8740     8975.973      559.532  15.1173   0.0677     9.91    0.210  -8.83   0      22.85     926.5423      98.3111
        36    204.2907    975.2338     18335.85     841.4984  14.3417   0.0498    10.68    0.207 -46.62   0      29.18     1164.599     97.80363
        37    820.7458    960.9295     270805.1     1040.451  11.4184   0.0042    10.87    0.334 -44.16   0      406.5     19000.54     133.3291
        38    140.2166    968.6398     13763.54     469.5488  14.6532   0.0370     8.73    0.208 -11.50   0      35.45     1632.713     100.4486
        39     45.6843    965.3418      13754.7     609.1594  14.6539   0.0481    11.31    0.028 -49.22   3      31.24     1087.798     97.89062
        40     37.2268    956.9139     22590.98     630.2086  14.1152   0.0303    15.91    0.286  10.80   2      49.59     1953.214     99.87965
        41    401.8161    959.3302     29279.29     734.2488  13.8336   0.0272    10.70    0.255  -3.79   0      63.87     2714.195     102.3603
        42    765.6938    956.3040     12207.14     701.7209  14.7835   0.0624    10.06    0.174 -49.86   0      27.87     1131.363     98.25633
        43    282.5848    953.6539     15154.32     791.3145  14.5487   0.0567    10.69    0.422  78.81   0      27.31     940.4691     98.34328
        44    977.6692    947.6817     19581.09     810.4033  14.2704   0.0449    15.19    0.231  82.58   0      33.94     978.9959     97.63768
        45    888.5377    950.2251     21836.25      789.951  14.1521   0.0393     9.90    0.302 -16.72   0      45.58     1766.214     100.2334
        46    436.7406    942.8349     19572.12     916.4115  14.2709   0.0508    11.90    0.427   0.83   2      30.84     1003.402     98.22462
        47    218.7353    969.0406     11231.79     724.1729  14.8739   0.0700     9.69    0.211 -32.62   0      23.06     877.0709     97.93188
        48    563.0933    933.6619      1052972       1063.8   9.9440   0.0011     8.90    0.219  -9.08   0       1146     88877.38     222.4566
        49    540.1855    941.3245     17284.76     771.1611  14.4058   0.0485    13.37    0.391 -27.79   1      32.69     1221.979     98.99172
        50    273.5841    938.9858      65743.7     681.7733  12.9554   0.0113     9.04    0.275  -9.83   0      138.1     5775.686     108.7074
        51    913.1138    940.9665     13338.43     667.9727  14.6872   0.0544    11.11    0.357 -18.68   0      31.92     1313.049     98.67569
        52    686.8770    939.3110     14497.08      573.209  14.5968   0.0429    10.72    0.259 -19.49   0      33.91     1258.838     98.28692
        53    654.0881    935.7642     60988.98     908.2291  13.0369   0.0162     9.08    0.256  -8.88   0      122.3     5128.891     106.8617
        54    799.0516    936.7097     14645.82     532.1613  14.5857   0.0395    11.24    0.367 -22.36   0      36.09     1531.461     98.91531
        55    628.5140    934.3328      20197.8     670.3025  14.2367   0.0360     9.66    0.219 -10.03   0      49.09     2000.204     99.98651
        56    606.6414    934.4584     32075.95     784.6617  13.7346   0.0266    10.10    0.159 -36.69   0      64.93     2451.265     101.5194
        57    876.5895    932.4067     17658.24     734.1882  14.3826   0.0452     9.45    0.291  -6.68   2      39.52     1594.348     99.58256
        58    118.1918    934.1008     5535.587     466.9416  15.6421   0.0916     7.95    0.340 -41.41   0       16.9     749.2909     97.63488
        59    734.0591    930.7012     22175.19     922.7024  14.1353   0.0452    11.49    0.279 -13.24   0      36.75     1395.148     98.60161
        60     99.3730    930.8878      11861.9     499.4724  14.8146   0.0457    11.53    0.400 -24.26   0      26.44     913.7133      97.4856
        61    952.1142    929.7203     10261.11     422.6543  14.9720   0.0447    10.36    0.239 -25.52   0      28.14     1207.873       98.169
        62      3.8966    926.8279     9349.732     538.4017  15.0730   0.0625    10.00    0.350 -82.70  16      25.34     1103.483     97.39527
        63    822.0934    924.6115     11318.64     575.3423  14.8655   0.0552    10.68    0.269  -6.04   0      27.57     1121.298     98.49702
        64    752.4440    923.7115     18259.47     871.0446  14.3463   0.0518    12.50    0.105  32.74   0      31.31      1114.08     97.95161
        65    303.8468    920.8006     94555.66     711.6698  12.5608   0.0082     8.95    0.247 -11.34   0      193.5     8528.997     114.3189
        66    865.2988    922.4551     14145.85     744.5224  14.6234   0.0572    10.97    0.257 -13.20   0       31.6     1290.392     98.35986
        67    240.4040    923.1258       8247.2      193.661  15.2092   0.0255     0.88    0.119   2.79   0      83.42     7694.171     112.6469
        68    840.1937    919.0668     9543.425     664.7299  15.0507   0.0756     8.76    0.132 -22.71   0      20.91     746.2236     97.62775
        69   1015.3168    913.5996     235580.4     768.9921  11.5697   0.0035     8.67    0.215 -12.11  24      411.6     22283.86     139.3731
        70    289.7597    912.7281     8557.152      614.655  15.1692   0.0780     9.05    0.131  85.23   0      22.34     926.9749     98.04762
        71      4.5615    901.5283     532020.6     760.3209  10.6852   0.0016    13.97    0.159 -66.01  24      803.6     57686.95     188.1843
        72    259.9139    908.2862     17726.59     522.4091  14.3784   0.0320     9.54    0.276 -17.98   0      43.46     1702.812     99.56936
        73    154.1721    907.1816     43040.61     967.5565  13.4153   0.0244     9.76    0.269 -12.34   0      76.14     2881.897     102.9845
        74     53.4946    904.6225     37809.93     744.7709  13.5560   0.0214     9.41    0.260 -12.21   0      83.08     3228.321     102.4871
        75     92.3704    903.4033     10959.44     443.9936  14.9005   0.0440    10.98    0.191 -32.17   0      29.06      1093.04     98.95799
        76    230.0770    900.3652     77026.57     701.4375  12.7834   0.0099     9.13    0.281 -13.89   0      159.5     6841.931     110.9142
        77    922.2532    901.8663     6532.464     494.4225  15.4623   0.0822     8.43    0.259 -45.30   0      18.78     741.9363     97.61776
        78    546.9963    895.6348     47608.17     873.4821  13.3058   0.0199    10.10    0.315 -11.84   0      90.25     3509.227     104.3597
        79    307.4804    897.6279     8204.731     619.7839  15.2148   0.0820     7.65    0.498 -56.39   0      18.86     692.0956     97.50166
        80     73.3403    893.7249     19695.48     739.2224  14.2641   0.0408     9.54    0.271 -19.53   0      47.64     1913.538     100.0492
        81    839.3712    888.3109       143179     813.0204  12.1103   0.0062     8.90    0.253 -10.85   0      267.6     12393.79     121.3328
        82    863.6044    891.4583     8757.661     595.4179  15.1440   0.0738     8.38    0.357 -35.11   0      20.65     914.3593     98.28292
        83    490.1751    889.0596     33937.09     973.4512  13.6733   0.0312    10.25    0.303 -11.14   0      59.97     2270.522      101.114
        84    389.3064    889.2111     38440.38     840.7565  13.5380   0.0238     9.70    0.308 -11.38   0      79.65     3147.645     103.0666
        85    970.2751    889.7460      6383.79     481.0436  15.4873   0.0818     8.01    0.205 -25.27   0      18.31     783.6357      97.4487
        86    881.7820    886.2823     82984.93     760.9945  12.7025   0.0100     9.53    0.317 -14.31   0      166.8     7227.827     111.7021
        87    603.7651    885.7715     88763.05     766.1151  12.6294   0.0094     9.05    0.236 -10.18   3        174     7363.427     112.4405
        88    602.5436    875.4058      41130.5      891.673  13.4646   0.0235     9.68    0.267 -13.77   3      75.64     2827.824     102.6123
        89   1007.8417    883.3389     190375.8     764.0578  11.8010   0.0044     8.75    0.260  -8.13  16      349.1     17828.82     131.5142
        90     92.9249    885.7866     11571.14     574.3129  14.8416   0.0539    11.65    0.317 -23.19   0      27.61     1064.026     98.62841
        91    672.5204    884.7990     7706.015     570.5101  15.2829   0.0804     7.96    0.304  44.09   0      20.16     763.1069     97.66704
        92    821.7719    881.5246     34354.89     854.9741  13.6600   0.0270     9.85    0.326  -6.97   1      68.93      2784.81     102.2634
        93    368.5349    878.7433     117354.9     725.2071  12.3262   0.0067     9.05    0.253  -8.54   0      232.9     10323.39     117.8322
        94    299.5036    878.2137     14912.96     724.4318  14.5661   0.0528     2.72    0.229 -35.67   2      28.34     1688.326     99.53629
        95    758.0271    879.1547     26931.34     768.9503  13.9244   0.0310     9.49    0.268  -4.25   0      55.21     2216.032     101.5044
        96    430.9250    879.6053     16851.31     872.1669  14.4334   0.0562    11.59    0.331 -23.97   0      27.97     906.8744      97.7357
        97    315.6801    879.6107     7594.611     577.2529  15.2987   0.0825     8.69    0.193 -59.44   0      20.65     846.1426     97.86007
        98     37.2951    877.2549      30731.3     780.1227  13.7810   0.0276    10.37    0.331  -5.54   0      62.41      2355.74     100.5335
        99    495.9418    870.0490     44761.59     1135.248  13.3727   0.0275    10.66    0.330 -10.04   0      58.51      2140.43     101.0784
       100    215.1685    860.7432     181256.5     1030.829  11.8543   0.0062     9.43    0.235 -56.20   0      290.8     13249.33      123.136
       101    148.1626    859.3744     379437.1     1055.339  11.0522   0.0030    11.45    0.368  28.50   0      527.2     24905.98     143.7661
       102    579.2606    867.8041     8585.981     632.3646  15.1655   0.0800     7.70    0.372 -60.78   0      20.58     854.8114     98.14513
       103    617.5213    862.6782     38847.83     853.8899  13.5266   0.0239     9.88    0.294 -11.62   0      78.35     3098.204     102.1982
       104   1011.7951    861.6443     22190.62     599.4415  14.1346   0.0293     8.52    0.269 -10.79  16      52.43     2235.116     101.2911
       105    235.1439    859.8868     70996.55     797.4847  12.8719   0.0122     9.18    0.279 -12.64   1      146.6     6205.158     109.1267
       106    950.3646    860.5691     43147.07     1075.605  13.4126   0.0271    11.03    0.406  -6.47   0      63.09     2638.271     102.4454
       107     76.7171    859.3309     14911.93     661.6756  14.5662   0.0482     9.47    0.134  -9.65   0      33.26      1308.83     98.40245
       108     16.6707    858.4716     31517.47     743.7215  13.7536   0.0256     9.68    0.312 -16.14  16      68.28     2687.083     101.7912
       109    851.9205    853.0859      27313.9     714.8172  13.9090   0.0284    17.21    0.593  -8.85   0      46.04     1624.474     99.12879
       110    696.9538    854.1169     11729.11      533.354  14.8268   0.0494    12.07    0.359 -23.94   0      28.68     1169.968     98.08121
       111    381.4508    853.6895     11322.44     675.0241  14.8651   0.0647    11.43    0.352 -26.86   0      28.62     1199.827     98.15037
       112    892.7601    854.9827     11069.78     536.7138  14.8897   0.0527    11.60    0.204 -38.08   0      27.92     1147.302     99.34425
       113    538.0938    845.1428     59898.68     895.7194  13.0565   0.0162     9.22    0.274 -10.93   0      116.2      4617.64     105.5231
       114    627.6629    840.8660     200629.4     1007.119  11.7440   0.0055    10.27    0.283 -41.30   0      322.8     14866.13     126.0848
       115    840.0781    844.6611      11142.8     695.8007  14.8825   0.0678     9.28    0.150  -9.61   0      22.12     838.1126      97.3092
       116    155.5055    842.3149     18941.45     887.4634  14.3065   0.0509    12.59    0.141  83.00   1      32.67     897.2673     97.71336
       117   1012.4618    839.3643     6952.855     567.9285  15.3946   0.0887     7.23    0.169 -39.40   0      17.81     728.2975       97.586
       118    956.5215    837.0180     24864.64      888.979  14.0110   0.0388     9.23    0.242 -16.89   0      44.96     1823.932     100.3642
       119    234.3145    833.9816     30673.46     817.4882  13.7831   0.0289     9.79    0.311 -14.32   0      65.75     2555.699     101.4975
       120    464.9934    834.1225     20220.62     610.5046  14.2355   0.0328    10.93    0.341   0.99   0      42.97     1761.507     99.96333
       121    729.1666    832.9253     14024.06     792.6295  14.6328   0.0614     9.47    0.175 -47.15   0      24.84     833.7151     97.83121
       122    574.2267    831.8615     24844.91     971.3261  14.0119   0.0425    11.25    0.287 -20.38   0      33.67     1297.387      99.1647
       123    826.1213    828.1660     76960.78     752.3217  12.7843   0.0106     8.94    0.241 -10.11   2      158.2     6956.874     111.1494
       124    821.9800    815.5002     23240.19     749.0287  14.0844   0.0350     9.67    0.211  -4.58   3      49.23     1930.887     99.56838
       125    871.4014    829.1701     16080.54     765.7365  14.4842   0.0517    10.80    0.325 -18.36   0       34.2      1370.77      99.5938
       126    715.4960    828.5114     29366.84     927.2766  13.8304   0.0343     9.46    0.213  -0.20   3      49.24     1858.768      99.6645
       127    720.4216    824.1826     13591.06     520.6069  14.6669   0.0416     8.90    0.625  29.63   3      38.61     2548.859     102.2469
       128    171.9656    829.6196     10303.11     641.1334  14.9676   0.0676    10.53    0.169 -38.87   0      24.57     1001.626     99.01043
       129     80.3377    828.7811     21366.55     912.5984  14.1757   0.0464    14.12    0.340 -14.20   0      35.62     1217.439     98.71861
       130    696.1088    827.5028     21053.38     695.3058  14.1917   0.0359     9.50    0.240 -11.22   0      49.16     1935.794        99.84
       131    594.5735    828.1275     12804.83     686.0122  14.7316   0.0582     7.78    0.169 -36.32   0      22.26     831.6287     97.82635
       132    955.2529    822.9291     30843.46     974.7286  13.7771   0.0343    17.96    0.537 -19.92   0      50.21     1619.365      99.3787
       133    423.2438    822.6818      30687.7     717.7003  13.7826   0.0254     9.36    0.319 -15.12   0      67.38     2689.486     101.5412
       134    338.8597    823.3635      10505.1     436.3855  14.9465   0.0451    11.46    0.229 -19.98   0      28.55     1223.593     98.73278
       135    313.1608    819.7051     20699.89     648.8228  14.2101   0.0340    12.18    0.247 -64.36   0      40.99     1413.298     98.11556
       136    458.7343    820.0636     17394.08      831.152  14.3990   0.0519    10.64    0.332 -38.27   0      32.16     1282.606     98.60555
       137    554.9323    819.2089     15269.41     784.7576  14.5404   0.0558    10.44    0.238 -18.53   0      30.67     1178.697     98.62939
       138    629.8846    815.4999     25352.83     892.7469  13.9899   0.0382     9.55    0.250 -18.69   0      47.82         1710     99.06291
       139    111.2294    816.7562     13055.65     737.1782  14.7105   0.0613    10.60    0.222 -32.25   2      27.95     1079.243      98.9263
       140    543.3848    813.2899     23663.49     867.9777  14.0648   0.0398    14.16    0.324 -26.95   0      45.87     1808.581        99.55
       141    218.8831    807.4265      48543.2     849.6177  13.2847   0.0190     9.47    0.305 -13.84   0       97.3     3953.871     104.5814
       142     27.2006    809.9413     7533.657     582.8248  15.3075   0.0840     6.58    0.245 -72.00   0         19     749.8569      97.6362
       143    511.9773    802.4816       163832     778.9565  11.9640   0.0052     9.08    0.246 -13.35   0      300.4     13882.07     124.5071
       144    988.0591    802.1001     92108.64     951.4404  12.5892   0.0112    13.88    0.132  22.86   2      142.3     4526.439     105.3264
       145    965.6456    805.0109     16687.17     761.6669  14.4440   0.0496    13.14    0.320 -20.31   0      37.08     1531.574     99.96008
       146    781.0007    803.3729     16675.57     638.3236  14.4448   0.0416     9.94    0.239 -18.55   0      37.72     1589.186      100.091
       147    621.4760    801.8099     7639.276     557.8262  15.2924   0.0793     9.26    0.201 -38.34   0      20.32     849.8034     97.86858
       148    387.2734    793.6583     17938.84      572.308  14.3655   0.0346     9.45    0.247  -8.20   0      42.29     1671.177     99.49712
       149    587.8303    794.1578     8893.385     568.7046  15.1273   0.0694     9.82    0.155   0.75   0      23.19     961.3606     98.65511
       150    291.9568    786.2736     122929.4     828.7654  12.2759   0.0073     9.98    0.312  -4.42   0      222.1     8972.777     115.1977
       151      3.6871    790.6371     4640.938     418.0715  15.8335   0.0978     6.36    0.169  82.68  16      15.94     822.8396     97.27351
       152    446.9698    787.6355     24913.07      573.941  14.0089   0.0250    13.61    0.327 -14.20   0      58.34     2346.993     101.7972
       153    657.2045    785.1481     67028.64     840.7635  12.9343   0.0136    10.34    0.281 -10.38   3      127.8     5161.223     107.6565
       154    644.6026    780.4244      79486.3     700.3828  12.7493   0.0096     9.62    0.283  -9.15   3        164     6992.812     111.4561
       155    712.1888    784.3536     39436.72     1082.643  13.5102   0.0298    10.24    0.266 -13.28   0      56.04     2177.527     101.4181
       156    140.8767    781.6426     24628.88     931.7053  14.0214   0.0411    15.11    0.263 -35.96   0      43.99     1752.499     99.94286
       157     83.6402    785.6477     9042.042     622.1811  15.1093   0.0747     8.36    0.140  47.03   0      21.93     869.8539     97.91512
       158    588.3832    784.3944     7748.172     621.7083  15.2770   0.0871     8.82    0.107 -28.66   0      20.01     772.7364     97.68944
       159    918.3320    777.7294     261632.4     813.3968  11.4558   0.0034     8.97    0.246  -7.20   0      441.1     22985.44     139.9571
       160    851.7353    781.0799     16163.81      764.913  14.4786   0.0514     9.88    0.244  -4.57   0      34.51     1196.286     98.40639
       161    513.6271    773.1466     666136.4     962.9501  10.4411   0.0016     9.04    0.243 -11.72   3      853.3     56286.64     186.4854
       162    509.0795    757.4116     152687.5     840.7556  12.0405   0.0060     9.12    0.209  -5.85   3      275.4     12317.84     121.6183
       163    321.5950    778.0079     38607.12     633.9135  13.5333   0.0178     9.52    0.251 -11.37   0      86.59     3388.388     103.5961
       164     43.3218    777.1708      16386.3     739.0831  14.4638   0.0490     9.42    0.088  -1.66   0      36.95     1416.473     99.17578
       165    807.7360    771.2338      26999.1      981.137  13.9216   0.0395    10.66    0.115  -9.95   0      42.12     1530.268     99.43621
       166    688.3210    771.3210     24778.56     802.2072  14.0148   0.0352    10.06    0.258 -11.45   3      51.77      1978.93     99.67799
       167    674.8978    763.5370     54656.34     885.6358  13.1559   0.0176    21.86    0.515  -8.39   2      87.95     2859.168     101.9203
       168    194.1427    771.7505     13041.56     630.8846  14.7117   0.0525    12.12    0.351 -22.91   0      30.93     1392.606     99.38269
       169    780.8603    770.8743     16851.95     792.6213  14.4334   0.0511    10.42    0.319 -18.20   0      33.03     1270.136     98.83986
       170    356.0625    759.9990     54063.05     1231.391  13.1677   0.0247    14.15    0.349 -80.03   0      75.67     2897.267      102.766
       171     61.8106    768.1860     11603.55     708.8895  14.8385   0.0663     8.71    0.193 -66.53   0      22.31     940.6308     98.07927
       172    736.6709    766.5917     10619.64     534.0978  14.9347   0.0546    10.47    0.281   1.09   0      26.68     1016.521     98.25497
       173    868.9097    764.2021     18898.02     805.3901  14.3090   0.0463    11.76    0.341   8.90   0       37.1     960.8489     98.12611
       174    151.9533    762.0071     29718.97     650.9779  13.8174   0.0238     9.63    0.278 -10.56   0      65.95     2530.692     102.2065
       175     36.5076    758.8332       241196     858.3209  11.5441   0.0039     9.93    0.299 -11.12   0      408.4     20101.76     134.6158
       176    412.1949    760.6345     8908.429     601.9807  15.1255   0.0734     6.89    0.304  18.98   0      19.92     859.2674     98.41963
       177    325.9312    757.3470     15354.71     845.3132  14.5344   0.0598    10.32    0.179 -63.07   0      25.18     697.7917     97.24829
       178    295.4841    755.6079     25859.54     1132.031  13.9684   0.0475    14.52    0.528  41.49   0      30.55      964.593     98.39902
       179     80.9212    756.2144     28891.53     984.8764  13.8481   0.0370    17.40    0.544  -9.95   0      43.35     1489.121     99.34212
       180     58.1948    757.4139     20950.37     855.9658  14.1970   0.0444     9.92    0.217 -12.81   1      28.79     958.1152     98.11977
       181    879.1121    754.5023      14049.9     781.9177  14.6308   0.0604    10.35    0.269 -15.01   0      25.66     1003.297     97.42808
       182    397.4772    750.4443     22126.59      840.207  14.1377   0.0412    17.16    0.651 -31.95   0      36.33       1068.5     98.11082
       183      4.8174    750.3733     39678.88     594.1363  13.5036   0.0163     9.25    0.211 -89.33  24      95.92     4139.106     105.7226
       184    546.2115    751.6993     11408.61     713.3913  14.8569   0.0679    10.59    0.188 -29.45   0       24.9     1005.007     98.22833
       185    213.9613    747.4882     75971.27     689.8951  12.7984   0.0099     9.13    0.284 -10.89   0      158.6     6717.325     110.1882
       186    268.3745    741.5596     570171.4     933.0967  10.6100   0.0018     9.09    0.233 -12.51   0      770.3     48541.05     177.0874
       187    536.7119    740.0674     18739.51      735.406  14.3181   0.0426     9.16    0.247  -7.55   0      43.92     1658.717     99.20727
       188     49.7911    738.3105     12166.27     743.9179  14.7871   0.0664     9.58    0.301 -32.03   0      22.27     840.7164     97.58173
       189     94.2378    731.0870     29264.59     714.5292  13.8341   0.0265    10.02    0.302 -15.33   0      65.56      2551.66     101.2322
       190    656.6922    730.9971     12184.95     613.8837  14.7854   0.0547    11.93    0.246 -25.33   0      28.34     1021.672     98.26688
       191    147.9728    730.8842     32786.59     891.7303  13.7108   0.0295     9.97    0.302 -11.63   0       60.7     2352.292      101.041
       192    446.7402    726.0345     6796.789      581.422  15.4192   0.0929     8.59    0.238 -12.91   0      18.74     737.1925     97.60672
       193    923.7725    726.2593     10563.34     649.2739  14.9405   0.0668     7.45    0.490 -26.37   0      20.55     763.6391     97.93378
       194    332.7920    724.3827     16569.19      630.097  14.4517   0.0413     1.98    0.197 -14.37   0      43.45     2557.719     101.7575
       195    515.9668    720.2801     53036.61     702.9175  13.1886   0.0144     9.09    0.270 -11.23   0      113.3     4708.539     106.4529
       196    827.4496    720.8443      13640.7     497.6792  14.6629   0.0396    12.86    0.482 -23.26   0      31.87     1229.844     99.00977
       197    139.8890    716.9780     80345.15     798.5203  12.7376   0.0108     9.24    0.275 -14.02   0      160.2     6761.466     110.2793
       198     39.8556    719.8760     13165.79     666.9413  14.7014   0.0550    10.08    0.242 -27.96   0      31.32     1285.714     98.61271
       199    206.6455    716.3734     66193.73     742.0966  12.9480   0.0122     9.71    0.330  -9.89   0      132.7     5579.719     108.7754
       200    389.4217    712.1061      96706.4     993.8931  12.5364   0.0112    13.97    0.505  -2.88   0      157.9     5426.359     107.2507
       201    246.0544    713.3212     12237.38     624.3877  14.7808   0.0554    11.63    0.309 -29.97   0       29.5     1217.515     98.19132
       202    913.2838    712.3755     13899.74     485.9194  14.6425   0.0380    11.66    0.274 -22.82   0      35.12       1343.6     98.74603
       203    542.2504    710.4215     28301.93     896.3988  13.8705   0.0344     9.55    0.272 -12.09   0      53.41     2210.789     101.4926
       204    272.2893    711.1200     12015.18     690.4675  14.8007   0.0624     8.13    0.294 -55.17   0      22.55     931.3954      97.7927
       205    783.0423    708.7841      13563.3     521.8401  14.6691   0.0418     9.57    0.296  -8.36   0      32.92     1257.419      99.3348
       206    351.2687    703.4424     28754.19     782.8703  13.8532   0.0296     9.17    0.265 -20.48   0      61.32     2502.902      101.635
       207     97.0372    700.6763     17440.57     816.9855  14.3961   0.0509    11.50    0.275 -56.33   0      33.81     1144.308     98.55011
       208    702.1313    699.4805     70952.74      696.677  12.8726   0.0107     9.20    0.300 -12.06   0      147.6     6140.681     108.9924
       209    836.8342    697.3217     31957.58     818.6385  13.7386   0.0278    15.70    0.466 -29.67   0      56.91     1968.898     100.4337
       210    482.5883    698.8897     17647.75     603.1224  14.3833   0.0371    10.01    0.268 -16.64   0      42.24      1552.04     98.96258
       211    763.1851    699.3971     11021.88     682.5741  14.8944   0.0673     9.68    0.157 -32.46   0      23.66     847.4952     97.86321
       212    356.6943    716.2479     25896.91     837.3589  13.9669   0.0351     9.81    0.290 -19.95   0      53.21     2005.202     99.73787
       213    890.0876    699.1506     7639.323     590.6107  15.2924   0.0840     5.96    0.279 -69.57   0      18.61     833.1697     97.29765
       214    402.9553    693.6605     12360.05     730.7718  14.7699   0.0642    10.98    0.162 -34.85   0      26.46     1012.389     98.24541
       215   1006.4835    701.9787     491463.1     910.1655  10.7713   0.0020     8.88    0.214  -6.74  16      697.6     44182.43     170.9473
       216    692.8345    687.0679     19189.24     553.2031  14.2924   0.0313     9.49    0.242 -15.95   0      46.72     1852.486       100.17
       217    813.3355    698.2335     17686.14     595.5552  14.3809   0.0366    10.14    0.305  -9.60   0      42.98     1697.703     99.81817
       218    385.6378    681.1812      13128.9     736.3197  14.7044   0.0609    11.38    0.138  15.63   0      27.23     1053.657     99.12978
       219   1014.9391    679.0917     54680.12     876.0615  13.1554   0.0174    10.39    0.221 -21.23  16      98.96     4208.539     104.8861
       220    325.0313    680.7749     7553.269     605.7706  15.3047   0.0871     7.15    0.342 -29.85   0      18.47     860.7179     98.42298
       221     10.7408    679.4869     8870.152     522.2839  15.1302   0.0639     9.79    0.236 -22.53  16       21.8     841.0499     97.31606
       222    836.2693    670.7386     65618.61     667.2957  12.9574   0.0110    11.73    0.311 -12.54   0      140.9     6055.658     109.2912
       223    686.6211    670.0300     13074.76     556.5482  14.7089   0.0462     9.84    0.300 -26.57   0      33.42     1436.379     99.74341
       224    264.0170    669.4814     38893.52     794.0262  13.5253   0.0222     9.91    0.291  -5.71   2      78.64     3065.294     102.8849
       225    253.0672    662.5051     19155.98     738.1777  14.2942   0.0418    10.18    0.278  -7.95   3      41.67     1546.522     98.94991
       226    133.5364    671.0852     10998.75     646.4207  14.8966   0.0638    11.10    0.253 -33.99   0      25.01     793.1891     97.20422
       227    603.5090    669.7820     7789.633     593.9564  15.2712   0.0828     7.42    0.296  70.65   0      19.83     876.0375     97.13077
       228    347.0375    668.0569     16864.36     631.2327  14.4326   0.0406    10.80    0.311 -43.25   0       38.4     1561.556      99.5077
       229    544.8998    664.4401     17907.89     805.1107  14.3674   0.0488    11.38    0.308 -19.52   0      35.67      1284.83     97.55171
       230    294.1769    658.9810     22366.78     978.0743  14.1260   0.0475    12.89    0.390 -11.72   2      32.47     1002.059     98.74882
       231    564.8599    658.4176     27826.13     981.3286  13.8889   0.0383     9.47    0.363 -18.14   0      38.79     1590.365     99.57347
       232    479.1981    658.0526     7652.943     572.7602  15.2904   0.0813     9.29    0.430 -35.86   0      18.93     717.2839     97.56035
       233    718.8666    657.0926     7062.725     564.5333  15.3776   0.0868     6.61    0.601 -63.14   0      18.61     722.1603     97.30522
       234    411.8395    655.7025     17053.36     915.0775  14.4205   0.0583    13.01    0.608   6.42   2       29.3     832.4232     96.76068
       235    382.4881    655.8910     7053.993     539.8422  15.3789   0.0831     8.98    0.316 -48.59   0      18.94     738.6151     97.34364
       236    808.5603    651.3547     95909.77     819.7401  12.5453   0.0093     9.30    0.316  -7.57   0      189.1     8094.373     113.2224
       237    779.8464    649.1673     52207.95     996.7762  13.2057   0.0207    15.54    0.532 -29.76   0      87.72     3476.679     104.0395
       238    934.0264    652.6054     9602.764     615.0415  15.0440   0.0696     9.35    0.193  -5.13   0      23.16     951.9487     98.36981
       239    605.5588    646.4589     57695.29      1017.99  13.0971   0.0192    10.14    0.276  -6.37   1      95.28     3710.654     104.3007
       240    581.1450    645.0269      92313.1     830.5501  12.5868   0.0098    10.46    0.258  -6.54   0      181.1      7726.76     112.7127
       241    127.0851    646.9695     20763.46     828.9463  14.2068   0.0434    10.73    0.283 -18.22   0       43.9     1575.753     99.27892
       242    630.3380    643.0555     69096.41     943.8664  12.9014   0.0148    10.38    0.424 -18.06   0      124.1      5083.45     107.4922
       243    290.1978    638.2985     200936.6     868.7736  11.7424   0.0047     9.31    0.288  -3.78   0      348.8        16192     128.6545
       244      4.2802    640.1670      12242.3     546.7916  14.7803   0.0485    10.22    0.248 -58.64  18      30.49     1095.797     98.43817
       245    826.7180    637.5834     78209.43     687.8065  12.7669   0.0096     8.98    0.276 -11.51   0      165.3     7136.287     111.5157
       246    943.3247    638.4056     12653.89     639.9406  14.7444   0.0549     9.43    0.330  -2.01   0      30.04     1233.878     98.49317
       247    695.2891    636.4139      22440.9     729.4642  14.1224   0.0353    12.02    0.332 -20.90   0      47.01     1839.932     99.62154
       248    191.1364    637.0731     12509.23     624.4866  14.7569   0.0542    10.38    0.170 -30.91   0      32.35     1237.651     98.76514
       249    550.3048    635.2339     19805.58     781.9303  14.2580   0.0429    10.49    0.300 -21.55   0       41.7     1526.394     98.37718
       250    255.2500    634.3104     30220.08     809.3812  13.7993   0.0291     9.79    0.291 -14.51   0      63.08     2422.687     100.9423
       251    107.8715    634.1812     27318.38     611.0201  13.9089   0.0243     9.48    0.285 -15.64   0      62.84     2543.893     101.9815
       252     52.4450    627.4562     10717.92     610.1569  14.9247   0.0618    11.09    0.315 -12.52   0      26.22     1050.091     98.59629
       253    333.8283    622.8104     80458.23     842.0764  12.7361   0.0114     9.62    0.323  -1.24   2      152.3     6417.322     110.2764
       254    321.8504    615.2888     18123.67     863.5241  14.3544   0.0517    11.65    0.162 -28.65   3      33.61     1180.504     98.10561
       255    295.4580    621.2157     84379.09     926.7585  12.6844   0.0119    10.50    0.445 -21.81   1      150.4      6055.06     109.5272
       256    978.7950    637.5624     9331.541     665.6334  15.0751   0.0775     8.55    0.226   7.48   0      22.02     836.3204     98.36662
       257    608.7158    624.6233      8969.63     627.3499  15.1181   0.0760     8.83    0.138 -51.79   0      22.22     885.0026     97.41865
       258    675.3316    624.2089     6973.463     556.3894  15.3914   0.0866     5.61    0.127 -51.56   0      19.82      961.633     98.12792
       259    807.7986    619.6911     18880.29     630.9301  14.3100   0.0363    11.72    0.327 -18.96   0      42.91     1722.869     99.87545
       260    734.5156    617.1236     23612.86     778.0461  14.0671   0.0358    17.12    0.631 -12.69   0      38.52      1277.54     98.06573
       261    905.9727    615.3585     36498.37     1120.344  13.5943   0.0333    21.89    0.642   2.77   0      47.48     980.2895      98.6987
       262    460.0565    611.7702     24207.86     941.9967  14.0401   0.0423    11.78    0.249 -41.93   0       33.7     1328.982     98.97508
       263    141.7670    607.2708     184012.5      796.318  11.8379   0.0047     9.06    0.216 -14.73   0      328.8     15312.48     127.0913
       264    504.3690    606.4196       177281     895.7894  11.8783   0.0055     9.22    0.249 -11.45   0      311.3      14452.9     125.9577
       265    282.1512    603.3944     67422.12     682.3326  12.9280   0.0110     9.77    0.275 -13.69   0      143.8     6035.283     109.4862
       266    381.6703    601.7772     72443.56     788.8969  12.8500   0.0118     9.35    0.299 -13.62   0      146.9     6100.637     109.3846
       267     51.3916    597.1646     144539.8     780.8256  12.1000   0.0059     9.27    0.252 -10.93   3      271.9     12584.25     122.5396
       268    116.5899    615.3133     13460.33     798.1813  14.6774   0.0644    10.75    0.323  14.69   0       25.8     869.4779     97.38242
       269    435.7822    597.9740     13495.74     763.2698  14.6745   0.0614    10.59    0.173 -44.62   0      25.89     1027.553     98.80748
       270    188.2866    596.7858     8131.866     613.4404  15.2245   0.0819     7.94    0.224 -24.36   0      20.04     836.9689     97.57301
       271    974.2527    595.2283     10482.31     669.9136  14.9489   0.0694     9.59    0.388 -21.58   0      23.34     901.4004     98.25295
       272    399.7771    594.7086      15214.3     808.3751  14.5444   0.0577    12.22    0.316  -9.08   0      28.26     979.7838     97.37321
       273    576.1047    615.4799     54968.59     923.0409  13.1497   0.0182     9.16    0.274  -8.11   0      103.7     4123.643      104.702
       274    338.2064    591.2787     17360.25     621.0452  14.4011   0.0389    10.42    0.259 -19.63   0       39.4     1524.518     99.68389
       275    850.4262    588.5629     56414.74     744.3469  13.1215   0.0143     9.08    0.287 -10.88   0      117.5       5070.8     107.9476
       276    157.6727    590.9095     9837.252     654.0016  15.0178   0.0722     9.08    0.272 -54.02   0      22.03     928.6472     97.52042
       277    458.9705    586.4850     40058.82     1253.905  13.4933   0.0340    14.84    0.248 -80.09   0      39.11     1171.989     98.35026
       278     38.9854    585.3368     63432.99     1144.665  12.9942   0.0196    18.99    0.377 -88.45   3      90.67     1974.915     100.4474
       279    820.0264    587.5165     17422.34     745.5219  14.3972   0.0465     9.19    0.312 -19.58   0      39.02     1570.075     99.26591
       280   1016.5800    583.6572     15648.07     661.9284  14.5138   0.0459    11.00    0.335 -12.28  16      36.31     1431.123     99.20934
       281    442.4133    581.5742     17568.52     861.1194  14.3882   0.0532    10.15    0.054 -35.76   0      28.98     1103.881     98.72021
       282    189.1118    582.5956     14093.96     746.2484  14.6274   0.0575     9.12    0.190  62.02   0      24.34     831.4139     97.82586
       283    384.9810    579.4193     16733.38     830.1897  14.4410   0.0539     9.91    0.355 -33.84   0      27.68     811.6432     98.30959
       284      6.4048    576.4280     62109.11     683.4162  13.0171   0.0119     8.71    0.189 -20.02  24      136.8     5725.281     109.0791
       285    771.5395    577.4263     22352.62     631.1519  14.1267   0.0307     9.13    0.306  -7.07   0       52.9     2225.805     101.2702
       286    681.0900    575.6930     11998.37     613.8146  14.8022   0.0556     9.59    0.275 -31.17   0      28.18     1192.885     98.39854
       287    659.7408    572.7113     94207.05     825.5824  12.5648   0.0095     9.11    0.265 -12.16   0      188.5     8168.349     113.1415
       288    824.3486    571.3764     10041.17     656.0544  14.9955   0.0710     9.15    0.342 -34.59   3      23.23     937.0269     98.59903
       289    831.7822    562.6033     36899.78     900.7407  13.5824   0.0265    13.07    0.301 -16.62   2         72     2857.015     102.4238
       290    237.9072    568.4103      14431.9     612.5993  14.6017   0.0461    11.29    0.294 -18.13   0      32.48     1267.777     98.83443
       291    516.3663    566.7337     18345.53      827.499  14.3412   0.0490    10.90    0.351 -19.98   0      35.99     1396.632      99.1303
       292    192.2947    565.9778     14360.63     821.6772  14.6071   0.0621     9.61    0.452 -51.01   0      24.01      825.316     97.01202
       293    296.9787    562.4910     149821.6     786.4992  12.0611   0.0057     9.24    0.279 -13.42   0      280.2     12520.27     121.3558
       294    964.3154    564.5046     6931.365     581.4746  15.3980   0.0911     7.78    0.323   0.07   0      18.13     699.8261     97.25304
       295    641.2187    563.2735     10757.92     695.6749  14.9207   0.0702     9.07    0.156 -51.91   0      21.52     753.1214     97.90936
       296    636.0394    550.9434     46609.15     1338.682  13.3288   0.0312    20.63    0.643 -37.94   0      52.52     1493.552     99.35226
       297     23.4654    554.1417     14136.14     720.5936  14.6242   0.0554    11.46    0.262 -12.55   0      30.41     1125.273      98.5062
       298    276.4551    550.6682     31599.85     787.0023  13.7508   0.0270     9.80    0.286  -9.81   0      69.58     2665.527     101.7431
       299    874.5295    548.8734     12963.71      780.771  14.7182   0.0654    11.12    0.437 -21.23   0      23.89     864.7673     97.63773
       300    994.9876    547.7211     16008.47     788.2726  14.4891   0.0535     9.97    0.304 -14.30   0      30.67     1360.157     99.04664
       301    467.4977    546.6343     27476.61       998.95  13.9026   0.0395    11.40    0.293 -85.07   0      31.83     836.3305     96.76986
       302    436.8331    548.7605     7718.895     599.3693  15.2811   0.0843     7.76    0.381  89.33   0       19.6     857.6786     98.15177
       303     79.3862    548.3260     8854.792     513.5031  15.1321   0.0630     9.87    0.363 -29.78   0      22.92     962.6186     98.39445
       304    252.4901    539.2470     29950.21     897.5402  13.8090   0.0325    20.03    0.319 -57.74   0      50.02     1265.932     98.30332
       305    295.2710    542.2715     9089.196     647.7563  15.1037   0.0774     8.92    0.293 -39.31   0      21.33     850.6278     97.60482
       306    113.6097    538.9468     15589.37     755.3472  14.5179   0.0526     9.84    0.191 -22.00   0      33.96     1233.441     99.01804
       307     20.3301    535.4459     93123.23     767.4074  12.5774   0.0089     9.16    0.265 -12.55  16      186.6     7926.928     113.1156
       308   1019.4718    536.4147     18878.89     486.9113  14.3101   0.0280    14.14    0.233  -9.07  24      51.22     2287.808     101.4092
       309    933.5941    536.6876     28154.78     897.0854  13.8761   0.0346     9.40    0.216  -0.93   0      53.08     2072.177     100.6672
       310    775.5450    529.5383     333195.8     942.8088  11.1933   0.0031     9.29    0.077  -2.87   0      499.8     25728.96     144.7028
       311    424.1569    534.3838     22827.87     824.0159  14.1038   0.0392     9.76    0.281 -14.49   0       47.6     1914.453     100.8269
       312    981.3366    529.4647     35637.88     950.9143  13.6202   0.0290     9.61    0.267  -7.02   2      65.55     2579.422     101.5506
       313    975.2838    520.4036     14480.46     742.0046  14.5980   0.0556     8.84    0.147   1.12   3      29.15     1072.618     98.64821
       314    403.2104    532.6004     9467.686     531.1688  15.0594   0.0609     4.43    0.107   0.09   2       22.2     893.7039     97.97047
       315    630.4094    529.5421     22585.35     901.4528  14.1154   0.0433     9.34    0.162 -17.78   0      38.35     1513.322     99.65836
       316    108.4034    526.0664     105643.6     820.8542  12.4404   0.0084     9.25    0.298 -12.58   0      204.7     8926.905     115.3326
       317    611.0392    525.7948     38782.76     829.9705  13.5284   0.0232     9.92    0.278 -13.19   0       78.8     3218.168     103.7239
       318    367.8356    525.3582     43728.27       895.24  13.3981   0.0222     9.54    0.269 -12.62   0       84.1     3378.171     103.8241
       319    559.3250    522.7825     24184.68     853.7883  14.0411   0.0383     9.67    0.163 -35.68   0       45.7     1810.082     100.3328
       320    465.0981    522.1946     55904.93     962.5141  13.1314   0.0187     9.20    0.225 -16.84   0      102.1     4210.992     105.3853
       321    687.8950    521.0067     12642.97      630.741  14.7454   0.0542    10.72    0.342 -23.68   0      31.02     1254.897     98.80482
       322   1002.8643    521.1074     7134.235     550.5912  15.3666   0.0838     6.81    0.079 -41.66   0       20.2     1004.258     97.69647
       323     71.1567    519.3050     10056.65     694.5117  14.9939   0.0750     8.61    0.347  33.83   0      20.47     814.9409      96.9877
       324    407.3167    518.6443     14044.45     727.7361  14.6312   0.0563     3.56    0.333 -59.32   0       22.8     991.4259     97.66661
       325    217.3352    503.6210      1906212     1261.314   9.2996   0.0007     9.23    0.222 -11.31   0       1623     159691.1     286.0608
       326    880.3596    512.3819      31934.9     768.7407  13.7393   0.0261     9.72    0.284   1.97   0      66.42     2738.392     102.9199
       327    795.2208    504.7660     14541.89     729.6729  14.5934   0.0545     7.99    0.451 -50.48   2      23.58     771.7712     98.21738
       328    757.9902    503.7948     154000.9     816.8351  12.0312   0.0058     9.60    0.253 -19.07   0      274.2     12494.78     121.9485
       329    462.4263    506.0165     16959.05     769.3795  14.4265   0.0493     9.59    0.226 -24.72   0      36.21     1433.992     99.73797
       330    663.2567    503.5155     25274.98     827.8331  13.9933   0.0356     9.40    0.266 -13.63   0      53.82     2178.331     100.3906
       331    304.3232    501.5496     21145.93     874.0284  14.1869   0.0449     0.00    0.331  65.03   3      36.45     1054.045     98.07733
       332    290.5055    500.6187     38469.76     952.9543  13.5372   0.0269    13.69    0.475  -4.63   2      66.92     2572.937     101.0233
       333    685.5692    500.3545     14696.49     799.3457  14.5820   0.0591     8.76    0.143  66.14   0      25.17     759.0145     98.18785
       334    103.7189    498.3683     15263.02     635.7817  14.5409   0.0452    13.23    0.463  -4.60   0       31.5     899.9301     97.98491
       335    495.2131    496.7477     11216.47     586.4771  14.8754   0.0568    11.31    0.124   6.02   0      26.84      906.275     98.26423
       336    334.9713    496.8945     11756.35     523.5384  14.8243   0.0484    11.78    0.278 -31.98   0      28.57     1010.506     97.17806
       337    160.6206    490.9927     46643.24     1033.891  13.3280   0.0241    22.30    0.614 -30.93   0      71.13     2531.581     101.6991
       338    376.4245    493.9944     8011.045     193.3837  15.2408   0.0262     0.90    0.181   0.41   0      86.84     7542.097     112.5706
       339    274.7803    490.7561      22188.5      878.743  14.1347   0.0430     9.93    0.225 -12.64   0      42.21     1563.478     100.0326
       340     50.5380    489.3939     45899.24     988.7933  13.3455   0.0234     9.58    0.266 -13.47   0      80.32     3065.763      103.138
       341    465.2240    488.9740     6327.822      534.702  15.4969   0.0918     6.19    0.280   0.89   2      18.38     737.3686     98.13774
       342    925.1823    484.0749     26011.32     659.5983  13.9621   0.0275     9.29    0.285  -5.58   0      60.95     2571.665     102.0434
       343    434.9175    482.0790     9497.757     649.9005  15.0559   0.0743     7.60    0.249 -66.29   0      20.19     819.3489     96.99803
       344    378.1837    481.4988     12758.13     742.3518  14.7355   0.0632     9.97    0.384 -30.29   0      23.55     841.1741     97.31635
       345    267.4953    479.3327     22991.76     884.8395  14.0961   0.0418     9.31    0.216 -41.35   0      33.37     1164.263     98.06799
       346    723.2002    476.4822     19968.93     697.7479  14.2491   0.0379    10.29    0.327  -5.76   0      44.84      1762.92     100.4847
       347    602.9979    473.2403     7535.822        497.5  15.3072   0.0717     5.29    0.202  -6.52   2      18.17     764.4969     98.20055
       348    284.4714    470.1825     9433.312      705.438  15.0633   0.0812     9.53    0.356  47.37   0      21.53     727.1501     97.84906
       349    651.4306    470.4593     6729.032     563.2476  15.4301   0.0909     7.85    0.214  -7.31   0      18.48     732.9691     97.33046
       350    322.7467    462.6666     54928.68     843.6644  13.1505   0.0167    14.96    0.487 -24.71   0      96.83     3762.843     104.4144
       351    685.3563    465.4850     7319.452     521.6087  15.3388   0.0774     8.62    0.238 -40.86   0      20.38     940.4863       97.548
       352    837.1372    462.3996     53503.36     763.2757  13.1790   0.0155     8.90    0.290 -10.18   0      117.7     5133.771     107.8396
       353    118.4485    459.6823     66504.07     863.4778  12.9429   0.0141    14.16    0.255 -88.51   0      109.5     3331.888      102.969
       354     72.2606    462.3182      46402.8     922.3381  13.3336   0.0216     9.73    0.322 -14.66   0       85.8     3374.888     103.0639
       355      7.7565    462.0031     16851.47     790.1604  14.4334   0.0509    11.78    0.373 -24.57  16      27.22     876.1691     98.45866
       356    240.7984    457.3118     316665.2     855.6108  11.2485   0.0029    20.60    0.254  -7.24   0      501.6     26116.86      145.132
       357    149.9986    459.2203     8115.641     601.6813  15.2267   0.0805     8.02    0.149 -53.41   0      19.27     824.0548     97.80876
       358    964.7335    459.1348     21003.75     409.8049  14.1943   0.0212     0.00    0.584 -49.14   0      124.4     12200.62     121.1849
       359    784.8679    456.8465     10655.92     653.2932  14.9310   0.0666    10.75    0.294 -30.99   0      25.39     1019.647      98.2622
       360    503.6142    456.3182     8436.008     614.6102  15.1847   0.0791     7.55    0.352 -36.98   0      20.07     798.2252     97.74873
       361    199.4109    452.4260     12396.04     548.0413  14.7668   0.0480    10.01    0.140 -29.29   0      31.59     1219.115     98.98514
       362    107.1658    448.5636     15511.25     759.6087  14.5234   0.0532     9.90    0.105  21.45   1      26.89     1100.194     98.71172
       363      8.2201    443.5553     39386.77     614.4371  13.5116   0.0169    10.68    0.338 -25.06  18      80.31     3116.289     103.5005
       364    639.9904    445.4062     17040.76     600.7363  14.4213   0.0383     9.64    0.270 -17.56   0      39.24     1549.374     99.47987
       365    577.9279    445.8305     20715.09     890.1081  14.2093   0.0467    11.54    0.284 -24.78   3       28.7     1018.074     98.25856
       366    590.4729    441.8485     30507.03      1100.41  13.7890   0.0392    12.55    0.280  -1.67   2      36.72     1410.881     98.90076
       367    142.4010    444.4460     7495.811      594.936  15.3130   0.0862     7.95    0.452 -63.55   0      20.04     858.2081     97.88808
       368     54.2465    444.1043     10897.12     720.4728  14.9067   0.0718     9.09    0.164 -11.17   0      21.68     700.0536     96.71812
       369    400.7815    433.5627     307163.3     865.1726  11.2816   0.0031     9.16    0.257 -11.37   0      493.9     26661.18     146.5145
       370    928.8886    437.6161     8211.171     649.4504  15.2140   0.0859     8.30    0.159 -87.94   0      20.09     776.1837     97.43132
       371    982.0270    433.9849     21704.85     982.5562  14.1586   0.0492    12.11    0.423 -22.95   0      29.03     1102.454     98.97961
       372    777.8896    429.3118     18277.68     726.3808  14.3452   0.0432     9.79    0.227  -3.55   0       39.8     1592.834     99.31801
       373    703.3587    424.2557     48727.45      674.154  13.2806   0.0150     9.47    0.278 -11.03   0      106.8     4464.668     106.1758
       374    611.2983    427.6836     6942.229     537.3845  15.3963   0.0841     6.23    0.216  54.16   0      17.54     703.9163     96.72719
       375     79.5873    425.2366     7337.922     557.7034  15.3361   0.0825     6.28    0.413 -83.24   0       17.8     760.4435     98.45525
       376    217.6745    420.2392     36289.98      792.462  13.6005   0.0237     9.89    0.311 -15.51   0      76.43     3097.554     102.9561
       377    156.8858    421.2565     13133.34     638.0793  14.7041   0.0528    12.31    0.280 -22.10   0      31.91     1153.632     98.04334
       378    790.3889    421.3289     10223.09     605.7007  14.9760   0.0643    10.37    0.376 -19.41   0      24.69     1051.298     98.33537
       379    463.5735    419.4127     29577.69     834.4768  13.8226   0.0306    10.62    0.357 -18.65   0       58.7     2269.677     101.3686
       380    426.4004    414.2002     143719.8     820.3248  12.1062   0.0062     9.04    0.266 -12.01   0      265.9     12307.58     121.5991
       381    316.6404    412.4792     55457.02     775.6636  13.1401   0.0152     9.57    0.286 -15.31   0      113.9     4640.232      106.307
       382    897.3186    412.4917     12133.98     705.3879  14.7900   0.0631     8.64    0.186 -35.50   0      22.96     850.6506     97.60487
       383    861.2448    407.8530     23911.62     553.9692  14.0535   0.0252     9.35    0.345  -9.42   0      58.12     2550.476     101.9962
       384    536.0152    406.4450     23495.57     573.3794  14.0725   0.0265     9.56    0.263  -8.16   0      55.12     2275.947     101.6384
       385    685.0131    406.1975     12811.61     573.6731  14.7310   0.0486    10.36    0.219 -17.38   0      32.59     1347.867     99.01843
       386    605.5895    404.0219      12705.2     608.7677  14.7400   0.0520    11.15    0.276 -45.41   0      30.25     1259.114     99.07694
       387    207.8916    404.3891     22828.44     947.8478  14.1038   0.0451    13.84    0.426 -14.30   0      34.74     1213.657      98.4465
       388    817.1584    404.0000     8665.548     598.6447  15.1555   0.0750     9.20    0.376 -26.34   0      22.07     954.6689     98.63969
       389   1006.6212    395.1708     261473.3     809.3519  11.4564   0.0034     8.77    0.250  -5.93  16      444.9     24998.07      143.731
       390    132.0522    392.7182     179218.9     917.7518  11.8665   0.0056    10.38    0.301   8.25   1      297.5     12523.67     121.5759
       391    208.4962    394.0152     15697.69     789.0062  14.5104   0.0546    10.53    0.286 -17.34   0      31.96     1199.975     98.41491
       392    441.8991    389.9152     127176.3     1037.774  12.2390   0.0089     9.24    0.305 -11.88   2      199.7     7784.593     112.1367
       393    451.0128    379.2957      70421.1     1504.159  12.8807   0.0232    10.03    0.221 -30.42   3      78.71      1517.97     99.14655
       394    629.5509    389.7458     35146.38      713.674  13.6353   0.0221     9.49    0.336 -11.01   0      75.57     3194.298     103.4208
       395    107.8110    388.6857     34878.54      908.128  13.6436   0.0283    10.05    0.329 -15.21   1      62.85      2469.03     101.3032
       396    467.7140    384.3652     32846.12     1001.468  13.7088   0.0331    10.48    0.225 -21.85   0      53.53     1957.678      99.8898
       397     92.3856    381.1206     24643.47     689.9231  14.0207   0.0304     9.82    0.308 -13.00   0      56.77     2256.901     101.0834
       398    807.0308    380.8452     11032.69     691.0839  14.8933   0.0680     9.34    0.039   2.30   0      22.83     910.2917     98.53739
       399    153.4858    380.2415     24584.61     858.4439  14.0233   0.0379    10.44    0.347 -22.99   0      44.46     1715.304     99.33681
       400    124.5083    377.8253     38138.01     1166.096  13.5466   0.0332    18.48    0.517  -3.28   1      50.75     1496.853     98.57269
       401    944.6544    374.5025     71377.17     800.0311  12.8661   0.0122     8.99    0.280  -6.29   0        147     6463.211     109.4258
       402    741.5923    376.3112     13590.98     742.6068  14.6669   0.0593     9.09    0.201 -32.42   0       25.1     826.5822     97.54881
       403    312.7906    376.9725     13246.48     700.2057  14.6947   0.0574     7.82    0.265 -37.26   0      22.79     713.4047     97.81713
       404    853.0278    375.6136     9086.943     625.3196  15.1040   0.0747     9.29    0.425 -29.12   0      22.48     922.1136     98.56465
       405     17.1525    373.6441     26086.01     653.6927  13.9590   0.0272     9.00    0.273 -16.38  16      61.68     2516.094     101.9195
       406    642.5061    369.7613     45667.27     854.1844  13.3510   0.0203     9.31    0.316 -12.09   0      92.25     3845.578     103.5965
       407    385.2984    371.4294      6928.47     525.1599  15.3984   0.0823     8.38    0.242 -37.99   0      19.72     824.8881     96.74298
       408     77.4737    370.4727     10730.68     543.7806  14.9234   0.0550    10.53    0.349 -22.57   0      26.27     1063.603     98.09947
       409    963.3446    365.6858      18530.5     721.0785  14.3303   0.0423     9.41    0.288 -15.26   0      42.38     1815.337     99.56541
       410    475.6397    358.3311     427830.7     882.4424  10.9218   0.0022     9.03    0.254 -11.40   0      633.1     37585.25     162.0993
       411    357.2313    360.2664     171102.7     760.8671  11.9169   0.0048     9.17    0.286 -11.33   0      317.8     15290.33     127.0517
       412    532.6647    359.9654     78399.31     740.5846  12.7642   0.0103     9.02    0.295  -7.37   0      160.8      7035.81     111.3107
       413    327.1735    361.9380     28053.16     923.4464  13.8800   0.0357     9.56    0.254 -13.10   0      49.78      1916.19     100.5729
       414    864.6151    357.8364     15732.68     669.7568  14.5080   0.0462    13.15    0.348  -5.79   0      34.14     1349.971     99.80683
       415    659.9712    357.7303     16770.81     819.1799  14.4386   0.0530    12.76    0.370 -14.29   0      31.67     1233.063     98.75458
       416    731.3317    356.3915     20901.58     867.2542  14.1996   0.0451    14.21    0.373  -6.51   0       36.3     1217.028     98.71767
       417    248.2476    352.7584     60632.28     1091.256  13.0432   0.0195    10.88    0.494 -26.39   0      98.03     3631.501     104.3772
       418    165.2305    353.8188     71599.43     703.3782  12.8627   0.0107     9.39    0.276 -15.61   0      146.8     6074.465     109.8042
       419    836.5688    353.8896     9847.667     648.0224  15.0167   0.0715     8.29    0.081  27.94   0      22.46     909.4366     97.20889
       420    632.6160    351.3170     30526.97     877.2047  13.7883   0.0312    11.08    0.394 -12.02   0      57.56     2354.266      101.302
       421     79.2908    347.9330     45030.91     782.6204  13.3662   0.0189     9.26    0.297 -14.56   0      97.61     4013.634     104.4629
       422    961.1208    347.1609     54170.86      648.541  13.1656   0.0130    16.83    0.295  -2.41   0      121.4      5317.83     107.7459
       423    413.1922    347.0914     11829.95     483.6099  14.8175   0.0444     9.96    0.241 -20.58   0      30.59     1285.025     98.87409
       424    133.9661    344.2726     34679.47     734.1521  13.6498   0.0230    13.15    0.229  59.38   0      63.47     2013.866     100.5355
       425    587.2450    344.7026     22586.57     900.7327  14.1154   0.0433    12.94    0.408 -28.14   0      40.32     1470.085     98.24701
       426    854.8315    343.1475     19948.41     766.0366  14.2502   0.0417     9.45    0.280 -18.03   0      43.14      1839.14     100.1397
       427    609.7392    344.6241      7083.35     556.4343  15.3744   0.0853     7.30    0.107 -17.07   0      18.05     723.1397     97.57399
       428    221.7847    334.9800     209148.8     895.9032  11.6989   0.0047     9.32    0.215   6.29   0      352.1     16998.23     130.2704
       429    442.5320    339.8676     8602.578     644.5714  15.1634   0.0814     9.88    0.084 -79.08   0      20.88       743.45     97.35493
       430      3.9610    337.5459     10185.49     531.4758  14.9800   0.0567    11.10    0.177 -54.71  19      29.51     1332.228     99.24451
       431     17.0932    334.5985     31644.32     698.7591  13.7493   0.0240    10.75    0.363 -15.13  18      67.56     2767.758     102.2255
       432    554.5851    333.6371     20640.39      604.249  14.2132   0.0318     9.61    0.228 -13.94   0      49.81     1996.511     101.2684
       433    804.8662    330.6614     24751.81     756.3845  14.0160   0.0332     8.98    0.319 -16.87   3      57.15     2365.827      101.328
       434    813.6941    320.9640     22659.03       638.42  14.1119   0.0306     9.27    0.296 -14.00   3      52.65     2172.149     99.85788
       435    248.1004    328.6436     49737.33     835.2995  13.2583   0.0182     9.93    0.295 -11.07   0      101.3     4003.622     103.6926
       436     86.0585    327.7783     13778.51     735.6382  14.6520   0.0580     9.94    0.282 -30.00   0      24.05     1006.834     98.23256
       437    663.4152    319.9203     12959.56     748.5092  14.7185   0.0627    10.19    0.116  87.82   0      24.82     973.2214     97.88986
       438    505.4094    320.0803     14577.81     795.2409  14.5908   0.0592    10.96    0.313 -37.28   0      27.57     979.2708     98.16876
       439    369.9802    318.3255     35483.77     719.2175  13.6249   0.0220    18.52    0.525  -5.01   0      68.91      2591.42     102.0874
       440    441.1372    313.2991     5398.785     488.6154  15.6693   0.0983     6.32    0.612 -55.11   0      16.81     836.6363     97.03853
       441    960.5960    310.6128     45197.91     720.4809  13.3622   0.0173     9.56    0.310  -9.99   3      99.29     4290.936     105.5576
       442    967.2703    303.1250     39191.35     777.5905  13.5170   0.0215     9.73    0.283  -8.69   3      85.56     3580.242     103.7663
       443    594.6263    308.3801     37299.06     631.3914  13.5708   0.0184     9.22    0.245  -9.66   0      82.16     3400.927     104.1236
       444    176.6491    308.0209     35865.52     1090.857  13.6133   0.0330    15.52    0.504 -35.37   0      52.17     1895.375     100.7838
       445    868.5458    299.3125     107861.3     808.7255  12.4178   0.0081     8.75    0.273  -7.19   0      215.6     10102.36      116.962
       446    138.8241    304.2108     12219.33     650.8515  14.7824   0.0578    10.59    0.308 -19.22   0      27.97     1175.253     98.88438
       447    344.4129    301.8969     8964.992     554.8674  15.1186   0.0672     9.81    0.299 -25.17   0      23.62     929.0795      98.0525
       448   1012.0157    304.5443     14531.35     498.0858  14.5942   0.0372    10.27    0.360  -8.24  16      35.73     1527.794     99.69136
       449    158.3046    293.8156     45256.48     996.4938  13.3608   0.0239    10.55    0.247 -43.27   0      82.51     3289.585     102.8756
       450    686.4498    295.0022     14585.96     718.9318  14.5902   0.0535     9.49    0.178 -28.45   0      31.49     1281.786     98.86665
       451     58.6560    290.1456     33291.62     830.0311  13.6942   0.0271     9.32    0.303 -16.11   0      70.55     2904.605     103.0346
       452   1018.2725    287.0806     108266.9     630.2042  12.4138   0.0063     8.64    0.188 -13.56  24      231.2     11515.13     119.6757
       453    822.6361    287.9177     82452.62     740.0753  12.7095   0.0097     9.12    0.292  -9.93   0      168.8     7536.001      112.096
       454    761.0085    290.0693     20600.91     766.2302  14.2153   0.0404    10.39    0.329 -14.67   0      43.97     1766.096     99.97377
       455    415.9738    287.3726     61874.91     740.7728  13.0212   0.0130     9.55    0.319  -9.35   0      127.9     5571.641     108.7585
       456    354.6260    289.3954     12362.42     747.4598  14.7697   0.0657    10.77    0.225 -44.49   0      25.14      1003.62     98.48911
       457    898.4957    285.4247     15691.76     710.1989  14.5108   0.0492     8.98    0.377 -12.41   0      36.18     1658.428     98.68174
       458    529.2281    285.4055     12596.27     733.5051  14.7494   0.0632    11.08    0.211 -32.20   0      26.42     876.9821     98.46053
       459    484.9112    286.3895     12031.37     687.6465  14.7992   0.0621    10.06    0.401 -40.82   0      26.45     1059.637     97.82521
       460    141.1802    281.5841        59282     716.8053  13.0677   0.0131     9.14    0.307 -13.02   0      128.6     5534.677      108.442
       461    961.7853    280.4048     46943.46     659.9216  13.3211   0.0153     8.99    0.326  -4.80   0      105.2     4651.947      106.332
       462    599.9275    278.0632     12326.65     470.2353  14.7729   0.0414    11.75    0.207 -23.61   0       31.8     1261.511     98.82003
       463      4.8794    269.0117     809403.8     842.2377  10.2296   0.0011    10.30    0.141 -64.69  24       1042     90000.02     223.8327
       464    513.5864    273.4516     14492.67      727.876  14.5971   0.0545    13.14    0.375   8.09   0      31.85     1168.987     98.86998
       465    687.1881    271.7611     35155.49     621.2858  13.6350   0.0192     9.45    0.327  -7.89   0      78.89     3229.105     103.9979
       466    463.0801    269.6670     145897.4     755.8814  12.0899   0.0056     9.19    0.288  -8.44   0        276     12858.15     122.1996
       467    734.7866    267.7527     10225.75     631.9272  14.9758   0.0671     9.48    0.288 -16.25   0       24.4      1036.62     98.82833
       468    314.2831    263.7087      87016.2     694.4595  12.6510   0.0087     9.05    0.308 -12.31   0      180.4     8081.155     113.1959
       469    386.7581    264.9677     23247.56     749.8971  14.0841   0.0350     9.60    0.294 -18.78   0      49.94     2171.628     101.4049
       470    167.5425    257.4482     160843.7     805.1452  11.9840   0.0054     9.22    0.295 -13.72   0      294.5     14065.92       125.05
       471    661.4393    258.2496     21891.05     683.3396  14.1493   0.0339     9.89    0.270 -13.80   0      49.47     2002.852     100.5106
       472     70.1196    273.8782     41239.98     654.9879  13.4617   0.0172     9.28    0.322 -12.52   0      92.16     3782.705     103.7092
       473    923.4382    257.1720     9323.104     634.6784  15.0761   0.0739     9.06    0.209 -37.38   0      21.37     845.3632     98.38752
       474    217.2219    249.9411     372620.7     882.9356  11.0718   0.0026     9.27    0.266 -16.54   0      566.2     32033.91     154.1196
       475   1016.5524    252.3244     44152.23     802.8405  13.3876   0.0197     9.23    0.302  -3.55  16      86.59     3666.234     103.9544
       476    430.6124    255.0213     11837.51     710.7933  14.8168   0.0652    11.02    0.567  -8.75   0      23.48     861.7917     98.16129
       477    392.5556    248.6356     117160.5     762.6689  12.3280   0.0071     9.02    0.276 -10.26   0      230.3     10749.43     118.8698
       478    601.8749    246.1257     253182.7     899.0977  11.4914   0.0039     9.47    0.373   5.77   0      417.8     21557.72     137.4303
       479    682.8852    247.8078     55763.37     652.0922  13.1341   0.0127     9.07    0.315 -10.51   0      122.5     5451.941     108.2685
       480    186.5062    244.7300     33269.96     1082.548  13.6949   0.0353    15.19    0.514 -17.09   1      44.91     1525.453      98.9015
       481    640.0547    241.6909     27463.42      646.184  13.9031   0.0256     9.28    0.280  -9.67   0      63.78     2536.757     101.1988
       482    559.5226    241.7639     20370.52     894.3856  14.2275   0.0477    12.94    0.297   0.88   0      35.93     1245.746     98.78376
       483     65.0819    240.7493      9100.98     648.7618  15.1023   0.0774     9.38    0.354 -17.34   0      21.09     778.2307     97.16924
       484    811.3515    236.7756     10699.96     579.5953  14.9265   0.0588    10.41    0.296 -14.38   0      24.27     899.7947     98.51318
       485     88.7082    234.3640     11781.33     724.3453  14.8220   0.0668     9.24    0.265 -40.67   0      23.96     781.9594     96.64207
       486    557.9371    232.8186     10899.22       691.04  14.9065   0.0689     9.51    0.292 -34.90   1      23.42     761.3942     97.66306
       487    116.3162    232.1590     16035.05     660.0974  14.4873   0.0447    10.98    0.389 -10.12   0      34.71     1414.058     98.64519
       488    727.9912    219.0637      1026320     1053.171   9.9718   0.0011     9.01    0.236  -8.83   0       1130     94404.16     228.2607
       489    202.3438    227.7191     8159.186     615.5633  15.2209   0.0819     8.35    0.205 -39.17   0      19.82       802.05     97.22493
       490    849.9360    226.1938     9746.029     626.5959  15.0279   0.0698     9.25    0.308 -18.39   0      22.43     1014.099      98.5133
       491    413.9653    217.6494     248162.3     920.6738  11.5132   0.0040     9.65    0.187  30.06   0      391.6     18564.94     132.7802
       492    344.2183    224.2522      28365.6     595.2706  13.8680   0.0228     9.19    0.325 -14.81   0      67.85     2930.201     102.8388
       493    953.5105    223.8393     22205.88      777.635  14.1338   0.0380     9.93    0.320  -9.21   0       47.5     1940.716      99.8512
       494    237.8751    220.1310     181201.6     796.3309  11.8546   0.0048     9.20    0.285 -12.16   0      330.1     16014.14     128.1374
       495    460.9048    222.2513     15071.24     647.8509  14.5546   0.0467    11.69    0.258  -4.21   0      36.24     1386.215     98.31727
       496    544.7770    218.4445     34030.44     779.4193  13.6703   0.0249     9.75    0.357 -17.90   0      66.46     2758.079     102.7109
       497    479.2981    219.1993     15284.12     756.9724  14.5394   0.0538    10.40    0.308 -22.28   0      31.47     1317.813     98.94942
       498    935.3138    217.7335     21939.79     797.3422  14.1469   0.0395     9.91    0.361   3.16   3      46.11     2043.177     100.3433
       499    942.2631    209.8951     36492.14      869.839  13.5945   0.0259     9.46    0.254 -21.11   3      73.09      3076.07     102.4028
       500    641.3354    217.9712     11119.78     669.1604  14.8848   0.0654    10.16    0.407 -15.52   0      24.17     976.5677     98.16251
       501      7.6751    217.0212     8503.511     549.9771  15.1760   0.0702    10.43    0.298 -25.63  16      22.96     837.9276     98.10603
       502    295.6070    207.3651     42810.34     718.8248  13.4211   0.0182     9.43    0.310 -16.27   3       91.2     3831.838     105.0599
       503    298.4878    197.1667     66998.23     846.9095  12.9348   0.0137     9.60    0.173 -30.36   3      121.4     4980.647      106.546
       504   1018.3380    208.1152     6966.529     531.3207  15.3925   0.0828     7.75    0.383  87.00  16      19.13     758.1295     97.12221
       505    855.5010    209.1661     5860.211     522.2171  15.5802   0.0968     6.92    0.248 -12.53   0       17.3      806.396     96.69952
       506     57.8067    202.9254     36433.66     665.1346  13.5962   0.0198    11.21    0.347 -33.92   0      73.86     2799.552      102.042
       507    514.4583    200.3932     31633.11     1052.402  13.7496   0.0361    14.10    0.263  -0.46   0      48.14     1475.678     99.57248
       508    461.3301    199.2926     7576.019     587.2795  15.3014   0.0842     6.79    0.464  -0.74   0      19.16     730.2213     97.32404
       509    768.7247    195.9349      26542.5      932.868  13.9401   0.0382     9.57    0.283 -24.10   3      46.06     1925.641     100.0767
       510    766.0941    188.9027      25472.5     927.7221  13.9848   0.0396    10.16    0.159 -58.00   3      43.63     1618.979     98.85387
       511   1003.3717    192.2604     16947.51     764.2969  14.4272   0.0490    11.85    0.367 -10.85   0      33.75      1217.56     98.71889
       512    659.8259    193.6870     8370.969     382.9077  15.1931   0.0497     0.53    0.663  83.90   0      44.71     2927.042     102.0715
       513    377.9984    191.9549     13520.93     649.3094  14.6725   0.0522    10.86    0.315 -19.24   0       31.1     1286.633     99.40162
       514    203.7113    188.0814     60521.74     902.3754  13.0452   0.0162    14.68    0.291  33.12   0      98.98     2805.467     102.0552
       515     16.3900    189.6156     20064.69      812.938  14.2439   0.0440    11.12    0.300 -10.95  16      39.99     1624.199     99.65067
       516    944.2961    187.3568     17661.81     528.5578  14.3824   0.0325    10.95    0.389 -17.50   0      41.87     1778.832     98.95865
       517    641.3350    190.4389     8272.467     621.8999  15.2059   0.0816     9.14    0.116 -17.53   2      22.24     793.5658     97.73789
       518    610.1740    188.3907     15621.65     497.2793  14.5157   0.0346     8.91    0.236 -15.27   0      38.44     1641.267     99.94971
       519    291.5731    183.5703     26847.38     916.0907  13.9277   0.0371     9.00    0.286 -10.45   1       42.4     1785.699     100.5362
       520    239.5612    181.8757      36684.5     911.4332  13.5888   0.0270    12.77    0.283 -14.84   3      68.53     2924.363     102.5731
       521    230.7156    173.1073     32615.36     824.3519  13.7164   0.0274     9.47    0.324  -9.91   3      67.56     2867.027     102.1922
       522    147.3916    182.4206     14913.02     768.7749  14.5661   0.0560     8.99    0.233 -35.15   0      25.59     978.1944     98.16627
       523    896.2350    179.9238     13259.64     749.4669  14.6937   0.0614    11.75    0.447  19.76   0      26.21     874.1516      97.9251
       524    274.2762    174.9507     105883.8     808.1696  12.4379   0.0083     8.99    0.285  -9.82   0      208.6     9620.832     116.2461
       525    162.5920    175.7053     31529.55     961.4789  13.7532   0.0331    11.99    0.432 -18.94   3      46.94     1855.929     100.1778
       526    174.4554    172.2404     21575.44     794.7918  14.1651   0.0400    12.52    0.393 -14.05   3      41.71     1733.165     100.1585
       527    758.5754    175.4147     11540.26     707.9528  14.8445   0.0666    11.05    0.236  11.85   0      24.62     920.6024     98.29736
       528    968.2983    175.7048      7187.66     498.6445  15.3585   0.0753     9.20    0.255 -13.13   0      19.67     809.1163     96.97405
       529    360.0981    169.2082     693476.8      961.312  10.3974   0.0015     9.02    0.254  -9.89   0      880.3     63154.46     194.6755
       530    109.7876    170.2363     63229.46     1010.269  12.9977   0.0174     9.87    0.338 -14.59   3        109     4488.774     106.7152
       531     96.2486    161.1445     148907.2     883.4326  12.0677   0.0064     9.17    0.291 -10.33   2      273.9     13091.96     123.2672
       532    775.0487    165.2851     15260.69     578.0215  14.5411   0.0411     9.14    0.329  29.40   0      46.56     5053.446     106.7012
       533    139.5675    164.0642     9616.014     609.7463  15.0425   0.0689     6.91    0.228 -49.07   0      20.13      722.929      97.5735
       534    979.3035    159.4693      19461.5     608.0907  14.2771   0.0339    12.56    0.310  -5.91   0      47.07     1977.489      99.6747
       535    922.8205    160.5352     7646.073     618.5304  15.2914   0.0879     8.32    0.229  25.98   0      19.55     792.2956     98.00025
       536     20.2293    157.3505      22396.6     763.3687  14.1245   0.0370     9.61    0.325 -22.60   0      45.06     1910.141     100.8171
       537    699.7387    153.9753     231083.6     837.2329  11.5906   0.0039     8.99    0.306  -2.42   2      391.5     20792.04     136.7291
       538    679.5349    154.3599     43893.07     718.2639  13.3940   0.0178    12.59    0.437 -17.22   3      88.55     3494.899     103.8295
       539    393.2384    157.5461     18499.66     784.0385  14.3321   0.0460    10.37    0.366 -16.42   0      39.64     1464.205     99.54629
       540    631.0893    154.7615     18191.44     619.2562  14.3503   0.0370     9.31    0.295 -23.09   0      44.75     1955.653      99.8852
       541    608.0041    153.8092     13648.01     639.2789  14.6623   0.0509    13.24    0.506  43.14   0      27.86     873.3988     97.92336
       542    574.6800    165.5340     6904.872     597.9759  15.4021   0.0940     7.58    0.286  88.89   0      18.25     726.6979     97.04863
       543    299.2642    148.7806     8388.578     534.3638  15.1908   0.0692     9.66    0.230 -17.81   0      21.75     851.2178     97.87186
       544    854.0075    145.5513     31683.01      715.298  13.7479   0.0245     9.09    0.329  -8.03   0      70.49     3172.117     103.3721
       545    524.1928    144.0982     9367.586     544.4044  15.0709   0.0631     7.25    0.072 -33.37   0      25.42     1221.673     98.72836
       546    236.9239    141.1894     16755.23     611.3406  14.4396   0.0396    10.25    0.308 -15.75   0      40.22     1747.174     99.93075
       547    565.1282    141.0341     9115.291     625.3299  15.1006   0.0745     8.86    0.252 -26.24   0      22.17     983.6644     98.17894
       548     37.4121    138.3485     33896.75      896.369  13.6746   0.0287    10.38    0.353  -9.99   0      59.78     2236.812     101.2949
       549    398.2560    138.2143     8545.451     623.0424  15.1707   0.0792     7.80    0.225 -45.29   0      20.47     858.7703      98.1543
       550     20.0429    132.7200     98224.05     782.3078  12.5195   0.0086     9.25    0.292 -12.88  16      193.2     8629.017     114.2906
       551    749.6547    131.5590     8065.828     620.7795  15.2334   0.0836     8.27    0.579  69.82   0      19.95     792.4825     98.00069
       552    361.0451    130.3283     22303.17     726.7465  14.1291   0.0354    12.24    0.326  20.82   0      43.83     1650.169     99.70988
       553    662.8699    128.7449     74897.27     844.4267  12.8138   0.0122     9.24    0.327 -10.02   0      146.8     6391.875     109.7518
       554    547.6660    131.0179     9671.223     499.7751  15.0363   0.0561    10.94    0.267 -14.99   0      25.22     1090.266      98.4254
       555    525.1400    125.1592     12553.96     715.5728  14.7530   0.0619     9.92    0.398 -27.59   0      23.78     999.7512     98.21617
       556    794.1141    119.8235     64285.51     745.0056  12.9797   0.0126     8.93    0.328 -18.13   0      133.3     5905.167     108.5002
       557    252.1071    121.5142     21082.63     639.8908  14.1902   0.0330    17.05    0.674  -9.57   0      36.79      1145.62     98.28931
       558    698.4959    121.8003      8335.02     595.2565  15.1977   0.0776     8.37    0.231 -16.24   0      20.58     879.0356     97.93643
       559    316.6703    121.1776     10834.27      692.895  14.9130   0.0695     9.46    0.206 -14.44   0      23.89     954.7207     98.11192
       560    734.0448    115.3063     92129.34     1130.425  12.5890   0.0133    22.69    0.619  -9.26   0      123.4     3539.244     103.1743
       561    541.0121    112.1656     26716.35     1016.813  13.9331   0.0413    16.96    0.425 -56.37   0      41.13     1246.732     99.57146
       562    140.0618    112.1327     15910.88     545.9414  14.4958   0.0373     9.45    0.282 -13.57   0      39.24     1712.549     99.85197
       563   1016.7025    106.4769     21455.61     566.8732  14.1711   0.0287     9.05    0.314  -8.02  16      52.98     2308.013     100.6837
       564    930.5001    106.9600     30708.69     810.3199  13.7818   0.0287     9.46    0.336 -14.64   3      65.06     2820.902     101.0671
       565    728.2205   1021.2231     6279.659     457.4762  15.5052   0.0791     5.75    0.395  -2.03  16       17.9     926.7729     98.57539
       566    611.5883    105.1161     21196.08     531.2985  14.1844   0.0272     9.19    0.315 -10.42   0      50.84     2116.553     100.7673
       567    410.3906    105.0233     11991.95     745.6079  14.8028   0.0675     9.80    0.565 -20.88   0      21.83     823.6597     98.07297
       568    309.5301    104.0895     9734.438     641.9437  15.0292   0.0716     9.13    0.114 -35.24   0      23.62       979.92     97.63983
       569     19.8474    103.1994      8204.65     566.1406  15.2148   0.0749     9.20    0.097 -16.97   0      21.58     901.3549     97.98821
       570     60.4847    103.1141      7419.75     550.7091  15.3240   0.0806     9.12    0.352 -21.91   0      19.31     687.4041     97.22401
       571    514.7239     99.7849     17952.54     869.4726  14.3647   0.0526    13.37    0.338 -12.74   0      32.51     1207.537     98.95856
       572    836.3503     96.8058      46902.5     634.8388  13.3220   0.0147     8.59    0.319  -6.28   0      107.9     4883.608     107.0688
       573     38.8321     98.7217      14068.1     559.2799  14.6294   0.0432     9.70    0.302 -24.17   0       35.8     1526.304     99.42715
       574    801.6741     87.4010     649102.8     950.7632  10.4692   0.0016     8.81    0.266  -9.23   0      846.9     62889.68     194.3662
       575    581.6938     94.9062      12753.8     697.2583  14.7359   0.0594     7.46    0.537  -6.78   0       24.1     835.4162     97.56939
       576    531.2783     87.4000     312178.7     829.7498  11.2640   0.0029     8.90    0.276  -9.13   0      506.9     29099.52     149.7299
       577    232.6497     90.6517     63137.82     651.6758  12.9993   0.0112     8.90    0.305 -10.57   0      140.4     6441.402     110.5611
       578    103.3866     91.0234     26069.79     929.2666  13.9597   0.0387    12.00    0.333 -14.72   0      41.85     1643.713     99.95528
       579    316.2477     89.9778     60413.34     694.1661  13.0472   0.0125     9.65    0.361  -9.49   0      127.8     5620.854     108.8613
       580    979.5723     84.3937      12009.3     714.4918  14.8012   0.0646    11.41    0.313 -12.51   0      26.66     949.7227     98.36466
       581    898.7797     76.4277     14025.73     742.7398  14.6327   0.0575     8.67    0.337 -21.28   2      27.59     1029.327     98.81155
       582    575.5799     75.0443     31122.15     903.6025  13.7673   0.0315    11.75    0.418 -24.98   0      54.16     2143.922     101.3428
       583    140.5834     74.9734     24283.89     561.1069  14.0367   0.0251    14.82    0.360  -7.95   0      60.33     2740.062      102.671
       584     10.3091   1021.0401     7077.145      464.907  15.3754   0.0713     6.14    0.057 -57.61  16      19.28     1000.225     97.68709
       585    276.7683     73.5613     14244.74     659.4807  14.6159   0.0503     8.84    0.271 -23.57   0      33.84     1461.736     99.54065
       586    575.6813    106.4689     30000.22     802.0681  13.8072   0.0290     9.19    0.322 -14.29   0      64.41     2743.624     101.6623
       587    740.8449     73.6094     17344.48     859.5511  14.4021   0.0538    11.07    0.386 -11.74   0      27.34       901.69     98.51755
       588      6.2811     89.7276     41897.14     546.0579  13.4445   0.0142     8.76    0.246 -20.92  24      103.4     4459.681     105.4289
       589    467.7917     69.2486     27338.03     958.4579  13.9081   0.0381     9.14    0.302 -10.32   0      38.79     1802.703     100.3161
       590    107.0776     66.0131     79374.37     692.8916  12.7508   0.0095     9.00    0.263  -9.87   0      166.9     7461.666     112.1769
       591    728.2000     68.9323     14210.36     689.3087  14.6185   0.0527     7.56    0.362 -21.64   0      24.55     865.3483     98.43368
       592    485.4580     64.9341     39547.93     918.5297  13.5072   0.0252     9.39    0.368 -12.10   0      69.76     2867.716     102.4475
       593    859.2322     65.4535     10849.87     571.7612  14.9114   0.0572     8.38    0.215  18.00   0      27.58      1278.88     98.85996
       594    830.3311     64.2629     17488.84     658.6295  14.3931   0.0409     8.74    0.314  -8.02   0      45.32     2090.005     100.7074
       595    283.7842     63.5843     10223.42     650.1542  14.9760   0.0691     7.82    0.325 -10.89   0      21.36     826.2383     97.81384
       596    586.5881     54.9324     64324.47     1416.529  12.9791   0.0239    23.17    0.600 -20.21   2      74.74      2299.92       101.18
       597    571.7106     53.2521     21291.06     944.0472  14.1795   0.0482    11.79    0.180  68.72   3      33.82     1141.797     98.01591
       598    401.8643     61.3362     6288.701     511.0976  15.5036   0.0883     5.89    0.347 -15.91   0      16.37     713.6526     97.28535
       599    994.2309     57.6278      14161.2     791.0292  14.6222   0.0607    11.72    0.449  -3.40   0      26.76     1147.999     99.08413
       600    823.2854     51.1370     11942.31     688.5605  14.8073   0.0626     9.56    0.240 -20.10   3       24.1     939.4888     97.54568
       601    834.3140     46.3456      36785.5     907.8904  13.5858   0.0268    12.27    0.335 -12.38   2       68.6     2948.948     102.1203
       602    207.4379     50.3425     10779.97     465.3206  14.9185   0.0469     9.19    0.268 -29.36   0      28.85      1195.75     98.66867
       603    660.4107     49.6190     15716.76     785.7138  14.5091   0.0543    11.51    0.318  -6.06   0      30.79     1260.628     98.81799
       604    887.6998     73.8422     14928.83     801.0342  14.5649   0.0583    10.13    0.293  -0.07   0      27.57     977.8372     96.83385
       605    251.0022     45.2333     48911.43      632.486  13.2765   0.0140     8.52    0.299 -11.66   0      110.5     4989.236     107.5346
       606    539.7606   1019.2790     7046.556     507.6123  15.3801   0.0782     7.63    0.445 -88.96  16      17.92     619.8381     97.33308
       607     19.0173     41.7007     13055.45     683.2509  14.7105   0.0568    12.47    0.487 -11.17   3      29.31      1151.53     98.03848
       608    583.7919     41.5618     30348.71     947.5964  13.7946   0.0339     9.58    0.342  -5.75   1      48.59     1941.906     100.8887
       609    297.1059   1020.9065     5178.596     433.6026  15.7145   0.0909     5.83    0.453 -11.07  16      16.07     716.8613     97.29285
       610    227.7337     42.7706     7885.239     609.1008  15.2580   0.0839     7.57    0.030 -34.35   0       18.8     745.2646     97.62551
       611    984.5497     36.2654     17939.16     629.5607  14.3655   0.0381    10.03    0.114  35.95   0      37.82      1466.42     99.29017
       612    169.3203   1016.8802     39203.77     1175.176  13.5167   0.0326    19.73    0.588  21.72  16      43.28     1017.373     97.46091
       613    197.8519     35.2991     11580.24     551.2471  14.8407   0.0517     8.39    0.262 -16.91   0      30.03      1285.45     97.81897
       614    156.3401     34.0380      19814.1      794.288  14.2576   0.0435     9.75    0.330 -10.57   0      44.26     1834.698     100.1296
       615    318.8132     31.2457     8738.207     522.2266  15.1464   0.0649    10.16    0.239  -5.08   0      22.88      922.197     98.56484
       616     80.2108     30.2864     14621.44     519.8091  14.5875   0.0386    13.19    0.348 -21.45   0      33.88     1279.829     98.59914
       617    455.7045   1010.9469      42953.8     735.8275  13.4175   0.0186     9.85    0.310  -6.50  16      88.08     3420.284     102.9119
       618    375.2505   1009.5347     81950.96      796.536  12.7161   0.0106    11.61    0.418  -2.57  16      146.8     5395.374     107.9093
       619    770.0399     21.4781     5696.448     507.0075  15.6110   0.0967     3.16    0.245 -83.62   0      17.96     975.3044     98.15958
       620    157.9581     20.4132     8038.422     587.4584  15.2371   0.0794     4.42    0.120 -66.36   0      19.97     999.6229     99.00583
       621    933.0654     20.0404     18089.91     191.7951  14.3564   0.0115     4.52    0.118  31.74   0      174.6     16900.28     129.8997
       622    583.5492   1012.6010     8157.415     549.8341  15.2211   0.0732     6.16    0.099  15.34  16      18.74     715.4614      97.5561
       623    598.8040   1010.7676     9497.136     611.8277  15.0560   0.0700     6.92    0.451 -70.15  16      20.43     778.5669      98.2331
       624    625.0107   1014.4347     13533.55     757.3043  14.6715   0.0608     8.84    0.397 -37.50  16      24.97     734.2552     98.39478
       625    119.8301   1007.7318     10578.78     662.1492  14.9389   0.0680    10.55    0.170 -25.29   0      23.63     833.1339     97.82986
       626    717.0231   1004.3873     8729.155     633.4417  15.1476   0.0788     9.44    0.319 -89.01   0      21.95     920.8195     98.29787
       627    818.9726    998.0421     20418.52     919.4498  14.2249   0.0489    14.78    0.336  87.40   0      34.77     1102.135     98.97888
       628    390.7941    998.7460     28143.43     965.3967  13.8766   0.0373    13.74    0.316   8.76   0      45.01     1534.483     99.70661
       629    886.3859    996.5680     25806.22     946.5063  13.9707   0.0398     9.42    0.191  -6.86   0      40.96      1645.44     100.4774
       630    635.1636    998.8206     6502.395     521.2526  15.4673   0.0871     8.15    0.334 -33.29   0      18.69      783.295     98.50799
       631    667.5572    993.1259     12425.97     745.7402  14.7642   0.0652    10.82    0.271 -18.70   0      25.41     968.9686     98.14491
       632    694.8618    988.8552     135429.6      772.308  12.1707   0.0062     8.97    0.274  -8.46   0      262.2     12314.95     121.8262
       633    777.5218    990.3861     9202.958     648.7976  15.0902   0.0766     9.58    0.176 -22.51   0      22.06     905.9268     97.99882
