#   1 NUMBER                 Running object number                                     
#   2 X_IMAGE                Object position along x                                    [pixel]
#   3 Y_IMAGE                Object position along y                                    [pixel]
#   4 FLUX_AUTO              Flux within a Kron-like elliptical aperture                [count]
#   5 FLUXERR_AUTO           RMS error for AUTO flux                                    [count]
#   6 MAG_AUTO               Kron-like elliptical aperture magnitude                    [mag]
#   7 MAGERR_AUTO            RMS error for AUTO magnitude                               [mag]
#   8 FWHM_IMAGE             FWHM assuming a gaussian core                              [pixel]
#   9 ELLIPTICITY            1 - B_IMAGE/A_IMAGE                                       
#  10 THETA_IMAGE            Position angle (CCW/x)                                     [deg]
#  11 FLAGS                  Extraction flags                                          
#  12 SNR_WIN                Gaussian-weighted SNR                                     
#  13 FLUX_APER              Flux vector within fixed circular aperture(s)              [count]
#  14 FLUXERR_APER           RMS error vector for aperture flux(es)                     [count]
         1    483.7161     20.2711     18753.72     552.7044  14.3173   0.0320     8.85    0.243 -15.72   0      55.95     1722.351      74.9472
         2     89.4531     18.1457     8364.219      444.038  15.1939   0.0577     9.13    0.304 -40.07   0      27.61     906.9048     73.19099
         3    497.5043     10.4874     4686.843     382.7083  15.8228   0.0887     8.55    0.624 -72.10  16      19.01     524.1867     71.41489
         4    964.3239      3.4108     27559.79     343.7861  13.8993   0.0135     8.16    0.465  -3.71  24      103.6     4279.955     82.67332
         5    446.2978      2.0980     5223.184     207.6525  15.7052   0.0432     7.38    0.587   2.34  24       29.5     1472.652     73.62548
         6    714.0769    989.5031     17839.01     420.2557  14.3716   0.0256     9.29    0.153 -20.91   0      56.95      1658.14     74.75223
         7    331.0117    988.0529     5513.317      411.863  15.6465   0.0811     9.43    0.260  85.39   0      20.12     539.6079     71.84946
         8    744.3842    981.1181     141808.1      663.954  12.1207   0.0051    12.73    0.403 -18.65   0      292.5     8798.207     94.27953
         9    428.4270    986.3170     6088.914     408.8158  15.5387   0.0729     9.38    0.239 -58.17   0      21.17     547.0239     71.48753
        10    207.1629    983.9865     23024.93     745.6805  14.0945   0.0352     9.70    0.146 -23.91   0      50.11     1435.731     74.99947
        11    911.8514    982.7437     15050.83      498.549  14.5561   0.0360     9.25    0.219 -21.07   0      49.31     1418.891     74.76391
        12    517.3232    980.2388     35172.46     579.4265  13.6345   0.0179    10.55    0.135 -87.96   0         89     2526.591     77.70389
        13    982.1500    976.1002     26986.67     443.4599  13.9221   0.0178     8.29    0.119 -19.50   0      83.39     2644.917     77.15931
        14    619.5421    977.4727     5769.296     427.6317  15.5972   0.0805     9.76    0.130 -46.90   0      20.28     516.1201     71.38921
        15    839.7142    961.8411     91079.32     696.2503  12.6015   0.0083    12.99    0.430 -52.15   0      200.4     6362.208     87.89828
        16    159.2551    969.4062      3852.61     237.2942  16.0356   0.0669     8.46    0.334 -67.22   0      18.86      634.019     72.14748
        17    420.3965    960.3290     8349.825     441.6915  15.1958   0.0574     9.56    0.207  -1.46   0      28.11     847.8323     72.81789
        18     57.1985    957.1166     6600.455     440.7905  15.4511   0.0725     6.38    0.244  21.22   0       20.6     672.8408     72.46053
        19    907.7009    950.6471     7315.908     451.9843  15.3393   0.0671     7.11    0.100  84.46   0      20.74     635.2839     71.18787
        20    293.0128    939.5527     35734.92     617.7137  13.6173   0.0188     8.67    0.173 -21.80   0      98.94     3029.503     79.50936
        21    705.7060    940.2332     5776.278     367.7236  15.5959   0.0691     9.73    0.291 -47.84   0      20.67     564.6365     70.96197
        22    582.4421    934.1684     111690.2     566.3856  12.3800   0.0055     8.38    0.177 -22.27   0        274     9893.437     97.16846
        23    673.4979    935.8148     4733.262     411.4323  15.8121   0.0944     7.26    0.569 -37.44   0      17.92     668.6346     71.87312
        24    625.4733    935.2537     6128.147     448.3163  15.5317   0.0794     8.05    0.391 -46.32   0      19.47     555.4296     71.51425
        25    970.8129    930.6866     4271.594     363.9573  15.9235   0.0925     6.27    0.179  81.50   0      18.07     687.6542     71.93324
        26    121.0838    926.1241     3005.903     221.3994  16.3051   0.0800     0.00    0.009  29.85   2      24.17     1510.877     74.11703
        27    323.3042    921.3094     19091.32     550.3392  14.2979   0.0313     9.06    0.232 -24.35   0      60.63     1801.511     75.37035
        28    279.0869    908.9188     7044.847     324.6705  15.3803   0.0500    10.98    0.150 -29.60   0      25.07     701.3926     71.97663
        29    173.8234    907.5231     16063.39     420.1171  14.4854   0.0284     9.75    0.179 -43.34   0      51.63     1419.484     74.39532
        30     72.6071    905.1935     8275.283     321.2597  15.2055   0.0422     8.56    0.186 -33.07   0      30.43     959.4702     72.97648
        31     22.5384    901.8841     73287.38     633.5629  12.8374   0.0094    11.11    0.373 -20.74  16      169.7     4859.422     83.92273
        32    249.3303    900.9910      58052.4     511.7439  13.0904   0.0096     8.58    0.181 -25.26   0      160.2     5031.783     84.71492
        33    111.6411    904.2789     5621.486     457.2138  15.6254   0.0883     8.81    0.185 -62.37   0       19.7     484.4671     71.48186
        34    566.7294    896.0894     20956.87     603.1611  14.1967   0.0313     9.45    0.139 -25.61   0      59.29     1648.509     74.90755
        35    858.6482    888.8665     28100.94     587.9133  13.8782   0.0227     8.69    0.209 -20.84   0      81.14     2461.323     77.51276
        36    509.9781    889.6156     9629.866     577.7483  15.0409   0.0652     9.56    0.328 -65.47   0      22.59     575.1041     71.96165
        37    623.0182    885.3452     52273.78      634.744  13.2043   0.0132    17.81    0.234  80.87   0      130.4     4198.471     82.61636
        38    900.4366    886.8892     7256.979      393.993  15.3481   0.0590    10.74    0.177 -32.18   0      25.09     727.5673     71.86729
        39   1022.6812    884.1953     9003.496     305.2537  15.1140   0.0368     7.84    0.501  89.07  24      44.31     1942.497     76.15787
        40    112.4062    886.3525     7787.454     534.1389  15.2715   0.0745     9.81    0.231 -12.73   0      21.63     576.0428     71.96461
        41    408.5766    889.8171     14664.71     628.8666  14.5843   0.0466    10.53    0.122  -9.37   0      37.98     1053.896     73.64601
        42    776.5045    879.7112     9186.559     403.7494  15.0921   0.0477     8.92    0.151 -27.58   0      32.38     983.4709     72.86187
        43     56.2941    877.8132     8230.188     344.0647  15.2115   0.0454     9.54    0.116 -44.51   0      28.91     855.6063     72.46194
        44    234.2667    861.7470     131106.6     635.7696  12.2059   0.0053     8.46    0.173 -26.39   0      302.8     11000.61     99.44708
        45    636.6801    863.2264     14580.49      551.612  14.5906   0.0411     9.72    0.226 -27.06   0      44.44     1359.624     74.21223
        46    254.5188    860.4659     17434.94     565.7525  14.3964   0.0352     9.18    0.228 -29.08   0      51.09      1545.54      74.4091
        47    970.2057    861.0919     10604.32     554.9714  14.9363   0.0568     9.92    0.284 -18.86   0       29.1     854.8796     72.65002
        48    166.3624    858.7307     13496.51     582.8329  14.6744   0.0469     9.43    0.195 -35.59   0      37.84     1167.366     73.62109
        49    176.2785    866.4346     27660.53     560.0663  13.8953   0.0220     8.96    0.163 -22.31   0      78.07     2267.765     76.94314
        50    869.9052    853.6335     7899.479     483.2807  15.2560   0.0664     7.40    0.525  -6.92   0      18.89     542.8156     70.89204
        51    646.9438    840.9919     20831.79     742.2256  14.2032   0.0387    16.41    0.370 -63.36   0      45.46     1136.204     73.71244
        52    253.4832    834.4672     12768.22     509.8473  14.7347   0.0434    11.14    0.240 -21.10   0      39.25     1072.771      72.9508
        53    845.3339    828.5402     15558.95     500.8531  14.5200   0.0350     8.81    0.198 -33.56   0      48.97     1413.609     74.37737
        54      4.7443    823.9463     6741.621     352.0217  15.4281   0.0567    10.79    0.093 -74.60  16      24.51     692.3857     72.52181
        55    973.0408    823.1094     9791.409     591.3969  15.0229   0.0656    11.72    0.270 -13.02   0      24.47     662.8377     71.66231
        56    574.4831    819.4161     7811.048     498.0187  15.2682   0.0692     8.90    0.410 -54.95   0       22.5     599.3454     71.84618
        57    649.1240    815.5557     10991.06     561.9303  14.8974   0.0555    10.98    0.272 -20.90   0      30.48     860.6796     72.66817
        58    331.9601    813.4033     8463.958     169.4368  15.1811   0.0217     3.43    0.282 -40.15   0      92.48     7064.477     90.30957
        59    238.0269    808.1324     11500.68     507.2439  14.8482   0.0479     9.80    0.121 -19.29   0      34.29     923.5908     72.86465
        60   1006.9383    801.8848     39294.45     725.8325  13.5142   0.0201    13.44    0.323  35.62  16      87.24     2102.249      76.0905
        61    800.6607    803.6810     7307.905      443.497  15.3405   0.0659    10.31    0.116  61.43   0       24.7     686.7331     71.73804
        62    531.0967    803.1935     6600.971     352.9106  15.4510   0.0581    10.95    0.191 -47.40   0      23.34     664.0622     72.05061
        63    406.4258    794.5019     9400.821      485.411  15.0671   0.0561    12.32    0.073  29.15   0      28.18     658.1689      71.2609
        64    313.4421    787.3738     17706.07      457.179  14.3797   0.0280    10.60    0.158 -18.56   0         54      1447.97     74.85226
        65    676.1052    785.8446      19397.5     648.3936  14.2806   0.0363     9.05    0.160 -28.12   3      47.54     1237.286     73.27329
        66    663.9421    780.9846     43802.02     482.3014  13.3963   0.0120     8.54    0.186 -12.56   2      128.9     3922.564     81.85384
        67    731.2970    784.9654     26546.39     812.3107  13.9400   0.0332    10.48    0.172 -12.98   0      42.81     1081.362     72.59805
        68    533.0138    773.6031     267893.7     652.9351  11.4301   0.0026     8.47    0.157 -18.69   2      522.2     23525.81     124.8319
        69    528.3898    757.9993     35016.15     570.9602  13.6393   0.0177     8.75    0.139 -13.98   3      100.1     2886.099     78.74837
        70    937.7382    778.2773     11334.06     454.7602  14.8640   0.0436     8.98    0.090 -44.34   0      36.75     1154.044       73.392
        71    341.2750    778.2516     8108.085     465.9192  15.2277   0.0624    11.38    0.254 -57.19   0       26.9     761.5044     72.16618
        72    707.9247    770.9202     9613.115     545.1456  15.0428   0.0616     9.53    0.498 -23.29   2      23.94     588.0621     71.23112
        73    800.0093    769.9902     5517.829     377.7562  15.6456   0.0743     5.48    0.328  73.73   2      18.76     628.7848     71.93925
        74    691.6608    764.7468     21339.54     667.4339  14.1770   0.0340    14.08    0.380 -16.87   0      50.73     1275.607     73.95448
        75     55.8551    759.2713     63801.76     541.7567  12.9879   0.0092    11.47    0.208 -15.44   0      172.8     5704.865       86.342
        76    375.4117    760.5806     8434.074     492.0269  15.1849   0.0634     7.96    0.271 -71.92   0      20.84     508.3628     71.55779
        77     23.1299    751.7018     11255.36     517.9135  14.8716   0.0500    10.04    0.248 -43.87   0      34.77     1004.775     72.35789
        78    233.4556    747.8658      52288.5     504.4083  13.2040   0.0105     8.56    0.209 -25.51   0      147.6     4713.844     83.69275
        79    287.8036    742.0440     141495.7     582.3871  12.1231   0.0045     8.50    0.174 -25.32   0      329.6     12349.49     102.7526
        80    557.7056    740.7643      4191.41     346.4068  15.9441   0.0898     6.41    0.308  19.79   0      17.68      691.567     71.36733
        81    166.9999    731.3994      6582.37     462.1956  15.4540   0.0763     8.80    0.348 -51.90   0      20.64     598.2948     71.84286
        82    352.1922    724.9474     6395.152      449.989  15.4854   0.0764     8.30    0.235  37.35   0      22.12     713.9056     72.39869
        83    535.2230    720.7635     33310.23     515.5857  13.6936   0.0168    10.34    0.177 -23.94   0      98.71     3007.396     79.61981
        84    159.0276    717.6578     12455.87      542.524  14.7616   0.0473    10.89    0.277 -28.17   0      36.63      1060.21     73.28955
        85    409.1427    712.4881     48066.09     717.1092  13.2954   0.0162    12.97    0.429  -3.32   0      110.7     2784.734     78.10239
        86    932.4176    712.7496     6845.224     464.5601  15.4115   0.0737     4.27    0.148 -80.45   0      22.53     817.0103     72.91132
        87   1021.9990    702.5403     54318.64     387.7878  13.1626   0.0078     9.04    0.435 -89.30  24      191.4     8362.837     93.37215
        88    370.6539    704.1080     18150.41     592.8558  14.3528   0.0355    11.30    0.145 -31.37   2      51.84     1161.093     73.22544
        89    721.5483    699.9131     6088.334     313.1615  15.5388   0.0559    10.49    0.324 -75.93   0      22.67     541.8173     71.27747
        90    501.7960    699.3965     7776.583      418.095  15.2730   0.0584     9.32    0.153 -28.82   0      25.93     805.1476     72.49428
        91    856.9724    697.3502      9496.02     577.6957  15.0561   0.0661    11.07    0.501 -32.03   0      25.65      618.019     72.28838
        92    687.5175    695.6824      1992.79     132.2127  16.7513   0.0721     1.06    0.117  19.91   0         32     1914.935     75.34585
        93    691.5252    678.6408     8700.761     159.2591  15.1511   0.0199     0.95    0.029  30.84   0      102.8     8607.037     93.81755
        94    855.7767    671.1083     41055.16     479.5674  13.4666   0.0127     8.49    0.188 -21.24   0      121.6     3821.148     80.89164
        95    283.6382    669.9011     7505.013     461.9021  15.3116   0.0668     9.19    0.201 -88.67   0      23.75     796.9384     71.70211
        96    827.8268    651.7401      32112.4     498.0152  13.7333   0.0168     8.73    0.213 -20.23   0      95.31     2978.572     79.18942
        97    797.7443    650.8196     6895.923     453.2992  15.4035   0.0714     9.87    0.154 -27.85   0      24.17     739.0345     72.47753
        98    624.7030    646.8322     24566.85     461.3261  14.0241   0.0204     8.56    0.174 -22.78   0      75.26     2221.122     76.08251
        99    146.7617    647.8933     9202.896     473.0684  15.0902   0.0558    10.75    0.114 -54.52   0      29.14     820.3844     71.77639
       100    600.1453    645.3813      8142.98     380.2415  15.2230   0.0507     9.96    0.223 -43.17   0      29.41     919.1189     73.04005
       101    650.5438    643.2213     8588.746     404.2678  15.1652   0.0511     9.69    0.141 -50.38   0      30.42     889.4398     72.75806
       102    309.3921    638.7247     56138.11     572.7127  13.1269   0.0111     8.79    0.168 -26.19   0      151.7     4634.798     83.64311
       103    845.8869    638.0976      17235.8     428.8791  14.4089   0.0270     8.82    0.165 -26.21   0      55.76     1605.931     74.40794
       104    713.9897    637.3569     7356.102     499.8876  15.3334   0.0738     9.39    0.134 -58.27   0      22.55     661.4622     72.42484
       105    569.4778    635.8560     10662.13     569.1251  14.9304   0.0580    11.51    0.177 -58.19   0      28.94     734.4661     72.08099
       106    274.3173    635.0634     14796.86     583.9315  14.5746   0.0429    10.08    0.268 -29.49   0      42.76     1237.858     73.46332
       107    127.2845    634.8134     12599.56     392.6906  14.7491   0.0338     9.42    0.205 -36.01   0      41.76     1154.926     73.58268
       108    353.3755    623.1022     37964.86     639.9353  13.5515   0.0183    17.62    0.151 -15.13   0      100.3     2819.007     77.84802
       109    314.1678    622.1439     43349.96     600.7167  13.4075   0.0150     8.46    0.278 -28.76   0      116.1     3238.843     79.58656
       110    756.1411    617.3300     6523.816      443.095  15.4637   0.0738     9.15    0.347 -52.29   0      21.86     750.0802     72.32143
       111    595.7600    616.0468     5103.428     400.5833  15.7303   0.0852     8.11    0.399  89.98   0       19.2     507.9254     71.36312
       112    161.2786    607.7912     86558.77     551.8469  12.6567   0.0069     9.52    0.168 -27.86   0      221.6      7443.53      90.9553
       113    401.2838    602.6061     8024.581     493.9394  15.2389   0.0668    11.13    0.209 -43.03   0      25.77     715.9224     72.40502
       114     70.9016    597.7209     36956.53      518.524  13.5808   0.0152     8.80    0.215 -26.82   0      105.9     3286.203     79.37444
       115     58.3277    590.1140     18077.09     722.0334  14.3572   0.0434    11.32    0.114 -66.66   2      38.71     904.8944      72.4259
       116    869.6144    589.0844     5091.072     410.7902  15.7330   0.0876     6.52    0.578 -58.39   0      17.29     493.2005     71.50962
       117     24.7209    577.5117     8740.782     504.6391  15.1461   0.0627    11.30    0.296 -38.08   0      28.11     763.0911     71.97955
       118    679.0620    573.1692     42658.55     537.9727  13.4250   0.0137     8.56    0.196 -24.64   0      122.3     3926.131     81.69485
       119    316.3467    562.9816     39096.77     520.1256  13.5196   0.0144     8.65    0.200 -23.43   0      111.8     3497.878     80.66605
       120    851.4897    562.9581     10171.47      622.821  14.9815   0.0665    11.51    0.369 -68.60   0      23.72     635.5732     71.57578
       121    295.5777    551.3878     12298.29     373.5859  14.7754   0.0330     9.34    0.133 -19.77   0      42.39     1215.858     73.95763
       122     39.7228    536.1387     18323.37     506.2153  14.3425   0.0300     8.80    0.175 -27.74   0       56.2     1603.892     74.58712
       123    795.0969    530.2194     210348.6     665.0518  11.6927   0.0034     9.93    0.035 -28.45   0      427.5     16959.36     111.8721
       124    443.9230    535.2623     11738.23     608.2532  14.8260   0.0563    11.58    0.107 -21.52   0      28.49     751.7527     72.13547
       125    387.0769    525.7634     18808.12      627.067  14.3141   0.0362    10.56    0.164 -38.73   0       49.3     1407.705     74.35933
       126    127.8085    526.5836     11108.49     484.0747  14.8859   0.0473    10.57    0.292 -32.29   0      35.57     1048.986     73.25473
       127    630.2795    526.2830     8172.825     499.5681  15.2191   0.0664     9.97    0.207 -59.94   0      24.36     693.1601     71.56567
       128    484.3308    522.8566     14284.15     600.6415  14.6129   0.0457    10.25    0.135 -52.34   0      41.78     1155.936     73.39786
       129    706.3628    521.6327     5321.883     415.0981  15.6848   0.0847     7.88    0.474 -64.18   0      19.31     623.1983     72.11338
       130    236.7482    504.1161       569660     768.3906  10.6110   0.0015     8.53    0.166 -23.37   0      847.6     48509.95     163.9639
       131    777.1854    504.4817      71727.6     568.0275  12.8608   0.0086     8.74    0.200 -25.08   0      186.4     6119.814     87.58526
       132    481.7697    506.2098     6671.885     489.8043  15.4394   0.0797     8.59    0.314 -51.42   0      20.57     528.4144     72.00611
       133    306.2029    503.8029     3910.014     204.5288  16.0196   0.0568     0.00    0.226 -44.47   2       48.6     2346.294     77.17474
       134    310.3117    499.8417     6056.403     382.6194  15.5445   0.0686     5.16    0.322 -25.44   3      17.98     603.7631     71.47471
       135     69.5695    490.6087     11399.74     504.4681  14.8578   0.0481    13.31    0.231 -64.48   0      34.76     1047.301     73.62566
       136    856.4616    462.9191     7618.776     380.8358  15.2953   0.0543    11.23    0.243 -29.72   0      27.01     765.3404     71.98665
       137    342.8160    462.9138     8388.687     515.9853  15.1908   0.0668     9.52    0.317 -56.72   0       23.1     597.5052     71.64784
       138    260.1357    457.7505     118981.3     580.1186  12.3113   0.0053     8.60    0.200 -24.19   0      285.5     10290.88     97.81165
       139    137.9673    462.0559     12554.09     639.0038  14.7530   0.0553    13.13    0.348 -83.42   0      30.36     844.9456     72.42849
       140     91.5254    462.9386     7813.517     458.3021  15.2679   0.0637    10.89    0.240 -42.13   0      25.31     621.2187     71.91534
       141    248.0060    461.8958     6141.029     131.5065  15.5294   0.0233     0.00    0.074  87.63   0      93.63     5963.837     87.17958
       142    217.6538    453.4670     5965.209     449.7718  15.5609   0.0819     8.14    0.327 -77.50   0      20.41     592.9794     71.82604
       143    420.1660    434.0516     59914.71     523.2379  13.0562   0.0095     8.87    0.198 -21.32   0      165.7     5411.226     85.72684
       144    175.7503    422.3375     4885.501     411.5164  15.7777   0.0915     7.16    0.394 -79.76   0      17.97     527.0219     71.61703
       145    237.3374    420.6087     5596.046     435.5411  15.6303   0.0845     7.86    0.225 -68.57   0      18.11     555.3862     71.89935
       146    445.5688    414.2802     9947.102     548.4419  15.0058   0.0599    11.39    0.031  74.38   2      28.81     805.3458      72.4949
       147    880.6334    408.6271     5132.547     438.4607  15.7242   0.0928     7.62    0.273 -54.08   0      18.08     538.0894     72.03664
       148    555.6669    407.7522     5059.601     409.0881  15.7397   0.0878     6.42    0.127 -29.59   0      16.88       527.32     71.61798
       149   1022.1729    395.9131     45113.92     328.9566  13.3642   0.0079     8.35    0.441 -87.45  24      174.2     7907.468     91.80686
       150    127.2311    389.2156      15724.6     600.0365  14.5086   0.0414    10.32    0.259 -27.23   0      44.74     1321.968      74.4687
       151    487.0215    385.2106     9792.525     520.5982  15.0228   0.0577     9.34    0.094 -12.31   0      28.24     903.8088      72.9924
       152    172.6280    380.9284     6043.973     466.3943  15.5467   0.0838     8.41    0.113 -86.28   0      20.24     600.2715     71.84911
       153    146.1542    378.3069     9881.223      535.674  15.0130   0.0589     8.93    0.097 -33.31   0      25.94     703.1487     71.59738
       154    964.1151    374.9150     31572.42     533.2687  13.7517   0.0183     8.22    0.197 -23.87   0       93.3     2995.645     78.88902
       155    662.2310    370.2553     18131.14     591.6824  14.3539   0.0354     8.87    0.195 -43.82   0      52.53     1588.505     74.90989
       156    495.1611    358.8070     111879.1     564.6297  12.3781   0.0055     8.55    0.199 -23.37   0      274.6     9986.274     97.38536
       157    376.6243    360.8577     33944.73     469.6141  13.6731   0.0150     8.60    0.218 -19.63   0      101.4     3171.138     79.56676
       158    346.8365    362.5584     9654.643     486.9502  15.0382   0.0548    10.38    0.220 -32.39   0      30.92     944.6209     72.93022
       159    184.8182    354.2696     36639.71     517.0513  13.5901   0.0153     9.18    0.231 -27.85   0      104.7     3255.442     79.98009
       160    269.0347    352.1102     16062.06     576.6917  14.4855   0.0390     9.58    0.221 -29.18   0      46.62     1350.528     73.81106
       161    652.3297    351.5589     11991.03     582.2456  14.8029   0.0527    12.09    0.268 -35.67   0      32.76      988.158     73.06577
       162     96.9939    349.2938     5758.499     386.9305  15.5992   0.0730     5.70    0.564 -73.47   2      19.67     482.6292     71.47602
       163    432.0188    346.9772     4747.755     338.7119  15.8088   0.0775     5.31    0.322 -89.21   0      17.44     631.9197     72.33207
       164    607.4472    344.5536      4855.37     379.1831  15.7844   0.0848     5.78    0.400 -43.95   0       16.6     538.7844     71.84685
       165     37.1595    335.3207     5959.433     355.4239  15.5620   0.0648     8.72    0.275 -26.59   0      22.78     804.1186     72.49105
       166    573.4174    334.6595     5597.321     454.1707  15.6300   0.0881     7.58    0.290 -41.67   0      18.87     544.9113     71.67378
       167    267.7536    329.0787     26202.95     621.4622  13.9541   0.0258     9.21    0.191 -27.28   0      70.68     2039.618     76.08495
       168    388.3106    318.5854     6137.688     437.4054  15.5300   0.0774     8.71    0.296 -50.29   0      21.29     608.3805     71.48939
       169    986.6783    303.2546     20110.03     610.8083  14.2415   0.0330     9.00    0.272 -31.41   0      51.19     1516.319     74.31979
       170    853.3759    305.9698     4255.819     143.4596  15.9275   0.0366     1.47    0.146 -29.49   0      53.64     3645.538     81.25118
       171    888.0467    299.6103     81206.06     613.7481  12.7260   0.0082     8.40    0.187 -19.17   0      208.5     7500.511      91.4003
       172     77.9597    291.1723     9667.977     507.7839  15.0367   0.0570    11.44    0.266 -29.65   0      29.78     817.9494     72.91425
       173    435.6042    288.1200      14334.9     474.8009  14.6090   0.0360    10.84    0.288 -24.49   0      43.01     1294.012      74.1974
       174    841.5521    288.9010     6837.467     463.0673  15.4128   0.0735     9.32    0.224 -18.46   0      22.42      662.364     71.27428
       175    917.3776    285.7795      5817.86     437.2392  15.5881   0.0816     8.11    0.216 -48.16   0      20.13      664.963     72.43582
       176    160.7543    282.2375     13922.85     448.4167  14.6407   0.0350     8.51    0.235 -28.21   0      45.35     1430.613     74.42931
       177    981.1628    280.8050     5472.487     425.8553  15.6545   0.0845     7.88    0.186 -53.89   0       19.7     684.7467     72.49786
       178     22.3297    269.8216       326781     667.4538  11.2144   0.0022     8.36    0.196 -25.41  16      600.1     30895.06     137.6963
       179    482.4831    270.2382     70149.34     517.0884  12.8849   0.0080     8.56    0.207 -21.08   0      188.8     6426.721     88.06493
       180    706.6044    271.9275     8514.633     451.0582  15.1746   0.0575    11.12    0.431 -50.97   0      28.45     821.2977     72.35425
       181    186.8986    257.9647     41645.42     578.9855  13.4511   0.0151    12.49    0.202 -25.20   0      117.9     3809.686     80.68844
       182    680.9612    258.7021     8002.999     453.0924  15.2419   0.0615     8.90    0.299 -26.68   0      28.17     868.6447     71.92904
       183    236.7059    250.5438     59228.07     527.5415  13.0687   0.0097     8.45    0.230 -23.91   0      163.4     5559.798     85.63734
       184    411.8028    249.0049     11805.86       427.61  14.8198   0.0393    13.47    0.164 -19.95   0      38.77     1175.857      73.6473
       185    702.3775    248.2081     9923.701     433.0353  15.0083   0.0474    10.65    0.232 -22.04   0      33.23     1009.714      73.3214
       186    207.4858    244.3293     11392.52     620.4902  14.8585   0.0591    10.21    0.094   1.53   0      24.52     473.1243     71.05809
       187    659.4009    242.3658     10321.04     385.1442  14.9657   0.0405     8.70    0.172 -27.32   0      36.52     1162.066     73.97908
       188    747.5153    219.6012     101555.6     567.1956  12.4832   0.0061     8.57    0.202 -21.12   0      255.1     9519.357     96.28953
       189    433.1028    217.8335     52705.04     571.3487  13.1954   0.0118     8.76    0.089  11.85   0      138.7      4308.61     82.08171
       190    363.0732    224.7392       5287.6     398.0941  15.6919   0.0818     8.11    0.118 -56.02   0      20.02       700.36     72.16502
       191    481.0918    223.0956     4423.525     380.7424  15.8856   0.0935     6.69    0.520 -86.10   0      17.74     558.8704     71.52518
       192    257.3507    221.0247     13993.47     438.3285  14.6352   0.0340     9.26    0.219 -25.30   0      47.76     1508.247     75.03505
       193    564.6406    219.0501     12704.86     519.8793  14.7401   0.0444    13.36    0.244 -15.74   0      39.25     1176.048     73.83519
       194    955.0828    217.6124     6063.251     388.8893  15.5432   0.0697     5.94    0.505 -70.34   0      19.04     596.6682     71.83772
       195    315.8560    205.4160     27522.39     844.6707  13.9008   0.0333    18.71    0.543 -69.68   0      55.36     1333.557     74.31844
       196     76.7364    205.6269     5873.195     391.4337  15.5778   0.0724     5.47    0.420 -64.30   0      18.53     626.6603     71.74026
       197     15.5630    198.8470     9175.678     553.7628  15.0934   0.0655     9.82    0.421 -57.90  16      23.76     650.5875     72.00809
       198    220.6974    186.3518     7730.496     569.1678  15.2795   0.0800    12.06    0.556  53.83   2      23.98     601.9073     71.27528
       199    629.4535    188.6931     5197.846     405.7752  15.7104   0.0848     7.80    0.253  73.76   0      19.46     643.0316      71.4063
       200    249.5418    173.9945     13542.14     614.5714  14.6708   0.0493    13.82    0.361  -2.34   2      36.97     1070.565     73.50978
       201    129.5309    170.8678     8608.391     463.9357  15.1627   0.0585     9.32    0.276 -34.77   0      29.03     884.6693     72.55303
       202    379.2976    170.0999     7565.357     495.8217  15.3029   0.0712    10.30    0.226 -37.56   0      23.67     653.7156     71.05257
       203    998.6680    159.5237     6274.346     409.7624  15.5061   0.0709     8.18    0.195 -19.68   0      23.44     775.4988     72.01871
       204     39.8319    157.2828     6587.405     458.4475  15.4532   0.0756     7.85    0.251 -34.63   0      22.15      668.298     71.87206
       205    719.5900    154.2521     20626.64     661.9954  14.2139   0.0349    10.02    0.273 -23.14   0      52.34     1541.141     74.95056
       206    697.5796    155.7770     7555.386     506.1557  15.3044   0.0728     9.11    0.245  16.10   0      21.34     604.2137     72.24496
       207    873.4465    146.0636     14929.66     525.4712  14.5649   0.0382     9.20    0.254 -19.97   0      46.46     1432.062     74.43374
       208     39.3416    133.2943     52767.96     535.8207  13.1941   0.0110     8.23    0.244 -24.31   0      150.3     4948.618     83.99966
       209    682.2286    129.2267     15667.51     563.8185  14.5125   0.0391     9.69    0.240 -28.40   0      45.49     1470.662     74.92113
       210    258.1622    127.5117     3259.101     164.4189  16.2173   0.0548     4.54    0.443 -26.34   0      34.59     2529.746     77.35684
       211    813.0460    120.6314     6490.153     468.8265  15.4694   0.0784     9.62    0.295 -34.69   0      20.18     634.8143     72.34116
       212    747.0522    116.8927     17029.67     527.0342  14.4220   0.0336     8.17    0.112 -39.47   3      54.32     1822.037     75.24889
       213    756.9858    115.4256     34172.66     700.9679  13.6658   0.0223    10.81    0.310 -12.97   3      82.11      2550.36     77.95077
       214    431.2467    117.0088     5024.016     134.7866  15.7474   0.0291     0.86    0.128   1.54   0      75.69     5051.446     85.09291
       215     58.5553     99.1135     5216.863     425.7188  15.7065   0.0886     8.23    0.106 -40.45   0         20     589.6844     71.42992
       216    855.6262     97.4779     6766.736     440.8762  15.4241   0.0708     9.42    0.348 -25.22   0       23.1     748.4568     72.31633
       217    969.1191     92.6341      40167.2     653.5233  13.4903   0.0177    17.38    0.084 -20.19   0      105.4     3553.591     80.65179
       218    821.1316     87.8739     186007.8     605.8087  11.8262   0.0035     8.12    0.182 -19.38   0      406.9     18042.46     114.2932
       219    550.8706     87.9852     120644.6     577.7894  12.2962   0.0052     8.28    0.202 -19.34   0        294      11748.9     101.2792
       220    336.1156     90.6156     35606.18     510.5456  13.6212   0.0156     8.55    0.230 -20.32   0      104.7     3385.416     80.00404
       221     25.2591     90.5726     18218.96     455.1637  14.3487   0.0271     8.93    0.316 -31.28   0      57.61     1835.357     75.83746
       222    783.6750     73.2343     34923.62      534.695  13.6422   0.0166     8.48    0.232 -21.40   0        102     3389.449     80.18792
       223    160.0702     75.8393     11265.44     356.8708  14.8706   0.0344     8.65    0.284 -20.04   0      39.83     1311.237      74.0639
       224    126.6091     66.6892     37847.65     481.6429  13.5549   0.0138     8.66    0.195 -21.40   0      113.1     3807.915     81.19538
       225    270.0371     47.4953     5149.938     295.4397  15.7205   0.0623     0.00    0.276  88.98   0      25.77     1809.478     74.84276
       226    603.3134     42.2926     8396.824     501.0502  15.1897   0.0648     8.09    0.144 -19.17   0      26.36      878.147      72.5326
       227    526.4664     38.8449     7966.265     506.3402  15.2469   0.0690     9.02    0.294 -22.18   0      21.64     579.1448     71.78225
       228    375.0971     35.0812     10000.53     477.8074  14.9999   0.0519     9.24    0.214 -18.34   0       34.2     1140.636     73.16193
       229    176.2186     34.9886     5389.913     400.7458  15.6710   0.0807     6.84    0.406 -45.24   0      18.55      626.691     71.93263
       230    185.8381   1014.6343     7130.992       471.34  15.3671   0.0718     8.92    0.386 -49.31  16      21.99     614.3076     72.08536
       231    393.1723   1009.9467     35662.16     613.1984  13.6195   0.0187     9.68    0.239 -14.92  16      97.17     2716.926     78.25861
       232    475.2916   1009.7825     5381.583     392.0299  15.6727   0.0791     6.21    0.304 -31.60  18      19.61     592.7096     71.24595
       233    367.4910    996.3029     7858.002     236.7644  15.2617   0.0327     1.04    0.022   1.29   0      70.72     5140.298     84.67995
