#   1 NUMBER                 Running object number                                     
#   2 X_IMAGE                Object position along x                                    [pixel]
#   3 Y_IMAGE                Object position along y                                    [pixel]
#   4 FLUX_AUTO              Flux within a Kron-like elliptical aperture                [count]
#   5 FLUXERR_AUTO           RMS error for AUTO flux                                    [count]
#   6 MAG_AUTO               Kron-like elliptical aperture magnitude                    [mag]
#   7 MAGERR_AUTO            RMS error for AUTO magnitude                               [mag]
#   8 FWHM_IMAGE             FWHM assuming a gaussian core                              [pixel]
#   9 ELLIPTICITY            1 - B_IMAGE/A_IMAGE                                       
#  10 THETA_IMAGE            Position angle (CCW/x)                                     [deg]
#  11 FLAGS                  Extraction flags                                          
#  12 SNR_WIN                Gaussian-weighted SNR                                     
#  13 FLUX_APER              Flux vector within fixed circular aperture(s)              [count]
#  14 FLUXERR_APER           RMS error vector for aperture flux(es)                     [count]
         1    498.1091     21.6820     20475.37     619.3123  14.2219   0.0328     8.85    0.050 -26.99   0      56.43     1724.032     75.67508
         2    978.9054      4.3625     35028.38      387.338  13.6390   0.0120     7.92    0.331  -3.76  24      119.8     4396.912     82.80946
         3    461.3867      2.6977     14251.64     285.6694  14.6153   0.0218     8.01    0.547   0.70  24      65.25      2857.11     79.18231
         4    728.3754    990.9846     17512.94     501.6005  14.3916   0.0311    10.00    0.133 -39.51   0      54.57     1607.883     75.88267
         5    345.3487    989.5183     4957.341     412.3892  15.7619   0.0903     8.52    0.420 -42.43   0      18.46     524.1553     71.78603
         6    758.6297    982.8665     141815.5     680.6447  12.1207   0.0052    12.06    0.364 -18.97   0      288.2     8730.477      94.5492
         7    441.6150    987.5275     4276.382     295.9813  15.9223   0.0752     8.61    0.363 -63.49   0       17.8      538.168      72.4145
         8    221.2046    985.8195     19991.95     662.9473  14.2479   0.0360     9.55    0.075 -23.75   0       50.7     1370.258     74.79303
         9    926.5284    984.2797     15637.49     546.9902  14.5146   0.0380     9.01    0.080 -40.20   0      50.02     1483.339     74.76112
        10    531.3958    982.0704      34692.1     590.4097  13.6494   0.0185    10.55    0.200  87.93   0      87.54       2526.4     78.22734
        11    996.6057    978.0773     27133.28     473.6873  13.9162   0.0190    16.79    0.097 -52.91   0      81.68     2620.148     78.67792
        12    633.6861    978.9400     6343.743     409.7395  15.4941   0.0701    10.07    0.277 -49.76   0      22.02     544.0421     71.84896
        13    853.9698    963.5637     90507.92     677.4315  12.6083   0.0081    13.29    0.435 -55.09   0      197.5     5751.954     87.41766
        14    174.4358    970.3692     4521.797      298.531  15.8617   0.0717     8.43    0.334 -64.11   0      18.52     696.9716     73.10355
        15    434.8130    961.4841      6370.41     379.5073  15.4896   0.0647     9.98    0.235 -54.03   0      23.68     665.7178      72.6206
        16     69.5736    959.2764     6493.932     460.6404  15.4687   0.0770     7.37    0.372  56.52   2      20.22      617.817     72.47054
        17     17.9432    960.3779     2774.206     134.5822  16.3922   0.0527     0.91    0.195 -72.95   0      46.28      2801.87     79.02361
        18    921.6854    952.6870     7581.962     366.1208  15.3005   0.0524    -0.55    0.273   9.17   0      26.94     1708.677     75.62895
        19    307.0990    941.3760     38543.75     665.0674  13.5351   0.0187     9.02    0.148 -29.79   0      99.39     2792.233     78.28159
        20    721.2504    941.0573      5823.73     461.0716  15.5870   0.0860     8.49    0.369  21.76   0      18.68     582.5715     72.55373
        21    596.6582    935.9667     111520.6     573.3574  12.3816   0.0056     8.49    0.104 -27.78   0      269.9     9288.826     95.88194
        22    640.0413    936.1791     5874.449     464.8879  15.5776   0.0859     8.58    0.082 -68.33   0      19.95     613.1364     72.84245
        23    687.2950    937.4407     5533.734     397.0999  15.6425   0.0779     6.06    0.427  56.69   0      18.33     577.9954      71.5649
        24    985.9854    931.7763     4736.027     327.8319  15.8115   0.0752     8.62    0.220  22.41   0      18.03     548.1647     72.44587
        25    337.5697    923.1279     22946.71     618.5181  14.0982   0.0293     9.89    0.104 -42.28   0      65.02     1776.532     76.01755
        26    293.9862    910.6210     6520.191     301.2163  15.4643   0.0502    10.78    0.251 -48.90   0      24.85     730.5215     73.01571
        27    187.9741    909.3369     15788.03     480.0593  14.5042   0.0330    10.03    0.174 -39.66   0      48.37     1341.204     74.89243
        28     36.7376    903.7382     68751.52     588.6523  12.9068   0.0093    10.53    0.349 -20.78   0      162.2     4905.633     84.69298
        29    263.5237    902.7816     56281.81     517.5142  13.1241   0.0100     8.41    0.141 -30.13   0        156     5001.812     85.28065
        30     86.9272    906.7892     7760.358      360.434  15.2753   0.0504    11.17    0.232 -43.01   0      27.56     822.2859     73.30078
        31    126.2478    906.0263     8913.801     541.6027  15.1248   0.0660    10.19    0.252 -56.71   0      23.88     559.0035     72.67336
        32    872.8022    890.4587     26546.77     517.3448  13.9400   0.0212    16.17    0.119 -28.79   0      80.01     2335.316     77.85079
        33    637.4329    887.3928     49050.86     571.8607  13.2734   0.0127    10.72    0.201 -83.65   0      126.4     3952.274     82.60637
        34    915.3200    888.4672     7184.976     374.4105  15.3589   0.0566    10.81    0.213 -53.01   0      24.69     670.6763     72.24842
        35    581.0751    897.6254      19477.4     553.0449  14.2762   0.0308     9.28    0.126 -26.93   0      56.38     1609.229      75.5157
        36    422.8678    891.5289        20792     735.5073  14.2053   0.0384    10.00    0.154 -38.75   0      40.81     1101.209     73.78087
        37    791.5381    881.0933     9038.848     481.9794  15.1097   0.0579    11.95    0.143 -41.59   0      28.95      851.571     72.81524
        38     70.1726    879.3793     6860.397     321.7521  15.4091   0.0509    11.00    0.262 -38.86   0       25.5      781.486     73.36583
        39    190.5826    868.3923     27428.15     572.4755  13.9045   0.0227     8.71    0.077 -15.64   2      77.95     2337.553     77.67674
        40    180.5467    860.5767     13510.76     600.0165  14.6733   0.0482    11.37    0.117 -36.80   3      36.71     1038.968     73.96957
        41    248.4569    863.5810     129499.8     637.5131  12.2193   0.0053     8.56    0.108 -32.07   0      298.6     10300.09     98.24974
        42    651.0712    865.0681      13607.4     535.1066  14.6656   0.0427     9.50    0.140 -38.10   0      42.91     1220.113     74.14623
        43    268.7277    862.1760     16423.38      485.449  14.4613   0.0321    11.91    0.138 -31.05   0      51.47     1445.626      75.0217
        44    984.6537    863.1327      9711.89     526.1605  15.0317   0.0588    11.18    0.253  -0.49   0      28.18     953.5081     73.51575
        45     50.5480    859.5286     4072.127     342.0555  15.9754   0.0912     4.67    0.027   8.13   0      16.86     686.4446     72.49198
        46    661.2310    843.2354     19350.71     717.1727  14.2833   0.0402    13.25    0.340 -58.59   0      41.84     1239.492     74.77118
        47    267.6729    836.1051     12936.84     530.2068  14.7204   0.0445     9.93    0.176 -34.75   0       38.1     1024.528      73.1614
        48    859.9745    830.1636     15501.26     515.8835  14.5241   0.0361     9.23    0.076 -50.79   0       47.9     1428.799      75.3444
        49    987.5704    824.7068     8567.813     547.2618  15.1678   0.0694    10.79    0.496 -47.57   0      23.94     650.9224     71.79613
        50     18.9928    825.3892     5388.501      359.912  15.6713   0.0725     9.08    0.280 -85.45   0      20.62     589.8777     72.38287
        51    589.3954    820.6913     10242.44     569.9399  14.9740   0.0604     9.66    0.383  85.55   0      24.73     636.8441     72.53018
        52    718.4035    819.9690     4671.618     177.8014  15.8263   0.0413     6.21    0.535   0.82   0      42.64     2763.765     79.26904
        53    663.3871    817.2938     8483.795     480.2578  15.1785   0.0615    10.64    0.105 -63.60   0      28.52     844.6481     72.98628
        54    252.7161    809.6335     12661.93     573.3584  14.7437   0.0492    10.40    0.140 -45.49   0      34.91      940.595     73.28445
        55   1019.8248    802.9608      29331.8     459.7131  13.8317   0.0170    13.08    0.348  64.08  24       80.5     2027.696     77.12978
        56    814.7415    805.0650     6352.163     432.2592  15.4927   0.0739    10.21    0.177 -28.19   0      23.39     699.8126     72.72723
        57    545.2051    804.1379      6196.83     407.0789  15.5196   0.0713    10.75    0.361  76.89   0      23.04     636.6973     72.72308
        58    420.5163    795.5513     8446.133     428.4706  15.1834   0.0551    11.98    0.118 -47.12   0      28.84     775.7311     72.57814
        59    327.7886    789.2561     17803.11      501.732  14.3738   0.0306    10.43    0.113 -26.29   0      52.68     1417.083     75.12234
        60    690.6740    787.4143     24938.12     740.1152  14.0078   0.0322     9.19    0.121 -30.72   3       47.2     1334.927     74.87338
        61    678.2302    782.7952     44984.16     585.4312  13.3674   0.0141     9.23    0.076  -3.22   2      126.3     3952.878     82.60803
        62    745.7413    786.2177     18358.11     706.9955  14.3404   0.0418     9.37    0.124 -33.30   0      38.99     1021.648      73.7261
        63    547.2935    775.3912     270200.1     657.0844  11.4208   0.0026     8.38    0.093 -24.68   2      522.8     22652.34     123.5624
        64    542.8995    759.7256     35429.46     567.6596  13.6266   0.0174     8.84    0.087 -52.30   3      96.47     2770.953     78.39911
        65    951.8149    779.7259     11144.48     431.5296  14.8823   0.0421     9.21    0.065  11.23   0      37.21      1113.37     74.19781
        66    355.1089    779.8680      8855.45     517.7161  15.1320   0.0635    12.29    0.287 -53.31   0      27.19     707.1269     72.36299
        67    705.5111    766.5317     23992.47     775.5034  14.0498   0.0351    14.88    0.316 -25.24   0      50.61     1235.633     74.00427
        68     70.0206    761.2114     64159.19     559.3102  12.9819   0.0095     8.33    0.091 -30.83   0        172     5610.696     86.88818
        69    388.1273    760.1126     4887.167     288.0409  15.7774   0.0640     0.00    0.220  80.07   2      27.87     1228.175     73.79131
        70     37.2049    753.5062     12174.84     418.8698  14.7863   0.0374    10.17    0.085 -47.30   0      38.59     975.0936     73.58245
        71    247.6875    749.6932     51456.46     508.5334  13.2214   0.0107     8.56    0.120 -34.73   0      144.4     4511.307     83.62811
        72    302.0386    743.8683     142139.1     594.8869  12.1182   0.0045     8.98    0.126 -33.21   0      326.8     11969.59     102.0386
        73    549.6364    722.5876     34604.14     519.5228  13.6522   0.0163     8.82    0.084 -29.12   0      97.94     2825.887     79.62351
        74    366.5341    726.4844      5680.46     424.5274  15.6140   0.0812     8.84    0.315 -33.92   0      20.34     622.4313     72.29101
        75    173.3734    719.3454      11090.7     514.6193  14.8876   0.0504    10.08    0.198 -55.41   0      34.23     1029.545     73.75044
        76    423.0777    714.4793     49387.12     700.0529  13.2660   0.0154    14.07    0.417  -1.45   0      109.1     2638.994     78.01563
        77    946.9197    714.8644     7791.108     496.4694  15.2710   0.0692     9.82    0.171 -58.23   0      23.02     597.6086     72.21293
        78    384.9619    705.6931     14090.27     587.2275  14.6277   0.0453    12.17    0.246 -42.24   0      40.86     1131.113     73.30042
        79    515.9979    701.2497      10234.9     595.8357  14.9748   0.0632    10.84    0.442 -65.16   2      27.24     789.0645     73.00561
        80    735.4037    701.4819     6073.302     423.9102  15.5414   0.0758     8.38    0.258 -48.58   0      21.39     763.0285     73.11682
        81    872.3256    697.3896     7905.582     550.1865  15.2552   0.0756    10.14    0.582 -31.77   0      23.49     532.1719     72.39568
        82    870.0487    672.7781     39848.34     479.0168  13.4990   0.0131     8.45    0.116 -23.93   0      118.9     3885.967     82.42374
        83    297.7043    671.0417     5795.335     408.5768  15.5923   0.0766     6.34    0.237 -11.92   0      18.74      570.939     71.54249
        84    842.1058    653.5247     30715.41     497.0634  13.7816   0.0176     8.62    0.154 -23.72   0      91.87     2710.738     78.40366
        85    811.9825    652.4483     7031.345     466.9593  15.3824   0.0721     9.89    0.196 -28.17   0      24.93     723.2388     73.18517
        86    639.1093    648.3875     23340.66     452.8821  14.0797   0.0211     8.29    0.072 -39.29   0      73.71     2245.605     77.04356
        87    160.9932    649.8939     8251.645     446.8197  15.2086   0.0588    11.26    0.283 -64.99   0      26.41      733.895     72.83366
        88    614.8869    647.0988     7920.921     332.1532  15.2531   0.0455    11.87    0.116 -87.30   0      29.06     766.9691     72.35688
        89    664.7264    645.0999     9419.526     505.6162  15.0649   0.0583     9.36    0.157   0.29   0       29.6      857.479     72.64062
        90    323.6899    640.5708     55948.09     606.1132  13.1305   0.0118     8.72    0.116 -23.81   0      147.7     4429.193     83.23611
        91    860.5039    639.7024     16108.54     414.2739  14.4824   0.0279     8.68    0.151 -32.36   0      53.54     1577.287     74.85883
        92    728.8538    638.9293     7123.561     447.0316  15.3683   0.0682     9.93    0.117 -46.93   0      23.17     695.4062     72.52007
        93    583.8820    637.0786     8753.654      551.174  15.1445   0.0684    10.94    0.330 -46.51   0      25.18     713.5447     72.18888
        94    288.7860    636.5840     13090.69     487.5003  14.7076   0.0404    10.64    0.153 -31.09   0      41.23     1206.526     74.29383
        95    141.6279    636.5430     13057.69     483.1446  14.7103   0.0402     9.95    0.127 -34.92   0      40.64     1110.364     73.99908
        96    367.8396    625.1060     36446.63     601.0969  13.5959   0.0179     9.20    0.156 -22.41   0      97.86     2756.771     78.17857
        97    328.5104    623.9545     41378.58     621.3113  13.4581   0.0163     9.41    0.146 -28.80   0      107.4     2977.335     79.17269
        98    770.4111    619.9918     6171.295     458.9538  15.5241   0.0808     7.02    0.245  -3.33   2      20.55     610.2901     72.44693
        99    609.4250    617.7131     6611.836     441.2365  15.4492   0.0725     9.89    0.104  39.16   0      22.41     606.9299     72.04762
       100    175.5022    609.5407     86097.36     553.7604  12.6625   0.0070     8.54    0.134 -32.78   0        219     7161.988     90.39043
       101    415.1872    603.6801     7390.143     444.8055  15.3284   0.0654    11.05    0.260 -45.73   0      24.74     740.0785     72.85295
       102     85.2782    599.5261     37415.95     570.3041  13.5674   0.0166     8.59    0.103 -30.37   0      102.9     2922.868     79.01619
       103     72.3583    591.5795      18555.6     736.7245  14.3288   0.0431    12.94    0.276 -87.40   2      37.42     916.4119     73.78262
       104     39.6403    578.5873     7843.999     434.6613  15.2637   0.0602    10.91    0.187 -45.47   0      25.75     722.4282     73.37428
       105    804.7043    579.3086     4126.225      378.161  15.9611   0.0995     5.77    0.311  26.45   0      15.64      513.044     71.94629
       106    693.4255    574.8270     41925.82     528.0616  13.4438   0.0137     8.47    0.109 -30.38   0      120.1     3776.821     82.12223
       107    716.1241    576.8553     5202.701     413.3745  15.7094   0.0863     7.24    0.137  14.07   0      18.85     680.5189      72.4734
       108    330.6259    564.7969     37025.17     521.2547  13.5788   0.0153     8.76    0.137 -33.28   0      107.9     3229.354     80.41844
       109    865.3058    565.2982     8542.843     529.6473  15.1710   0.0673     9.74    0.193 -78.42   0      23.02     660.7469     72.02246
       110    310.0962    553.1127      12806.8     409.8971  14.7314   0.0348     9.23    0.143 -29.77   0      41.45     1174.569     73.81651
       111     54.0907    537.9912     18174.63     453.3901  14.3513   0.0271     9.97    0.208 -33.68   0      54.44     1506.378     75.20552
       112    809.3894    531.9521     207860.2     663.2758  11.7056   0.0035     8.89    0.055 -74.50   0      422.3     17360.93     113.6603
       113    457.5149    536.1815     10898.06     575.1058  14.9066   0.0573    11.01    0.209 -37.54   0      27.96     789.1279     72.81319
       114    142.1230    528.6267     10537.45     493.4748  14.9432   0.0509    11.29    0.129 -44.34   0      33.85     938.4893     73.46931
       115    401.2536    527.6317      17429.6     605.5709  14.3968   0.0377     9.96    0.134 -24.91   0      48.24     1361.118     74.76525
       116    645.0837    528.2052     6270.595     452.0669  15.5067   0.0783     9.06    0.358 -39.97   0         21     686.9497     72.87996
       117    498.7642    524.5540      16212.5     638.9768  14.4754   0.0428     9.90    0.132 -45.43   0      43.34     1225.785     74.35272
       118    721.9842    522.6911     5116.582     395.0879  15.7276   0.0839     6.91    0.346 -33.81   0      18.92     664.2236     72.22812
       119    251.0037    505.9383     564587.6     769.5802  10.6207   0.0015     8.52    0.111 -26.27   0      843.6     47860.67     163.5668
       120    791.5486    506.1989     72107.99     599.3926  12.8550   0.0090     8.43    0.106 -34.55   0        184     6001.396     87.74429
       121    496.2649    507.7519     7302.126     485.5178  15.3414   0.0722    10.14    0.327 -33.76   0      23.28     587.0927     72.37412
       122    697.1826    503.8942     3950.985     327.2872  16.0082   0.0900     5.22    0.525 -19.01   0      17.01     567.2844     71.72693
       123    325.2493    501.3356     7498.951     487.0537  15.3125   0.0705     5.37    0.243  -6.09   0      20.87     593.2861     72.39356
       124     84.0630    492.0556     9625.296     490.9138  15.0415   0.0554    12.39    0.233 -40.93   0      31.74     1014.256      73.8936
       125    871.1006    464.1507     7709.581     435.3981  15.2824   0.0613     7.81    0.076 -63.54   0      27.48     871.5444     72.29717
       126    152.3138    464.4398     12254.52      616.288  14.7793   0.0546    11.80    0.270 -59.52   0      29.88     831.0749     72.75124
       127    106.2001    464.2451     7631.553     465.7462  15.2935   0.0663     8.47    0.088 -58.08   0      24.29     870.8584     73.64217
       128    357.1168    465.6195     6336.336     408.8777  15.4954   0.0701     6.63    0.364  33.33   2       20.4     584.1545     72.36489
       129    274.3604    459.5070     117262.3     577.4556  12.3271   0.0053     8.50    0.119 -22.72   0      282.5     9785.871      96.6179
       130    247.9988    461.8853     6088.057     132.3338  15.5388   0.0236     4.31    0.076 -89.74   0      95.61     6055.709     88.20385
       131    232.9537    454.8019     5559.696     456.3488  15.6374   0.0891     7.85    0.270  88.25   0      19.36     578.0677     72.34577
       132    434.5416    435.7908     62125.85     570.9172  13.0168   0.0100     8.50    0.103 -22.24   0        166     5328.066     86.14573
       133    251.9172    422.6446     6569.758     484.4507  15.4561   0.0801     9.59    0.392 -73.56   0      20.76     532.6677     71.81297
       134    190.8615    423.4468     5569.917     443.8745  15.6354   0.0865     8.70    0.523 -39.83   0      19.66     657.2554     72.59411
       135    459.8004    416.8429     8587.677     536.2538  15.1653   0.0678    10.35    0.307  66.05   0      25.24      784.232     73.37434
       136    892.6840    409.7845     4777.541     384.9893  15.8020   0.0875     6.11    0.595 -40.09   0      17.47     480.9037     72.03989
       137    141.7055    390.9637     15475.28     608.8865  14.5259   0.0427     9.10    0.162 -33.91   0      43.43     1281.516     73.76529
       138    501.7078    386.7253      11315.7     564.1791  14.8658   0.0541    11.99    0.173 -20.65   0      31.34     835.6132     72.76542
       139      3.9850    387.0157     8693.741     452.5083  15.1520   0.0565    10.03    0.294 -77.97  24      24.17     691.5019     72.70125
       140    187.5559    382.2400     6137.033     465.7707  15.5301   0.0824     8.67    0.320  79.49   0      20.21      589.859     72.18854
       141    160.8965    379.5690     9949.652     580.8072  15.0055   0.0634    10.76    0.188 -70.44   0      26.41     775.8919     72.19064
       142    978.8143    376.4316     30608.39     558.2296  13.7854   0.0198    16.77    0.210 -20.82   0      91.45     2950.928     79.97962
       143    676.4222    371.7482     17129.25     557.7728  14.4157   0.0354     8.87    0.147 -20.65   0      51.74     1537.584     75.48602
       144    390.9974    362.5958     34263.76     474.8835  13.6629   0.0151     8.62    0.128 -30.79   0      101.5     3072.207     79.79731
       145    509.4715    360.5881     110490.1     571.1075  12.3917   0.0056     8.44    0.108 -22.43   0        271     9739.604     97.08929
       146    360.9619    364.0868     9490.915     512.5443  15.0567   0.0586    12.18    0.263 -37.87   0      30.33     821.0169     72.71981
       147    199.2226    355.9667     36895.17     508.2389  13.5826   0.0150    15.17    0.200 -33.44   0      103.6     3140.667     80.34239
       148    283.7424    353.8439      21014.6     657.9837  14.1937   0.0340     9.81    0.148 -16.91   0       51.6     1370.482     74.79371
       149    666.6566    353.4299     10655.84     532.5347  14.9310   0.0543    12.36    0.155 -14.76   0      31.58     859.4839     73.22449
       150    113.2325    349.7371     5851.913     433.6184  15.5818   0.0805     7.33    0.194 -17.57   0       19.1     634.8266     72.52386
       151    447.2348    348.7768     5056.232     383.3264  15.7404   0.0823     5.86    0.297 -20.72   0      17.79      692.416     73.08939
       152     51.5123    336.5626      4868.57      408.061  15.7815   0.0910     7.78    0.206 -19.73   0      18.71     582.4762     71.97043
       153    587.9612    336.0368     4867.733     397.6024  15.7817   0.0887     7.38    0.396 -47.62   0      19.12     573.9221     72.33275
       154    281.7778    330.9018     26532.72     685.9722  13.9405   0.0281     9.08    0.119 -29.88   0      68.63     1897.091     75.63811
       155     44.5287    333.7699     7322.951     151.6197  15.3383   0.0225     1.02    0.059 -24.51   0      92.27     7246.407      90.9119
       156     83.4165    323.3876     1826.309     138.1513  16.8461   0.0822     1.90    0.217  39.92   0       25.4     1491.453      75.1604
       157    402.5372    320.2044     5990.089     457.3314  15.5564   0.0829     8.70    0.273 -59.69   0       20.3     558.9432     72.47968
       158   1000.3185    305.7364     19938.09     591.2704  14.2508   0.0322    15.81    0.462 -43.92  16      51.08     1479.677        74.75
       159    902.2823    301.4170     82392.56     619.9261  12.7103   0.0082     8.17    0.115 -14.87   0      208.5     7210.391     90.82182
       160     92.4640    292.2433      10235.6     539.5607  14.9747   0.0572    10.03    0.315 -41.44   0      30.62     907.6142     73.37373
       161    449.9924    289.6690     13702.18      510.297  14.6580   0.0404     9.21    0.150 -38.03   0      41.43     1184.747     74.22718
       162    856.5651    290.1317     6856.178     462.3402  15.4098   0.0732    10.56    0.100 -74.79   0       23.4     675.6222     72.65159
       163    932.1619    287.3240     5927.603     425.4856  15.5678   0.0780     7.37    0.183 -59.03   0       19.4     603.8289     72.42665
       164    175.0966    283.7010     13573.11     476.8058  14.6683   0.0381     9.65    0.210 -35.18   0      43.16     1224.188     73.77903
       165    995.3251    282.5266     4475.974     377.4421  15.8728   0.0916     7.89    0.211  -1.48   0      18.32     578.3019     71.95725
       166     36.6010    271.6153     324378.5      670.347  11.2224   0.0022     8.27    0.134 -28.02   0      595.2     28942.93     134.6367
       167    496.8957    272.0134     69719.41     530.7095  12.8916   0.0083     8.23    0.113 -21.76   0      186.4     6253.841     88.23674
       168    720.3723    274.0531     8747.279     522.3942  15.1453   0.0649     9.97    0.200 -49.77   0      26.27     822.3638     73.10919
       169    201.4592    259.6574     44342.98     646.7375  13.3829   0.0158     8.96    0.188 -23.97   0      117.3     3633.683     81.72514
       170    695.1181    260.5349     8127.511     482.2779  15.2251   0.0644    10.16    0.262 -35.57   0      26.51     814.8869     72.89355
       171    251.0450    252.3219     56148.68     512.6846  13.1267   0.0099     8.24    0.172 -24.81   0      156.8     5287.395     85.71131
       172    426.1890    251.1525      11469.1     446.8848  14.8512   0.0423     9.69    0.150 -26.47   0       36.3     979.6033     73.97701
       173    716.8408    250.1332     10368.42      486.951  14.9607   0.0510    10.15    0.084 -39.27   0      32.84      887.908     73.31267
       174    221.8103    246.7531     8603.765     505.9438  15.1633   0.0639     7.72    0.253 -16.10   0      21.74     604.6255     72.81589
       175    673.7881    243.6803     11580.69     528.2979  14.8407   0.0495    13.36    0.063  44.35   0      35.68     1040.427     73.78397
       176    761.7456    221.3069     97991.58     544.6191  12.5220   0.0060     8.05    0.103 -16.14   0      250.4     8895.961      94.5014
       177    447.4162    219.2238     54622.54     550.3416  13.1566   0.0109    18.59    0.092  38.75   0      145.4     4461.794      83.9965
       178    378.4689    226.0175     5293.365     413.4244  15.6907   0.0848     8.09    0.182 -19.49   0      19.29      603.929      72.6206
       179    495.0892    224.6146     5659.448     427.8113  15.6181   0.0821     7.66    0.407 -60.58   0      19.94     575.9141     71.94971
       180    271.8980    222.5483     14044.97     387.7148  14.6312   0.0300     9.39    0.167 -48.76   0      45.94     1357.193     74.18761
       181    578.7842    220.6854     13695.98      581.668  14.6585   0.0461     8.95    0.220 -18.02   0      38.15     1178.928     74.01989
       182    330.2392    207.8501     25366.63     757.1277  13.9893   0.0324    19.72    0.507 -70.15   0      55.13     1572.248     75.59032
       183     91.0844    205.2376     6588.615     456.8609  15.4530   0.0753     7.67    0.349 -48.49   0      20.25     648.6588     72.17913
       184     28.9948    203.0593     6048.637     454.2797  15.5459   0.0816     7.16    0.460 -73.54   2      21.74     734.7697     73.02893
       185    216.4164    203.0128     5249.619     143.6727  15.6997   0.0297     0.60    0.195  -0.52   0         76     5245.856     85.76498
       186    643.8797    189.6892     4709.619     411.4001  15.8175   0.0949     6.55    0.489 -34.83   0      17.15     552.8202     72.07183
       187    236.6549    188.3384     10128.31     585.0925  14.9862   0.0627     7.23    0.439  51.40   0      25.36     556.9734      72.4735
       188    264.6295    175.3904     11745.77     577.8759  14.8253   0.0534     9.52    0.128 -43.10   0      35.54     1076.245     74.27332
       189    143.8799    172.6127     14771.11     648.2859  14.5765   0.0477    10.39    0.095 -22.81   0      33.94     1009.302     73.68803
       190    393.8185    171.7169     6731.744     453.8484  15.4297   0.0732     9.88    0.338 -19.34   0      23.05     747.4521     72.87595
       191    130.6009    163.4485     5648.083     434.3207  15.6202   0.0835     7.60    0.335 -50.82   0      18.69     555.5173     72.27489
       192   1013.6384    161.3506     7787.619     497.1745  15.2715   0.0693    10.29    0.242  -0.55  16      24.17     667.3469     72.62569
       193     53.9851    158.9296     5999.027     444.0942  15.5548   0.0804     9.20    0.402 -45.40   0      20.36     591.7408     72.58244
       194    733.9084    155.8349     18213.02     569.4222  14.3490   0.0340     8.82    0.170 -28.93   0      51.71     1651.699     74.89715
       195    712.8577    156.6695      8281.79     536.7786  15.2047   0.0704     9.25    0.309 -23.54   0      21.17     571.6192     72.32551
       196    887.8309    147.8157     13219.95     439.0653  14.6969   0.0361     8.76    0.135 -21.30   0      44.16     1323.336      75.0256
       197     53.8974    135.0365     53307.66      556.778  13.1830   0.0113     8.20    0.174 -26.90   0      149.2     4943.457     84.29612
       198    696.6886    130.9842     15607.54     564.6632  14.5167   0.0393     8.52    0.169 -31.18   0      46.47     1477.897     74.93223
       199    827.5583    122.2747     6952.716     486.7987  15.3946   0.0760     9.67    0.207 -29.29   0      21.32     620.0382      72.4775
       200    761.7990    118.5627      22014.6     650.2808  14.1432   0.0321     9.46    0.171  -9.50   3      56.71     1578.096      75.7934
       201    772.0047    116.9823     33596.41     709.9019  13.6843   0.0229     9.17    0.139  -9.73   3      79.53     2325.429     77.64127
       202     73.3991    100.3713     6116.273     467.2656  15.5338   0.0830     8.78    0.382 -40.20   0      20.06     625.6723     72.88155
       203    869.9554     99.1002     7184.409     442.3257  15.3590   0.0669    10.31    0.077  27.93   0      25.62     774.8547     71.99258
       204    983.5270     94.4289     38883.43     618.1302  13.5256   0.0173     8.12    0.100   0.28   0      104.5     3420.054     80.78194
       205    835.4614     89.6828     185173.5     612.2547  11.8311   0.0036     7.93    0.102 -13.73   0        404     17314.24     113.0712
       206    350.4885     92.2739     35846.85     524.1008  13.6139   0.0159     8.43    0.156 -18.06   0      103.5     3419.984     80.43332
       207    565.1995     89.6946     120160.8     592.3864  12.3006   0.0054     8.05    0.133 -21.96   0      289.9     11204.49       100.32
       208     39.5395     92.2897     18616.81     420.6849  14.3252   0.0245     9.24    0.232 -32.49   2      58.57     1682.958     75.36552
       209    798.1100     75.0525     35314.87     565.7551  13.6301   0.0174     8.01    0.122 -22.82   0      101.7     3373.557     80.30203
       210    174.5394     77.3261     11876.73     474.5191  14.8133   0.0434    10.36    0.225 -30.29   0      38.49     1057.102     73.83531
       211    140.9865     68.4926     39011.59     483.7269  13.5220   0.0135     8.32    0.108 -15.93   2      113.7      3660.89     81.11118
       212    149.7092     67.8915      4393.86     139.8239  15.8929   0.0346     1.36    0.221   6.66   3      53.85     3475.601     80.76438
       213    617.5399     43.6506     8232.733     493.1247  15.2111   0.0650     9.46    0.063  73.65   0      25.06     805.1217     73.05557
       214    536.2733     42.1406     6955.711     422.7253  15.3941   0.0660     5.96    0.471 -10.77   0      19.89     559.0848     72.09158
       215    389.7233     36.7146     9692.285     498.7488  15.0339   0.0559     9.00    0.233 -43.30   0      31.26     1001.896     73.09106
       216    190.7112     34.9765     5731.174     417.0459  15.6044   0.0790     6.45    0.357 -83.68   2      17.61     592.7264     72.00279
       217    748.7612     27.9117     2114.035     128.0938  16.6872   0.0658     1.08    0.113  -7.53   0      35.61      1990.98     76.28874
       218    407.3797   1011.7462     34871.86     542.7711  13.6438   0.0169     9.27    0.172 -15.70  16      96.46     2696.939     78.89943
       219    104.0542     19.9852     7327.779     413.6935  15.3376   0.0613     7.94    0.233 -11.17   0      26.37     982.4129     73.79559
       220    489.4311   1011.7797     4338.867     371.7357  15.9066   0.0930     6.69    0.596 -29.92   2      18.66     606.6287     72.82214
