#   1 NUMBER                 Running object number                                     
#   2 X_IMAGE                Object position along x                                    [pixel]
#   3 Y_IMAGE                Object position along y                                    [pixel]
#   4 FLUX_AUTO              Flux within a Kron-like elliptical aperture                [count]
#   5 FLUXERR_AUTO           RMS error for AUTO flux                                    [count]
#   6 MAG_AUTO               Kron-like elliptical aperture magnitude                    [mag]
#   7 MAGERR_AUTO            RMS error for AUTO magnitude                               [mag]
#   8 FWHM_IMAGE             FWHM assuming a gaussian core                              [pixel]
#   9 ELLIPTICITY            1 - B_IMAGE/A_IMAGE                                       
#  10 THETA_IMAGE            Position angle (CCW/x)                                     [deg]
#  11 FLAGS                  Extraction flags                                          
#  12 SNR_WIN                Gaussian-weighted SNR                                     
#  13 FLUX_APER              Flux vector within fixed circular aperture(s)              [count]
#  14 FLUXERR_APER           RMS error vector for aperture flux(es)                     [count]
         1    481.4654     20.1824     16882.05     501.2424  14.4314   0.0322    11.06    0.226  10.84   0      52.65     1534.383     74.62474
         2     87.1509     18.0825     6760.912     431.3871  15.4250   0.0693     9.92    0.339 -26.07   0      24.08     832.7101     72.07542
         3    496.3633     11.1690      3219.79     303.7867  16.2304   0.1025     0.00    0.634  73.24  16       16.3     484.0549     71.73894
         4    962.1980      3.4209     27365.24      356.852  13.9070   0.0142     8.97    0.507   1.02  24      100.3     4106.298     82.08474
         5    444.7721      2.0793     4843.096     208.5294  15.7872   0.0468     7.71    0.587   1.57  24      26.53     1270.213     73.81582
         6    742.1570    980.8774     142150.9     679.9323  12.1181   0.0052    12.66    0.371 -14.99   0      287.5     8164.278     92.64146
         7    425.7047    986.0253      5519.47      382.507  15.6453   0.0753     9.43    0.059  55.78   0      20.72     541.7235     70.76408
         8    205.2342    983.8206      19649.2     683.5012  14.2666   0.0378    10.36    0.199  -3.56   0      48.52     1347.045     74.42273
         9    909.6931    982.3458     15819.83     492.4474  14.5020   0.0338     9.65    0.224  -6.03   0      48.06     1322.623     73.41683
        10    799.4634    985.2992     2887.427     138.5706  16.3487   0.0521     0.94    0.098  39.01   0      42.43     2651.106      77.4202
        11    514.9063    979.9024     34601.65     563.7222  13.6523   0.0177    11.11    0.162 -87.35   0      87.41     2356.572     76.55069
        12    979.9257    976.0120     27564.79     473.0341  13.8991   0.0186     8.84    0.069  -4.22   0      80.79     2493.008     77.66668
        13    617.6468    976.5690     5738.045     439.5435  15.6031   0.0832     9.33    0.380  40.55   0      20.06     536.9249     71.90623
        14    837.3984    961.5790     89963.45     711.3475  12.6148   0.0086    12.91    0.392 -50.56   0      194.4     5537.966     85.95733
        15    157.1023    967.6879     3304.769     335.0798  16.2021   0.1101     5.19    0.548 -11.63   0      15.51      575.299     71.06573
        16    418.2701    959.7506     8171.484     453.8738  15.2192   0.0603    11.09    0.131  61.57   0      26.56     735.3231     72.15015
        17     54.9113    956.8929     6883.941     482.6368  15.4054   0.0761     9.52    0.214  30.52   0      21.56     628.1526     71.61988
        18    290.5450    939.3805     33334.36     603.3193  13.6928   0.0197     8.82    0.102 -11.67   0      93.68     2779.969     78.50191
        19    703.6964    939.7769     5322.822     436.9732  15.6846   0.0892     8.09    0.256  -6.51   0      18.74     562.7993     71.02575
        20    580.2025    933.9157     113733.5     590.1248  12.3603   0.0056     8.72    0.123 -15.10   0        270     9356.422     95.80902
        21    670.7250    935.8940     5975.553     409.6932  15.5591   0.0745     6.27    0.309  62.63   0      19.33     643.0481     71.47486
        22    622.2269    935.4838     6530.635     452.2915  15.4626   0.0752     7.02    0.190  -0.56   0       19.9     523.1508      71.2859
        23    968.2815    929.8207     4939.112     397.1709  15.7659   0.0873     7.81    0.199   7.67   0      18.81     582.7556     71.66795
        24    121.0821    926.0686     3001.478     250.2017  16.3067   0.0905     4.25    0.020 -56.20   2      17.37     1299.297     73.53197
        25    320.8660    921.2436     18871.76     531.4344  14.3105   0.0306     8.82    0.067  -6.60   0      59.58     1681.932     75.07277
        26    277.0875    908.7670     6897.292     318.6322  15.4033   0.0502     8.42    0.179   2.39   0      25.77     833.5621     72.26878
        27    171.9202    907.2687     15897.98     419.2839  14.4966   0.0286     9.80    0.103  30.00   0       49.2     1311.783     73.57056
        28     20.2752    901.6177     74669.77     674.5579  12.8171   0.0098    11.05    0.359 -17.43  16      165.3     4712.667     83.91096
        29     70.2398    904.9464     8692.297     370.7196  15.1522   0.0463     9.39    0.149 -36.49   0      30.16     994.4957     73.15034
        30    247.0948    900.6786     57313.91      526.489  13.1044   0.0100     8.60    0.144 -13.81   0      155.3     4815.347     83.86106
        31    108.7519    903.6181     5345.279     413.5243  15.6801   0.0840     6.79    0.336 -29.91   0      18.38     599.7509     72.10453
        32    564.3245    895.7598     22443.82     655.6777  14.1223   0.0317    13.10    0.161 -17.43   0      57.62     1530.537     74.61303
        33    856.2430    888.7164     29582.83     643.8795  13.8224   0.0236     8.74    0.110 -11.58   0      78.25     2245.501     76.40055
        34    406.3903    889.6823     12884.71     576.7852  14.7248   0.0486     9.88    0.117   3.63   0      36.36     1035.429     73.08936
        35    508.3189    890.2488     9046.303     515.3364  15.1088   0.0619     7.84    0.480 -48.09   0      21.67      533.074     71.12431
        36    620.8107    884.9983     53775.92     689.2876  13.1735   0.0139    19.36    0.254  84.10   0      125.2     3621.231     80.73054
        37    898.4376    886.5740      6778.48      355.306  15.4222   0.0569    10.54    0.151 -41.99   0      24.03     673.8885     72.52782
        38   1021.9514    883.6767     18783.52     341.4119  14.3156   0.0197     8.10    0.369 -87.97  24      76.34     3024.705     78.85905
        39    838.5871    882.1886     8512.868      496.048  15.1748   0.0633     7.74    0.289  15.22   0      21.69     536.9112     71.52242
        40    774.7166    879.3818     9792.391     461.4442  15.0228   0.0512     9.63    0.114  -2.50   0      30.77     803.1548     72.36349
        41     53.5731    877.6545      8156.84     335.2906  15.2212   0.0446    12.13    0.075   2.78   0      28.95     874.5569      72.5874
        42    173.9605    866.1122      27591.6     588.4272  13.8981   0.0232     9.07    0.079   4.17   2      76.46     2144.861     76.10058
        43    163.9221    858.7836     14386.77     625.9779  14.6051   0.0473    10.60    0.044  64.85   3      37.33     970.2269     72.88634
        44    232.0323    861.4426     129716.9      646.626  12.2175   0.0054     8.65    0.113 -15.82   0      295.8     10289.18     97.99668
        45    634.6679    863.0348     15376.53      613.574  14.5329   0.0433     9.92    0.142  -4.73   0      42.77     1039.615     73.10238
        46    967.5797    861.0830     11730.23     612.7836  14.8267   0.0567    11.91    0.217 -26.71   0      29.31     783.6285     72.11157
        47    252.2216    860.0387      17092.5     597.1696  14.4180   0.0379     9.62    0.159 -14.04   0      48.23      1435.59     74.87666
        48     33.0822    858.4026     5753.858     421.9817  15.6001   0.0796     8.53    0.397 -47.08   0      20.55     618.7387     71.97342
        49    644.3184    841.5018     19314.32     712.9549  14.2853   0.0401    10.49    0.184 -35.18   0      42.07     1137.984     72.84302
        50    251.1634    834.3325     13836.67     596.5062  14.6474   0.0468    10.11    0.090 -54.26   0      39.02     1062.734     73.17422
        51    842.9691    828.2109     16756.65     547.1293  14.4395   0.0355     8.81    0.093 -11.65   0      48.33     1421.522     74.64983
        52      3.1696    823.6617     5099.405     323.7863  15.7312   0.0690     9.41    0.316 -86.26  24      21.74     693.7284       72.019
        53    969.0120    822.2537     7149.604     446.4801  15.3643   0.0678     6.73    0.298 -63.30   2      22.51     610.6887     71.94799
        54    571.4258    820.3688     7393.816     493.4479  15.3278   0.0725     8.37    0.302 -84.82   0      20.64      683.997     72.36959
        55    646.9736    815.3779     10999.62     590.2013  14.8966   0.0583    11.84    0.126 -51.01   0      28.84     826.1167     72.81454
        56    235.8832    807.8057     11187.21     533.9683  14.8782   0.0518    11.74    0.089  -4.67   0      32.97     930.5438     72.95137
        57   1004.4700    801.6074     37716.62     640.3291  13.5587   0.0184    13.33    0.339  37.31  16      86.66     2131.596     76.42194
        58    798.0410    803.2467     6633.229     431.3199  15.4457   0.0706     9.20    0.236 -28.06   0      22.93     668.4379     71.93915
        59    529.6155    802.6431     6283.118     414.0394  15.5046   0.0716     9.94    0.211 -65.83   0      22.02     645.1953     72.24763
        60    403.7662    794.0992     8924.229      422.873  15.1236   0.0515    11.87    0.070 -83.63   0      27.88     720.4106     71.33566
        61    311.0052    786.9801     18309.07     444.4508  14.3433   0.0264     9.77    0.193  -5.92   0      53.61      1503.37     74.53024
        62    673.7019    785.5813     20450.57     667.9883  14.2232   0.0355     9.71    0.100 -16.73   3      46.03     1191.864     73.01093
        63    661.6859    780.8540     44588.17     510.9652  13.3770   0.0124     8.76    0.158  -2.88   2        124     3537.554     80.15199
        64    729.0798    784.3536     26892.85     834.3544  13.9259   0.0337    12.13    0.212 -13.31   0      41.93     915.5134     72.33605
        65    401.3590    784.3450     3357.333     157.8601  16.1850   0.0511     5.55    0.321  66.04   0      36.92     2477.774     77.62209
        66    530.7614    773.4131     268382.5     665.8169  11.4281   0.0027     8.77    0.117 -14.42   2      515.2     21697.52      121.723
        67    526.3719    757.7690     38583.18      634.702  13.5340   0.0179    11.56    0.110 -10.39   3      97.59     2576.081     78.08582
        68    935.2803    778.1759     11929.82     525.8469  14.8084   0.0479     9.97    0.200  -1.41   0      36.15     1005.013     72.99473
        69    338.6447    778.2430     8630.033     506.3968  15.1600   0.0637    11.22    0.054  76.10   0       26.3     631.0591     71.43673
        70    689.3356    764.6264     20720.54     684.8627  14.2090   0.0359    15.03    0.324 -18.68   0      46.33     1280.944     73.66228
        71     53.5813    759.0471     63654.36      561.394  12.9904   0.0096    10.03    0.142  -9.90   0      168.8     5343.218     85.76237
        72     20.5817    751.4028     12389.97     540.2419  14.7673   0.0474     8.60    0.110 -36.98   0      36.27     1166.076     73.49448
        73    231.1490    747.6381     53679.94     528.1847  13.1755   0.0107     8.60    0.147 -12.05   0      144.4     4487.356      83.1331
        74    285.5400    741.8193     140751.7     596.9924  12.1289   0.0046     8.62    0.137 -11.72   0        322     11553.77     100.6137
        75    350.2102    724.8354     5968.741      442.004  15.5603   0.0804     8.15    0.122   9.86   0      20.24     598.1819     72.09959
        76    532.9496    720.5687     35441.14     587.3655  13.6262   0.0180    10.00    0.125  -6.42   0      97.45     2831.929     78.47704
        77    156.9893    717.3487     12050.41     552.6915  14.7975   0.0498    10.93    0.158 -27.13   0      35.81     943.7318     72.99245
        78    406.6468    712.4518      47271.9     733.1616  13.3135   0.0168    14.08    0.422  -0.31   0      106.9     2699.779      78.2694
        79    930.6569    712.5435     6582.154     451.5562  15.4541   0.0745     9.47    0.123  -4.24   0         22     600.1276     72.10572
        80   1021.0542    702.2296     91326.27     452.3054  12.5985   0.0054     9.07    0.278  89.16  24      266.1     11255.48     99.79986
        81    368.3809    703.7310      13303.6     567.9355  14.6901   0.0464     9.24    0.161 -26.36   0      38.81     1099.009     73.47433
        82    718.8104    700.2234     6195.708     450.5988  15.5198   0.0790     8.94    0.410 -13.64   0      20.76      615.039     71.96173
        83    499.3341    698.9354     8924.108       523.89  15.1236   0.0638    11.82    0.294 -24.19   0      26.34     741.5828     71.97894
        84    855.6087    697.7034     8658.462     507.0884  15.1564   0.0636     7.34    0.247 -83.23   0      24.12     557.2627     71.58706
        85    853.4037    670.8771      39627.3     485.2182  13.5050   0.0133     8.89    0.148  -5.62   0      115.9     3561.954     80.56349
        86    280.3845    669.7830     7446.005     480.0433  15.3202   0.0700     8.61    0.347 -17.76   0      20.91     604.0809     71.73554
        87    825.5730    651.6061     32111.11     526.7178  13.7334   0.0178     9.50    0.198 -10.28   0      90.29       2632.4     78.07351
        88    795.1373    650.2850     7197.397     482.7844  15.3571   0.0728    10.12    0.253 -19.91   0      22.55     639.0206     71.46206
        89    622.5396    646.6513     23912.92     467.6121  14.0534   0.0212     8.89    0.156  -8.48   0      72.29      2196.02     76.61329
        90    144.2280    647.6002     9219.569      531.838  15.0882   0.0626    10.68    0.274 -65.53   0         27     841.7985     72.86347
        91    598.0099    645.4127     9085.097     465.5508  15.1042   0.0557    12.03    0.232 -40.89   0      29.34     830.3107     72.44874
        92    647.6239    643.4338      9870.98     519.0247  15.0141   0.0571    11.50    0.088  -6.60   0      28.77     763.8176     72.61983
        93    307.1406    638.5886     56214.42      605.093  13.1254   0.0117     8.89    0.134 -17.34   0      145.6     4398.082     83.05453
        94    843.7310    637.8212     16585.21      413.878  14.4507   0.0271     9.29    0.217   2.03   0      53.24     1600.777     75.01036
        95    711.8190    637.5628     7190.828     477.0465  15.3581   0.0720     8.44    0.165 -44.98   0       22.6     718.8176     72.66847
        96    567.3763    635.6309     11639.93     584.5922  14.8351   0.0545     9.45    0.199 -57.54   0      28.03      790.576     72.70352
        97    272.2867    635.0477     13718.78     554.6191  14.6567   0.0439     8.99    0.089  28.12   0      40.23     1136.883     73.02826
        98    125.2502    634.4355     13129.96     459.3556  14.7043   0.0380    10.87    0.174 -36.35   0      41.05     1157.435     73.46777
        99    351.2048    623.0068     36841.85     567.0566  13.5841   0.0167    17.65    0.087 -12.10   0      98.93     2713.603     78.13361
       100    311.9568    621.8505     43155.14     615.4501  13.4124   0.0155     5.10    0.201 -26.50   0        112     4084.923     82.19313
       101    753.5834    616.7263     6480.637     469.4359  15.4710   0.0787     9.32    0.042  82.80   0      20.92     593.0596     71.89228
       102    592.7477    616.4004       5614.6     420.2727  15.6267   0.0813     9.36    0.093  57.32   0      20.55      624.106     71.79896
       103    159.0329    607.6317     88400.33     582.6529  12.6339   0.0072     9.75    0.108 -23.24   0      217.6     7058.407     90.19322
       104    399.3521    602.0554     7334.732     488.5157  15.3365   0.0723     9.87    0.112  85.78   0      23.31     696.4995     72.21854
       105     68.7309    597.4246     37015.86     554.8615  13.5790   0.0163     9.14    0.142  -8.93   0      102.4     3179.064     79.64896
       106     55.8334    590.2923     17051.99     706.9001  14.4206   0.0450    14.16    0.296 -87.78   2      37.59     785.4255      71.5425
       107    867.4153    588.6031     5242.944     438.5036  15.7011   0.0908     7.46    0.447 -19.97   0      17.69     496.8832     71.39511
       108     22.9810    576.9917     9214.978     532.4825  15.0888   0.0628    11.95    0.029 -87.15   0      27.27     792.5087     72.33006
       109    676.8517    573.0543     41665.74     511.6847  13.4506   0.0133     8.65    0.151  -5.67   0      118.3      3783.38     81.52403
       110    314.0254    562.8435     39235.71     577.0286  13.5158   0.0160    10.09    0.173  -9.98   0      106.8     3107.322     79.61701
       111    848.4963    563.0898     9048.807     548.3278  15.1085   0.0658    10.05    0.043 -35.49   0      23.44     521.3757     71.08692
       112    293.5879    551.2195     12518.42     431.2305  14.7561   0.0374     9.48    0.098 -22.60   0      39.73     1166.332     73.49528
       113    792.7793    530.0681     209891.8     677.2714  11.6950   0.0035     8.88    0.040   4.41   0      419.4     16072.96     110.4754
       114     37.5992    535.9941     17406.39     438.5314  14.3982   0.0274     9.41    0.187 -10.24   0      53.75     1581.953     74.76948
       115    440.2683    534.3693         9657      537.813  15.0379   0.0605     9.51    0.431  27.26   2      24.94     659.7433     71.91167
       116    384.8986    525.7596     17239.54     617.0576  14.4087   0.0389    10.52    0.068  -6.92   0      44.59      1161.83     72.72842
       117    125.8002    526.5315      11438.9     523.6675  14.8540   0.0497    11.80    0.243  -5.20   0      33.65     870.5061     72.95296
       118    627.4666    525.7281     7592.435     474.3456  15.2990   0.0678     6.71    0.346 -38.15   0      22.06     741.8221     71.97969
       119    482.3737    522.7683     12359.84     497.1159  14.7700   0.0437     9.84    0.114   2.46   0      38.95     1171.513     73.88474
       120    704.1702    521.4874     5426.401     406.8596  15.6637   0.0814     7.03    0.515  60.67   0      18.43      564.355      71.2242
       121    234.4833    503.9751     570217.8     785.0405  10.6099   0.0015     8.66    0.127 -14.47   0      841.6      45370.4     159.5832
       122    774.9279    504.3392     73102.94     581.9996  12.8402   0.0086     8.90    0.161 -13.87   0      183.2     5832.887      86.7336
       123    306.4140    503.1189     6159.646     333.9341  15.5261   0.0589     7.38    0.579 -63.69   0      31.07     2299.622     76.74091
       124     67.5836    490.7324     11796.41     554.4517  14.8206   0.0510    13.97    0.168  87.11   0      33.07     754.5876     72.40112
       125    853.7834    462.8226     7468.692     454.2797  15.3169   0.0661    10.04    0.209  50.64   0      24.78     816.8521     72.78562
       126    339.6069    462.9189     7952.231     506.0925  15.2488   0.0691     8.25    0.380 -67.45   0      21.53     523.3073     71.67143
       127    135.5412    461.6560     12515.19     652.7543  14.7564   0.0566    13.26    0.219 -86.09   0      29.69     708.3855     72.44614
       128     89.3593    462.5233     8213.224     508.2444  15.2137   0.0672    10.77    0.201 -45.78   0      24.74     691.5274     72.01205
       129    257.8608    457.6825     126998.1     616.2261  12.2405   0.0053     8.74    0.141 -12.69   2      283.7     9525.954     95.63651
       130    521.5820    458.0346     3512.345     211.9995  16.1360   0.0655     5.45    0.443  -4.25   0      44.91     2138.955     76.98197
       131    216.8132    453.4556     5943.071     450.4713  15.5650   0.0823     7.81    0.208  17.70   2      19.45     519.8188     71.66037
       132    417.8428    433.9678     59782.61     551.7778  13.0586   0.0100     8.83    0.133 -16.53   0      160.4     5028.231     84.92355
       133    235.0385    420.6151     6236.291     450.6192  15.5127   0.0785     7.24    0.344  86.96   0      18.89     545.7665     72.12522
       134    174.8159    421.6548     6009.848     424.5575  15.5528   0.0767     6.50    0.338 -60.51   0      19.45     563.7531     71.79958
       135    510.6621    417.3032     1681.624     128.8005  16.9357   0.0832     4.56    0.186  53.59   0      27.31     1691.302     74.73376
       136    443.3340    414.5861     9557.108     496.5262  15.0492   0.0564     0.00    0.207   5.29   0      29.33     1101.473     73.29444
       137    877.9983    408.5181     5020.216     364.7077  15.7482   0.0789     5.59    0.259  89.89   0      17.91     558.9703     71.78443
       138   1021.1860    395.4344     78892.69     406.4653  12.7574   0.0056     8.93    0.275 -88.61  24      244.7     10615.56     98.88996
       139    124.6871    389.4283     17580.64      682.813  14.3874   0.0422     9.75    0.156 -24.39   0      42.37      1181.82     73.16797
       140    484.5995    384.6394      9607.81      567.668  15.0434   0.0642    11.25    0.182   4.27   0      25.75     579.5216     72.04074
       141    169.8096    381.5011     6101.198     442.8496  15.5365   0.0788     7.62    0.224  39.57   0      19.67     577.9796      71.6528
       142    144.2258    377.7080     10862.37     579.5604  14.9102   0.0579     9.67    0.093 -17.96   0      26.55     776.1473     71.70518
       143    961.7885    374.6358     31064.86     554.2836  13.7693   0.0194     8.63    0.151  -8.98   0      89.46     2851.626     79.05799
       144    659.9606    370.1700     18215.65     585.9701  14.3489   0.0349    10.30    0.234 -16.88   0      51.32     1470.648     74.79924
       145    344.0653    363.0183     12051.88     604.9935  14.7974   0.0545    12.30    0.237 -16.69   0      31.39       881.57     72.60936
       146    492.8740    358.6730       111183     579.7233  12.3849   0.0057     8.82    0.156 -12.75   0      267.6     9248.218     95.11897
       147    374.3489    360.7108      34524.9     515.2241  13.6547   0.0162     9.30    0.214 -15.10   0      100.5     2893.493     78.30444
       148    182.4228    354.1829      37318.2      511.098  13.5702   0.0149     9.05    0.156 -21.56   0      102.2     2992.116     79.28747
       149    267.0667    352.0117     16959.26     574.8086  14.4265   0.0368    10.20    0.198 -16.79   0       46.8     1231.908     73.69779
       150    649.9501    351.8560     10133.52     528.3358  14.9856   0.0566    11.17    0.191 -11.79   0      29.53     853.3711     72.71055
       151     96.5571    349.1465     7005.803     481.2666  15.3864   0.0746     8.24    0.099 -87.27   0      20.84      559.812      71.7871
       152    430.3241    346.7322     4245.508     389.7756  15.9302   0.0997     5.73    0.384 -38.70   0      16.43     535.6983      71.1327
       153     33.7880    335.3153     4997.961     389.3315  15.7530   0.0846     8.29    0.196  60.44   0      19.58     656.7902     71.90234
       154    571.4268    333.8199     5723.737     444.2075  15.6058   0.0843     8.18    0.327 -56.13   0      19.65     593.6735     72.08537
       155    265.4836    328.9327     26477.89     631.9877  13.9428   0.0259     9.64    0.159 -18.27   0      69.75     1847.086     75.20602
       156    386.2880    318.5385     6802.228     488.2679  15.4184   0.0780     8.42    0.234 -81.23   2      21.67     529.9975     71.11448
       157    983.6843    303.9508     20696.49      543.092  14.2103   0.0285    18.00    0.466 -43.73   0      51.11      1420.81     73.90659
       158    885.7370    299.5927     79977.69     613.9536  12.7426   0.0083     8.60    0.156  -3.52   0      201.8     6811.609      89.4154
       159     75.5285    290.5730     9464.849     485.2706  15.0597   0.0557    11.35    0.270 -26.79   0      29.26     878.2818     72.59907
       160    432.6681    287.9683      13520.1     451.2386  14.6726   0.0362     9.95    0.179  -4.26   0      41.57      1080.29     73.22873
       161    839.8728    288.3940     6038.672      404.659  15.5476   0.0728     6.46    0.146 -60.38   0         22     846.4098     72.30917
       162    915.6500    286.2686     4378.312     363.3619  15.8967   0.0901     5.58    0.732 -48.55   0      17.07     485.4775      71.3588
       163    158.2304    282.3029      13985.2     445.3351  14.6358   0.0346    10.04    0.189 -23.44   0      43.38     1249.769      73.0027
       164    979.2272    280.8090     5230.835      417.601  15.7036   0.0867     6.99    0.330 -38.19   0      18.88     641.2346     72.04442
       165     20.0400    269.7032     327527.5     684.7044  11.2119   0.0023     8.38    0.152 -18.49  16      593.3     28083.76     132.3883
       166    480.1461    270.1448     69728.95     548.3823  12.8915   0.0085     9.92    0.171  -7.31   0      182.8     6072.895     87.67472
       167    703.9453    272.1517     8831.526     502.3952  15.1349   0.0618    10.13    0.115  12.45   2      26.93     761.5267      72.4229
       168    351.6473    264.6467     3815.992     140.0853  16.0460   0.0399     0.97    0.074  47.20   0      55.17     3691.177     81.09708
       169    184.6657    257.8896      42464.1      627.377  13.4299   0.0160    10.45    0.202 -16.35   0      114.5     3508.409      80.0693
       170    234.4677    250.4772     59869.27     591.5315  13.0570   0.0107     8.86    0.185 -15.08   0      156.1     4754.094     83.53031
       171    409.5851    248.9880      11044.4     487.4234  14.8921   0.0479    13.70    0.121 -35.65   0      35.93     938.5648     72.78754
       172    699.7058    248.1602     9595.766     497.2363  15.0448   0.0563    10.62    0.226   2.84   0      30.69     848.4315     71.74237
       173    678.0859    258.7483     8891.383      487.831  15.1276   0.0596    11.60    0.078  -1.29   0      27.66     728.4327     71.74586
       174    656.8458    242.1767     11266.07     495.2282  14.8706   0.0477    10.13    0.158 -40.81   0      34.36     989.7551     73.32352
       175    745.1978    219.4763     101738.9      573.615  12.4813   0.0061     9.13    0.157  -9.92   0      249.3     8594.813     93.69173
       176    430.8220    217.6235     51972.06     547.2955  13.2106   0.0114     8.84    0.105  26.15   0      136.2     4257.872     82.83626
       177    361.7987    225.1484     4822.536     395.3677  15.7918   0.0890     6.73    0.280 -26.48   0      17.16     528.7336     71.49643
       178    478.4134    222.5653     5866.724     445.0543  15.5790   0.0824     7.96    0.161 -78.16   0      19.07       541.64     72.11221
       179    255.1905    220.8890     13794.01     418.9638  14.6508   0.0330     7.87    0.197  -3.43   0      46.35      1394.51     74.01184
       180    562.5963    218.9524     11425.67     497.3808  14.8553   0.0473    13.43    0.275  16.49   0      35.04     873.3698     72.58369
       181    313.5658    205.5077     28708.63     876.6584  13.8550   0.0332    18.93    0.481 -71.04   0       55.3     1220.093     72.91026
       182     75.3362    203.9029     5548.953     457.8491  15.6395   0.0896     7.90    0.333 -25.24   0      18.52     533.6146     71.12604
       183     12.8119    198.7957     8667.479     551.9224  15.1553   0.0692     9.98    0.204 -43.52  16      22.58     579.5275     71.65771
       184    224.3138    189.4947     6727.664     495.9236  15.4303   0.0801     8.14    0.498 -42.84   2      23.44       472.77     71.12509
       185    628.2421    188.9915     6057.909     435.7793  15.5442   0.0781     7.17    0.093  32.21   0       18.8     618.4579     72.35392
       186    247.7054    173.7305     12454.87     581.3693  14.7617   0.0507    10.86    0.203   4.97   0      34.42     1016.425     72.46275
       187    127.1566    170.9500      8305.98     488.9674  15.2015   0.0639    11.62    0.265 -12.77   0      26.98     777.4547     72.47287
       188    376.9268    170.2869     6319.729     440.6256  15.4983   0.0757     8.31    0.178  67.97   0      21.21      653.522     71.31546
       189    996.5552    159.7442     6795.567     479.0176  15.4194   0.0766     9.55    0.142  72.64   0      22.43     646.5667     72.06123
       190     36.3120    158.2864      5977.88     445.8833  15.5586   0.0810     7.15    0.198  65.35   2      20.36     524.8779      71.2914
       191    717.2185    154.2497     20017.63     630.2063  14.2465   0.0342     8.84    0.127 -13.82   0      51.68     1519.525      74.9476
       192    870.9117    146.0743     14458.88     520.3691  14.5997   0.0391     8.62    0.119  -8.23   0      44.11     1251.876     73.38526
       193     37.3039    133.2233      52891.3     566.8155  13.1915   0.0116     8.62    0.197 -15.91   0      146.9     4838.155     83.59426
       194    679.9402    129.2943     16111.96      575.072  14.4821   0.0388     9.25    0.128 -13.57   0      45.09     1302.562     73.35471
       195    811.6656    120.4933     5241.832     400.7924  15.7013   0.0830     6.93    0.016  88.16   0         18     585.6072     71.48474
       196    751.2632    115.7760     43918.89      796.056  13.3934   0.0197    21.49    0.594  -8.30   0      82.01     1766.583     75.51105
       197     55.6364     99.8042     4554.079     380.1272  15.8540   0.0906     6.90    0.427 -79.47   0      18.35     639.3485     72.22924
       198    853.7723     97.7531     7073.087     466.0462  15.3760   0.0716    10.17    0.239 -13.75   0      24.58     813.7451     72.77592
       199    966.9146     92.5173     41012.42     680.0259  13.4677   0.0180    17.64    0.059  -7.34   0      101.4     3058.595     78.95666
       200    333.8053     90.5525     34407.75     479.9083  13.6584   0.0151     8.84    0.202 -12.89   0       99.8     3163.397     79.43118
       201    818.7764     87.8231     184312.7     615.5912  11.8361   0.0036     8.48    0.171  -6.25   0      397.4     16343.24     111.1539
       202    548.5688     87.8697     120234.1     598.4001  12.2999   0.0054     8.49    0.177 -11.69   0      285.7     10689.08     98.64117
       203     22.9290     90.4972     17429.87     479.0358  14.3968   0.0298     9.18    0.198 -21.45   0      56.04     1666.723     74.28943
       204    781.4453     73.1460     34852.43     542.0469  13.6444   0.0169     8.90    0.197  -6.96   0       99.3     3089.406     79.39272
       205    157.5681     75.5271     11028.39     358.0142  14.8937   0.0353     9.67    0.227 -24.99   0      38.47     1167.664      73.4994
       206    288.8381     70.8477     5306.641     132.4736  15.6880   0.0271     0.00    0.110  43.29   0      69.94     4727.358     83.62226
       207    124.4610     66.5248      37473.8     482.0723  13.5657   0.0140     8.93    0.132 -14.25   0      110.1     3619.759     80.72639
       208    590.0908     55.8329     2678.852     226.8158  16.4301   0.0920     3.06    0.200 -63.92   0      18.73     1162.807     72.73147
       209    269.3376     47.4082     5175.594     337.3676  15.7151   0.0708     0.00    0.394  49.01   0      23.85     1588.385      74.9728
       210    601.1254     42.2614      7285.59     464.6715  15.3438   0.0693     9.48    0.136  35.46   0      23.57     642.8242     71.85818
       211    372.8804     35.3432     10109.48     479.1535  14.9882   0.0515     9.61    0.160 -15.21   0       31.3     890.3598     72.25697
       212     53.9176     37.4848     7587.318      422.968  15.2998   0.0605     6.17    0.272 -73.05   0      20.93     544.1843     71.35293
       213    173.8499     35.3358      5224.53     385.9142  15.7049   0.0802     5.71    0.363 -63.64   0      17.95     593.7985     71.70296
       214    184.5182   1015.0859     8969.731      548.295  15.1181   0.0664    11.15    0.395 -67.39  16      23.76     562.1194     71.41003
       215    391.0047   1009.7088     35565.71     607.5662  13.6224   0.0186     9.27    0.202  -3.58  16      94.81     2710.035     78.12324
       216    473.2896   1012.1052     5423.531     387.8097  15.6643   0.0777     6.17    0.320  82.73  16      19.07     646.0869     71.67677
       217    711.7556    989.0018     16425.27     426.0787  14.4612   0.0282     8.91    0.223  -4.67   0      53.74     1607.544     75.21404
