#   1 NUMBER                 Running object number                                     
#   2 X_IMAGE                Object position along x                                    [pixel]
#   3 Y_IMAGE                Object position along y                                    [pixel]
#   4 FLUX_AUTO              Flux within a Kron-like elliptical aperture                [count]
#   5 FLUXERR_AUTO           RMS error for AUTO flux                                    [count]
#   6 MAG_AUTO               Kron-like elliptical aperture magnitude                    [mag]
#   7 MAGERR_AUTO            RMS error for AUTO magnitude                               [mag]
#   8 FWHM_IMAGE             FWHM assuming a gaussian core                              [pixel]
#   9 ELLIPTICITY            1 - B_IMAGE/A_IMAGE                                       
#  10 THETA_IMAGE            Position angle (CCW/x)                                     [deg]
#  11 FLAGS                  Extraction flags                                          
#  12 SNR_WIN                Gaussian-weighted SNR                                     
#  13 FLUX_APER              Flux vector within fixed circular aperture(s)              [count]
#  14 FLUXERR_APER           RMS error vector for aperture flux(es)                     [count]
         1    485.8002     20.7468     19371.67     586.7682  14.2821   0.0329    10.17    0.388   0.32   0      52.62     1628.882     75.01874
         2     91.0673     18.6428     6765.319     424.0225  15.4243   0.0681    10.05    0.363 -11.11   0      23.51     775.4988     72.38722
         3    497.9141     11.5023      5694.19     494.1635  15.6114   0.0942     0.00    0.442 -42.77  16       19.3      594.249     71.23683
         4    966.6443      3.4753     31148.05       384.81  13.7664   0.0134    10.47    0.569  -0.21  24      105.3     4016.687     81.93398
         5    448.4944      2.0657      5911.36     230.3905  15.5708   0.0423     9.21    0.716  -0.91  24       30.7     1444.137     74.08517
         6    746.7246    981.5742     142182.9     681.9161  12.1179   0.0052    13.79    0.427 -10.25   0      284.1     7909.125     92.10031
         7    429.9676    986.6533     5820.283     443.4222  15.5876   0.0827     7.77    0.201 -26.15   0      19.88     673.5186     72.06632
         8    209.3873    984.5690     22586.37     738.4161  14.1154   0.0355    11.51    0.314 -10.31   0      48.94     1388.109     74.84121
         9    519.2061    980.6961     34066.84     554.5151  13.6692   0.0177    11.39    0.098  44.01   0      84.25     2086.797     76.39342
        10    914.0982    983.0468     15437.68     551.8529  14.5285   0.0388    10.70    0.326  -2.80   0       46.6     1418.524     73.63249
        11    984.2753    976.6080     27907.96     495.2985  13.8857   0.0193     9.66    0.234  -3.21   0      78.26      2365.21     77.21726
        12    841.9144    962.3374     90474.67     746.6447  12.6087   0.0090    13.12    0.363 -43.23   0      188.3     5447.548     85.48885
        13    422.3210    960.7010     7397.342     457.2477  15.3273   0.0671     8.86    0.229  51.87   0      25.02     828.7769     71.98118
        14     59.5234    961.8725     5962.221      178.054  15.5615   0.0324     0.45    0.100   9.74   2      73.58     4884.813     83.97949
        15    622.5375    977.2324     6056.714     412.9151  15.5444   0.0740     9.83    0.393  -4.90   0      21.42     632.1306     71.93568
        16    295.2245    940.0617     35967.17     654.5724  13.6102   0.0198    10.42    0.323   1.65   0      92.59     2827.645     78.74209
        17    584.7456    934.6002     112815.6     594.0928  12.3691   0.0057     9.70    0.282  -3.36   0      263.3     9194.279     95.21884
        18    673.3077    937.4095     5292.205     393.6553  15.6909   0.0808     6.27    0.279  28.82   2      18.36     564.2546     71.72092
        19    627.5101    936.3085     6361.609     448.3427  15.4911   0.0765     7.87    0.525  42.34   0      19.94     531.0455     71.42256
        20    120.9959    925.9968     1521.433     123.2401  17.0444   0.0880     0.00    0.018  56.28   2      36.84      1355.02     74.18443
        21    325.4605    921.8926     20635.21     591.9407  14.2135   0.0312    16.27    0.359  -3.28   0      59.25     1772.206     75.08485
        22    280.9328    909.4386       7364.1     465.4608  15.3322   0.0686     9.30    0.144 -73.62   0      25.34     859.9368     72.65185
        23    175.2729    907.9999     15243.88      474.413  14.5423   0.0338     8.71    0.191  -1.01   0       46.6     1379.729     74.26009
        24     24.7393    902.3967     71796.27     621.3489  12.8597   0.0094    11.98    0.426 -12.21  16      160.8     4474.683     83.36048
        25     74.2955    905.3784     8334.681     344.0644  15.1978   0.0448    11.63    0.143  23.66   0      29.47     928.2827     72.29467
        26    251.6165    901.4547     58049.27     540.5148  13.0905   0.0101    10.10    0.312  -2.69   0      151.5     4958.403     84.66901
        27    568.7484    896.4759     20939.58     633.7313  14.1976   0.0329    10.50    0.337   0.02   0      54.64     1535.611     74.55067
        28    861.2405    889.2740     31827.35     717.5955  13.7430   0.0245    17.31    0.400   0.44   0      77.57      2302.95      77.0338
        29    625.2936    885.9393     51422.97     626.0996  13.2221   0.0132     9.88    0.071  36.23   0      122.2     3768.999     80.73261
        30    902.3177    887.1759     7690.329     475.8849  15.2851   0.0672     9.51    0.211  -1.87   0      23.89     820.9545      72.5298
        31    113.9527    887.1453     8254.226     487.6143  15.2083   0.0642     8.01    0.142  51.68   0      21.23     643.1049     72.16193
        32   1023.1679    884.6218     3782.421     237.1791  16.0556   0.0681     5.37    0.586 -87.52  24      21.38     1138.916     72.95383
        33    410.4376    890.0196     15653.28     661.7174  14.5135   0.0459    10.92    0.253  -7.18   0      36.43      996.514     73.64244
        34    778.2151    880.2406     9114.275     445.8821  15.1007   0.0531    11.70    0.187 -14.36   0      28.41     844.0053     73.17026
        35     57.7272    878.2499     7538.285     448.9388  15.3068   0.0647     9.38    0.263   2.69   0      24.98     800.3735     72.27451
        36    178.0613    866.8610     29671.36     661.3159  13.8192   0.0242    11.02    0.262  14.46   2       75.5     2324.635     77.09775
        37    167.0471    859.3333     13111.23     622.6574  14.7059   0.0516    13.74    0.332 -18.47   3      34.03     906.5558     72.79754
        38    236.5549    862.1530     130639.4     663.6519  12.2098   0.0055     9.86    0.285  -4.21   0      289.8     10652.03     98.77679
        39    638.9227    863.5541     15160.14     576.8174  14.5482   0.0413    12.17    0.368  -3.21   0      42.88     1240.959     73.64693
        40    972.3194    861.9736     11409.59      596.544  14.8568   0.0568    13.19    0.456   6.99   0      29.64     860.6739     72.65415
        41    256.3754    860.8806     18050.24     584.4873  14.3588   0.0352    10.52    0.320 -10.29   1      48.41     1458.247         74.5
        42     37.5419    860.3387     4553.807     378.9247  15.8541   0.0904     6.09    0.011  18.50   0      17.38     619.1407     72.08641
        43    870.5707    854.7845     4839.151     380.0052  15.7881   0.0853     6.05    0.119 -52.45   0      17.15     584.1017     72.16742
        44    648.6804    842.1533     20614.16      786.712  14.2146   0.0414    11.63    0.243  -8.40   0      40.77     1010.755     72.74352
        45    255.2265    834.7818     13075.29     573.5934  14.7089   0.0476    10.70    0.284  -0.57   0      35.79      1022.68     73.53564
        46    847.3114    829.1015     15281.64     496.4721  14.5396   0.0353    11.04    0.272   3.71   0      46.99     1381.253     73.70492
        47    975.2914    823.4281     8232.122      509.075  15.2112   0.0672     7.83    0.382 -27.09   0      22.08     595.7998     71.24178
        48      5.8022    823.8811      6327.71      404.622  15.4969   0.0694     8.39    0.240  -0.91  16       21.5     669.4456     72.24483
        49    575.3854    819.5016      9121.83     514.8633  15.0998   0.0613     8.64    0.286 -22.70   0      22.42     694.8534     71.94193
        50    650.6089    815.9585     10137.07     553.4204  14.9852   0.0593     8.92    0.265   9.06   0      28.21     865.1906     73.23603
        51    239.5618    808.6509      11267.6     538.7212  14.8704   0.0519    11.09    0.261  -9.94   0      32.47     960.2711     72.96504
        52   1009.0593    802.1140     39369.67     684.5941  13.5121   0.0189    14.58    0.359  28.79  16      85.52     1845.048     75.30501
        53    801.9540    804.3438      6547.74     449.2061  15.4598   0.0745     9.91    0.171 -16.58   0      22.24     662.7521     72.22378
        54    533.3497    803.1832     6746.598     473.9798  15.4273   0.0763     9.16    0.220  -1.91   0      21.28      660.742     72.21745
        55    408.1552    794.7709     9278.253     523.5737  15.0813   0.0613    11.60    0.209   7.45   0      26.91     765.7053     72.73708
        56    315.4730    787.9439     16656.17     458.8276  14.4461   0.0299    10.05    0.346  -0.52   0      50.21     1566.255     74.64404
        57    668.7872    782.4706     57712.48     676.0087  13.0968   0.0127    21.45    0.584  17.23   0      119.1      2498.25     77.60785
        58    733.0345    785.1131     23807.55     801.5343  14.0582   0.0366    11.17    0.281   3.95   0      41.36     1015.509     72.75837
        59    535.3534    773.9839     269983.3      680.473  11.4217   0.0027    10.05    0.270  -2.68   2      508.3     22365.37     122.9175
        60    530.7144    758.3195     37715.45     622.7688  13.5587   0.0179     9.14    0.266   2.80   3      95.66     2820.079     78.19232
        61    939.7197    778.6562     11429.66     491.9069  14.8549   0.0467    10.44    0.299  -4.04   0      35.56     1076.755     72.94943
        62    342.3860    778.9924     7985.972     483.9362  15.2442   0.0658     9.29    0.156 -21.12   0      24.16     713.8081     72.19328
        63    708.2362    773.2032     10094.37     574.2172  14.9898   0.0618     9.52    0.439 -26.15   0      23.43     547.4614     72.05193
        64    801.9275    772.5425     4968.053     332.6217  15.7595   0.0727     5.50    0.225  67.68   0      20.28     1184.254     73.47173
        65    693.5131    765.2427      19342.1     656.7061  14.2837   0.0369    16.42    0.448  -9.08   0      44.69     1145.716     73.16396
        66     58.1002    759.7403     66552.11     629.3778  12.9421   0.0103    15.24    0.345  -1.68   0      164.7     5350.375     85.06798
        67     24.9814    751.9789     11344.17     535.5406  14.8631   0.0513    10.12    0.255  -0.85   0      33.93     1025.563     73.54455
        68    235.6659    748.2581     53433.38     535.3564  13.1805   0.0109     9.87    0.309  -4.39   0      140.4     4518.445     83.31416
        69    290.0685    742.4644     142246.9     612.0522  12.1174   0.0047     9.78    0.275  -3.22   0      316.7      11745.4     100.9882
        70    169.1089    731.5590     5905.086     405.2372  15.5719   0.0745     7.00    0.126  77.86   0      19.01     628.2968     71.53863
        71    353.8672    724.9597     5703.094     430.7262  15.6097   0.0820     5.69    0.170  24.89   0      18.91     658.6392     72.01939
        72    537.5368    721.2387     34536.34      552.213  13.6543   0.0174    10.52    0.337  -4.48   0       94.1     2750.609     78.34339
        73    161.0632    718.0942     13741.68     626.7543  14.6549   0.0495    13.08    0.255   9.21   0      34.47     1044.157      72.8478
        74    410.8772    712.9410     47564.39      706.623  13.3068   0.0161    14.64    0.525   0.06   0      105.5     2916.595     78.64809
        75    933.8788    713.4964     7523.945     488.6885  15.3089   0.0705     9.29    0.192  47.62   0      23.04     616.9335     71.50252
        76   1022.4160    702.8729     32460.25     374.6885  13.7216   0.0125     8.19    0.494  89.99  24      127.5     5853.197     87.03773
        77    372.3232    704.3443      13434.6     554.1505  14.6794   0.0448    10.72    0.226 -10.06   0       38.4     1047.511     73.04751
        78    503.2450    699.9527     9035.047     535.8496  15.1102   0.0644    10.33    0.333 -16.14   0      24.33      718.814     72.39998
        79    723.3291    699.8623     5432.908     416.7336  15.6624   0.0833     6.92    0.230  46.47   0       20.1     714.3352     72.19493
        80    857.3997    699.1688      7719.92     500.6404  15.2810   0.0704     8.50    0.560 -12.89   0      22.47     658.1829     72.40034
        81    857.9912    671.4511      41040.7     510.1609  13.4670   0.0135    10.94    0.358  -3.85   0      112.6     3593.791     80.92319
        82    284.9551    671.0926     5598.154     398.1898  15.6299   0.0772     6.30    0.496  -3.61   0      18.01     655.6819     71.43256
        83    830.1868    652.2488     31536.77     561.5256  13.7530   0.0193    10.53    0.378  -1.61   0      88.55     2741.244     78.66801
        84    798.8501    650.9925     7545.632     507.4098  15.3058   0.0730     9.61    0.089 -65.20   0      23.07     609.5287      72.0561
        85    626.8410    647.1148     24691.19      538.618  14.0186   0.0237    10.08    0.282  -6.26   0       70.2     2083.011     76.01979
        86    147.5558    648.2606     8242.387     521.8026  15.2099   0.0688    10.30    0.173 -18.31   0      24.18     669.6223     72.05404
        87    602.1192    645.5013     8225.823     439.1862  15.2121   0.0580    11.81    0.264 -33.91   0      27.71     802.0825     71.89684
        88    651.2227    643.7358     8664.646     502.4449  15.1556   0.0630    10.79    0.273  -8.80   0      26.37     776.5389     72.58096
        89    311.5804    639.1893     55835.41     630.9899  13.1327   0.0123     9.87    0.305  -3.32   0      141.8     4418.243     83.04037
        90    848.1081    638.3877     17160.58     483.9655  14.4137   0.0306    10.83    0.363  -1.67   0      52.65     1676.166     74.79358
        91    715.6268    638.0400     6411.766     469.4281  15.4826   0.0795     8.67    0.363  13.20   0      20.03     579.9515     72.15435
        92    571.1251    636.1962     10444.79     577.3528  14.9528   0.0600    10.46    0.169 -29.32   0      25.53     568.2305     71.73351
        93    275.7759    635.1597     13596.53     586.8843  14.6664   0.0469    10.86    0.307 -18.34   0      37.97     1110.557     73.80673
        94    129.0836    635.0718      13358.6     450.3455  14.6856   0.0366     8.87    0.262  -9.65   0      40.89     1380.049      73.8883
        95    355.4735    623.4462     37237.42     599.4338  13.5726   0.0175    18.98    0.313   8.16   0      93.83      2899.08     78.77293
        96    316.4477    622.4379     43393.65     640.6567  13.4064   0.0160    18.81    0.361  -7.74   0      105.8     2961.772     78.77853
        97    597.0510    615.9683     5449.654     410.0634  15.6591   0.0817     7.36    0.413  33.99   0       19.4     694.5435      72.1326
        98    163.5647    608.2062     87674.45     588.5156  12.6428   0.0073    10.91    0.284  -7.13   0      211.8      7324.27     90.94971
        99    402.8697    602.8622     7007.931      471.916  15.3860   0.0731     9.47    0.313 -12.07   0      22.69     661.5258      72.0285
       100    757.7413    617.4556     6797.447     495.3679  15.4191   0.0791     9.23    0.293 -20.20   0      21.05     620.3776     72.28157
       101     73.0547    598.0231     37252.38     637.9336  13.5721   0.0186    10.01    0.321  -0.07   2      99.15     3033.957     79.16112
       102     59.6513    591.1381     17122.39     732.0326  14.4161   0.0464    12.16    0.156  -0.14   3      35.91     812.9644     72.50475
       103     26.5034    577.6779     8570.236     529.1696  15.1675   0.0671    10.46    0.147 -28.02   0      25.02     725.1303      71.8456
       104    681.3435    573.6167     42252.99     582.6755  13.4354   0.0150     9.82    0.343  -1.42   0      114.8      3661.73     81.11378
       105    318.6217    563.3418     38784.18     570.5334  13.5284   0.0160     9.91    0.337  -6.03   0      105.1     3424.787     80.27535
       106    852.8174    563.5672      7530.14     499.1732  15.3080   0.0720     9.10    0.157  28.22   0      22.21     625.5056     72.29769
       107    297.4510    551.7161     12151.97     467.7928  14.7884   0.0418    10.39    0.275  -3.06   0      38.15     1198.287     73.32708
       108     41.7339    536.3550     17780.52     533.7576  14.3751   0.0326     9.26    0.249 -10.44   0       51.6     1704.569     75.24769
       109    797.3254    530.6879     209929.7     697.2369  11.6948   0.0036    10.41    0.186   1.99   0      409.6     15482.11     108.9473
       110    445.3693    535.7871     9641.944      513.751  15.0396   0.0579     5.47    0.271  -9.29   0       26.5     820.6306      72.9085
       111    128.8244    527.2450      10688.4     527.4675  14.9277   0.0536     9.77    0.153 -13.41   0      32.19     967.5939     73.36519
       112    388.8992    526.2758     18010.55     625.5477  14.3612   0.0377    10.32    0.263   3.50   0      46.59     1271.486     73.36567
       113    632.0598    526.6786     7414.024     516.7874  15.3249   0.0757     9.77    0.266   9.27   0      21.51       664.65     71.65402
       114    486.1484    523.4514     12976.63     516.5621  14.7171   0.0432    10.51    0.336   1.71   0      37.98     1097.903     73.76776
       115    708.2064    521.5655     4775.411     367.9686  15.8025   0.0837     5.58    0.370  86.39   0      17.37     519.0631      71.9623
       116    239.0470    504.5548     571982.3     793.7249  10.6065   0.0015     9.82    0.271  -4.80   0        831     47045.04     162.1701
       117    779.4373    504.9954     71967.58     611.3319  12.8572   0.0092    10.00    0.321  -6.39   0      175.6     5890.161      87.2925
       118    483.0222    506.3046     6107.197     445.8976  15.5354   0.0793     7.00    0.221  -3.66   0      18.97     574.1594     71.17271
       119    306.0269    503.9868     2637.047     125.2805  16.4472   0.0516     4.26    0.017 -46.62   2       50.5      2167.64      76.8135
       120     70.9636    490.9164     10573.79     531.3301  14.9394   0.0546    12.80    0.258 -53.56   0      30.91     991.1464     72.87193
       121     19.1370    490.0380     2598.767     194.3394  16.4631   0.0812     5.52    0.335  69.18   0      26.89     1645.988     75.07055
       122    139.9188    463.0803      11859.3     647.7483  14.8149   0.0593    13.62    0.042 -86.73   0      29.46     763.4639     71.77467
       123    858.2437    463.5800     7016.062     443.2567  15.3848   0.0686     9.95    0.240  -3.63   0      22.83     731.4059     72.62983
       124    262.3590    458.1846       119814     627.7695  12.3037   0.0057     9.76    0.296  -4.90   0      273.7     10082.13     97.73963
       125    344.7879    463.4125     7161.216     469.0555  15.3625   0.0711     7.41    0.601  17.51   0      21.04     586.7014     71.79201
       126     93.5336    463.3262     7042.861     458.5793  15.3806   0.0707     9.55    0.049 -14.31   0      22.55     653.1711     71.81012
       127    220.5859    453.4977     5295.465     375.7123  15.6902   0.0771     5.37    0.384 -21.07   0      17.04     571.5793     71.55143
       128    422.3872    434.4506     60752.91     541.0128  13.0411   0.0097    10.47    0.317  -2.13   0      157.9     5245.957     85.43739
       129    177.7863    422.0936     5294.514     424.0481  15.6904   0.0870     6.63    0.756  19.00   0      17.85     453.0719     70.97977
       130    238.9327    420.9274     5804.273     433.9727  15.5906   0.0812     7.01    0.346 -42.40   0      18.37       600.48     71.64317
       131    447.0955    415.5104     9052.234     532.6266  15.1081   0.0639    10.50    0.041 -26.37   2      25.29     632.2524     71.74389
       132    882.4809    408.7344     4930.928     380.9671  15.7677   0.0839     6.17    0.037   7.27   0      17.18     547.9731      71.4764
       133    228.7339    405.4628     4992.872     355.7045  15.7541   0.0774     5.33    0.437 -52.72   0      17.13     507.1861      71.3466
       134   1022.6055    396.2417      25103.3      284.837  14.0007   0.0123     7.70    0.534  89.63  24      113.7      5644.47     86.65047
       135    129.1415    389.8498     15242.71     582.8027  14.5423   0.0415    10.92    0.325  -2.23   0      41.52     1315.449     74.24928
       136    488.5988    385.2377     11819.32     607.0227  14.8185   0.0558    12.41    0.303 -16.46   0      29.55     769.6022     72.74926
       137    173.9602    381.7113     6327.742     438.9898  15.4969   0.0753     7.30    0.232 -40.06   0      19.28      647.417     71.59934
       138    147.6928    378.6758     10392.84      555.393  14.9582   0.0580     9.40    0.338 -49.56   0         26     720.1021     71.82969
       139    966.2280    375.4265     30949.21     556.3465  13.7734   0.0195    10.17    0.372  -1.01   0      86.55      2772.78     78.75906
       140    663.8187    370.6696     18129.84     575.5927  14.3540   0.0345    11.27    0.347  -6.25   0      48.77     1471.373     74.72502
       141    497.4072    359.2529     112166.5     590.9312  12.3753   0.0057     9.77    0.319  -5.29   0      261.7     9760.779      96.7044
       142    378.8864    361.2361      33229.4     487.2215  13.6962   0.0159     9.91    0.348  -4.50   0      95.53     3081.054     78.94723
       143    347.9899    362.7904     10466.37     562.2172  14.9505   0.0583    10.82    0.255 -18.57   0      28.81     871.8319     72.68905
       144    187.0959    354.6960     37073.04     561.9222  13.5774   0.0165    10.17    0.330  -4.49   0      99.62       3145.2     79.30595
       145    654.2361    352.3556      11094.9     585.9147  14.8872   0.0574    11.98    0.408 -11.21   0      28.59     822.6999     72.72536
       146    271.4298    352.5980     17012.27     626.8389  14.4231   0.0400    11.89    0.412  -4.67   0      42.94     1226.126     74.16175
       147     99.9503    348.5313      6900.47      484.852  15.4028   0.0763     8.14    0.154 -80.59   0      19.74     560.7836     71.70992
       148     37.8422    336.2390     5124.523     437.5784  15.7259   0.0927     8.50    0.320 -45.29   0      18.76     563.5293     71.71862
       149    575.2228    334.5487     5129.729     390.9217  15.7248   0.0828     6.60    0.380   0.67   0      17.44     665.5384     72.42342
       150    269.6288    329.6826     27740.32     701.6952  13.8922   0.0275    10.39    0.317  -0.35   0      67.72     2049.984     76.10262
       151    390.2110    318.6531     6771.482     449.3193  15.4233   0.0721     7.38    0.117  63.32   0      19.52      595.344     72.01134
       152    988.8469    303.6174     18474.16     630.6611  14.3336   0.0371    10.40    0.350   1.37   0      47.94     1433.663     74.79506
       153     79.5469    291.3988     9875.943     505.0469  15.0136   0.0555     8.85    0.248  -7.25   0      29.38     938.2593     72.89645
       154    437.2822    288.4843     14652.62      542.061  14.5852   0.0402    10.68    0.384  -7.78   0      40.07     1240.504     73.64552
       155    843.0498    288.6742     6452.663     446.8467  15.4757   0.0752     8.87    0.230   4.62   0      20.68     647.4929     71.79215
       156    919.5116    286.4370      6318.74     466.4324  15.4984   0.0802     8.15    0.193  -0.44   0      19.78     612.2247     71.48755
       157    162.8463    282.5932     13395.41     497.6927  14.6826   0.0403    11.10    0.378  -6.07   0      41.57     1304.487      74.4015
       158    890.2753    300.0961     81322.69     646.0084  12.7245   0.0086    10.14    0.319   0.28   0      198.3      6704.51     88.61195
       159     24.5740    270.2283     333158.5     703.2217  11.1934   0.0023     9.70    0.285  -4.23  16      588.1     29285.56     135.1083
       160    484.7939    270.7436     70802.24     577.1992  12.8749   0.0089    10.02    0.344  -4.34   0      178.5     6140.608     87.78501
       161    707.7493    273.2977     9579.948     539.2903  15.0466   0.0611     8.99    0.088 -46.47   2      27.17     802.5558     71.89834
       162    189.3179    258.5114     41393.69     597.5519  13.4577   0.0157     9.88    0.347  -7.09   0      110.8     3653.568     80.74968
       163    682.3115    259.4489     7746.133     447.5041  15.2773   0.0627    10.32    0.355 -13.48   0      25.28     837.4879     72.20015
       164    239.0119    250.9873     59875.39     617.5323  13.0569   0.0112     9.64    0.329  -5.09   0      151.8     5315.132     85.45982
       165    704.0612    248.9302     10648.55     515.5369  14.9318   0.0526    11.08    0.337  -0.17   0      32.12      914.193     72.82137
       166    413.5604    249.5353     12729.33     550.7364  14.7380   0.0470    14.16    0.314  11.58   0      36.68     1140.203     73.52336
       167    661.0211    242.7117     11494.71     528.4683  14.8488   0.0499    10.63    0.252   7.39   0      34.42     983.8693     72.65947
       168    749.6979    220.0729     100030.9     576.7482  12.4997   0.0063     9.95    0.313  -1.90   0      242.5     8648.476     93.46496
       169    366.0174    225.0130     5345.589     442.3994  15.6800   0.0899     7.38    0.323 -55.75   0      18.54     538.5827     71.63952
       170    435.1098    218.0880      55938.3     623.8758  13.1307   0.0121     9.97    0.258   4.12   2      132.1     4200.731     82.27528
       171    259.1053    221.3340     13527.36     386.0614  14.6720   0.0310    12.54    0.403  -5.18   0      43.66      1445.95     74.09072
       172    566.0550    219.6297     12626.27     538.6537  14.7468   0.0463     6.57    0.343  -4.22   0      36.74     1211.572     73.55618
       173    317.3253    208.4972     18917.81     630.8209  14.3078   0.0362    11.47    0.345  -6.37   2      51.89      1631.55     74.47272
       174    318.9974    198.5116     12744.23     584.7861  14.7367   0.0498     8.00    0.061 -14.17   3      27.91     787.3312     72.42436
       175     16.2240    199.4061     7973.248     509.6371  15.2459   0.0694     8.22    0.271  81.64   0       20.5     511.0981     71.74496
       176    226.0378    188.6302     7451.954     432.4468  15.3193   0.0630     2.94    0.491  60.57   2      23.54     813.4547     72.69646
       177    631.1964    188.9070     5482.262     384.0019  15.6526   0.0761     6.09    0.417   5.27   0      18.51     601.4797     71.83878
       178    252.3265    174.2445     11894.22     480.0502  14.8117   0.0438    12.92    0.368  -5.32   0      34.81     1079.069     73.33414
       179    131.5166    171.5515     11292.96     605.1169  14.8680   0.0582    12.10    0.409  -2.52   0      28.72     766.5872     71.97662
       180    381.0345    170.2375      7815.31      518.963  15.2676   0.0721     9.55    0.253 -21.61   0       22.5     657.8755     72.20843
       181   1000.4333    160.4006     5655.654     404.2443  15.6188   0.0776     9.91    0.284 -25.82   0      22.21     773.2293     72.76059
       182    648.9839    160.2632     2444.427     138.0551  16.5296   0.0613     1.36    0.119  88.86   0      36.05     2049.202     76.28149
       183     40.9589    158.1715     6194.163     456.6493  15.5200   0.0801     8.28    0.193 -32.87   0      20.07     585.1572     72.17075
       184    721.5037    154.7700     22114.36     699.3773  14.1383   0.0343    10.43    0.324  -0.29   0       51.5     1442.144     73.70536
       185    875.6613    146.5992     14020.75     516.3533  14.6331   0.0400    11.41    0.447  -0.30   0      41.09     1342.723      74.3327
       186    784.2313    138.0971     2214.959     129.9384  16.6366   0.0637     1.23    0.107  -4.02   0      34.31     1993.524     75.38639
       187     41.7346    133.8167      54543.4     589.7953  13.1581   0.0117     9.81    0.343  -3.28   0      143.4     4983.073     84.57212
       188    683.9460    129.7558     15306.54     603.1989  14.5378   0.0428    10.81    0.332 -10.26   0      41.26     1315.408     74.24915
       189    814.9038    121.4794      5886.16     445.7849  15.5754   0.0822     7.29    0.474 -21.61   0      18.62     531.7762     71.23132
       190    755.7028    116.3103     47183.94     836.6744  13.3155   0.0193    20.50    0.618  -7.66   0      85.31     2001.257     75.77498
       191     59.9493    100.4223     4820.521     406.3309  15.7923   0.0915     6.88    0.155 -20.99   0      17.05       510.95     71.93668
       192    857.1520     97.8857     7317.295     477.1556  15.3391   0.0708     9.65    0.380 -14.12   0      23.51     744.2717     71.90613
       193    971.2255     93.2108     38117.64      635.532  13.5472   0.0181     9.83    0.357   0.04   0      96.78     3196.668     79.80009
       194    823.3991     88.4389     185481.2     631.1907  11.8293   0.0037     9.66    0.314  -2.19   0      391.3     16912.54     112.3839
       195    553.0648     88.3956     121330.1     608.2206  12.2901   0.0054     9.64    0.307  -3.51   0      281.4     10820.05     99.16264
       196    338.2617     91.0858     35812.32     521.2426  13.6149   0.0158     9.75    0.379  -3.51   0      99.79     3319.727     79.63136
       197     27.4228     90.9887     19825.99     543.5912  14.2569   0.0298    11.30    0.402  -3.55   0      54.58     1672.386     75.33391
       198    161.5786     76.1469      11209.6     393.5645  14.8760   0.0381     9.58    0.341 -14.86   2      35.17     1069.428     73.49236
       199    785.8909     73.7471     35720.59     639.0101  13.6177   0.0194    10.03    0.367  -2.03   0      95.89     3079.119     78.94166
       200    128.8973     67.1855     37751.82     504.6061  13.5577   0.0145    10.57    0.321  -1.61   0      107.4     3621.317     80.65886
       201    604.9537     42.7208     9657.271      533.532  15.0379   0.0600     9.30    0.333  -4.65   0      25.12     759.5365     72.14597
       202    376.7098     35.4789     8770.582     457.9297  15.1424   0.0567     7.97    0.350 -13.81   0      29.13     1024.643     72.97633
       203    177.3389     35.3019     4259.968     351.3279  15.9265   0.0896     5.60    0.411 -44.53   0      16.42     588.7418     71.41285
       204    928.3973     29.2955     3773.004     158.6998  16.0583   0.0457     3.00    0.309 -24.12   0      45.61     2996.619     79.05384
       205    187.7160   1016.8723      8484.13      478.433  15.1785   0.0612     8.10    0.021   6.76  18      21.68     638.1896     71.57005
       206    395.3187   1010.4307     34840.16     595.0541  13.6448   0.0185    11.13    0.353  -3.31  16      92.17     2764.729     78.38435
       207    475.9089   1012.0264     4425.562     375.1858  15.8851   0.0921     5.51    0.336 -74.44   0      17.07     522.2564     71.00677
       208    716.0004    989.7709     18206.61     505.3785  14.3494   0.0301     9.88    0.305   3.12   0      53.77     1665.902     75.49744
